0.27690000000000003	0.525693556530157
1.2522	0.5298308111567533
2.2275	0.5331421676920266
3.2027	0.5365458150034121
4.1778	0.5408913598033201
5.1529	0.5449163058203161
6.128	0.5502185914071349
7.1031	0.5534502635491709
8.0782	0.5551959748310877
9.0533	0.5554976328881864
10.028400000000001	0.5575668163571328
11.0036	0.5598586913611139
11.979000000000001	0.562872189152279
12.9547	0.5653906187811146
13.9306	0.5659024607524858
14.9067	0.5655706440402036
15.883000000000001	0.5685051698840909
16.8595	0.5703320666524324
17.8362	0.5691089886115723
18.813100000000002	0.5693535931706075
19.790200000000002	0.5703427702692182
20.767500000000002	0.5547444087973403
21.745	0.5475016676261929
22.7228	0.5475181539419104
23.7009	0.541593314576735
24.6793	0.5380607832514623
25.6579	0.5319480084106823
26.6368	0.5215174136805518
27.616	0.5162964774224051
28.5955	0.5080401465808975
29.575400000000002	0.4969755839687241
30.555600000000002	0.48572745726935784
31.5362	0.4796304489418892
32.5111	0.47211178877132787
33.4823	0.4683664498640916
34.4534	0.465789789909285
35.4245	0.46512706767357037
36.3955	0.46222925823947025
37.3665	0.4583801886235013
38.3374	0.4571385385684985
39.3083	0.45604064817530054
40.2813	0.44859517870051535
41.2554	0.4484698934038298
42.230000000000004	0.44637572502241096
43.2053	0.4439995188628808
44.1813	0.4397619209616045
45.158	0.4375664680024596
46.1346	0.4324840889701872
47.1057	0.4305691166658938
48.0767	0.43006826761808825
49.0476	0.4320869488564507
50.0234	0.431834750338179
51.002700000000004	0.4265885177317049
51.982200000000006	0.4194354240416328
52.9619	0.40997417128648195
53.941900000000004	0.40116095824701703
54.9221	0.3861602096632555
55.9026	0.37429277834545904
56.883500000000005	0.36897448649816156
57.8648	0.3621069415702718
58.8464	0.3541234835509737
59.8284	0.34415707701276266
60.8108	0.33199114410359787
61.7935	0.3230745039395475
62.7766	0.31599784659043695
63.7601	0.30802489528163235
64.7441	0.3026357588297156
65.7285	0.2954003968041937
66.71340000000001	0.29224921910274015
67.6961	0.2880100441261131
68.6793	0.2844531078120922
69.6632	0.29501316164869307
70.6478	0.31995273790768197
71.6331	0.35379560881123684
72.6191	0.35871283358581296
73.6058	0.39163064286866844
74.5933	0.40607741380110496
75.5815	0.411417428489546
76.5702	0.41903190221165265
77.55940000000001	0.449565415142676
78.54910000000001	0.45574572020783033
79.5393	0.46514383255848846
80.5301	0.4818651771517015
81.5169	0.5049040067922561
82.50330000000001	0.5143899223180042
83.4903	0.5252935915715868
84.4779	0.5452468833781163
85.4662	0.5520983409531153
86.4551	0.5779530736236003
87.4447	0.6123685664025076
88.43090000000001	0.6322993132044411
89.4174	0.6365009099983943
90.4041	0.6531002407891682
91.39110000000001	0.6494749358249385
92.37830000000001	0.6606285967969876
93.36580000000001	0.6672239342646462
94.35350000000001	0.6779582766230472
95.34140000000001	0.6829898967596467
96.3296	0.6885145823294369
97.318	0.7039418420389221
98.3067	0.7100085308010176
99.29560000000001	0.7081590585667505
100.2848	0.6907151281994394
101.27430000000001	0.6964243904841474
102.26400000000001	0.726591529305231
103.254	0.7328098099370594
104.2442	0.7371054543877338
105.2347	0.7722574351211148
106.22540000000001	0.8198197587410863
107.2155	0.8435243339892818
108.2029	0.8020366786863089
109.18910000000001	0.8144793839230071
110.1756	0.8014297970651848
111.1624	0.812855199769309
112.14920000000001	0.8343118069973721
113.13340000000001	0.8424984858459226
114.1174	0.8158258637051665
115.10130000000001	0.793944184050846
116.0878	0.8688668055985257
117.0741	0.8751500715081
118.06070000000001	0.9351705486690542
119.0514	0.962081904926449
120.0429	0.9645868396764001
121.0348	0.9663900804421532
122.027	0.9684062484428686
123.01960000000001	0.9706275725919994
124.0126	0.9727751586556926
125.00580000000001	0.8879824526685829
125.9987	0.8701759558115173
126.9916	0.8594514043332202
127.98450000000001	0.8435887063460208
128.9773	0.840795113536079
129.9701	0.8462120248817444
130.96290000000002	0.8518311930615361
131.9557	0.8576217584943329
132.9485	0.8635993292512061
133.9413	0.8559086598622182
134.934	0.8538799471144205
135.9267	0.8599365926725939
136.9194	0.8662074905118335
137.9121	0.8727174173362517
138.90470000000002	0.8949118383450017
139.8973	0.9011382100319874
140.8899	0.9115802204753547
141.8825	0.9175588419247531
142.8751	0.9237873721853814
143.8676	0.9301857606625082
144.86010000000002	0.936900719736805
145.8526	0.9329068076443465
146.845	0.9310996581298177
147.8374	0.9329800568081301
148.8298	0.9349084530188266
149.8222	0.9368848503308119
150.8145	0.9388096839056157
151.8068	0.9408368901177601
152.7991	0.9429120902576951
153.7913	0.9449473115346951
154.7835	0.9470912629277304
155.7756	0.9491825157373605
156.76770000000002	0.9513772724259613
157.7598	0.9536260308040863
158.7518	0.9558220870299012
159.74380000000002	0.9581452925971689
160.7357	0.9604221570597259
161.7276	0.9558941947256419
162.7194	0.9561208239545383
163.71120000000002	0.9564425490197804
164.703	0.9567782262250225
165.6947	0.9570338759036634
166.68640000000002	0.9573791766571089
167.678	0.9576380036032517
168.6695	0.957885701290931
169.661	0.9582298507200818
170.6524	0.95848752634193
171.6438	0.9318532037273894
172.6351	0.9325220421489466
173.62630000000001	0.9331876817789033
174.6175	0.9339573700806365
175.6086	0.9346589076366867
176.5996	0.9353573137137245
177.5906	0.9361534559625387
178.5815	0.936882230239764
179.5723	0.9376142451066389
180.56300000000002	0.9383498597533042
181.55370000000002	0.939183210571746
182.54430000000002	0.9399556327998492
183.53480000000002	0.9407316548077426
184.5252	0.9415109174052855
185.5155	0.9422937797826193
186.50570000000002	0.9430803056959933
187.4967	0.9494304522561456
188.4875	0.950299126454046
189.47820000000002	0.9513133030156186
190.46880000000002	0.9479157242122904
191.4593	0.9482899852960407
192.4497	0.9486667242176856
193.44	0.9490466568368747
194.4302	0.9494291346272917
195.42180000000002	0.8560897798875012
196.41310000000001	0.8575307590716841
197.4044	0.8592198228818253
198.3956	0.9205991209858159
199.38680000000002	0.9241986273194889
200.3779	0.9278010639926179
201.3689	0.9314399104096243
202.3598	0.9351328621827532
203.35070000000002	0.9389633713181269
204.3415	0.9427968107929564
205.3322	0.9466838316949967
206.3228	0.9506249579531597
207.3133	0.9546196656385334
208.30380000000002	0.9587696262983969
209.29420000000002	0.9629226873143827
210.2845	0.9671470253698246
211.27470000000002	0.9714426404647221
212.2697	1.0000609051651352
213.26950000000002	1.0276104320430466
214.269	1.029133914159303
215.26870000000002	1.0298301955715397
216.26860000000002	1.030373385800609
217.26860000000002	1.0310155197539834
218.26860000000002	1.0321784548990576
219.26860000000002	1.032178832257548
220.26860000000002	1.0321792096160387
221.26860000000002	1.0321795869745292
222.26860000000002	1.0321799643330198
223.26860000000002	1.0321803416915103
224.26860000000002	1.032180719050001
225.26860000000002	1.0321810964084914
226.26860000000002	1.032181473766982
227.26860000000002	1.0321818511254726
228.26860000000002	1.0321822284839632
229.26860000000002	1.0321826058424537
230.26860000000002	1.0321829832009444
231.26860000000002	1.0321833605594348
232.26860000000002	1.0321837379179255
233.26860000000002	1.032184115276416
234.26860000000002	1.0321844926349066
235.26860000000002	1.032184869993397
236.26860000000002	1.0321852473518878
237.26860000000002	1.0321856247103782
238.26860000000002	1.032186002068869
239.26860000000002	1.0321863794273594
240.26860000000002	1.03218675678585
241.26860000000002	1.0321871341443405
242.26860000000002	1.0321875115028312
243.26860000000002	1.0321878888613216
244.26860000000002	1.0321882662198123
245.26860000000002	1.0321886435783028
246.26860000000002	1.0321890209367934
247.26860000000002	1.0321893982952839
248.26860000000002	1.0321897756537746
249.26860000000002	1.032190153012265
250.26860000000002	1.0321905303707557
251.26860000000002	1.0321909077292462
252.26860000000002	1.0321912850877368
253.26860000000002	1.0321916624462273
254.26860000000002	1.032192039804718
255.26860000000002	1.0321924171632084
256.2686	1.032192794521699
257.2686	1.0321931718801896
258.2686	1.0321935492386802
259.2686	1.0321939265971707
260.2686	1.0321943039556614
261.2686	1.0321946813141518
262.2686	1.0321950586726425
263.2686	1.032195436031133
264.2686	1.0321958133896236
265.2686	1.032196190748114
266.2686	1.0321965681066048
267.2686	1.0321969454650952
268.2686	1.032197322823586
269.2686	1.0321977001820763
270.2686	1.032198077540567
271.2686	1.0321984548990575
272.2686	1.0321988322575482
273.2686	1.0321992096160386
274.2686	1.0321995869745293
275.2686	1.0321999643330197
276.2686	1.0322003416915104
277.2686	1.0322007190500009
278.2686	1.0322010964084916
279.2686	1.032201473766982
280.2686	1.0322018511254727
281.2686	1.0322022284839631
282.2686	1.0322026058424538
283.2686	1.0322029832009443
284.2686	1.032203360559435
285.2686	1.0322037379179254
286.2686	1.032204115276416
287.2686	1.0322044926349065
288.2686	1.0322048699933972
289.2686	1.0322052473518877
290.2686	1.0322056247103784
291.2686	1.0322060020688688
292.2686	1.0322063794273595
293.2686	1.03220675678585
294.2686	1.0322071341443406
295.2686	1.032207511502831
296.2686	1.0322078888613218
297.2686	1.0322082662198122
298.2686	1.0322086435783029
299.2686	1.0322090209367933
300.2686	1.032209398295284
301.2686	1.0322097756537745
302.2686	1.0322101530122652
303.2686	1.0322105303707556
304.2686	1.0322109077292463
305.2686	1.0322112850877367
306.2686	1.0322116624462274
307.2686	1.0322120398047179
308.2686	1.0322124171632086
309.2686	1.032212794521699
310.2686	1.0322131718801897
311.2686	1.0322135492386801
312.2686	1.0322139265971706
313.2686	1.0322143039556613
314.2686	1.032214681314152
315.2686	1.0322150586726424
316.2686	1.0322154360311329
317.2686	1.0322158133896235
318.2686	1.0322161907481142
319.2686	1.0322165681066047
320.2686	1.0322169454650951
321.2686	1.0322173228235858
322.2686	1.0322177001820765
323.2686	1.032218077540567
324.2686	1.0322184548990574
325.2686	1.032218832257548
326.2686	1.0322192096160387
327.2686	1.0322195869745292
328.2686	1.0322199643330197
329.2686	1.0322203416915103
330.2686	1.0322207190500008
331.2686	1.0322210964084915
332.2686	1.032221473766982
333.2686	1.0322218511254726
334.2686	1.032222228483963
335.2686	1.0322226058424537
336.2686	1.0322229832009442
337.2686	1.0322233605594349
338.2686	1.0322237379179253
339.2686	1.032224115276416
340.2686	1.0322244926349065
341.2686	1.0322248699933971
342.2686	1.0322252473518876
343.2686	1.0322256247103783
344.2686	1.0322260020688687
345.2686	1.0322263794273594
346.2686	1.0322267567858499
347.2686	1.0322271341443405
348.2686	1.032227511502831
349.2686	1.0322278888613217
350.2686	1.0322282662198121
351.2686	1.0322286435783028
352.2686	1.0322290209367933
353.2686	1.032229398295284
354.2686	1.0322297756537744
355.2686	1.032230153012265
356.2686	1.0322305303707555
357.2686	1.0322309077292462
358.2686	1.0322312850877366
359.2686	1.0322316624462273
360.2686	1.0322320398047178
361.2686	1.0322324171632085
362.2686	1.032232794521699
363.2686	1.0322331718801896
364.2686	1.03223354923868
365.2686	1.0322339265971707
366.2686	1.0322343039556612
367.2686	1.0322346813141519
368.2686	1.0322350586726423
369.2686	1.032235436031133
370.2686	1.0322358133896234
371.2686	1.0322361907481141
372.2686	1.0322365681066046
373.2686	1.0322369454650953
374.2686	1.0322373228235857
375.2686	1.0322377001820764
376.2686	1.0322380775405668
377.2686	1.0322384548990575
378.2686	1.032238832257548
379.2686	1.0322392096160387
380.2686	1.032239586974529
381.2686	1.0322399643330198
382.2686	1.0322403416915102
383.2686	1.032240719050001
384.2686	1.0322410964084914
385.2686	1.032241473766982
386.2686	1.0322418511254725
387.2686	1.0322422284839632
388.2686	1.0322426058424536
389.2686	1.0322429832009443
390.2686	1.0322433605594348
391.2686	1.0322437379179255
392.2686	1.032244115276416
393.2686	1.0322444926349066
394.2686	1.032244869993397
395.2686	1.0322452473518877
396.2686	1.0322456247103782
397.2686	1.0322460020688689
398.2686	1.0322463794273593
399.2686	1.03224675678585
400.2686	1.0322471341443404
401.2686	1.0322475115028311
402.2686	1.0322478888613216
403.2686	1.0322482662198122
404.2686	1.0322486435783027
405.2686	1.0322490209367934
406.2686	1.0322493982952838
407.2686	1.0322497756537745
408.2686	1.032250153012265
409.2686	1.0322505303707556
410.2686	1.032250907729246
411.2686	1.0322512850877368
412.2686	1.0322516624462272
413.2686	1.032252039804718
414.2686	1.0322524171632084
415.2686	1.032252794521699
416.2686	1.0322531718801895
417.2686	1.0322535492386802
418.2686	1.0322539265971706
419.2686	1.0322543039556613
420.2686	1.0322546813141518
421.2686	1.0322550586726424
422.2686	1.032255436031133
423.2686	1.0322558133896236
424.2686	1.032256190748114
425.2686	1.0322565681066047
426.2686	1.0322569454650952
427.2686	1.0322573228235858
428.2686	1.0322577001820763
429.2686	1.032258077540567
430.26860000000005	1.0322584548990574
431.26860000000005	1.032258832257548
432.26860000000005	1.0322592096160386
433.26860000000005	1.0322595869745292
434.26860000000005	1.0322599643330197
435.26860000000005	1.0322603416915104
436.26860000000005	1.0322607190500008
437.26860000000005	1.0322610964084915
438.26860000000005	1.032261473766982
439.26860000000005	1.0322618511254726
440.26860000000005	1.032262228483963
441.26860000000005	1.0322626058424538
442.26860000000005	1.0322629832009442
443.26860000000005	1.032263360559435
444.26860000000005	1.0322637379179254
445.26860000000005	1.032264115276416
446.26860000000005	1.0322644926349065
447.26860000000005	1.0322648699933972
448.26860000000005	1.0322652473518876
449.26860000000005	1.0322656247103783
450.26860000000005	1.0322660020688688
451.26860000000005	1.0322663794273594
452.26860000000005	1.03226675678585
453.26860000000005	1.0322671341443406
454.26860000000005	1.032267511502831
455.26860000000005	1.0322678888613217
456.26860000000005	1.0322682662198122
457.26860000000005	1.0322686435783028
458.26860000000005	1.0322690209367933
459.26860000000005	1.032269398295284
460.26860000000005	1.0322697756537744
461.26860000000005	1.032270153012265
462.26860000000005	1.0322705303707556
463.26860000000005	1.0322709077292462
464.26860000000005	1.0322712850877367
465.26860000000005	1.0322716624462274
466.26860000000005	1.0322720398047178
467.26860000000005	1.0322724171632085
468.26860000000005	1.032272794521699
469.26860000000005	1.0322731718801896
470.26860000000005	1.03227354923868
471.26860000000005	1.0322739265971708
472.26860000000005	1.0322743039556612
473.26860000000005	1.032274681314152
474.26860000000005	1.0322750586726424
475.26860000000005	1.032275436031133
476.26860000000005	1.0322758133896235
477.26860000000005	1.0322761907481142
478.26860000000005	1.0322765681066046
479.26860000000005	1.0322769454650953
480.26860000000005	1.0322773228235858
481.26860000000005	1.0322777001820764
482.26860000000005	1.0322780775405669
483.26860000000005	1.0322784548990576
484.26860000000005	1.032278832257548
485.26860000000005	1.0322792096160387
486.26860000000005	1.0322795869745292
487.26860000000005	1.0322799643330198
488.26860000000005	1.0322803416915103
489.26860000000005	1.032280719050001
490.26860000000005	1.0322810964084914
491.26860000000005	1.032281473766982
492.26860000000005	1.0322818511254725
493.26860000000005	1.0322822284839632
494.26860000000005	1.0322826058424537
495.26860000000005	1.0322829832009444
496.26860000000005	1.0322833605594348
497.26860000000005	1.0322837379179255
498.26860000000005	1.032284115276416
499.26860000000005	1.0322844926349066
500.26860000000005	1.032284869993397
501.26860000000005	1.0322852473518878
502.26860000000005	1.0322856247103782
503.26860000000005	1.032286002068869
504.26860000000005	1.0322863794273593
505.26860000000005	1.03228675678585
506.26860000000005	1.0322871341443405
507.26860000000005	1.0322875115028312
508.26860000000005	1.0322878888613216
509.26860000000005	1.0322882662198123
510.26860000000005	1.0322886435783027
511.26860000000005	1.0322890209367934
512.2686	1.0322893982952839
513.2686	1.0322897756537746
514.2686	1.032290153012265
515.2686	1.0322905303707557
516.2686	1.0322909077292461
517.2686	1.0322912850877368
518.2686	1.0322916624462273
519.2686	1.032292039804718
520.2686	1.0322924171632084
521.2686	1.032292794521699
522.2686	1.0322931718801895
523.2686	1.0322935492386802
524.2686	1.0322939265971707
525.2686	1.0322943039556614
526.2686	1.0322946813141518
527.2686	1.0322950586726425
528.2686	1.032295436031133
529.2686	1.0322958133896236
530.2686	1.032296190748114
531.2686	1.0322965681066048
532.2686	1.0322969454650952
533.2686	1.0322973228235859
534.2686	1.0322977001820763
535.2686	1.032298077540567
536.2686	1.0322984548990575
537.2686	1.0322988322575481
538.2686	1.0322992096160386
539.2686	1.0322995869745293
540.2686	1.0322999643330197
541.2686	1.0323003416915104
542.2686	1.0323007190500009
543.2686	1.0323010964084915
544.2686	1.032301473766982
545.2686	1.0323018511254727
546.2686	1.0323022284839631
547.2686	1.0323026058424538
548.2686	1.0323029832009443
549.2686	1.032303360559435
550.2686	1.0323037379179254
551.2686	1.032304115276416
552.2686	1.0323044926349065
553.2686	1.0323048699933972
554.2686	1.0323052473518877
555.2686	1.0323056247103783
556.2686	1.0323060020688688
557.2686	1.0323063794273595
558.2686	1.03230675678585
559.2686	1.0323071341443406
560.2686	1.032307511502831
561.2686	1.0323078888613217
562.2686	1.0323082662198122
563.2686	1.0323086435783029
564.2686	1.0323090209367933
565.2686	1.032309398295284
566.2686	1.0323097756537745
567.2686	1.0323101530122651
568.2686	1.0323105303707556
569.2686	1.0323109077292463
570.2686	1.0323112850877367
571.2686	1.0323116624462274
572.2686	1.0323120398047179
573.2686	1.0323124171632085
574.2686	1.032312794521699
575.2686	1.0323131718801897
576.2686	1.0323135492386801
577.2686	1.0323139265971708
578.2686	1.0323143039556613
579.2686	1.0323146813141517
580.2686	1.0323150586726424
581.2686	1.032315436031133
582.2686	1.0323158133896235
583.2686	1.032316190748114
584.2686	1.0323165681066047
585.2686	1.0323169454650953
586.2686	1.0323173228235858
587.2686	1.0323177001820762
588.2686	1.032318077540567
589.2686	1.0323184548990576
590.2686	1.032318832257548
591.2686	1.0323192096160385
592.2686	1.0323195869745292
593.2686	1.0323199643330196
594.2686	1.0323203416915103
595.2686	1.0323207190500008
596.2686	1.0323210964084915
597.2686	1.032321473766982
598.2686	1.0323218511254726
599.2686	1.032322228483963
600.2686	1.0323226058424537
601.2686	1.0323229832009442
602.2686	1.0323233605594349
603.2686	1.0323237379179253
604.2686	1.032324115276416
605.2686	1.0323244926349064
606.2686	1.0323248699933971
607.2686	1.0323252473518876
608.2686	1.0323256247103783
609.2686	1.0323260020688687
610.2686	1.0323263794273594
611.2686	1.0323267567858498
612.2686	1.0323271341443405
613.2686	1.032327511502831
614.2686	1.0323278888613217
615.2686	1.032328266219812
616.2686	1.0323286435783028
617.2686	1.0323290209367932
618.2686	1.032329398295284
619.2686	1.0323297756537744
620.2686	1.032330153012265
621.2686	1.0323305303707555
622.2686	1.0323309077292462
623.2686	1.0323312850877366
624.2686	1.0323316624462273
625.2686	1.0323320398047178
626.2686	1.0323324171632084
627.2686	1.032332794521699
628.2686	1.0323331718801896
629.2686	1.03233354923868
630.2686	1.0323339265971707
631.2686	1.0323343039556612
632.2686	1.0323346813141518
633.2686	1.0323350586726423
634.2686	1.032335436031133
635.2686	1.0323358133896234
636.2686	1.0323361907481141
637.2686	1.0323365681066046
638.2686	1.0323369454650952
639.2686	1.0323373228235857
640.2686	1.0323377001820764
641.2686	1.0323380775405668
642.2686	1.0323384548990575
643.2686	1.032338832257548
644.2686	1.0323392096160386
645.2686	1.032339586974529
646.2686	1.0323399643330198
647.2686	1.0323403416915102
648.2686	1.032340719050001
649.2686	1.0323410964084914
650.2686	1.032341473766982
651.2686	1.0323418511254725
652.2686	1.0323422284839632
653.2686	1.0323426058424536
654.2686	1.0323429832009443
655.2686	1.0323433605594348
656.2686	1.0323437379179254
657.2686	1.032344115276416
658.2686	1.0323444926349066
659.2686	1.032344869993397
660.2686	1.0323452473518877
661.2686	1.0323456247103782
662.2686	1.0323460020688688
663.2686	1.0323463794273593
664.2686	1.03234675678585
665.2686	1.0323471341443404
666.2686	1.032347511502831
667.2686	1.0323478888613216
668.2686	1.0323482662198122
669.2686	1.0323486435783027
670.2686	1.0323490209367934
671.2686	1.0323493982952838
672.2686	1.0323497756537745
673.2686	1.032350153012265
674.2686	1.0323505303707556
675.2686	1.032350907729246
676.2686	1.0323512850877368
677.2686	1.0323516624462272
678.2686	1.032352039804718
679.2686	1.0323524171632084
680.2686	1.032352794521699
681.2686	1.0323531718801895
682.2686	1.0323535492386802
683.2686	1.0323539265971706
684.2686	1.0323543039556613
685.2686	1.0323546813141518
686.2686	1.0323550586726424
687.2686	1.032355436031133
688.2686	1.0323558133896236
689.2686	1.032356190748114
690.2686	1.0323565681066047
691.2686	1.0323569454650952
692.2686	1.0323573228235858
693.2686	1.0323577001820763
694.2686	1.032358077540567
695.2686	1.0323584548990574
696.2686	1.032358832257548
697.2686	1.0323592096160386
698.2686	1.0323595869745292
699.2686	1.0323599643330197
700.2686	1.0323603416915104
701.2686	1.0323607190500008
702.2686	1.0323610964084915
703.2686	1.032361473766982
704.2686	1.0323618511254726
705.2686	1.032362228483963
706.2686	1.0323626058424538
707.2686	1.0323629832009442
708.2686	1.032363360559435
709.2686	1.0323637379179254
710.2686	1.032364115276416
711.2686	1.0323644926349065
712.2686	1.0323648699933972
713.2686	1.0323652473518876
714.2686	1.0323656247103783
715.2686	1.0323660020688687
716.2686	1.0323663794273594
717.2686	1.0323667567858499
718.2686	1.0323671341443406
719.2686	1.032367511502831
720.2686	1.0323678888613217
721.2686	1.0323682662198121
722.2686	1.0323686435783028
723.2686	1.0323690209367933
724.2686	1.032369398295284
725.2686	1.0323697756537744
726.2686	1.032370153012265
727.2686	1.0323705303707555
728.2686	1.0323709077292462
729.2686	1.0323712850877367
730.2686	1.0323716624462274
731.2686	1.0323720398047178
732.2686	1.0323724171632085
733.2686	1.032372794521699
734.2686	1.0323731718801896
735.2686	1.03237354923868
736.2686	1.0323739265971708
737.2686	1.0323743039556612
738.2686	1.0323746813141519
739.2686	1.0323750586726423
740.2686	1.032375436031133
741.2686	1.0323758133896235
742.2686	1.0323761907481142
743.2686	1.0323765681066046
744.2686	1.0323769454650953
745.2686	1.0323773228235857
746.2686	1.0323777001820764
747.2686	1.0323780775405669
748.2686	1.0323784548990576
749.2686	1.032378832257548
750.2686	1.0323792096160387
751.2686	1.0323795869745291
752.2686	1.0323799643330198
753.2686	1.0323803416915103
754.2686	1.032380719050001
755.2686	1.0323810964084914
756.2686	1.032381473766982
757.2686	1.0323818511254725
758.2686	1.0323822284839632
759.2686	1.0323826058424537
760.2686	1.0323829832009443
761.2686	1.0323833605594348
762.2686	1.0323837379179255
763.2686	1.032384115276416
764.2686	1.0323844926349066
765.2686	1.032384869993397
766.2686	1.0323852473518877
767.2686	1.0323856247103782
768.2686	1.0323860020688689
769.2686	1.0323863794273593
770.2686	1.03238675678585
771.2686	1.0323871341443405
772.2686	1.0323875115028311
773.2686	1.0323878888613216
774.2686	1.0323882662198123
775.2686	1.0323886435783027
776.2686	1.0323890209367934
777.2686	1.0323893982952839
778.2686	1.0323897756537745
779.2686	1.032390153012265
780.2686	1.0323905303707557
781.2686	1.0323909077292461
782.2686	1.0323912850877368
783.2686	1.0323916624462273
784.2686	1.032392039804718
785.2686	1.0323924171632084
786.2686	1.032392794521699
787.2686	1.0323931718801895
788.2686	1.0323935492386802
789.2686	1.0323939265971707
790.2686	1.0323943039556613
791.2686	1.0323946813141518
792.2686	1.0323950586726425
793.2686	1.032395436031133
794.2686	1.0323958133896236
795.2686	1.032396190748114
796.2686	1.0323965681066047
797.2686	1.0323969454650952
798.2686	1.0323973228235859
799.2686	1.0323977001820763
800.2686	1.032398077540567
801.2686	1.0323984548990575
802.2686	1.0323988322575481
803.2686	1.0323992096160386
804.2686	1.0323995869745293
805.2686	1.0323999643330197
806.2686	1.0324003416915104
807.2686	1.0324007190500009
808.2686	1.0324010964084915
809.2686	1.032401473766982
810.2686	1.0324018511254727
811.2686	1.0324022284839631
812.2686	1.0324026058424538
813.2686	1.0324029832009443
814.2686	1.032403360559435
815.2686	1.0324037379179254
816.2686	1.032404115276416
817.2686	1.0324044926349065
818.2686	1.0324048699933972
819.2686	1.0324052473518877
820.2686	1.0324056247103783
821.2686	1.0324060020688688
822.2686	1.0324063794273595
823.2686	1.03240675678585
824.2686	1.0324071341443406
825.2686	1.032407511502831
826.2686	1.0324078888613217
827.2686	1.0324082662198122
828.2686	1.0324086435783029
829.2686	1.0324090209367933
830.2686	1.032409398295284
831.2686	1.0324097756537745
832.2686	1.0324101530122651
833.2686	1.0324105303707556
834.2686	1.0324109077292463
835.2686	1.0324112850877367
836.2686	1.0324116624462274
837.2686	1.0324120398047179
838.2686	1.0324124171632085
839.2686	1.032412794521699
840.2686	1.0324131718801897
841.2686	1.0324135492386801
842.2686	1.0324139265971706
843.2686	1.0324143039556613
844.2686	1.032414681314152
845.2686	1.0324150586726424
846.2686	1.0324154360311328
847.2686	1.0324158133896235
848.2686	1.0324161907481142
849.2686	1.0324165681066046
850.2686	1.032416945465095
851.2686	1.0324173228235858
852.2686	1.0324177001820765
853.2686	1.032418077540567
854.2686	1.0324184548990574
855.2686	1.032418832257548
856.2686	1.0324192096160387
857.2686	1.0324195869745292
858.2686	1.0324199643330196
859.2686	1.0324203416915103
860.2686	1.0324207190500008
861.2686	1.0324210964084914
862.2686	1.032421473766982
863.2686	1.0324218511254726
864.2686	1.032422228483963
865.2686	1.0324226058424537
866.2686	1.0324229832009442
867.2686	1.0324233605594348
868.2686	1.0324237379179253
869.2686	1.032424115276416
870.2686	1.0324244926349064
871.2686	1.032424869993397
872.2686	1.0324252473518876
873.2686	1.0324256247103782
874.2686	1.0324260020688687
875.2686	1.0324263794273594
876.2686	1.0324267567858498
877.2686	1.0324271341443405
878.2686	1.032427511502831
879.2686	1.0324278888613216
880.2686	1.032428266219812
881.2686	1.0324286435783028
882.2686	1.0324290209367932
883.2686	1.032429398295284
884.2686	1.0324297756537744
885.2686	1.032430153012265
886.2686	1.0324305303707555
887.2686	1.0324309077292462
888.2686	1.0324312850877366
889.2686	1.0324316624462273
890.2686	1.0324320398047178
891.2686	1.0324324171632084
892.2686	1.032432794521699
893.2686	1.0324331718801896
894.2686	1.03243354923868
895.2686	1.0324339265971707
896.2686	1.0324343039556612
897.2686	1.0324346813141518
898.2686	1.0324350586726423
899.2686	1.032435436031133
900.2686	1.0324358133896234
901.2686	1.032436190748114
902.2686	1.0324365681066046
903.2686	1.0324369454650952
904.2686	1.0324373228235857
905.2686	1.0324377001820764
906.2686	1.0324380775405668
907.2686	1.0324384548990575
908.2686	1.032438832257548
909.2686	1.0324392096160386
910.2686	1.032439586974529
911.2686	1.0324399643330198
912.2686	1.0324403416915102
913.2686	1.032440719050001
914.2686	1.0324410964084914
915.2686	1.032441473766982
916.2686	1.0324418511254725
917.2686	1.0324422284839632
918.2686	1.0324426058424536
919.2686	1.0324429832009443
920.2686	1.0324433605594348
921.2686	1.0324437379179254
922.2686	1.0324441152764159
923.2686	1.0324444926349066
924.2686	1.032444869993397
925.2686	1.0324452473518877
926.2686	1.0324456247103782
927.2686	1.0324460020688688
928.2686	1.0324463794273593
929.2686	1.03244675678585
930.2686	1.0324471341443404
931.2686	1.032447511502831
932.2686	1.0324478888613215
933.2686	1.0324482662198122
934.2686	1.0324486435783027
935.2686	1.0324490209367934
936.2686	1.0324493982952838
937.2686	1.0324497756537745
938.2686	1.032450153012265
939.2686	1.0324505303707556
940.2686	1.032450907729246
941.2686	1.0324512850877368
942.2686	1.0324516624462272
943.2686	1.032452039804718
944.2686	1.0324524171632083
945.2686	1.032452794521699
946.2686	1.0324531718801895
947.2686	1.0324535492386802
948.2686	1.0324539265971706
949.2686	1.0324543039556613
950.2686	1.0324546813141517
951.2686	1.0324550586726424
952.2686	1.0324554360311329
953.2686	1.0324558133896236
954.2686	1.032456190748114
955.2686	1.0324565681066047
956.2686	1.0324569454650951
957.2686	1.0324573228235858
958.2686	1.0324577001820763
959.2686	1.032458077540567
960.2686	1.0324584548990574
961.2686	1.032458832257548
962.2686	1.0324592096160385
963.2686	1.0324595869745292
964.2686	1.0324599643330197
965.2686	1.0324603416915104
966.2686	1.0324607190500008
967.2686	1.0324610964084915
968.2686	1.032461473766982
969.2686	1.0324618511254726
970.2686	1.032462228483963
971.2686	1.0324626058424538
972.2686	1.0324629832009442
973.2686	1.0324633605594349
974.2686	1.0324637379179253
975.2686	1.032464115276416
976.2686	1.0324644926349065
977.2686	1.0324648699933971
978.2686	1.0324652473518876
979.2686	1.0324656247103783
980.2686	1.0324660020688687
981.2686	1.0324663794273594
982.2686	1.0324667567858499
983.2686	1.0324671341443405
984.2686	1.032467511502831
985.2686	1.0324678888613217
986.2686	1.0324682662198121
987.2686	1.0324686435783028
988.2686	1.0324690209367933
989.2686	1.032469398295284
990.2686	1.0324697756537744
991.2686	1.032470153012265
992.2686	1.0324705303707555
993.2686	1.0324709077292462
994.2686	1.0324712850877367
995.2686	1.0324716624462273
996.2686	1.0324720398047178
997.2686	1.0324724171632085
998.2686	1.032472794521699
999.2686	1.0324731718801896
