0.9829	0.5047193585849854
1.979	0.5064753714424073
2.976	0.5138274866253608
3.9737	0.518467388358054
4.9722	0.5230160329802027
5.961600000000001	0.5271069082254578
6.9514000000000005	0.5301792692895574
7.9417	0.5343767285434133
8.922500000000001	0.5387427980724135
9.903500000000001	0.5426424496966736
10.8847	0.5461762609799441
11.866000000000001	0.5496078196856722
12.8475	0.5521960322012404
13.8291	0.5528413973350903
14.8109	0.552242555684842
15.792900000000001	0.5515503437297128
16.7752	0.5484746820512789
17.7577	0.5447258830361106
18.7405	0.5388151820412997
19.7236	0.5346039237754907
20.707	0.5292834813969838
21.6907	0.5258975993792404
22.6747	0.5201303096189008
23.659000000000002	0.5014849173476779
24.643600000000003	0.4886654499021508
25.628500000000003	0.4823851904598193
26.6137	0.47822530869920055
27.5992	0.46737506523634
28.585	0.4604741539877667
29.5712	0.4539077723828402
30.5577	0.44492567866078714
31.544500000000003	0.43547802620180587
32.5317	0.42717271950951186
33.519200000000005	0.41830191121280635
34.5071	0.4121780709439028
35.4953	0.4029183039128901
36.4839	0.38808073033216195
37.4729	0.3787076408113943
38.4622	0.3605804570985647
39.452000000000005	0.3552706184157808
40.4423	0.34837022646276883
41.4331	0.3474464859093731
42.4244	0.3549125894988572
43.4162	0.4155403971117495
44.408500000000004	0.44063826745343204
45.4013	0.452401274341648
46.394600000000004	0.4837726680167349
47.3885	0.49649273464344257
48.3829	0.5367945268114822
49.377900000000004	0.57693073728761
50.3735	0.5961871994246891
51.369600000000005	0.6050595444054463
52.3663	0.6186575423790802
53.3635	0.6383986340791782
54.3613	0.6563719985297038
55.3596	0.691746815513425
56.3585	0.7156861760082431
57.3483	0.7517625511115302
58.3385	0.7564089962894922
59.319300000000005	0.7556994509802286
60.3003	0.746314454137651
61.281400000000005	0.7472205919336636
62.2627	0.7464663781933889
63.244200000000006	0.7388522992408764
64.22590000000001	0.7246917478912245
65.2078	0.7263372097718803
66.1898	0.7243951386897769
67.17190000000001	0.7276531770507971
68.1542	0.7150912747598079
69.1366	0.698649358922857
70.1191	0.6739703446059908
71.1018	0.6767068367761304
72.08460000000001	0.6710197775863411
73.0676	0.671273013329925
74.0507	0.6644503629759536
75.034	0.6573905374601827
76.0175	0.6383659102139673
77.00110000000001	0.6455945438974195
77.98490000000001	0.6341823914210831
78.9689	0.6277242667539611
79.953	0.6238466140757231
80.9372	0.6108110999030871
81.92150000000001	0.6083761310137006
82.9059	0.6065450079704113
83.8904	0.6129072905824644
84.87490000000001	0.5906434841881203
85.8595	0.5741165601829178
86.8442	0.5630779762135122
87.82910000000001	0.5604340250092308
88.81410000000001	0.5521874226637522
89.7992	0.5513023396745924
90.7844	0.545337112458939
91.7697	0.5425382286815704
92.7551	0.5455357863468832
93.7406	0.5425713185214696
94.7262	0.5566157498035729
95.712	0.5516144292761348
96.6979	0.5468475929550727
97.68400000000001	0.5438447618340172
98.6701	0.5448137436976488
99.6562	0.5418754926705811
100.6423	0.5426134264127617
101.6284	0.5436006874211817
102.6145	0.5447399655687046
103.6006	0.545929702369191
104.58670000000001	0.5380851522765171
105.5729	0.5382748549428085
106.5591	0.537551024621205
107.54530000000001	0.5368869995657808
108.53150000000001	0.5363128505085092
109.5177	0.5357947785437108
110.504	0.5353897698364076
111.4903	0.5351162048878397
112.4766	0.5160662932102723
113.46300000000001	0.46440254722180907
114.44940000000001	0.4388384692641035
115.4358	0.4341500970018244
116.4223	0.43998166715975606
117.4088	0.42362335676140384
118.39540000000001	0.418846996723907
119.382	0.4138435288544259
120.3686	0.42064254746325624
121.3553	0.42922892048032146
122.34200000000001	0.4288980565969911
123.32870000000001	0.42837745092476087
124.31540000000001	0.4277470473481655
125.30210000000001	0.4271463303016303
126.28880000000001	0.4266356247966525
127.27550000000001	0.42616930291694877
128.2622	0.439883444806606
129.24890000000002	0.44028439842281153
130.2356	0.4403901771956016
131.2224	0.4405478452164019
132.2092	0.4409745427204872
133.196	0.441655122778315
134.18280000000001	0.4428781728201989
135.1696	0.45624087619653253
136.15640000000002	0.4328086072005525
137.1432	0.4297704618011807
138.13	0.4265118541243035
139.1167	0.4242797680438779
140.10330000000002	0.42192022956451636
141.0899	0.41941867131234645
142.0764	0.41677934971777675
143.0628	0.4142267297337797
144.0491	0.4117740325886533
145.0354	0.4093870116017111
146.0216	0.4069883083107656
147.0077	0.4191729784932148
147.99370000000002	0.4182522467341545
148.9796	0.4177824669096697
149.96550000000002	0.4168606342150234
150.9513	0.4162235421229985
151.937	0.41561902997298494
152.92260000000002	0.41504118613179086
153.90810000000002	0.4288951974116373
154.89350000000002	0.4288523740516077
155.8788	0.42874577492229826
156.864	0.44380049474149486
157.84910000000002	0.444202903272651
158.8341	0.4623945193274255
159.81900000000002	0.46308159331774934
160.8038	0.4639858033152572
161.7885	0.44914611468078125
162.7731	0.4666657844395725
163.75750000000002	0.4882138138292986
164.7418	0.4905359316327135
165.726	0.49286576046149566
166.7101	0.5062815471437306
167.69400000000002	0.5524330702815046
168.67780000000002	0.5563901311275127
169.66150000000002	0.5606941120951909
170.645	0.5656461761109262
171.6284	0.5713056092904426
172.6117	0.5771206009545891
173.59480000000002	0.5829300570373716
174.5778	0.5894834092718079
175.56060000000002	0.5959853790045109
176.54330000000002	0.6027482549016536
177.5258	0.6098322510182949
178.5081	0.6171794265555296
179.49030000000002	0.624264397621894
180.47230000000002	0.6312130537578022
181.4541	0.639061118229847
182.4358	0.6470173466928103
183.4173	0.65542693302061
184.39860000000002	0.6914870490758428
185.3797	0.702710388711278
186.3606	0.7401597451843589
187.34140000000002	0.7511848710356127
188.322	0.7628246998818884
189.3024	0.7683224607689999
190.292	0.7939997247942798
191.28220000000002	0.968532552279646
192.27270000000001	0.8848836294138319
193.263	0.8804619482921591
194.2533	0.8685159374306545
195.24360000000001	0.8748056413822153
196.2338	0.8650374845163558
197.22400000000002	0.8726114412493371
198.2142	0.9697105553264896
199.205	0.7457354742313137
200.1952	0.7005964495445327
201.18540000000002	0.7029227271887091
202.1756	0.6987270483989829
203.16580000000002	0.7119509266799744
204.156	0.7260090971066313
205.14610000000002	0.7882305817903328
206.1362	0.8121274861209776
207.12640000000002	0.8250175292835327
208.1166	0.8265256637334744
209.1069	0.8161395514702632
210.09730000000002	0.8042621795497613
211.0877	0.8225054376816432
212.0782	0.8017339872853855
213.0687	0.7786207486673147
214.059	0.6919912305904242
215.0492	0.9453049705327115
216.0394	0.9664046328779063
217.02970000000002	0.7894276379003344
218.02	0.7942324010800361
219.0103	0.841617134384563
220.00070000000002	0.8460248314463987
220.99110000000002	0.8507318369746655
221.98160000000001	0.8559080016631677
222.9721	0.8614306566397486
223.9627	0.8548778028663622
224.9531	0.9810864377680646
225.9435	0.9794484262908003
226.9341	0.9793988608192438
227.9249	0.9792306989032112
228.91580000000002	0.9789999890550903
229.9068	0.9787576528062208
230.89790000000002	0.9891339871506204
231.8891	0.9376435460145518
232.8803	0.9381248019132602
233.8716	0.9355000205774048
234.86290000000002	0.8686134257996956
235.854	0.9440575557424234
236.845	0.9441485371516016
237.8359	0.944273136586185
238.82670000000002	0.9443518437233578
239.81740000000002	0.9443825193023219
240.80800000000002	0.944350178655126
241.79850000000002	0.9442679607453681
242.78900000000002	0.9442320976587739
243.7794	0.9440449532566203
244.7697	0.943803531273515
245.75990000000002	0.9434920030462326
246.75220000000002	0.7947012824758664
247.7441	0.7960643959211339
248.73610000000002	0.7974518400316588
249.72820000000002	0.7987955058715475
250.7204	0.7675105079275046
251.7127	0.7708963741887424
252.70510000000002	0.7743123743136291
253.69760000000002	0.7777430046926863
254.6903	0.731808241778573
255.68310000000002	0.677240943134023
256.676	0.69620164674311
257.6689	0.7614014972287919
258.6618	0.7644366097613151
259.6546	0.8971541307501941
260.6474	0.9490504934548019
261.6402	0.9665927881640094
262.6331	0.9724511691645721
263.62600000000003	0.9785137216435649
264.6189	0.9835644092718766
265.6117	0.9900281151542272
266.60450000000003	0.9963730108646353
267.5947	0.9765218947219892
268.5849	0.9780341846048091
269.5751	0.976830134768381
270.56530000000004	0.9768928771984892
271.5555	0.9741962756747979
272.5458	0.9743194689396878
273.53610000000003	0.9854046657655864
274.5264	0.9892159147805892
275.5168	0.9891671741389907
276.5072	0.9890482831873364
277.49760000000003	0.988913811654159
278.48810000000003	0.9888605269025633
279.47860000000003	0.9886897066779707
280.4692	0.9885930217154478
281.45980000000003	0.9883761588913366
282.45050000000003	0.9882305741456687
283.44120000000004	0.9879618355402179
284.432	0.9878366839077063
285.4228	0.986222958227938
286.4137	0.9860512929788141
287.4046	0.985698263600803
288.3956	0.9854097137719584
289.3867	0.9850834925172511
290.3779	0.9847256420026813
291.36920000000003	0.9844256867829139
292.3605	0.9839273679339857
293.3519	0.9834887221688363
294.34340000000003	0.9830098502192748
295.33500000000004	0.9650455511866711
296.3268	0.9642136685132592
297.31870000000004	0.9632516454678536
298.3107	0.9622463418824333
299.3029	0.9630274129729457
300.2952	0.9826374623555816
301.2875	0.9310310926806562
302.2797	0.9313160338811628
303.2719	0.8794292213423172
304.26410000000004	0.8835333329109967
305.25640000000004	0.8506679712064265
306.2486	0.9729390536455282
307.24080000000004	0.9913761558231046
308.233	0.9956841862896784
309.22520000000003	0.9958825487238923
310.2174	0.9961504353050784
311.2096	0.9964571032827435
312.2018	0.9909493888519557
313.194	0.9865222168722207
314.1861	0.9771612078235604
315.1764	0.9541474789910707
316.1667	0.9541946259500661
317.1571	0.9545426254828462
318.1476	0.9549093182372941
319.13820000000004	0.9552792172568368
320.129	0.9557399560161953
321.11990000000003	0.9561267722071486
322.1109	0.9551850551265707
323.1021	0.9611278333476558
324.0935	0.9619768257453957
325.0839	0.9917921651115725
326.07410000000004	0.9951438452021749
327.0643	0.9859500415428761
328.0545	0.8653649548915621
329.04470000000003	0.8505885921533065
330.0349	0.902502361225083
331.0253	0.8876982447535777
332.01570000000004	0.8913121923616479
333.00620000000004	0.8951961285996817
333.99670000000003	0.8992178783031544
334.9873	0.9035452522728623
335.97790000000003	0.9080437829734478
336.96860000000004	0.9128883751172258
337.95930000000004	0.9179420652755034
338.94980000000004	0.9362550318430168
339.9402	0.9363782699420645
340.93080000000003	0.9368940720042935
341.9216	0.9374187930443897
342.91270000000003	0.9380668687364536
343.9039	0.9385588526707042
344.8952	0.8702616375244747
345.8865	0.9863338852650249
346.8779	0.9730818477883483
347.86940000000004	0.9446894711356335
348.8609	0.8546657090507606
349.8523	0.8593068130693966
350.8437	0.8644362282042162
351.8351	0.8699667924973217
352.82660000000004	0.876011657324916
353.8181	0.8824339684867137
354.8095	0.9817824423566195
355.8007	1.0058246974608918
356.7918	1.0064341174291485
357.7828	1.0072089136441378
358.7738	1.008164755332932
359.76410000000004	0.9559711513444156
360.7545	0.9548810560622623
361.74510000000004	0.9539041783332862
362.73580000000004	0.9534623676543148
363.7266	1.0071358983646037
364.71700000000004	1.0065445974716902
365.70730000000003	1.0061481348275498
366.6975	1.0057269031504164
367.6888	0.9921008349153971
368.6798	0.9948682265643082
369.6701	0.9794464393089473
370.6605	0.9831999138353246
371.6515	0.9848689450443612
372.6427	0.9849173744959525
373.63370000000003	0.9869532967159703
374.6247	0.9893192936234333
375.6157	0.9918347644290205
376.60670000000005	0.9945253010934362
377.59770000000003	0.9974140615044433
378.5887	1.0005030028851676
379.5797	1.0038030929710653
380.5706	1.0072368609170186
381.5615	1.0109657458300012
382.55240000000003	1.0148795237043748
383.5426	0.9973783715018736
384.5328	0.9962813143288771
385.523	0.995965033873624
386.51320000000004	0.9956353454402643
387.50350000000003	0.9955804323214487
388.4938	0.9953391922762235
389.4841	0.9965669546122004
390.4744	0.9866234657639674
391.4648	0.9869053672552979
392.4552	0.9871612424509719
393.4456	0.9874672745338247
394.43600000000004	0.9878198109884294
395.42650000000003	0.9886032172254614
396.41700000000003	0.9902046846594853
397.4075	1.0171947650617263
398.39770000000004	1.0182186561025013
399.3879	1.0191453190541133
400.3781	1.0191564138047018
401.36830000000003	1.0191879844259708
402.3585	1.0192356200601251
403.3487	1.0192488854671198
404.3389	1.0192613305455354
405.32910000000004	1.0192565582285444
406.3193	1.019244470965694
407.3095	1.0192276596594576
408.29970000000003	1.0192060688195927
409.28990000000005	1.019179753936342
410.2801	1.0191468438209201
411.2704	1.0192063541572753
412.2613	1.0174376520192978
413.252	1.0055074521368714
414.24260000000004	1.0054640162110475
415.23330000000004	1.0054238201958443
416.22400000000005	1.005320098047301
417.2147	1.0052085831292277
418.2054	1.005093212457027
419.1961	1.0049705949605323
420.1868	1.0049157678423224
421.1775	1.0049030766962683
422.1682	1.0048913176521954
423.1589	1.0048801183235143
424.1496	1.0048698056226466
425.1403	1.004869944159067
426.13100000000003	1.0048807357182743
427.12170000000003	1.004926211476746
428.11240000000004	1.0049786867110813
429.10310000000004	1.0050338139767492
430.09380000000004	1.0050919310187771
431.0846	1.005254230433933
432.0754	1.0053169692219306
433.06620000000004	1.0053863698793446
434.057	1.0054617535027994
435.0478	1.0055401269026145
436.03860000000003	1.0056244832684706
437.0294	1.0057151603453949
438.02020000000005	1.00581481016472
439.011	1.005929991970512
440.0018	1.0060857684303912
440.99260000000004	1.0062685102805138
441.98330000000004	1.0063667846162192
442.97400000000005	1.006579983441362
443.9646	1.0067087147520883
444.95520000000005	1.006956721548683
445.94570000000004	1.0071246118272925
446.93620000000004	1.0074161285882022
447.9266	1.0076318798275579
448.9169	1.0078737370455026
449.9071	1.0081460512384677
450.89750000000004	1.0175702931261092
451.89750000000004	1.027346286372319
452.89750000000004	1.027346286372319
453.89750000000004	1.027346286372319
454.89750000000004	1.027346286372319
455.89750000000004	1.027346286372319
456.89750000000004	1.027346286372319
457.89750000000004	1.027346286372319
458.89750000000004	1.027346286372319
459.89750000000004	1.027346286372319
460.89750000000004	1.027346286372319
461.89750000000004	1.027346286372319
462.89750000000004	1.027346286372319
463.89750000000004	1.027346286372319
464.89750000000004	1.027346286372319
465.89750000000004	1.027346286372319
466.89750000000004	1.027346286372319
467.89750000000004	1.027346286372319
468.89750000000004	1.027346286372319
469.89750000000004	1.027346286372319
470.89750000000004	1.027346286372319
471.89750000000004	1.027346286372319
472.89750000000004	1.027346286372319
473.89750000000004	1.027346286372319
474.89750000000004	1.027346286372319
475.89750000000004	1.027346286372319
476.89750000000004	1.027346286372319
477.89750000000004	1.027346286372319
478.89750000000004	1.027346286372319
479.89750000000004	1.027346286372319
480.89750000000004	1.027346286372319
481.89750000000004	1.027346286372319
482.89750000000004	1.027346286372319
483.89750000000004	1.027346286372319
484.89750000000004	1.027346286372319
485.89750000000004	1.027346286372319
486.89750000000004	1.027346286372319
487.89750000000004	1.027346286372319
488.89750000000004	1.027346286372319
489.89750000000004	1.027346286372319
490.89750000000004	1.027346286372319
491.89750000000004	1.027346286372319
492.89750000000004	1.027346286372319
493.89750000000004	1.027346286372319
494.89750000000004	1.027346286372319
495.89750000000004	1.027346286372319
496.89750000000004	1.027346286372319
497.89750000000004	1.027346286372319
498.89750000000004	1.027346286372319
499.89750000000004	1.027346286372319
500.89750000000004	1.027346286372319
501.89750000000004	1.027346286372319
502.89750000000004	1.027346286372319
503.89750000000004	1.027346286372319
504.89750000000004	1.027346286372319
505.89750000000004	1.027346286372319
506.89750000000004	1.027346286372319
507.89750000000004	1.027346286372319
508.89750000000004	1.027346286372319
509.89750000000004	1.027346286372319
510.89750000000004	1.027346286372319
511.89750000000004	1.027346286372319
512.8975	1.027346286372319
513.8975	1.027346286372319
514.8975	1.027346286372319
515.8975	1.027346286372319
516.8975	1.027346286372319
517.8975	1.027346286372319
518.8975	1.027346286372319
519.8975	1.027346286372319
520.8975	1.027346286372319
521.8975	1.027346286372319
522.8975	1.027346286372319
523.8975	1.027346286372319
524.8975	1.027346286372319
525.8975	1.027346286372319
526.8975	1.027346286372319
527.8975	1.027346286372319
528.8975	1.027346286372319
529.8975	1.027346286372319
530.8975	1.027346286372319
531.8975	1.027346286372319
532.8975	1.027346286372319
533.8975	1.027346286372319
534.8975	1.027346286372319
535.8975	1.027346286372319
536.8975	1.027346286372319
537.8975	1.027346286372319
538.8975	1.027346286372319
539.8975	1.027346286372319
540.8975	1.027346286372319
541.8975	1.027346286372319
542.8975	1.027346286372319
543.8975	1.027346286372319
544.8975	1.027346286372319
545.8975	1.027346286372319
546.8975	1.027346286372319
547.8975	1.027346286372319
548.8975	1.027346286372319
549.8975	1.027346286372319
550.8975	1.027346286372319
551.8975	1.027346286372319
552.8975	1.027346286372319
553.8975	1.027346286372319
554.8975	1.027346286372319
555.8975	1.027346286372319
556.8975	1.027346286372319
557.8975	1.027346286372319
558.8975	1.027346286372319
559.8975	1.027346286372319
560.8975	1.027346286372319
561.8975	1.027346286372319
562.8975	1.027346286372319
563.8975	1.027346286372319
564.8975	1.027346286372319
565.8975	1.027346286372319
566.8975	1.027346286372319
567.8975	1.027346286372319
568.8975	1.027346286372319
569.8975	1.027346286372319
570.8975	1.027346286372319
571.8975	1.027346286372319
572.8975	1.027346286372319
573.8975	1.027346286372319
574.8975	1.027346286372319
575.8975	1.027346286372319
576.8975	1.027346286372319
577.8975	1.027346286372319
578.8975	1.027346286372319
579.8975	1.027346286372319
580.8975	1.027346286372319
581.8975	1.027346286372319
582.8975	1.027346286372319
583.8975	1.027346286372319
584.8975	1.027346286372319
585.8975	1.027346286372319
586.8975	1.027346286372319
587.8975	1.027346286372319
588.8975	1.027346286372319
589.8975	1.027346286372319
590.8975	1.027346286372319
591.8975	1.027346286372319
592.8975	1.027346286372319
593.8975	1.027346286372319
594.8975	1.027346286372319
595.8975	1.027346286372319
596.8975	1.027346286372319
597.8975	1.027346286372319
598.8975	1.027346286372319
599.8975	1.027346286372319
600.8975	1.027346286372319
601.8975	1.027346286372319
602.8975	1.027346286372319
603.8975	1.027346286372319
604.8975	1.027346286372319
605.8975	1.027346286372319
606.8975	1.027346286372319
607.8975	1.027346286372319
608.8975	1.027346286372319
609.8975	1.027346286372319
610.8975	1.027346286372319
611.8975	1.027346286372319
612.8975	1.027346286372319
613.8975	1.027346286372319
614.8975	1.027346286372319
615.8975	1.027346286372319
616.8975	1.027346286372319
617.8975	1.027346286372319
618.8975	1.027346286372319
619.8975	1.027346286372319
620.8975	1.027346286372319
621.8975	1.027346286372319
622.8975	1.027346286372319
623.8975	1.027346286372319
624.8975	1.027346286372319
625.8975	1.027346286372319
626.8975	1.027346286372319
627.8975	1.027346286372319
628.8975	1.027346286372319
629.8975	1.027346286372319
630.8975	1.027346286372319
631.8975	1.027346286372319
632.8975	1.027346286372319
633.8975	1.027346286372319
634.8975	1.027346286372319
635.8975	1.027346286372319
636.8975	1.027346286372319
637.8975	1.027346286372319
638.8975	1.027346286372319
639.8975	1.027346286372319
640.8975	1.027346286372319
641.8975	1.027346286372319
642.8975	1.027346286372319
643.8975	1.027346286372319
644.8975	1.027346286372319
645.8975	1.027346286372319
646.8975	1.027346286372319
647.8975	1.027346286372319
648.8975	1.027346286372319
649.8975	1.027346286372319
650.8975	1.027346286372319
651.8975	1.027346286372319
652.8975	1.027346286372319
653.8975	1.027346286372319
654.8975	1.027346286372319
655.8975	1.027346286372319
656.8975	1.027346286372319
657.8975	1.027346286372319
658.8975	1.027346286372319
659.8975	1.027346286372319
660.8975	1.027346286372319
661.8975	1.027346286372319
662.8975	1.027346286372319
663.8975	1.027346286372319
664.8975	1.027346286372319
665.8975	1.027346286372319
666.8975	1.027346286372319
667.8975	1.027346286372319
668.8975	1.027346286372319
669.8975	1.027346286372319
670.8975	1.027346286372319
671.8975	1.027346286372319
672.8975	1.027346286372319
673.8975	1.027346286372319
674.8975	1.027346286372319
675.8975	1.027346286372319
676.8975	1.027346286372319
677.8975	1.027346286372319
678.8975	1.027346286372319
679.8975	1.027346286372319
680.8975	1.027346286372319
681.8975	1.027346286372319
682.8975	1.027346286372319
683.8975	1.027346286372319
684.8975	1.027346286372319
685.8975	1.027346286372319
686.8975	1.027346286372319
687.8975	1.027346286372319
688.8975	1.027346286372319
689.8975	1.027346286372319
690.8975	1.027346286372319
691.8975	1.027346286372319
692.8975	1.027346286372319
693.8975	1.027346286372319
694.8975	1.027346286372319
695.8975	1.027346286372319
696.8975	1.027346286372319
697.8975	1.027346286372319
698.8975	1.027346286372319
699.8975	1.027346286372319
700.8975	1.027346286372319
701.8975	1.027346286372319
702.8975	1.027346286372319
703.8975	1.027346286372319
704.8975	1.027346286372319
705.8975	1.027346286372319
706.8975	1.027346286372319
707.8975	1.027346286372319
708.8975	1.027346286372319
709.8975	1.027346286372319
710.8975	1.027346286372319
711.8975	1.027346286372319
712.8975	1.027346286372319
713.8975	1.027346286372319
714.8975	1.027346286372319
715.8975	1.027346286372319
716.8975	1.027346286372319
717.8975	1.027346286372319
718.8975	1.027346286372319
719.8975	1.027346286372319
720.8975	1.027346286372319
721.8975	1.027346286372319
722.8975	1.027346286372319
723.8975	1.027346286372319
724.8975	1.027346286372319
725.8975	1.027346286372319
726.8975	1.027346286372319
727.8975	1.027346286372319
728.8975	1.027346286372319
729.8975	1.027346286372319
730.8975	1.027346286372319
731.8975	1.027346286372319
732.8975	1.027346286372319
733.8975	1.027346286372319
734.8975	1.027346286372319
735.8975	1.027346286372319
736.8975	1.027346286372319
737.8975	1.027346286372319
738.8975	1.027346286372319
739.8975	1.027346286372319
740.8975	1.027346286372319
741.8975	1.027346286372319
742.8975	1.027346286372319
743.8975	1.027346286372319
744.8975	1.027346286372319
745.8975	1.027346286372319
746.8975	1.027346286372319
747.8975	1.027346286372319
748.8975	1.027346286372319
749.8975	1.027346286372319
750.8975	1.027346286372319
751.8975	1.027346286372319
752.8975	1.027346286372319
753.8975	1.027346286372319
754.8975	1.027346286372319
755.8975	1.027346286372319
756.8975	1.027346286372319
757.8975	1.027346286372319
758.8975	1.027346286372319
759.8975	1.027346286372319
760.8975	1.027346286372319
761.8975	1.027346286372319
762.8975	1.027346286372319
763.8975	1.027346286372319
764.8975	1.027346286372319
765.8975	1.027346286372319
766.8975	1.027346286372319
767.8975	1.027346286372319
768.8975	1.027346286372319
769.8975	1.027346286372319
770.8975	1.027346286372319
771.8975	1.027346286372319
772.8975	1.027346286372319
773.8975	1.027346286372319
774.8975	1.027346286372319
775.8975	1.027346286372319
776.8975	1.027346286372319
777.8975	1.027346286372319
778.8975	1.027346286372319
779.8975	1.027346286372319
780.8975	1.027346286372319
781.8975	1.027346286372319
782.8975	1.027346286372319
783.8975	1.027346286372319
784.8975	1.027346286372319
785.8975	1.027346286372319
786.8975	1.027346286372319
787.8975	1.027346286372319
788.8975	1.027346286372319
789.8975	1.027346286372319
790.8975	1.027346286372319
791.8975	1.027346286372319
792.8975	1.027346286372319
793.8975	1.027346286372319
794.8975	1.027346286372319
795.8975	1.027346286372319
796.8975	1.027346286372319
797.8975	1.027346286372319
798.8975	1.027346286372319
799.8975	1.027346286372319
800.8975	1.027346286372319
801.8975	1.027346286372319
802.8975	1.027346286372319
803.8975	1.027346286372319
804.8975	1.027346286372319
805.8975	1.027346286372319
806.8975	1.027346286372319
807.8975	1.027346286372319
808.8975	1.027346286372319
809.8975	1.027346286372319
810.8975	1.027346286372319
811.8975	1.027346286372319
812.8975	1.027346286372319
813.8975	1.027346286372319
814.8975	1.027346286372319
815.8975	1.027346286372319
816.8975	1.027346286372319
817.8975	1.027346286372319
818.8975	1.027346286372319
819.8975	1.027346286372319
820.8975	1.027346286372319
821.8975	1.027346286372319
822.8975	1.027346286372319
823.8975	1.027346286372319
824.8975	1.027346286372319
825.8975	1.027346286372319
826.8975	1.027346286372319
827.8975	1.027346286372319
828.8975	1.027346286372319
829.8975	1.027346286372319
830.8975	1.027346286372319
831.8975	1.027346286372319
832.8975	1.027346286372319
833.8975	1.027346286372319
834.8975	1.027346286372319
835.8975	1.027346286372319
836.8975	1.027346286372319
837.8975	1.027346286372319
838.8975	1.027346286372319
839.8975	1.027346286372319
840.8975	1.027346286372319
841.8975	1.027346286372319
842.8975	1.027346286372319
843.8975	1.027346286372319
844.8975	1.027346286372319
845.8975	1.027346286372319
846.8975	1.027346286372319
847.8975	1.027346286372319
848.8975	1.027346286372319
849.8975	1.027346286372319
850.8975	1.027346286372319
851.8975	1.027346286372319
852.8975	1.027346286372319
853.8975	1.027346286372319
854.8975	1.027346286372319
855.8975	1.027346286372319
856.8975	1.027346286372319
857.8975	1.027346286372319
858.8975	1.027346286372319
859.8975	1.027346286372319
860.8975	1.027346286372319
861.8975	1.027346286372319
862.8975	1.027346286372319
863.8975	1.027346286372319
864.8975	1.027346286372319
865.8975	1.027346286372319
866.8975	1.027346286372319
867.8975	1.027346286372319
868.8975	1.027346286372319
869.8975	1.027346286372319
870.8975	1.027346286372319
871.8975	1.027346286372319
872.8975	1.027346286372319
873.8975	1.027346286372319
874.8975	1.027346286372319
875.8975	1.027346286372319
876.8975	1.027346286372319
877.8975	1.027346286372319
878.8975	1.027346286372319
879.8975	1.027346286372319
880.8975	1.027346286372319
881.8975	1.027346286372319
882.8975	1.027346286372319
883.8975	1.027346286372319
884.8975	1.027346286372319
885.8975	1.027346286372319
886.8975	1.027346286372319
887.8975	1.027346286372319
888.8975	1.027346286372319
889.8975	1.027346286372319
890.8975	1.027346286372319
891.8975	1.027346286372319
892.8975	1.027346286372319
893.8975	1.027346286372319
894.8975	1.027346286372319
895.8975	1.027346286372319
896.8975	1.027346286372319
897.8975	1.027346286372319
898.8975	1.027346286372319
899.8975	1.027346286372319
900.8975	1.027346286372319
901.8975	1.027346286372319
902.8975	1.027346286372319
903.8975	1.027346286372319
904.8975	1.027346286372319
905.8975	1.027346286372319
906.8975	1.027346286372319
907.8975	1.027346286372319
908.8975	1.027346286372319
909.8975	1.027346286372319
910.8975	1.027346286372319
911.8975	1.027346286372319
912.8975	1.027346286372319
913.8975	1.027346286372319
914.8975	1.027346286372319
915.8975	1.027346286372319
916.8975	1.027346286372319
917.8975	1.027346286372319
918.8975	1.027346286372319
919.8975	1.027346286372319
920.8975	1.027346286372319
921.8975	1.027346286372319
922.8975	1.027346286372319
923.8975	1.027346286372319
924.8975	1.027346286372319
925.8975	1.027346286372319
926.8975	1.027346286372319
927.8975	1.027346286372319
928.8975	1.027346286372319
929.8975	1.027346286372319
930.8975	1.027346286372319
931.8975	1.027346286372319
932.8975	1.027346286372319
933.8975	1.027346286372319
934.8975	1.027346286372319
935.8975	1.027346286372319
936.8975	1.027346286372319
937.8975	1.027346286372319
938.8975	1.027346286372319
939.8975	1.027346286372319
940.8975	1.027346286372319
941.8975	1.027346286372319
942.8975	1.027346286372319
943.8975	1.027346286372319
944.8975	1.027346286372319
945.8975	1.027346286372319
946.8975	1.027346286372319
947.8975	1.027346286372319
948.8975	1.027346286372319
949.8975	1.027346286372319
950.8975	1.027346286372319
951.8975	1.027346286372319
952.8975	1.027346286372319
953.8975	1.027346286372319
954.8975	1.027346286372319
955.8975	1.027346286372319
956.8975	1.027346286372319
957.8975	1.027346286372319
958.8975	1.027346286372319
959.8975	1.027346286372319
960.8975	1.027346286372319
961.8975	1.027346286372319
962.8975	1.027346286372319
963.8975	1.027346286372319
964.8975	1.027346286372319
965.8975	1.027346286372319
966.8975	1.027346286372319
967.8975	1.027346286372319
968.8975	1.027346286372319
969.8975	1.027346286372319
970.8975	1.027346286372319
971.8975	1.027346286372319
972.8975	1.027346286372319
973.8975	1.027346286372319
974.8975	1.027346286372319
975.8975	1.027346286372319
976.8975	1.027346286372319
977.8975	1.027346286372319
978.8975	1.027346286372319
979.8975	1.027346286372319
980.8975	1.027346286372319
981.8975	1.027346286372319
982.8975	1.027346286372319
983.8975	1.027346286372319
984.8975	1.027346286372319
985.8975	1.027346286372319
986.8975	1.027346286372319
987.8975	1.027346286372319
988.8975	1.027346286372319
989.8975	1.027346286372319
990.8975	1.027346286372319
991.8975	1.027346286372319
992.8975	1.027346286372319
993.8975	1.027346286372319
994.8975	1.027346286372319
995.8975	1.027346286372319
996.8975	1.027346286372319
997.8975	1.027346286372319
998.8975	1.027346286372319
999.8975	1.027346286372319
