0.9653	0.5013598776400566
1.9433	0.5008130120337132
2.9217	0.5025401236071336
3.9005	0.5023321040558806
4.8798	0.5037726899055217
5.8596	0.503258169898332
6.840000000000001	0.5046807335163936
7.8211	0.5048706211542419
8.802800000000001	0.5075921384416762
9.7852	0.5080615123234637
10.7675	0.5090436855665075
11.7413	0.5084980342787928
12.715300000000001	0.5081652194145809
13.6895	0.5096961985769403
14.664000000000001	0.5110351468308081
15.638800000000002	0.5121946604525198
16.6139	0.5124637644111321
17.5892	0.5130879011825226
18.564700000000002	0.5143351859497329
19.540300000000002	0.5134231805764897
20.5161	0.5141370805707587
21.4921	0.513895290619846
22.468500000000002	0.5153805061924397
23.4452	0.5155899726153347
24.4222	0.5160115973829525
25.3996	0.5140491199725631
26.3774	0.5136685096558595
27.355500000000003	0.5148402292052585
28.334	0.5158679914061395
29.312900000000003	0.5157285231312939
30.2922	0.5128135212558349
31.271900000000002	0.5114129672580958
32.252	0.5126499619436031
33.2329	0.5135635293697706
34.2169	0.5140084478476858
35.2017	0.5149607622524524
36.1873	0.5178683385392905
37.1708	0.5236743748109192
38.148700000000005	0.5269163043311484
39.1268	0.5287195095078286
40.101400000000005	0.5286131229180607
41.0763	0.5296843232467981
42.0514	0.5326228215145844
43.026700000000005	0.5352284209396565
44.0022	0.5371531145447013
44.978	0.5408124908620477
45.954	0.5430663440365143
46.9303	0.5464278799016706
47.9069	0.5490087508939051
48.8838	0.5527342952370393
49.861000000000004	0.5553186240486959
50.8385	0.5583585590863369
51.816300000000005	0.5611529046650644
52.7944	0.5660405679637731
53.7727	0.5709304950588765
54.751400000000004	0.5713208992436347
55.723200000000006	0.5733719080670221
56.695	0.5743066701536719
57.667	0.5797116965691269
58.639100000000006	0.5812710324428516
59.6113	0.5815379501317851
60.5837	0.5812728707125957
61.5563	0.5859761919373773
62.5291	0.5874223479734959
63.502100000000006	0.5898215766103532
64.4753	0.5946022755963583
65.4487	0.597001130486834
66.4207	0.5977026702334043
67.393	0.5972460027293096
68.3657	0.6023415674032582
69.3387	0.6030642168418952
70.312	0.6000664915949028
71.2856	0.6019507508594863
72.2596	0.6004857234036328
73.23400000000001	0.5995416625869372
74.2089	0.5932385511639878
75.18430000000001	0.5904321894059739
76.1602	0.590673740329477
77.1267	0.5957786382410788
78.0934	0.5954986647206713
79.06020000000001	0.5961010226335006
80.027	0.5963731739364304
80.99380000000001	0.6003495042732194
81.9606	0.5993400718339906
82.9274	0.598026892132882
83.8942	0.5949945344556044
84.86110000000001	0.5920309746869025
85.8281	0.5941997497553132
86.7953	0.5928060732748608
87.7626	0.5949270738974469
88.73020000000001	0.5925979323807851
89.69800000000001	0.5970710155167069
90.6657	0.5988566326539744
91.6333	0.6023720729501824
92.6008	0.6009248800717608
93.5682	0.6022660884388695
94.5355	0.6040219098202829
95.5027	0.6105743132774976
96.4698	0.6155667191273375
97.4367	0.6220532836118426
98.4033	0.6277371401863122
99.3696	0.6277632844244894
100.3356	0.6311171877894743
101.30130000000001	0.6326322616221817
102.2667	0.6344717571046022
103.2317	0.6319425617948989
104.19640000000001	0.6355763575801106
105.1607	0.6410339401643932
106.12450000000001	0.6433270503490721
107.0878	0.6446752033882555
108.0506	0.6476609863062364
109.0129	0.6590671061995168
109.97460000000001	0.6726256540290138
110.9358	0.6862061235134441
111.9076	0.7615137842607426
112.884	0.7476938696728503
113.8626	0.7148364203324271
114.8421	0.7059749362046901
115.82180000000001	0.7271685468755382
116.80120000000001	0.7975584057263885
117.7806	0.7610523010048563
118.7612	0.7672517989047716
119.74390000000001	0.7530814995510422
120.72590000000001	0.8224570326208377
121.70790000000001	0.8282961616555181
122.69000000000001	0.8051172421836843
123.67200000000001	0.8225445726931115
124.6546	0.8475387184650081
125.63780000000001	0.8169918009631163
126.6212	0.8561975036636058
127.6041	0.7818208359007264
128.5867	0.791573198527818
129.5712	0.803364610124313
130.555	0.8441160470636833
131.5388	0.8510720694825166
132.52270000000001	0.8567404694205529
133.50660000000002	0.8842646148620861
134.4906	0.85433641176282
135.4746	0.8261163271316783
136.45860000000002	0.8354716003254221
137.4426	0.8286485583377161
138.4289	0.7339689435607102
139.4145	0.7752163512596573
140.4001	0.8940637433526861
141.38580000000002	0.7844825406287186
142.3714	0.7917299180367906
143.357	0.7893975732358878
144.34220000000002	0.8891615509501171
145.327	0.9111025616092203
146.3119	0.9146264819315545
147.2969	0.9203235975903935
148.282	0.9343015665357621
149.2683	0.9226151875582194
150.25400000000002	0.8509486411418081
151.2396	0.8586719846048456
152.2252	0.8614314886307035
153.2109	0.8682609131541834
154.19660000000002	0.856968844203673
155.1823	0.8488059238794644
156.168	0.9430003155194329
157.1543	0.9447852517978593
158.1412	0.9450411059592048
159.1287	0.9469293800698073
160.11690000000002	0.9487145153066259
161.10580000000002	0.9560837496276815
162.09480000000002	0.8938770762047944
163.07590000000002	0.85253994484904
164.0565	0.8504219308572797
165.037	0.9254186307361925
166.01760000000002	0.7944218577244004
166.9992	0.9161952815959642
167.98760000000001	0.8696470891926346
168.9764	0.9117516929250382
169.9644	0.9583913596707013
170.9523	0.9591676307853882
171.94	0.9599596805599236
172.92790000000002	0.9659437882192214
173.91580000000002	0.9672626190336253
174.90380000000002	0.9683515258977388
175.89190000000002	0.9694615003481079
176.8801	0.970823036070545
177.8685	0.9733969151060603
178.857	0.9741302450580827
179.84570000000002	0.9749587294918151
180.8346	0.9757789184786262
181.8237	0.9765571016059522
182.8132	0.9782409819548775
183.8033	0.9793629746411909
184.79340000000002	0.9799090758612999
185.7835	0.9804681596255959
186.77360000000002	0.981034596638637
187.7637	0.9816100614106276
188.7538	0.9817224327453509
189.7449	0.8431687826436598
190.7363	0.8310238182186547
191.7279	0.8112148999955286
192.7195	0.9837247112112104
193.711	0.9877812789251202
194.70250000000001	0.9937551421825574
195.69400000000002	0.9939733886053744
196.68560000000002	0.9942849982762096
197.6772	0.9944874599244192
198.6688	0.994700827822098
199.6604	0.9948955981863002
200.65200000000002	0.9950835868634622
201.64360000000002	0.9952559080262273
202.6352	0.9897540950493315
203.6268	0.9910469572556525
204.6184	0.9924793763960603
205.61	0.9940718146313361
206.60150000000002	0.9957447441841352
207.59300000000002	0.9977187275367182
208.58440000000002	0.9998250719648389
209.5748	0.8591837266684997
210.5651	0.8607530598564073
211.55540000000002	0.8624259935379847
212.5458	0.8800291271678462
213.5363	0.8805561243842527
214.52700000000002	0.8813012315081635
215.51780000000002	0.8621990413290851
216.5087	0.8601872877878958
217.49960000000002	0.9943744864556636
218.4905	1.0018151570219622
219.4814	1.001794806842841
220.47230000000002	1.001820289228233
221.4632	1.0018411314638096
222.4541	1.001149906526065
223.4451	1.005856792614651
224.4361	1.0059402077854078
225.42710000000002	1.0060224905736912
226.418	0.9885015970831307
227.40890000000002	0.974596367997031
228.39970000000002	0.975178349433383
229.3904	0.975798782721841
230.381	0.9764278057716101
231.3715	0.9770609879139327
232.36190000000002	0.9754171847938239
233.3523	0.9761610111797079
234.3426	0.9767986979264567
235.33280000000002	0.9774151405962207
236.3238	1.0034952910966495
237.3146	1.0039738130386022
238.30540000000002	1.004873357345093
239.29610000000002	1.005813886897679
240.28670000000002	1.0068932300605438
241.27730000000003	1.0082649547472506
242.26770000000002	0.863903671242681
243.258	0.8614531453888445
244.2483	0.8590700199441181
245.23860000000002	0.8566371575103288
246.2289	1.0000539112958886
247.2192	1.008032468382373
248.20950000000002	1.007881749846084
249.1998	1.0074638332123993
250.1901	1.0071885753056327
251.18040000000002	1.0069074240390732
252.1707	1.005997139397209
253.161	1.0057197946017984
254.15130000000002	1.0054822032800148
255.1416	1.0052357502563698
256.132	1.0050949811533074
257.1224	1.0048612918441653
258.1127	1.0045892187576502
259.10290000000003	1.0043431719213758
260.0933	1.0047825509241006
261.0867	0.9383636248785281
262.0796	0.9369834928655406
263.0725	0.9360419726190619
264.06530000000004	0.9349925135086887
265.0581	0.9340202670298156
266.0509	0.9603751173490411
267.0436	0.959747778261406
268.03630000000004	0.9592031537000025
269.0289	0.9585567409281568
270.0215	0.9579930426825428
271.014	0.9573208228931537
272.0065	0.9567313176299959
272.9989	0.9560400241563959
273.9913	0.9554314452090276
274.9836	0.954721078051217
275.9758	0.9539849038758629
276.968	0.9533310898407752
277.9601	0.9525758419812104
278.9522	0.9519029542619122
279.9442	0.9511218993848035
280.9362	0.9504235590339264
281.92810000000003	0.9496234304726071
282.91990000000004	0.9488042282270774
283.9117	0.948061007174446
284.90340000000003	0.9472159979113723
285.89500000000004	0.9463451816307549
286.8866	0.9455503465430356
287.8781	0.9446537232448742
288.8695	0.9437380262625026
289.86080000000004	0.9427965222625869
290.8521	0.9419373784029379
291.8433	0.9409768007188115
292.8344	0.9399904160171416
293.8254	0.9389782242979277
294.8163	0.9379469588945032
295.8072	0.9667101370923311
296.798	0.9658982572217657
297.7887	0.9650737824461053
298.77930000000003	0.9642363596184973
299.76980000000003	0.9633791276000798
300.7602	0.962508947529714
301.7505	0.9616261725542539
302.7407	0.9607304495268454
303.7316	0.9606272709584657
304.7266	0.9240415296482132
305.7212	0.9231256043213851
306.7158	0.9226873029515221
307.7104	0.9819125769083366
308.70500000000004	0.9822129362452454
309.69960000000003	0.9825132955821542
310.6942	0.9828139996289605
311.6888	0.9831147036757669
312.6834	0.9834298362940019
313.678	0.983744968912237
314.6725	0.9839580841317891
315.66700000000003	0.9842598154823498
316.6615	0.9845615468329104
317.656	0.9848777067548997
318.6505	0.9851938666768889
319.64500000000004	0.9855103713087758
320.6395	0.9858268759406627
321.634	0.9861433805725495
322.62850000000003	0.9864598852044364
323.6229	0.9866888010090687
324.6173	0.9870063329447099
325.61170000000004	0.987323864880351
326.6061	0.9876413968159921
327.6005	0.9879592734615308
328.5949	0.988291578678498
329.58930000000004	0.9886238838954654
330.5836	0.9888541717137499
331.5779	0.9891730756630428
332.5722	0.9894919796123358
333.5665	0.9898253121330574
334.56080000000003	0.9901589893636766
335.55510000000004	0.9907363910870691
336.5494	0.9902892883473431
337.5436	0.989740209849149
338.5378	0.9892812954655874
339.53200000000004	0.9888223810820258
340.5262	0.9883638125888752
341.5204	0.9879052440957246
342.5145	0.9873446998441058
343.5086	0.9868743197071195
344.5027	0.9864039395701333
345.4968	0.985933559433147
346.4909	0.9854635251865717
347.48490000000004	0.9848915151815284
348.4789	0.9844096692911175
349.47290000000004	0.9839278234007065
350.4669	0.9834459775102956
351.46090000000004	0.9829644775102957
352.45480000000003	0.9823810017518276
353.44870000000003	0.9818876901079922
354.4426	0.9813943784641566
355.4365	0.980901412710732
356.43030000000005	0.9803064711988392
357.4241	0.979789068801579
358.41790000000003	0.9792842914043187
359.4117	0.9787798598974695
360.40540000000004	0.9781734526321524
361.39910000000003	0.9776445844814674
362.3928	0.9771157163307825
363.3865	0.9765998190705086
364.3801	0.9759819460517665
365.37370000000004	0.9754416121476569
366.3673	0.9749016241339583
367.36080000000004	0.9742596603617916
368.3543	0.9736952357042574
369.3478	0.9731434360467233
370.3413	0.9725919822796
371.3347	0.9719385527540088
372.3281	0.9713626623430499
373.3215	0.970787117822502
374.3148	0.970122222543486
375.3081	0.9695348663791025
376.3013	0.9688458803466617
377.2945	0.9682344334288536
378.28770000000003	0.9676229865110455
379.2808	0.9669099097251803
380.2739	0.9662869970539475
381.267	0.9656644302731257
382.26	0.9649398877338357
383.25300000000004	0.9642928843091783
384.2459	0.9635442510164636
385.2388	0.9628731568383815
386.2316	0.9621130577922422
387.2244	0.9614304978607354
388.2172	0.9642872050748099
389.2099	0.9627472607988022
390.2026	0.9612765872592834
391.1952	0.9597038926969068
392.18780000000004	0.9582004688710192
393.18030000000005	0.9566062462444963
394.1728	0.9550812943544621
395.1652	0.9534543214415702
396.1576	0.9518966192651671
397.1499	0.9502368960659062
398.1421	0.9485444225802768
399.1343	0.9469208727520982
400.12640000000005	0.9451956489800998
401.11850000000004	0.9435393488655524
402.1105	0.9417925970294072
403.1025	0.940115115929751
404.0944	0.9383356138072372
405.0862	0.9365233613983545
406.07800000000003	0.9347803797259606
407.0697	0.932935377030709
408.0613	0.9840499719782934
409.0529	0.9831039188961017
410.0444	0.9820558900554418
411.0358	0.9809837704613575
412.0271	0.9798875601138485
413.01840000000004	0.9788688888809718
414.00960000000003	0.9777485877800379
415.0007	0.9766041959256796
415.99170000000004	0.9754357133178966
416.98260000000005	0.9742431399566889
417.9735	0.9731281057101137
418.96430000000004	0.9719114415954813
419.95500000000004	0.9706706867274241
420.9456	0.9694058411059426
421.9361	0.9681169047310363
422.92650000000003	0.966803877602705
423.9168	0.9654667597209496
424.90700000000004	0.9641055510857693
425.89770000000004	0.9633321062479728
426.8971	1.0222790029641327
427.8962	1.0218481706343823
428.8954	1.022008886443478
429.8947	1.0221719662615674
430.89410000000004	1.0223366770560878
431.89360000000005	1.0225030188270392
432.89320000000004	1.0226709915744217
433.8929	1.022840595298235
434.8926	1.022909634355474
435.8924	1.0230808690557183
436.89230000000003	1.0232537347323936
437.89230000000003	1.0235630438053271
438.89230000000003	1.023562899946309
439.89230000000003	1.0235627560872909
440.89230000000003	1.0235626122282726
441.89230000000003	1.0235624683692546
442.89230000000003	1.0235623245102363
443.89230000000003	1.023562180651218
444.89230000000003	1.0235620367922
445.89230000000003	1.0235618929331818
446.89230000000003	1.0235617490741638
447.89230000000003	1.0235616052151455
448.89230000000003	1.0235614613561272
449.89230000000003	1.0235613174971092
450.89230000000003	1.023561173638091
451.89230000000003	1.023561029779073
452.89230000000003	1.0235608859200547
453.89230000000003	1.0235607420610364
454.89230000000003	1.0235605982020184
455.89230000000003	1.0235604543430001
456.89230000000003	1.023560310483982
457.89230000000003	1.0235601666249639
458.89230000000003	1.0235600227659456
459.89230000000003	1.0235598789069276
460.89230000000003	1.0235597350479093
461.89230000000003	1.0235595911888913
462.89230000000003	1.023559447329873
463.89230000000003	1.023559303470855
464.89230000000003	1.0235591596118367
465.89230000000003	1.0235590157528185
466.89230000000003	1.0235588718938005
467.89230000000003	1.0235587280347822
468.89230000000003	1.0235585841757642
469.89230000000003	1.023558440316746
470.89230000000003	1.0235582964577277
471.89230000000003	1.0235581525987096
472.89230000000003	1.0235580087396914
473.89230000000003	1.0235578648806734
474.89230000000003	1.023557721021655
475.89230000000003	1.0235575771626368
476.89230000000003	1.0235574333036188
477.89230000000003	1.0235572894446006
478.89230000000003	1.0235571455855825
479.89230000000003	1.0235570017265643
480.89230000000003	1.0235568578675462
481.89230000000003	1.023556714008528
482.89230000000003	1.0235565701495097
483.89230000000003	1.0235564262904917
484.89230000000003	1.0235562824314735
485.89230000000003	1.0235561385724554
486.89230000000003	1.0235559947134372
487.89230000000003	1.023555850854419
488.89230000000003	1.0235557069954009
489.89230000000003	1.0235555631363826
490.89230000000003	1.0235554192773646
491.89230000000003	1.0235552754183463
492.89230000000003	1.023555131559328
493.89230000000003	1.02355498770031
494.89230000000003	1.0235548438412918
495.89230000000003	1.0235546999822738
496.89230000000003	1.0235545561232555
497.89230000000003	1.0235544122642375
498.89230000000003	1.0235542684052192
499.89230000000003	1.023554124546201
500.89230000000003	1.023553980687183
501.89230000000003	1.0235538368281647
502.89230000000003	1.0235536929691467
503.89230000000003	1.0235535491101284
504.89230000000003	1.0235534052511102
505.89230000000003	1.0235532613920921
506.89230000000003	1.0235531175330739
507.89230000000003	1.0235529736740558
508.89230000000003	1.0235528298150376
509.89230000000003	1.0235526859560193
510.89230000000003	1.0235525420970013
511.89230000000003	1.023552398237983
512.8923	1.023552254378965
513.8923	1.0235521105199468
514.8923	1.0235519666609285
515.8923	1.0235518228019105
516.8923	1.0235516789428922
517.8923	1.0235515350838742
518.8923	1.023551391224856
519.8923	1.023551247365838
520.8923	1.0235511035068197
521.8923	1.0235509596478014
522.8923	1.0235508157887834
523.8923	1.0235506719297651
524.8923	1.023550528070747
525.8923	1.0235503842117288
526.8923	1.0235502403527106
527.8923	1.0235500964936926
528.8923	1.0235499526346743
529.8923	1.0235498087756563
530.8923	1.023549664916638
531.8923	1.0235495210576198
532.8923	1.0235493771986017
533.8923	1.0235492333395835
534.8923	1.0235490894805654
535.8923	1.0235489456215472
536.8923	1.0235488017625292
537.8923	1.023548657903511
538.8923	1.0235485140444927
539.8923	1.0235483701854746
540.8923	1.0235482263264564
541.8923	1.0235480824674383
542.8923	1.02354793860842
543.8923	1.0235477947494018
544.8923	1.0235476508903838
545.8923	1.0235475070313655
546.8923	1.0235473631723475
547.8923	1.0235472193133293
548.8923	1.023547075454311
549.8923	1.023546931595293
550.8923	1.0235467877362747
551.8923	1.0235466438772567
552.8923	1.0235465000182384
553.8923	1.0235463561592204
554.8923	1.0235462123002022
555.8923	1.023546068441184
556.8923	1.0235459245821659
557.8923	1.0235457807231476
558.8923	1.0235456368641296
559.8923	1.0235454930051113
560.8923	1.023545349146093
561.8923	1.023545205287075
562.8923	1.0235450614280568
563.8923	1.0235449175690388
564.8923	1.0235447737100205
565.8923	1.0235446298510023
566.8923	1.0235444859919842
567.8923	1.023544342132966
568.8923	1.023544198273948
569.8923	1.0235440544149297
570.8923	1.0235439105559117
571.8923	1.0235437666968934
572.8923	1.0235436228378751
573.8923	1.0235434789788571
574.8923	1.0235433351198389
575.8923	1.0235431912608208
576.8923	1.0235430474018026
577.8923	1.0235429035427843
578.8923	1.0235427596837663
579.8923	1.023542615824748
580.8923	1.02354247196573
581.8923	1.0235423281067118
582.8923	1.0235421842476935
583.8923	1.0235420403886755
584.8923	1.0235418965296572
585.8923	1.0235417526706392
586.8923	1.023541608811621
587.8923	1.023541464952603
588.8923	1.0235413210935846
589.8923	1.0235411772345664
590.8923	1.0235410333755484
591.8923	1.02354088951653
592.8923	1.023540745657512
593.8923	1.0235406017984938
594.8923	1.0235404579394756
595.8923	1.0235403140804575
596.8923	1.0235401702214393
597.8923	1.0235400263624213
598.8923	1.023539882503403
599.8923	1.0235397386443847
600.8923	1.0235395947853667
601.8923	1.0235394509263485
602.8923	1.0235393070673304
603.8923	1.0235391632083122
604.8923	1.023539019349294
605.8923	1.023538875490276
606.8923	1.0235387316312576
607.8923	1.0235385877722396
608.8923	1.0235384439132214
609.8923	1.0235383000542033
610.8923	1.023538156195185
611.8923	1.0235380123361668
612.8923	1.0235378684771488
613.8923	1.0235377246181305
614.8923	1.0235375807591125
615.8923	1.0235374369000942
616.8923	1.023537293041076
617.8923	1.023537149182058
618.8923	1.0235370053230397
619.8923	1.0235368614640217
620.8923	1.0235367176050034
621.8923	1.0235365737459852
622.8923	1.0235364298869671
623.8923	1.0235362860279489
624.8923	1.0235361421689309
625.8923	1.0235359983099126
626.8923	1.0235358544508946
627.8923	1.0235357105918763
628.8923	1.023535566732858
629.8923	1.02353542287384
630.8923	1.0235352790148218
631.8923	1.0235351351558037
632.8923	1.0235349912967855
633.8923	1.0235348474377672
634.8923	1.0235347035787492
635.8923	1.023534559719731
636.8923	1.023534415860713
637.8923	1.0235342720016947
638.8923	1.0235341281426764
639.8923	1.0235339842836584
640.8923	1.0235338404246401
641.8923	1.023533696565622
642.8923	1.0235335527066038
643.8923	1.0235334088475856
644.8923	1.0235332649885676
645.8923	1.0235331211295493
646.8923	1.0235329772705313
647.8923	1.023532833411513
648.8923	1.023532689552495
649.8923	1.0235325456934767
650.8923	1.0235324018344585
651.8923	1.0235322579754405
652.8923	1.0235321141164222
653.8923	1.0235319702574042
654.8923	1.023531826398386
655.8923	1.0235316825393677
656.8923	1.0235315386803496
657.8923	1.0235313948213314
658.8923	1.0235312509623133
659.8923	1.023531107103295
660.8923	1.0235309632442768
661.8923	1.0235308193852588
662.8923	1.0235306755262406
663.8923	1.0235305316672225
664.8923	1.0235303878082043
665.8923	1.0235302439491862
666.8923	1.023530100090168
667.8923	1.0235299562311497
668.8923	1.0235298123721317
669.8923	1.0235296685131134
670.8923	1.0235295246540954
671.8923	1.0235293807950772
672.8923	1.023529236936059
673.8923	1.0235290930770409
674.8923	1.0235289492180226
675.8923	1.0235288053590046
676.8923	1.0235286614999863
677.8923	1.023528517640968
678.8923	1.02352837378195
679.8923	1.0235282299229318
680.8923	1.0235280860639138
681.8923	1.0235279422048955
682.8923	1.0235277983458775
683.8923	1.0235276544868592
684.8923	1.023527510627841
685.8923	1.023527366768823
686.8923	1.0235272229098047
687.8923	1.0235270790507867
688.8923	1.0235269351917684
689.8923	1.0235267913327502
690.8923	1.0235266474737321
691.8923	1.0235265036147139
692.8923	1.0235263597556958
693.8923	1.0235262158966776
694.8923	1.0235260720376593
695.8923	1.0235259281786413
696.8923	1.023525784319623
697.8923	1.023525640460605
698.8923	1.0235254966015868
699.8923	1.0235253527425687
700.8923	1.0235252088835505
701.8923	1.0235250650245322
702.8923	1.0235249211655142
703.8923	1.023524777306496
704.8923	1.023524633447478
705.8923	1.0235244895884597
706.8923	1.0235243457294414
707.8923	1.0235242018704234
708.8923	1.0235240580114051
709.8923	1.023523914152387
710.8923	1.0235237702933688
711.8923	1.0235236264343506
712.8923	1.0235234825753325
713.8923	1.0235233387163143
714.8923	1.0235231948572963
715.8923000000001	1.023523050998278
716.8923000000001	1.02352290713926
717.8923000000001	1.0235227632802417
718.8923000000001	1.0235226194212235
719.8923000000001	1.0235224755622054
720.8923000000001	1.0235223317031872
721.8923000000001	1.0235221878441692
722.8923000000001	1.023522043985151
723.8923000000001	1.0235219001261326
724.8923000000001	1.0235217562671146
725.8923000000001	1.0235216124080964
726.8923000000001	1.0235214685490783
727.8923000000001	1.02352132469006
728.8923000000001	1.0235211808310418
729.8923000000001	1.0235210369720238
730.8923000000001	1.0235208931130055
731.8923000000001	1.0235207492539875
732.8923000000001	1.0235206053949693
733.8923000000001	1.0235204615359512
734.8923000000001	1.023520317676933
735.8923000000001	1.0235201738179147
736.8923000000001	1.0235200299588967
737.8923000000001	1.0235198860998784
738.8923000000001	1.0235197422408604
739.8923000000001	1.0235195983818421
740.8923000000001	1.023519454522824
741.8923000000001	1.0235193106638059
742.8923000000001	1.0235191668047876
743.8923000000001	1.0235190229457696
744.8923000000001	1.0235188790867513
745.8923000000001	1.023518735227733
746.8923000000001	1.023518591368715
747.8923000000001	1.0235184475096968
748.8923000000001	1.0235183036506788
749.8923000000001	1.0235181597916605
750.8923000000001	1.0235180159326422
751.8923000000001	1.0235178720736242
752.8923000000001	1.023517728214606
753.8923000000001	1.023517584355588
754.8923000000001	1.0235174404965697
755.8923000000001	1.0235172966375516
756.8923000000001	1.0235171527785334
757.8923000000001	1.0235170089195151
758.8923000000001	1.023516865060497
759.8923000000001	1.0235167212014789
760.8923000000001	1.0235165773424608
761.8923000000001	1.0235164334834426
762.8923000000001	1.0235162896244243
763.8923000000001	1.0235161457654063
764.8923000000001	1.023516001906388
765.8923000000001	1.02351585804737
766.8923000000001	1.0235157141883517
767.8923000000001	1.0235155703293335
768.8923000000001	1.0235154264703155
769.8923000000001	1.0235152826112972
770.8923000000001	1.0235151387522792
771.8923000000001	1.023514994893261
772.8923000000001	1.023514851034243
773.8923000000001	1.0235147071752246
774.8923000000001	1.0235145633162064
775.8923000000001	1.0235144194571884
776.8923000000001	1.02351427559817
777.8923000000001	1.023514131739152
778.8923000000001	1.0235139878801338
779.8923000000001	1.0235138440211156
780.8923000000001	1.0235137001620975
781.8923000000001	1.0235135563030793
782.8923000000001	1.0235134124440612
783.8923000000001	1.023513268585043
784.8923000000001	1.0235131247260247
785.8923000000001	1.0235129808670067
786.8923000000001	1.0235128370079885
787.8923000000001	1.0235126931489704
788.8923000000001	1.0235125492899522
789.8923000000001	1.023512405430934
790.8923000000001	1.0235122615719159
791.8923000000001	1.0235121177128976
792.8923000000001	1.0235119738538796
793.8923000000001	1.0235118299948613
794.8923000000001	1.0235116861358433
795.8923000000001	1.023511542276825
796.8923000000001	1.0235113984178068
797.8923000000001	1.0235112545587888
798.8923000000001	1.0235111106997705
799.8923000000001	1.0235109668407525
800.8923000000001	1.0235108229817342
801.8923000000001	1.023510679122716
802.8923000000001	1.023510535263698
803.8923000000001	1.0235103914046797
804.8923000000001	1.0235102475456617
805.8923000000001	1.0235101036866434
806.8923000000001	1.0235099598276252
807.8923000000001	1.0235098159686071
808.8923000000001	1.0235096721095889
809.8923000000001	1.0235095282505708
810.8923000000001	1.0235093843915526
811.8923000000001	1.0235092405325346
812.8923000000001	1.0235090966735163
813.8923000000001	1.023508952814498
814.8923000000001	1.02350880895548
815.8923000000001	1.0235086650964618
816.8923000000001	1.0235085212374437
817.8923000000001	1.0235083773784255
818.8923000000001	1.0235082335194072
819.8923000000001	1.0235080896603892
820.8923000000001	1.023507945801371
821.8923000000001	1.023507801942353
822.8923000000001	1.0235076580833347
823.8923000000001	1.0235075142243164
824.8923000000001	1.0235073703652984
825.8923000000001	1.0235072265062801
826.8923000000001	1.023507082647262
827.8923000000001	1.0235069387882438
828.8923000000001	1.0235067949292258
829.8923000000001	1.0235066510702076
830.8923000000001	1.0235065072111893
831.8923000000001	1.0235063633521713
832.8923000000001	1.023506219493153
833.8923000000001	1.023506075634135
834.8923000000001	1.0235059317751167
835.8923000000001	1.0235057879160985
836.8923000000001	1.0235056440570804
837.8923000000001	1.0235055001980622
838.8923000000001	1.0235053563390442
839.8923000000001	1.023505212480026
840.8923000000001	1.0235050686210077
841.8923000000001	1.0235049247619896
842.8923000000001	1.0235047809029714
843.8923000000001	1.0235046370439533
844.8923000000001	1.023504493184935
845.8923000000001	1.023504349325917
846.8923000000001	1.0235042054668988
847.8923000000001	1.0235040616078805
848.8923000000001	1.0235039177488625
849.8923000000001	1.0235037738898443
850.8923000000001	1.0235036300308262
851.8923000000001	1.023503486171808
852.8923000000001	1.0235033423127897
853.8923000000001	1.0235031984537717
854.8923000000001	1.0235030545947534
855.8923000000001	1.0235029107357354
856.8923000000001	1.0235027668767172
857.8923000000001	1.023502623017699
858.8923000000001	1.0235024791586809
859.8923000000001	1.0235023352996626
860.8923000000001	1.0235021914406446
861.8923000000001	1.0235020475816263
862.8923000000001	1.023501903722608
863.8923000000001	1.02350175986359
864.8923000000001	1.0235016160045718
865.8923000000001	1.0235014721455538
866.8923000000001	1.0235013282865355
867.8923000000001	1.0235011844275175
868.8923000000001	1.0235010405684992
869.8923000000001	1.023500896709481
870.8923000000001	1.023500752850463
871.8923000000001	1.0235006089914447
872.8923000000001	1.0235004651324267
873.8923000000001	1.0235003212734084
874.8923000000001	1.0235001774143901
875.8923000000001	1.0235000335553721
876.8923000000001	1.0234998896963539
877.8923000000001	1.0234997458373358
878.8923000000001	1.0234996019783176
879.8923000000001	1.0234994581192993
880.8923000000001	1.0234993142602813
881.8923000000001	1.023499170401263
882.8923000000001	1.023499026542245
883.8923000000001	1.0234988826832268
884.8923000000001	1.0234987388242087
885.8923000000001	1.0234985949651905
886.8923000000001	1.0234984511061722
887.8923000000001	1.0234983072471542
888.8923000000001	1.023498163388136
889.8923000000001	1.023498019529118
890.8923000000001	1.0234978756700996
891.8923000000001	1.0234977318110814
892.8923000000001	1.0234975879520634
893.8923000000001	1.023497444093045
894.8923000000001	1.023497300234027
895.8923000000001	1.0234971563750088
896.8923000000001	1.0234970125159906
897.8923000000001	1.0234968686569725
898.8923000000001	1.0234967247979543
899.8923000000001	1.0234965809389363
900.8923000000001	1.023496437079918
901.8923000000001	1.0234962932209
902.8923000000001	1.0234961493618817
903.8923000000001	1.0234960055028635
904.8923000000001	1.0234958616438454
905.8923000000001	1.0234957177848272
906.8923000000001	1.0234955739258091
907.8923000000001	1.023495430066791
908.8923000000001	1.0234952862077726
909.8923000000001	1.0234951423487546
910.8923000000001	1.0234949984897364
911.8923000000001	1.0234948546307183
912.8923000000001	1.0234947107717
913.8923000000001	1.0234945669126818
914.8923000000001	1.0234944230536638
915.8923000000001	1.0234942791946455
916.8923000000001	1.0234941353356275
917.8923000000001	1.0234939914766092
918.8923000000001	1.023493847617591
919.8923000000001	1.023493703758573
920.8923000000001	1.0234935598995547
921.8923000000001	1.0234934160405367
922.8923000000001	1.0234932721815184
923.8923000000001	1.0234931283225004
924.8923000000001	1.0234929844634821
925.8923000000001	1.0234928406044639
926.8923000000001	1.0234926967454459
927.8923000000001	1.0234925528864276
928.8923000000001	1.0234924090274096
929.8923000000001	1.0234922651683913
930.8923000000001	1.023492121309373
931.8923000000001	1.023491977450355
932.8923000000001	1.0234918335913368
933.8923000000001	1.0234916897323187
934.8923000000001	1.0234915458733005
935.8923000000001	1.0234914020142822
936.8923000000001	1.0234912581552642
937.8923000000001	1.023491114296246
938.8923000000001	1.023490970437228
939.8923000000001	1.0234908265782097
940.8923000000001	1.0234906827191916
941.8923000000001	1.0234905388601734
942.8923000000001	1.0234903950011551
943.8923000000001	1.023490251142137
944.8923000000001	1.0234901072831188
945.8923000000001	1.0234899634241008
946.8923000000001	1.0234898195650826
947.8923000000001	1.0234896757060643
948.8923000000001	1.0234895318470463
949.8923000000001	1.023489387988028
950.8923000000001	1.02348924412901
951.8923000000001	1.0234891002699917
952.8923000000001	1.0234889564109735
953.8923000000001	1.0234888125519555
954.8923000000001	1.0234886686929372
955.8923000000001	1.0234885248339192
956.8923000000001	1.023488380974901
957.8923000000001	1.0234882371158829
958.8923000000001	1.0234880932568646
959.8923000000001	1.0234879493978464
960.8923000000001	1.0234878055388283
961.8923000000001	1.02348766167981
962.8923000000001	1.023487517820792
963.8923000000001	1.0234873739617738
964.8923000000001	1.0234872301027556
965.8923000000001	1.0234870862437375
966.8923000000001	1.0234869423847193
967.8923000000001	1.0234867985257012
968.8923000000001	1.023486654666683
969.8923000000001	1.0234865108076647
970.8923000000001	1.0234863669486467
971.8923000000001	1.0234862230896284
972.8923000000001	1.0234860792306104
973.8923000000001	1.0234859353715922
974.8923000000001	1.0234857915125741
975.8923000000001	1.0234856476535559
976.8923000000001	1.0234855037945376
977.8923000000001	1.0234853599355196
978.8923000000001	1.0234852160765013
979.8923000000001	1.0234850722174833
980.8923000000001	1.023484928358465
981.8923000000001	1.0234847844994468
982.8923000000001	1.0234846406404288
983.8923000000001	1.0234844967814105
984.8923000000001	1.0234843529223925
985.8923000000001	1.0234842090633742
986.8923000000001	1.023484065204356
987.8923000000001	1.023483921345338
988.8923000000001	1.0234837774863197
989.8923000000001	1.0234836336273017
990.8923000000001	1.0234834897682834
991.8923000000001	1.0234833459092654
992.8923000000001	1.0234832020502471
993.8923000000001	1.0234830581912289
994.8923000000001	1.0234829143322108
995.8923000000001	1.0234827704731926
996.8923000000001	1.0234826266141746
997.8923000000001	1.0234824827551563
998.8923000000001	1.023482338896138
999.8923000000001	1.02348219503712
