0.6106	0.5222263229877038
1.5815000000000001	0.5236102772130347
2.553	0.5268963103490215
3.5252000000000003	0.531669180693792
4.4981	0.5367915953653817
5.4718	0.540093515545099
6.4463	0.542655040262616
7.421600000000001	0.5434352798589283
8.3977	0.5432603642101753
9.3747	0.5436425193927737
10.3528	0.5446696315543611
11.327300000000001	0.5445180045227208
12.297500000000001	0.5450604419272194
13.2682	0.5450701975436406
14.2394	0.5449565601409181
15.2111	0.545900701670158
16.183400000000002	0.5454541191948754
17.1564	0.544949060021485
18.130100000000002	0.544364281578118
19.1046	0.5430427754824403
20.080000000000002	0.5420536413895561
21.0562	0.542048235177798
22.0332	0.5402113992285822
23.011000000000003	0.5401307174005638
23.989700000000003	0.5387964911633333
24.9645	0.5384667850362901
25.939700000000002	0.540110658400109
26.9155	0.5419754651153594
27.892000000000003	0.5384889107986361
28.869300000000003	0.5373005899638879
29.8473	0.5369388967760583
30.816200000000002	0.5348015044023087
31.785300000000003	0.5342929851197573
32.7545	0.5373721406563848
33.7262	0.5361021021386801
34.6995	0.534503053506798
35.673	0.5275639618476893
36.6394	0.5260020400627126
37.6055	0.5265748277145669
38.5715	0.5244173121160294
39.5375	0.5207490763398919
40.5034	0.5211661863406127
41.469300000000004	0.5205256608450755
42.4352	0.5267987516831641
43.4011	0.533980835870584
44.367000000000004	0.5429944134153752
45.3329	0.5479882842297965
46.2988	0.5491579747547841
47.2648	0.5634342967353194
48.2308	0.5672028877048252
49.1969	0.5727438775565532
50.1631	0.5784353697645793
51.129400000000004	0.5784056463989207
52.095800000000004	0.5796126078725193
53.062200000000004	0.5779498213817905
54.0287	0.5825377738612718
54.995200000000004	0.5806313501226432
55.9617	0.5802704424396946
56.928200000000004	0.5763938734303643
57.894800000000004	0.5786098035996798
58.8615	0.5780321320268479
59.828300000000006	0.5803119700303556
60.795300000000005	0.575248950064097
61.7624	0.5823318145917907
62.7295	0.5803793794531981
63.696600000000004	0.5852246474432478
64.6637	0.5875692946602584
65.6309	0.5940908465728293
66.5981	0.5893676880537797
67.5654	0.5839842224865945
68.5327	0.5838003018962421
69.4965	0.58793252893738
70.45960000000001	0.5970665900598457
71.422	0.6137647898805343
72.3837	0.6211488307036303
73.3447	0.6306760674501535
74.3048	0.6535809607013605
75.2638	0.664360162640724
76.22160000000001	0.6858622644371428
77.1781	0.7041187606610836
78.1332	0.7293860474255465
79.08680000000001	0.7530059649481828
80.0387	0.7743075213326565
80.99730000000001	0.7970524559095649
81.97550000000001	0.8606915157763378
82.9537	0.8681968445220171
83.93180000000001	0.8686729042606598
84.9096	0.8786360304088541
85.8872	0.8825090572880724
86.8649	0.8889181147593554
87.8467	0.89777812548842
88.8327	0.7954594136227837
89.818	0.8529725469089895
90.8035	0.8147815075382566
91.789	0.8269510982077134
92.7746	0.836445599515186
93.7603	0.8439776319197161
94.7462	0.8509536372003625
95.7321	0.8648634522970833
96.71820000000001	0.8683900198203032
97.7044	0.8788678440587535
98.6907	0.8765852497043048
99.67710000000001	0.8883261617433161
100.6636	0.8960683704806917
101.6502	0.9051544335107459
102.63690000000001	0.9128882907608467
103.62360000000001	0.9568403218865008
104.61030000000001	0.9582360467900517
105.5963	0.8992412717135718
106.581	0.9015969108128221
107.5665	0.9054484069234321
108.55250000000001	0.904970626391649
109.53840000000001	0.9061414666138066
110.52380000000001	0.9098882042155949
111.509	0.8981582244164322
112.494	0.9135803298579293
113.4788	0.9161765920428376
114.46340000000001	0.9184535625127599
115.4478	0.9226237868139808
116.432	0.9265823544980551
117.41770000000001	0.9759938850260917
118.4034	0.9799570806208333
119.3889	0.9818402357928787
120.3743	0.9837441394147403
121.35950000000001	0.9818145128342676
122.3448	0.9824041225109743
123.3298	0.9832739942720168
124.3147	0.9843226958369097
125.29950000000001	0.9855076147956309
126.28420000000001	0.9865599518188712
127.26870000000001	0.9874615922232269
128.25310000000002	0.9874688061886778
129.24030000000002	0.991200351098047
130.2303	0.996565965164412
131.2204	0.9969978151599012
132.2106	1.0021768286114712
133.20090000000002	0.9846088112641971
134.191	0.9308339358433008
135.18110000000001	0.9297076581602464
136.1712	0.9309913121293587
137.16140000000001	0.9478703673297212
138.1516	0.9489025820155158
139.14180000000002	0.9499352785620556
140.132	0.9509922832703825
141.12220000000002	0.952066606127453
142.1124	0.953160097604826
143.1026	0.9542815994741788
144.0928	0.9541192982138553
145.0841	1.012819158745542
146.07510000000002	1.012407640137422
147.0661	1.012326292544666
148.05710000000002	1.0140247928092794
149.0482	1.0140302020273533
150.0393	1.0139562071587513
151.03040000000001	1.0147537515461935
152.0215	1.0146717009140909
153.0127	1.014691512417256
154.00390000000002	1.0146041854596497
154.9951	1.0145138967156093
155.9864	1.0145214484065281
156.9777	1.0144240798071853
157.969	1.0155598592205926
158.96040000000002	1.0066207754221406
159.9515	1.0116176926949192
160.9425	1.0112926289989004
161.9335	1.011186136725608
162.92440000000002	1.01097401756499
163.9152	1.0107589142063564
164.9059	1.0105405790237088
165.8966	1.0104178986311472
166.8872	1.010189021769738
167.8777	1.0099571366368125
168.8681	1.0097209045903295
169.85840000000002	1.009479176490313
170.8486	1.009232770967061
171.8399	0.9988547982691769
172.8309	0.9981353792199915
173.8218	0.997751048731882
174.8126	0.9970405280790995
175.8033	0.9969248988990066
176.7939	0.9969488559072204
177.7844	0.9969733548196081
178.7748	0.9969976154453746
179.76510000000002	0.9970209984757243
180.7553	0.9970441683633106
181.74550000000002	0.9971666412539881
182.73780000000002	0.6527970059270575
183.7298	0.6650839440738017
184.7218	0.6779814632234569
185.71380000000002	0.6915081104745822
186.7058	0.7056987564866503
187.6978	0.7205547802650161
188.68990000000002	0.7362649671439079
189.68200000000002	0.7510460122563376
190.6741	0.7674324146440316
191.6662	0.7844718954793815
192.6583	0.8021996791593863
193.65040000000002	0.8206515035291165
194.6424	0.8397600679905255
195.6344	0.859716182519906
196.6259	0.9730432252835115
197.61710000000002	0.97643512262234
198.6086	0.9806607512337521
199.6004	0.985097249684534
200.59230000000002	0.9773485587290922
201.5842	0.9783925008245307
202.57600000000002	0.9793758150768768
203.5678	0.9804760617663504
204.55960000000002	0.9816178820049467
205.5513	0.9826922057271174
206.543	0.9838970638930821
207.53470000000002	0.9830842981530077
208.52630000000002	0.9827779658934126
209.5179	0.9825683725953607
210.5095	0.9823519252566993
211.501	0.9820336688782426
212.4925	0.9818114482342866
213.4839	0.9814802042648214
214.4753	0.9812446357847514
215.4666	0.9809076185099913
216.45790000000002	0.9806590624389123
217.44910000000002	0.980309057573143
218.4403	0.9800547281967694
219.4314	1.0150741648467705
220.4224	1.0150078446156636
221.41340000000002	1.0150452414668831
222.4043	1.014981420018006
223.39520000000002	1.0150213156514556
224.38600000000002	1.0149599929848085
225.3767	1.014900099204224
226.3673	1.0148419862260791
227.3579	1.0148872384138838
228.3484	1.014831983207864
229.33880000000002	1.0147781568879066
230.3291	1.0147264703602843
231.3193	1.0146765717086197
232.3126	1.0264317666474545
233.30720000000002	1.011409288279793
234.3016	1.011045721604267
235.29600000000002	1.0110563964010149
236.2904	1.0110678923359744
237.28480000000002	1.0110793882709337
238.2792	1.011090884205893
239.2735	1.0110011569980728
240.26780000000002	1.0110134740712435
241.2621	1.0110257911444143
242.2564	1.011038108217585
243.25070000000002	1.0110512464289672
244.245	1.0110643846403493
245.23930000000001	1.0110775228517315
246.23350000000002	1.010989437920334
247.2277	1.0110033972699275
248.2219	1.0110173566195209
249.2161	1.0110321371073259
250.21030000000002	1.0110469175951307
251.20440000000002	1.010960474940156
252.19850000000002	1.0109760765661724
253.1926	1.0109916781921886
254.1867	1.0110072798182048
255.1808	1.0110237025824325
256.17490000000004	1.01104012534666
257.1689	1.0109553249681082
258.16290000000004	1.0109725688705473
259.1569	1.0109898127729864
260.15090000000004	1.0110078778136367
261.14480000000003	1.0109247197115077
262.13870000000003	1.0109436058903694
263.1326	1.0109624920692313
264.1265	1.0109821993863044
265.1204	1.0110019067033775
266.11420000000004	1.0109203908776712
267.108	1.0109409193329557
268.1018	1.0109622689264517
269.0955	1.0108823953771682
270.0892	1.0109045661088756
271.0829	1.0109267368405828
272.0766	1.0109497287105016
273.0702	1.0108714974376405
274.0638	1.0108953104457707
275.05740000000003	1.0109199445921122
276.051	1.0109445787384537
277.0445	1.0108679897420156
278.038	1.0108934450265683
279.0315	1.0109197214493326
280.0249	1.0108447747293172
281.0183	1.010871872290293
282.0117	1.01089979098948
283.005	1.0108264865458874
283.99830000000003	1.0108552263832857
284.9916	1.0108847873588955
285.9848	1.0108131251917256
286.978	1.0108435073055468
287.97110000000004	1.0107734874148
288.9642	1.0108055118050439
289.95730000000003	1.0108383573334991
290.9503	1.010769979719175
291.9433	1.0108036463858414
292.93620000000004	1.01073691104794
293.9291	1.0107722199910294
294.922	1.0108083500723304
295.9148	1.0107432570108517
296.9076	1.0107810293685753
297.9003	1.0107175785835192
298.89300000000003	1.0107569932176657
299.8856	1.0106951847090322
300.8782	1.0107354204813899
301.8707	1.0106752542491797
302.8632	1.0107171322979602
303.85560000000004	1.0106586083421725
304.848	1.010702949805587
305.8403	1.0106460681262222
306.8326	1.0106920518660596
307.82480000000004	1.0106368124631175
308.81690000000003	1.0105832153365981
309.809	1.0106316624910696
310.801	1.010579707640973
311.793	1.0106306182100788
312.7849	1.0105803056364049
313.7767	1.010531635339154
314.7685	1.0105850093228939
315.7602	1.0105379813020654
316.7518	1.0104925955576598
317.7434	1.0105492540942453
318.73490000000004	1.0105055106262624
319.72630000000004	1.0104634094347025
320.71770000000004	1.0105241736623447
321.709	1.0104837147472074
322.7002	1.010444898108493
323.6913	1.0104077237462015
324.6823	1.0103721916603323
325.67330000000004	1.0104387038554543
326.6642	1.0104048140460082
327.65500000000003	1.0103725665129848
328.64570000000003	1.010341961256384
329.6363	1.0103129982762062
330.6268	1.0102856775724511
331.6172	1.0102599991451187
332.6075	1.0102359629942093
333.5978	1.0103139711242906
334.588	1.0102915772498036
335.5871	1.0193809085018957
336.5871	1.0202993070308137
337.5871	1.0202993070308137
338.5871	1.0202993070308137
339.5871	1.0202993070308137
340.5871	1.0202993070308137
341.5871	1.0202993070308137
342.5871	1.0202993070308137
343.5871	1.0202993070308137
344.5871	1.0202993070308137
345.5871	1.0202993070308137
346.5871	1.0202993070308137
347.5871	1.0202993070308137
348.5871	1.0202993070308137
349.5871	1.0202993070308137
350.5871	1.0202993070308137
351.5871	1.0202993070308137
352.5871	1.0202993070308137
353.5871	1.0202993070308137
354.5871	1.0202993070308137
355.5871	1.0202993070308137
356.5871	1.0202993070308137
357.5871	1.0202993070308137
358.5871	1.0202993070308137
359.5871	1.0202993070308137
360.5871	1.0202993070308137
361.5871	1.0202993070308137
362.5871	1.0202993070308137
363.5871	1.0202993070308137
364.5871	1.0202993070308137
365.5871	1.0202993070308137
366.5871	1.0202993070308137
367.5871	1.0202993070308137
368.5871	1.0202993070308137
369.5871	1.0202993070308137
370.5871	1.0202993070308137
371.5871	1.0202993070308137
372.5871	1.0202993070308137
373.5871	1.0202993070308137
374.5871	1.0202993070308137
375.5871	1.0202993070308137
376.5871	1.0202993070308137
377.5871	1.0202993070308137
378.5871	1.0202993070308137
379.5871	1.0202993070308137
380.5871	1.0202993070308137
381.5871	1.0202993070308137
382.5871	1.0202993070308137
383.5871	1.0202993070308137
384.5871	1.0202993070308137
385.5871	1.0202993070308137
386.5871	1.0202993070308137
387.5871	1.0202993070308137
388.5871	1.0202993070308137
389.5871	1.0202993070308137
390.5871	1.0202993070308137
391.5871	1.0202993070308137
392.5871	1.0202993070308137
393.5871	1.0202993070308137
394.5871	1.0202993070308137
395.5871	1.0202993070308137
396.5871	1.0202993070308137
397.5871	1.0202993070308137
398.5871	1.0202993070308137
399.5871	1.0202993070308137
400.5871	1.0202993070308137
401.5871	1.0202993070308137
402.5871	1.0202993070308137
403.5871	1.0202993070308137
404.5871	1.0202993070308137
405.5871	1.0202993070308137
406.5871	1.0202993070308137
407.5871	1.0202993070308137
408.5871	1.0202993070308137
409.5871	1.0202993070308137
410.5871	1.0202993070308137
411.5871	1.0202993070308137
412.5871	1.0202993070308137
413.5871	1.0202993070308137
414.5871	1.0202993070308137
415.5871	1.0202993070308137
416.5871	1.0202993070308137
417.5871	1.0202993070308137
418.5871	1.0202993070308137
419.5871	1.0202993070308137
420.5871	1.0202993070308137
421.5871	1.0202993070308137
422.5871	1.0202993070308137
423.5871	1.0202993070308137
424.5871	1.0202993070308137
425.5871	1.0202993070308137
426.5871	1.0202993070308137
427.5871	1.0202993070308137
428.5871	1.0202993070308137
429.5871	1.0202993070308137
430.5871	1.0202993070308137
431.5871	1.0202993070308137
432.5871	1.0202993070308137
433.5871	1.0202993070308137
434.5871	1.0202993070308137
435.5871	1.0202993070308137
436.5871	1.0202993070308137
437.5871	1.0202993070308137
438.5871	1.0202993070308137
439.5871	1.0202993070308137
440.5871	1.0202993070308137
441.5871	1.0202993070308137
442.5871	1.0202993070308137
443.5871	1.0202993070308137
444.5871	1.0202993070308137
445.5871	1.0202993070308137
446.5871	1.0202993070308137
447.5871	1.0202993070308137
448.5871	1.0202993070308137
449.5871	1.0202993070308137
450.5871	1.0202993070308137
451.5871	1.0202993070308137
452.5871	1.0202993070308137
453.5871	1.0202993070308137
454.5871	1.0202993070308137
455.5871	1.0202993070308137
456.5871	1.0202993070308137
457.5871	1.0202993070308137
458.5871	1.0202993070308137
459.5871	1.0202993070308137
460.5871	1.0202993070308137
461.5871	1.0202993070308137
462.5871	1.0202993070308137
463.5871	1.0202993070308137
464.5871	1.0202993070308137
465.5871	1.0202993070308137
466.5871	1.0202993070308137
467.5871	1.0202993070308137
468.5871	1.0202993070308137
469.5871	1.0202993070308137
470.5871	1.0202993070308137
471.5871	1.0202993070308137
472.5871	1.0202993070308137
473.5871	1.0202993070308137
474.5871	1.0202993070308137
475.5871	1.0202993070308137
476.5871	1.0202993070308137
477.5871	1.0202993070308137
478.5871	1.0202993070308137
479.5871	1.0202993070308137
480.5871	1.0202993070308137
481.5871	1.0202993070308137
482.5871	1.0202993070308137
483.5871	1.0202993070308137
484.5871	1.0202993070308137
485.5871	1.0202993070308137
486.5871	1.0202993070308137
487.5871	1.0202993070308137
488.5871	1.0202993070308137
489.5871	1.0202993070308137
490.5871	1.0202993070308137
491.5871	1.0202993070308137
492.5871	1.0202993070308137
493.5871	1.0202993070308137
494.5871	1.0202993070308137
495.5871	1.0202993070308137
496.5871	1.0202993070308137
497.5871	1.0202993070308137
498.5871	1.0202993070308137
499.5871	1.0202993070308137
500.5871	1.0202993070308137
501.5871	1.0202993070308137
502.5871	1.0202993070308137
503.5871	1.0202993070308137
504.5871	1.0202993070308137
505.5871	1.0202993070308137
506.5871	1.0202993070308137
507.5871	1.0202993070308137
508.5871	1.0202993070308137
509.5871	1.0202993070308137
510.5871	1.0202993070308137
511.5871	1.0202993070308137
512.5871000000001	1.0202993070308137
513.5871000000001	1.0202993070308137
514.5871000000001	1.0202993070308137
515.5871000000001	1.0202993070308137
516.5871000000001	1.0202993070308137
517.5871000000001	1.0202993070308137
518.5871000000001	1.0202993070308137
519.5871000000001	1.0202993070308137
520.5871000000001	1.0202993070308137
521.5871000000001	1.0202993070308137
522.5871000000001	1.0202993070308137
523.5871000000001	1.0202993070308137
524.5871000000001	1.0202993070308137
525.5871000000001	1.0202993070308137
526.5871000000001	1.0202993070308137
527.5871000000001	1.0202993070308137
528.5871000000001	1.0202993070308137
529.5871000000001	1.0202993070308137
530.5871000000001	1.0202993070308137
531.5871000000001	1.0202993070308137
532.5871000000001	1.0202993070308137
533.5871000000001	1.0202993070308137
534.5871000000001	1.0202993070308137
535.5871000000001	1.0202993070308137
536.5871000000001	1.0202993070308137
537.5871000000001	1.0202993070308137
538.5871000000001	1.0202993070308137
539.5871000000001	1.0202993070308137
540.5871000000001	1.0202993070308137
541.5871000000001	1.0202993070308137
542.5871000000001	1.0202993070308137
543.5871000000001	1.0202993070308137
544.5871000000001	1.0202993070308137
545.5871000000001	1.0202993070308137
546.5871000000001	1.0202993070308137
547.5871000000001	1.0202993070308137
548.5871000000001	1.0202993070308137
549.5871000000001	1.0202993070308137
550.5871000000001	1.0202993070308137
551.5871000000001	1.0202993070308137
552.5871000000001	1.0202993070308137
553.5871000000001	1.0202993070308137
554.5871000000001	1.0202993070308137
555.5871000000001	1.0202993070308137
556.5871000000001	1.0202993070308137
557.5871000000001	1.0202993070308137
558.5871000000001	1.0202993070308137
559.5871000000001	1.0202993070308137
560.5871000000001	1.0202993070308137
561.5871000000001	1.0202993070308137
562.5871000000001	1.0202993070308137
563.5871000000001	1.0202993070308137
564.5871000000001	1.0202993070308137
565.5871000000001	1.0202993070308137
566.5871000000001	1.0202993070308137
567.5871000000001	1.0202993070308137
568.5871000000001	1.0202993070308137
569.5871000000001	1.0202993070308137
570.5871000000001	1.0202993070308137
571.5871000000001	1.0202993070308137
572.5871000000001	1.0202993070308137
573.5871000000001	1.0202993070308137
574.5871000000001	1.0202993070308137
575.5871000000001	1.0202993070308137
576.5871000000001	1.0202993070308137
577.5871000000001	1.0202993070308137
578.5871000000001	1.0202993070308137
579.5871000000001	1.0202993070308137
580.5871000000001	1.0202993070308137
581.5871000000001	1.0202993070308137
582.5871000000001	1.0202993070308137
583.5871000000001	1.0202993070308137
584.5871000000001	1.0202993070308137
585.5871000000001	1.0202993070308137
586.5871000000001	1.0202993070308137
587.5871000000001	1.0202993070308137
588.5871000000001	1.0202993070308137
589.5871000000001	1.0202993070308137
590.5871000000001	1.0202993070308137
591.5871000000001	1.0202993070308137
592.5871000000001	1.0202993070308137
593.5871000000001	1.0202993070308137
594.5871000000001	1.0202993070308137
595.5871000000001	1.0202993070308137
596.5871000000001	1.0202993070308137
597.5871000000001	1.0202993070308137
598.5871000000001	1.0202993070308137
599.5871000000001	1.0202993070308137
600.5871000000001	1.0202993070308137
601.5871000000001	1.0202993070308137
602.5871000000001	1.0202993070308137
603.5871000000001	1.0202993070308137
604.5871000000001	1.0202993070308137
605.5871000000001	1.0202993070308137
606.5871000000001	1.0202993070308137
607.5871000000001	1.0202993070308137
608.5871000000001	1.0202993070308137
609.5871000000001	1.0202993070308137
610.5871000000001	1.0202993070308137
611.5871000000001	1.0202993070308137
612.5871000000001	1.0202993070308137
613.5871000000001	1.0202993070308137
614.5871000000001	1.0202993070308137
615.5871000000001	1.0202993070308137
616.5871000000001	1.0202993070308137
617.5871000000001	1.0202993070308137
618.5871000000001	1.0202993070308137
619.5871000000001	1.0202993070308137
620.5871000000001	1.0202993070308137
621.5871000000001	1.0202993070308137
622.5871000000001	1.0202993070308137
623.5871000000001	1.0202993070308137
624.5871000000001	1.0202993070308137
625.5871000000001	1.0202993070308137
626.5871000000001	1.0202993070308137
627.5871000000001	1.0202993070308137
628.5871000000001	1.0202993070308137
629.5871000000001	1.0202993070308137
630.5871000000001	1.0202993070308137
631.5871000000001	1.0202993070308137
632.5871000000001	1.0202993070308137
633.5871000000001	1.0202993070308137
634.5871000000001	1.0202993070308137
635.5871000000001	1.0202993070308137
636.5871000000001	1.0202993070308137
637.5871000000001	1.0202993070308137
638.5871000000001	1.0202993070308137
639.5871000000001	1.0202993070308137
640.5871000000001	1.0202993070308137
641.5871000000001	1.0202993070308137
642.5871000000001	1.0202993070308137
643.5871000000001	1.0202993070308137
644.5871000000001	1.0202993070308137
645.5871000000001	1.0202993070308137
646.5871000000001	1.0202993070308137
647.5871000000001	1.0202993070308137
648.5871000000001	1.0202993070308137
649.5871000000001	1.0202993070308137
650.5871000000001	1.0202993070308137
651.5871000000001	1.0202993070308137
652.5871000000001	1.0202993070308137
653.5871000000001	1.0202993070308137
654.5871000000001	1.0202993070308137
655.5871000000001	1.0202993070308137
656.5871000000001	1.0202993070308137
657.5871000000001	1.0202993070308137
658.5871000000001	1.0202993070308137
659.5871000000001	1.0202993070308137
660.5871000000001	1.0202993070308137
661.5871000000001	1.0202993070308137
662.5871000000001	1.0202993070308137
663.5871000000001	1.0202993070308137
664.5871000000001	1.0202993070308137
665.5871000000001	1.0202993070308137
666.5871000000001	1.0202993070308137
667.5871000000001	1.0202993070308137
668.5871000000001	1.0202993070308137
669.5871000000001	1.0202993070308137
670.5871000000001	1.0202993070308137
671.5871000000001	1.0202993070308137
672.5871000000001	1.0202993070308137
673.5871000000001	1.0202993070308137
674.5871000000001	1.0202993070308137
675.5871000000001	1.0202993070308137
676.5871000000001	1.0202993070308137
677.5871000000001	1.0202993070308137
678.5871000000001	1.0202993070308137
679.5871000000001	1.0202993070308137
680.5871000000001	1.0202993070308137
681.5871000000001	1.0202993070308137
682.5871000000001	1.0202993070308137
683.5871000000001	1.0202993070308137
684.5871000000001	1.0202993070308137
685.5871000000001	1.0202993070308137
686.5871000000001	1.0202993070308137
687.5871000000001	1.0202993070308137
688.5871000000001	1.0202993070308137
689.5871000000001	1.0202993070308137
690.5871000000001	1.0202993070308137
691.5871000000001	1.0202993070308137
692.5871000000001	1.0202993070308137
693.5871000000001	1.0202993070308137
694.5871000000001	1.0202993070308137
695.5871000000001	1.0202993070308137
696.5871000000001	1.0202993070308137
697.5871000000001	1.0202993070308137
698.5871000000001	1.0202993070308137
699.5871000000001	1.0202993070308137
700.5871000000001	1.0202993070308137
701.5871000000001	1.0202993070308137
702.5871000000001	1.0202993070308137
703.5871000000001	1.0202993070308137
704.5871000000001	1.0202993070308137
705.5871000000001	1.0202993070308137
706.5871000000001	1.0202993070308137
707.5871000000001	1.0202993070308137
708.5871000000001	1.0202993070308137
709.5871000000001	1.0202993070308137
710.5871000000001	1.0202993070308137
711.5871000000001	1.0202993070308137
712.5871000000001	1.0202993070308137
713.5871000000001	1.0202993070308137
714.5871000000001	1.0202993070308137
715.5871000000001	1.0202993070308137
716.5871000000001	1.0202993070308137
717.5871000000001	1.0202993070308137
718.5871000000001	1.0202993070308137
719.5871000000001	1.0202993070308137
720.5871000000001	1.0202993070308137
721.5871000000001	1.0202993070308137
722.5871000000001	1.0202993070308137
723.5871000000001	1.0202993070308137
724.5871000000001	1.0202993070308137
725.5871000000001	1.0202993070308137
726.5871000000001	1.0202993070308137
727.5871000000001	1.0202993070308137
728.5871000000001	1.0202993070308137
729.5871000000001	1.0202993070308137
730.5871000000001	1.0202993070308137
731.5871000000001	1.0202993070308137
732.5871000000001	1.0202993070308137
733.5871000000001	1.0202993070308137
734.5871000000001	1.0202993070308137
735.5871000000001	1.0202993070308137
736.5871000000001	1.0202993070308137
737.5871000000001	1.0202993070308137
738.5871000000001	1.0202993070308137
739.5871000000001	1.0202993070308137
740.5871000000001	1.0202993070308137
741.5871000000001	1.0202993070308137
742.5871000000001	1.0202993070308137
743.5871000000001	1.0202993070308137
744.5871000000001	1.0202993070308137
745.5871000000001	1.0202993070308137
746.5871000000001	1.0202993070308137
747.5871000000001	1.0202993070308137
748.5871000000001	1.0202993070308137
749.5871000000001	1.0202993070308137
750.5871000000001	1.0202993070308137
751.5871000000001	1.0202993070308137
752.5871000000001	1.0202993070308137
753.5871000000001	1.0202993070308137
754.5871000000001	1.0202993070308137
755.5871000000001	1.0202993070308137
756.5871000000001	1.0202993070308137
757.5871000000001	1.0202993070308137
758.5871000000001	1.0202993070308137
759.5871000000001	1.0202993070308137
760.5871000000001	1.0202993070308137
761.5871000000001	1.0202993070308137
762.5871000000001	1.0202993070308137
763.5871000000001	1.0202993070308137
764.5871000000001	1.0202993070308137
765.5871000000001	1.0202993070308137
766.5871000000001	1.0202993070308137
767.5871000000001	1.0202993070308137
768.5871000000001	1.0202993070308137
769.5871000000001	1.0202993070308137
770.5871000000001	1.0202993070308137
771.5871000000001	1.0202993070308137
772.5871000000001	1.0202993070308137
773.5871000000001	1.0202993070308137
774.5871000000001	1.0202993070308137
775.5871000000001	1.0202993070308137
776.5871000000001	1.0202993070308137
777.5871000000001	1.0202993070308137
778.5871000000001	1.0202993070308137
779.5871000000001	1.0202993070308137
780.5871000000001	1.0202993070308137
781.5871000000001	1.0202993070308137
782.5871000000001	1.0202993070308137
783.5871000000001	1.0202993070308137
784.5871000000001	1.0202993070308137
785.5871000000001	1.0202993070308137
786.5871000000001	1.0202993070308137
787.5871000000001	1.0202993070308137
788.5871000000001	1.0202993070308137
789.5871000000001	1.0202993070308137
790.5871000000001	1.0202993070308137
791.5871000000001	1.0202993070308137
792.5871000000001	1.0202993070308137
793.5871000000001	1.0202993070308137
794.5871000000001	1.0202993070308137
795.5871000000001	1.0202993070308137
796.5871000000001	1.0202993070308137
797.5871000000001	1.0202993070308137
798.5871000000001	1.0202993070308137
799.5871000000001	1.0202993070308137
800.5871000000001	1.0202993070308137
801.5871000000001	1.0202993070308137
802.5871000000001	1.0202993070308137
803.5871000000001	1.0202993070308137
804.5871000000001	1.0202993070308137
805.5871000000001	1.0202993070308137
806.5871000000001	1.0202993070308137
807.5871000000001	1.0202993070308137
808.5871000000001	1.0202993070308137
809.5871000000001	1.0202993070308137
810.5871000000001	1.0202993070308137
811.5871000000001	1.0202993070308137
812.5871000000001	1.0202993070308137
813.5871000000001	1.0202993070308137
814.5871000000001	1.0202993070308137
815.5871000000001	1.0202993070308137
816.5871000000001	1.0202993070308137
817.5871000000001	1.0202993070308137
818.5871000000001	1.0202993070308137
819.5871000000001	1.0202993070308137
820.5871000000001	1.0202993070308137
821.5871000000001	1.0202993070308137
822.5871000000001	1.0202993070308137
823.5871000000001	1.0202993070308137
824.5871000000001	1.0202993070308137
825.5871000000001	1.0202993070308137
826.5871000000001	1.0202993070308137
827.5871000000001	1.0202993070308137
828.5871000000001	1.0202993070308137
829.5871000000001	1.0202993070308137
830.5871000000001	1.0202993070308137
831.5871000000001	1.0202993070308137
832.5871000000001	1.0202993070308137
833.5871000000001	1.0202993070308137
834.5871000000001	1.0202993070308137
835.5871000000001	1.0202993070308137
836.5871000000001	1.0202993070308137
837.5871000000001	1.0202993070308137
838.5871000000001	1.0202993070308137
839.5871000000001	1.0202993070308137
840.5871000000001	1.0202993070308137
841.5871000000001	1.0202993070308137
842.5871000000001	1.0202993070308137
843.5871000000001	1.0202993070308137
844.5871000000001	1.0202993070308137
845.5871000000001	1.0202993070308137
846.5871000000001	1.0202993070308137
847.5871000000001	1.0202993070308137
848.5871000000001	1.0202993070308137
849.5871000000001	1.0202993070308137
850.5871000000001	1.0202993070308137
851.5871000000001	1.0202993070308137
852.5871000000001	1.0202993070308137
853.5871000000001	1.0202993070308137
854.5871000000001	1.0202993070308137
855.5871000000001	1.0202993070308137
856.5871000000001	1.0202993070308137
857.5871000000001	1.0202993070308137
858.5871000000001	1.0202993070308137
859.5871000000001	1.0202993070308137
860.5871000000001	1.0202993070308137
861.5871000000001	1.0202993070308137
862.5871000000001	1.0202993070308137
863.5871000000001	1.0202993070308137
864.5871000000001	1.0202993070308137
865.5871000000001	1.0202993070308137
866.5871000000001	1.0202993070308137
867.5871000000001	1.0202993070308137
868.5871000000001	1.0202993070308137
869.5871000000001	1.0202993070308137
870.5871000000001	1.0202993070308137
871.5871000000001	1.0202993070308137
872.5871000000001	1.0202993070308137
873.5871000000001	1.0202993070308137
874.5871000000001	1.0202993070308137
875.5871000000001	1.0202993070308137
876.5871000000001	1.0202993070308137
877.5871000000001	1.0202993070308137
878.5871000000001	1.0202993070308137
879.5871000000001	1.0202993070308137
880.5871000000001	1.0202993070308137
881.5871000000001	1.0202993070308137
882.5871000000001	1.0202993070308137
883.5871000000001	1.0202993070308137
884.5871000000001	1.0202993070308137
885.5871000000001	1.0202993070308137
886.5871000000001	1.0202993070308137
887.5871000000001	1.0202993070308137
888.5871000000001	1.0202993070308137
889.5871000000001	1.0202993070308137
890.5871000000001	1.0202993070308137
891.5871000000001	1.0202993070308137
892.5871000000001	1.0202993070308137
893.5871000000001	1.0202993070308137
894.5871000000001	1.0202993070308137
895.5871000000001	1.0202993070308137
896.5871000000001	1.0202993070308137
897.5871000000001	1.0202993070308137
898.5871000000001	1.0202993070308137
899.5871000000001	1.0202993070308137
900.5871000000001	1.0202993070308137
901.5871000000001	1.0202993070308137
902.5871000000001	1.0202993070308137
903.5871000000001	1.0202993070308137
904.5871000000001	1.0202993070308137
905.5871000000001	1.0202993070308137
906.5871000000001	1.0202993070308137
907.5871000000001	1.0202993070308137
908.5871000000001	1.0202993070308137
909.5871000000001	1.0202993070308137
910.5871000000001	1.0202993070308137
911.5871000000001	1.0202993070308137
912.5871000000001	1.0202993070308137
913.5871000000001	1.0202993070308137
914.5871000000001	1.0202993070308137
915.5871000000001	1.0202993070308137
916.5871000000001	1.0202993070308137
917.5871000000001	1.0202993070308137
918.5871000000001	1.0202993070308137
919.5871000000001	1.0202993070308137
920.5871000000001	1.0202993070308137
921.5871000000001	1.0202993070308137
922.5871000000001	1.0202993070308137
923.5871000000001	1.0202993070308137
924.5871000000001	1.0202993070308137
925.5871000000001	1.0202993070308137
926.5871000000001	1.0202993070308137
927.5871000000001	1.0202993070308137
928.5871000000001	1.0202993070308137
929.5871000000001	1.0202993070308137
930.5871000000001	1.0202993070308137
931.5871000000001	1.0202993070308137
932.5871000000001	1.0202993070308137
933.5871000000001	1.0202993070308137
934.5871000000001	1.0202993070308137
935.5871000000001	1.0202993070308137
936.5871000000001	1.0202993070308137
937.5871000000001	1.0202993070308137
938.5871000000001	1.0202993070308137
939.5871000000001	1.0202993070308137
940.5871000000001	1.0202993070308137
941.5871000000001	1.0202993070308137
942.5871000000001	1.0202993070308137
943.5871000000001	1.0202993070308137
944.5871000000001	1.0202993070308137
945.5871000000001	1.0202993070308137
946.5871000000001	1.0202993070308137
947.5871000000001	1.0202993070308137
948.5871000000001	1.0202993070308137
949.5871000000001	1.0202993070308137
950.5871000000001	1.0202993070308137
951.5871000000001	1.0202993070308137
952.5871000000001	1.0202993070308137
953.5871000000001	1.0202993070308137
954.5871000000001	1.0202993070308137
955.5871000000001	1.0202993070308137
956.5871000000001	1.0202993070308137
957.5871000000001	1.0202993070308137
958.5871000000001	1.0202993070308137
959.5871000000001	1.0202993070308137
960.5871000000001	1.0202993070308137
961.5871000000001	1.0202993070308137
962.5871000000001	1.0202993070308137
963.5871000000001	1.0202993070308137
964.5871000000001	1.0202993070308137
965.5871000000001	1.0202993070308137
966.5871000000001	1.0202993070308137
967.5871000000001	1.0202993070308137
968.5871000000001	1.0202993070308137
969.5871000000001	1.0202993070308137
970.5871000000001	1.0202993070308137
971.5871000000001	1.0202993070308137
972.5871000000001	1.0202993070308137
973.5871000000001	1.0202993070308137
974.5871000000001	1.0202993070308137
975.5871000000001	1.0202993070308137
976.5871000000001	1.0202993070308137
977.5871000000001	1.0202993070308137
978.5871000000001	1.0202993070308137
979.5871000000001	1.0202993070308137
980.5871000000001	1.0202993070308137
981.5871000000001	1.0202993070308137
982.5871000000001	1.0202993070308137
983.5871000000001	1.0202993070308137
984.5871000000001	1.0202993070308137
985.5871000000001	1.0202993070308137
986.5871000000001	1.0202993070308137
987.5871000000001	1.0202993070308137
988.5871000000001	1.0202993070308137
989.5871000000001	1.0202993070308137
990.5871000000001	1.0202993070308137
991.5871000000001	1.0202993070308137
992.5871000000001	1.0202993070308137
993.5871000000001	1.0202993070308137
994.5871000000001	1.0202993070308137
995.5871000000001	1.0202993070308137
996.5871000000001	1.0202993070308137
997.5871000000001	1.0202993070308137
998.5871000000001	1.0202993070308137
999.5871000000001	1.0202993070308137
