0.2765	0.5272937180041898
1.2523	0.5307690685714228
2.2286	0.5348861419228457
3.2055000000000002	0.5389691569643453
4.183	0.54299913730172
5.161300000000001	0.5475386961401804
6.1403	0.5502451942924732
7.12	0.551552477137405
8.1004	0.5520091917610086
9.0815	0.551935406898246
10.0633	0.5521486897320745
11.0389	0.5517705152213087
12.013900000000001	0.5526444676738033
12.989500000000001	0.5534827083054308
13.965800000000002	0.5540250340993488
14.9427	0.5543166579859062
15.920100000000001	0.5544277225297898
16.8981	0.5552146306355806
17.8768	0.5553789860999165
18.8535	0.5510875387442578
19.8215	0.548935752558056
20.7889	0.547538435253643
21.7559	0.547276447535588
22.7225	0.5466726707363704
23.6886	0.5471980031228159
24.654400000000003	0.552296840309974
25.6236	0.5521850847340435
26.592200000000002	0.5514229652546143
27.5607	0.5511529082254449
28.529300000000003	0.5519437742027025
29.498900000000003	0.5534740993543118
30.4689	0.5540094334404366
31.4386	0.5541927930073891
32.4082	0.5563387916939304
33.3771	0.5531990754161604
34.3467	0.555555314657786
35.3161	0.5553102079538211
36.284400000000005	0.5650801198166435
37.252700000000004	0.5670056721743151
38.2209	0.567356589578683
39.1892	0.5648458496846345
40.1569	0.5553412630000901
41.1242	0.5576310122134521
42.0965	0.5608930172450005
43.0706	0.5603822906213681
44.0448	0.5609422660521388
45.0191	0.5605828388583521
45.993500000000004	0.5584042206244529
46.9668	0.5559306293353041
47.9373	0.5577023572988743
48.9078	0.5594200189902158
49.8782	0.5603372123186856
50.848600000000005	0.5637364216487142
51.8189	0.565142127424352
52.7892	0.5692741231518527
53.7595	0.572940993670344
54.7318	0.5753076616767362
55.7075	0.5732857279082818
56.6822	0.5817246568565009
57.6569	0.5844110877539571
58.6285	0.587808255691051
59.6	0.5924327929049826
60.571600000000004	0.595564355026868
61.543200000000006	0.5989433202626041
62.514900000000004	0.6013391173283378
63.4866	0.604678629018115
64.45830000000001	0.6079445016171392
65.43	0.6107045300979681
66.4017	0.6151356703065425
67.3734	0.616928858730227
68.345	0.621169267652659
69.3165	0.625428604057404
70.288	0.628805824145733
71.2595	0.6308575206271478
72.23100000000001	0.6377706310765388
73.2025	0.6421353370199123
74.17410000000001	0.6471990692727618
75.1457	0.6512196553478768
76.1144	0.6565993339541055
77.0831	0.6612532885378024
78.0519	0.6677455239926678
79.02080000000001	0.6726227567327614
79.9897	0.6749149788375862
80.95870000000001	0.6710688664512248
81.9278	0.6722687021053906
82.897	0.6843736624226475
83.8692	0.6927181558592126
84.8418	0.688652036093846
85.8148	0.6847956845163293
86.7874	0.6863705113463535
87.76010000000001	0.690218150370065
88.73320000000001	0.6946036322724425
89.70660000000001	0.6954215619302734
90.6806	0.7040308306707708
91.6547	0.6947622252925498
92.62950000000001	0.71013817005595
93.6042	0.7126635268217794
94.57910000000001	0.6999360031462399
95.5539	0.707647304540486
96.5282	0.7027155627568897
97.50240000000001	0.7240221349910717
98.4764	0.7290292641755491
99.4499	0.7195595028776525
100.42370000000001	0.7127939394308105
101.3977	0.7200335067458707
102.3708	0.7193788642538034
103.34490000000001	0.7209625644831974
104.3195	0.7232976334163232
105.29350000000001	0.7382059790800868
106.2675	0.7461825401496313
107.2415	0.7502002766256219
108.2155	0.7454184878324435
109.18870000000001	0.7580240754006498
110.1633	0.7552797715633172
111.13810000000001	0.7417176455955229
112.1126	0.7695914009004703
113.08510000000001	0.7698734441788898
114.0574	0.7713647233673898
115.03070000000001	0.7597197616236548
116.004	0.7505082014793827
116.97760000000001	0.7879840210945301
117.9508	0.8003281059364958
118.924	0.7963985779019522
119.8969	0.798376918364776
120.86980000000001	0.8022295395115633
121.84270000000001	0.8061832518755072
122.8155	0.8076957952415503
123.7885	0.811709133345315
124.76050000000001	0.8132343733889067
125.7326	0.813978938346748
126.7052	0.8183057615122507
127.6778	0.820001119402201
128.6506	0.8236477431049586
129.6235	0.8288345008069051
130.59640000000002	0.8316806495624102
131.5692	0.8348387924064107
132.5419	0.8385067062408427
133.5144	0.8445104998999462
134.4874	0.8489990036078336
135.4613	0.8508889523200318
136.435	0.8489190172711638
137.4086	0.852665089580581
138.3821	0.8634017246403533
139.3555	0.8676872522422641
140.3305	0.8559791756939177
141.3038	0.8700671600573233
142.2767	0.8795321862426334
143.2495	0.8852050445460613
144.2233	0.8891617819401726
145.20260000000002	0.8996926929753843
146.18300000000002	0.90282271986593
147.16230000000002	0.9079159373850001
148.1413	0.9033298999535476
149.12050000000002	0.8882978673308158
150.0985	0.9125170795840792
151.0773	0.9106656601554297
152.05620000000002	0.9074379730956187
153.0352	0.9068616680401702
154.0145	0.9105337693414175
154.994	0.9204154460357026
155.9729	0.9211318811139974
156.95180000000002	0.9234533098810516
157.9308	0.9242420823284527
158.9108	0.9208679928927925
159.8913	0.8533832910339333
160.8718	0.8568457416222259
161.8522	0.8718034031679873
162.8339	0.8311483208181473
163.8168	0.9428978578443333
164.8029	0.9329697953896472
165.78910000000002	0.9304770606323123
166.77530000000002	0.933410432744917
167.7615	0.9152200970935743
168.7477	0.9381061273237835
169.7341	0.9541490826706011
170.7203	0.9538794292077455
171.7065	0.954272567943558
172.6927	0.9546666609468262
173.6789	0.955054523068376
174.6651	0.9554354762535664
175.65130000000002	0.9558030391709779
176.63750000000002	0.9577545123385186
177.6237	0.9466353699230089
178.6099	0.9446918479050159
179.5961	0.9447485024067792
180.5822	0.9413925942428348
181.56830000000002	0.9430434727695451
182.5543	0.944649402381451
183.5403	0.952334142438413
184.52620000000002	0.9498389564666552
185.5123	0.9706462290438567
186.49810000000002	0.9710079868332437
187.4838	0.9713043557101897
188.4695	0.9735960131639567
189.45530000000002	0.9524093163817644
190.441	0.969163636812481
191.42680000000001	0.9697131224966627
192.4126	0.973868541042405
193.3984	0.9754852762132284
194.3843	0.9760088545942575
195.3702	0.9763987162974808
196.3561	0.9767876967302764
197.34210000000002	0.9772265819361307
198.3281	0.9775812453414431
199.3142	0.9780409936643272
200.30030000000002	0.9784153065663768
201.28650000000002	0.9788932916120119
202.27280000000002	0.9772089879263072
203.25900000000001	0.9776009133557045
204.2452	0.9803043461959231
205.23520000000002	0.9844524566939297
206.2254	0.9715779795270575
207.21560000000002	0.9613768268577421
208.2059	0.9636205706233267
209.1962	0.964387503907526
210.1866	0.9652540500425629
211.17700000000002	0.9660340821588325
212.16750000000002	0.9669233119480103
213.15800000000002	0.9677272801176181
214.14860000000002	0.9686318487806095
215.13920000000002	0.970459362361037
216.12990000000002	0.9787318375012418
217.1202	0.9892590781696373
218.1104	0.9903534872685265
219.1014	0.9603376683000977
220.09220000000002	0.9502572821340639
221.08290000000002	0.9364166531832769
222.07350000000002	0.9245469273248712
223.06410000000002	0.9258058128291813
224.05460000000002	0.9270284329530204
225.04500000000002	0.928304460398116
226.0353	0.9296318883467932
227.02550000000002	0.9310145217030407
228.0166	1.008791400065044
229.0071	1.0090616967301762
229.9975	1.0099371440908502
230.98780000000002	1.010838780413131
231.978	1.011758755519898
232.9691	1.013543609390838
233.96120000000002	0.9761411440632266
234.9532	0.9759950732360547
235.9453	0.9761615010572197
236.9376	0.9764001027661663
237.93	0.976532758578243
238.9225	0.9766587962366603
239.9152	0.976874227782859
240.90800000000002	0.9769828776522236
241.901	0.9771809214093695
242.8941	0.9808666222199764
243.8873	1.0136357838975585
244.8803	1.01347958318876
245.8733	1.013514779999258
246.86630000000002	1.013550961331364
247.85930000000002	1.013589665075028
248.8523	1.0136293533402998
249.8453	1.0136710361271797
250.8382	1.0136131377206092
251.83110000000002	1.013658870105464
252.824	1.0137422813578612
253.8169	1.0136595414218612
254.80980000000002	1.0109493178965352
255.80270000000002	1.0109835743974704
256.7955	1.0109192694409845
257.7883	1.0109581490574828
258.78110000000004	1.0110000889739812
259.7739	1.011044576628168
260.7667	1.0110931498084854
261.7595	1.0111447832888028
262.7522	1.0110973634148657
263.74490000000003	1.011154640110746
264.7376	1.0112154846443149
265.7303	1.011279902090949
266.72290000000004	1.01124577874564
267.7155	1.011316859507837
268.7081	1.0113910005700342
269.70070000000004	1.0114707547960504
270.6932	1.0114519682301237
271.6857	1.011539405871703
272.6782	1.011629903813282
273.6707	1.0117249947679268
274.6631	1.0117230725683166
275.6555	1.0118273796515893
276.6479	1.0119362746725507
277.6402	1.011948161614634
278.6325	1.0120662727642236
279.6248	1.0121889769268784
280.617	1.0122162006483442
281.6092	1.0123491410396275
282.6014	1.012487689468599
283.5935	1.0152616010066522
284.5856	1.0155325799266521
285.5777	1.0158092204016522
286.5697	1.0159919176383323
287.56170000000003	1.0162829163233325
288.5536	1.0164794667700126
289.5455	1.0167848287150125
290.5373	1.0169957424216929
291.5291	1.0173164979276927
292.5208	1.0175500549329348
293.5125	1.0176620686145268
294.5041	1.0176739407620856
295.4957	1.0177904969809912
296.48720000000003	1.017806409178301
297.4787	1.0179270054469578
298.4701	1.0179474601815814
299.4615	1.0180720964999894
300.4528	1.018097098796802
301.444	1.018125633630928
302.4352	1.0182583500488382
303.4263	1.0182914324451535
304.4173	1.0183280473787821
305.4083	1.018469346383757
306.3992	1.0185115188795748
307.39	1.0185562139127056
308.3807	1.0186049489955877
309.3713	1.0186572166157837
310.3619	1.0188146758197638
311.3524	1.0188730085145863
312.3428	1.0189353812591597
313.3331	1.0190012865410474
314.3233	1.0190712318726856
315.3138	1.0035272707007232
316.30400000000003	1.003323962223731
317.2966	1.0303591454272227
318.2887	1.0298440952727386
319.2808	1.02989038033021
320.2728	1.029833468213023
321.26480000000004	1.0298809180980804
322.2567	1.0298255616513916
323.2486	1.0298745672069471
324.2404	1.0234504677353156
325.23220000000003	1.023452874986717
326.224	1.0235147284285775
327.2157	1.0234746479421866
328.20730000000003	1.0212547253624251
329.19890000000004	1.0213063407511165
330.1904	1.0212751271781844
331.18190000000004	1.02134756220331
332.17330000000004	1.021318388982137
333.16470000000004	1.0213928643590213
334.156	1.0213662441026723
335.1472	1.0213411515850166
336.1384	1.0214197076654186
337.1295	1.021396655499522
338.1205	1.0213756436853838
339.11150000000004	1.0214582804693033
340.1024	1.0214398216199896
341.0932	1.0210721239644636
342.0839	1.02091905841545
343.07460000000003	1.0208686329163412
344.0652	1.0207166477832519
345.0557	1.0205652278640662
346.0461	1.0204138579567639
347.0364	1.0202630532633654
348.02660000000003	1.0201128137838706
349.0192	1.0289614468142085
350.0192	1.0364655381032797
351.0192	1.0364630381032796
352.0192	1.0364605381032796
353.0192	1.0364580381032795
354.0192	1.0364555381032796
355.0192	1.0364530381032795
356.0192	1.0364505381032796
357.0192	1.0364480381032797
358.0192	1.0364455381032796
359.0192	1.0364430381032796
360.0192	1.0364405381032795
361.0192	1.0364380381032796
362.0192	1.0364355381032795
363.0192	1.0364330381032796
364.0192	1.0364305381032797
365.0192	1.0364280381032795
366.0192	1.0364255381032796
367.0192	1.0364230381032795
368.0192	1.0364205381032796
369.0192	1.0364180381032795
370.0192	1.0364155381032796
371.0192	1.0364130381032797
372.0192	1.0364105381032795
373.0192	1.0364080381032796
374.0192	1.0364055381032795
375.0192	1.0364030381032796
376.0192	1.0364005381032797
377.0192	1.0363980381032796
378.0192	1.0363955381032797
379.0192	1.0363930381032795
380.0192	1.0363905381032796
381.0192	1.0363880381032795
382.0192	1.0363855381032796
383.0192	1.0363830381032795
384.0192	1.0363805381032796
385.0192	1.0363780381032797
386.0192	1.0363755381032795
387.0192	1.0363730381032796
388.0192	1.0363705381032795
389.0192	1.0363680381032796
390.0192	1.0363655381032797
391.0192	1.0363630381032796
392.0192	1.0363605381032797
393.0192	1.0363580381032795
394.0192	1.0363555381032796
395.0192	1.0363530381032795
396.0192	1.0363505381032796
397.0192	1.0363480381032797
398.0192	1.0363455381032796
399.0192	1.0363430381032797
400.0192	1.0363405381032795
401.0192	1.0363380381032796
402.0192	1.0363355381032795
403.0192	1.0363330381032796
404.0192	1.0363305381032797
405.0192	1.0363280381032796
406.0192	1.0363255381032797
407.0192	1.0363230381032795
408.0192	1.0363205381032796
409.0192	1.0363180381032795
410.0192	1.0363155381032796
411.0192	1.0363130381032797
412.0192	1.0363105381032796
413.0192	1.0363080381032796
414.0192	1.0363055381032795
415.0192	1.0363030381032796
416.0192	1.0363005381032795
417.0192	1.0362980381032796
418.0192	1.0362955381032797
419.0192	1.0362930381032796
420.0192	1.0362905381032796
421.0192	1.0362880381032795
422.0192	1.0362855381032796
423.0192	1.0362830381032797
424.0192	1.0362805381032796
425.0192	1.0362780381032797
426.0192	1.0362755381032795
427.0192	1.0362730381032796
428.0192	1.0362705381032795
429.0192	1.0362680381032796
430.0192	1.0362655381032797
431.0192	1.0362630381032796
432.0192	1.0362605381032797
433.0192	1.0362580381032795
434.0192	1.0362555381032796
435.0192	1.0362530381032795
436.0192	1.0362505381032796
437.0192	1.0362480381032797
438.0192	1.0362455381032796
439.0192	1.0362430381032797
440.0192	1.0362405381032795
441.0192	1.0362380381032796
442.0192	1.0362355381032795
443.0192	1.0362330381032796
444.0192	1.0362305381032797
445.0192	1.0362280381032796
446.0192	1.0362255381032797
447.0192	1.0362230381032795
448.0192	1.0362205381032796
449.0192	1.0362180381032795
450.0192	1.0362155381032796
451.0192	1.0362130381032797
452.0192	1.0362105381032796
453.0192	1.0362080381032797
454.0192	1.0362055381032795
455.0192	1.0362030381032796
456.0192	1.0362005381032797
457.0192	1.0361980381032796
458.0192	1.0361955381032797
459.0192	1.0361930381032796
460.0192	1.0361905381032797
461.0192	1.0361880381032795
462.0192	1.0361855381032796
463.0192	1.0361830381032795
464.0192	1.0361805381032796
465.0192	1.0361780381032797
466.0192	1.0361755381032796
467.0192	1.0361730381032797
468.0192	1.0361705381032795
469.0192	1.0361680381032796
470.0192	1.0361655381032797
471.0192	1.0361630381032796
472.0192	1.0361605381032797
473.0192	1.0361580381032796
474.0192	1.0361555381032796
475.0192	1.0361530381032795
476.0192	1.0361505381032796
477.0192	1.0361480381032797
478.0192	1.0361455381032796
479.0192	1.0361430381032797
480.0192	1.0361405381032796
481.0192	1.0361380381032796
482.0192	1.0361355381032795
483.0192	1.0361330381032796
484.0192	1.0361305381032797
485.0192	1.0361280381032796
486.0192	1.0361255381032797
487.0192	1.0361230381032795
488.0192	1.0361205381032796
489.0192	1.0361180381032795
490.0192	1.0361155381032796
491.0192	1.0361130381032797
492.0192	1.0361105381032796
493.0192	1.0361080381032797
494.0192	1.0361055381032795
495.0192	1.0361030381032796
496.0192	1.0361005381032795
497.0192	1.0360980381032796
498.0192	1.0360955381032797
499.0192	1.0360930381032796
500.0192	1.0360905381032797
501.0192	1.0360880381032795
502.0192	1.0360855381032796
503.0192	1.0360830381032797
504.0192	1.0360805381032796
505.0192	1.0360780381032797
506.0192	1.0360755381032796
507.0192	1.0360730381032797
508.0192	1.0360705381032795
509.0192	1.0360680381032796
510.0192	1.0360655381032797
511.0192	1.0360630381032796
512.0192000000001	1.0360605381032797
513.0192000000001	1.0360580381032796
514.0192000000001	1.0360555381032797
515.0192000000001	1.0360530381032795
516.0192000000001	1.0360505381032796
517.0192000000001	1.0360480381032797
518.0192000000001	1.0360455381032796
519.0192000000001	1.0360430381032797
520.0192000000001	1.0360405381032796
521.0192000000001	1.0360380381032797
522.0192000000001	1.0360355381032795
523.0192000000001	1.0360330381032796
524.0192000000001	1.0360305381032797
525.0192000000001	1.0360280381032796
526.0192000000001	1.0360255381032797
527.0192000000001	1.0360230381032796
528.0192000000001	1.0360205381032797
529.0192000000001	1.0360180381032795
530.0192000000001	1.0360155381032796
531.0192000000001	1.0360130381032797
532.0192000000001	1.0360105381032796
533.0192000000001	1.0360080381032797
534.0192000000001	1.0360055381032796
535.0192000000001	1.0360030381032796
536.0192000000001	1.0360005381032797
537.0192000000001	1.0359980381032796
538.0192000000001	1.0359955381032797
539.0192000000001	1.0359930381032796
540.0192000000001	1.0359905381032797
541.0192000000001	1.0359880381032796
542.0192000000001	1.0359855381032796
543.0192000000001	1.0359830381032795
544.0192000000001	1.0359805381032796
545.0192000000001	1.0359780381032797
546.0192000000001	1.0359755381032796
547.0192000000001	1.0359730381032797
548.0192000000001	1.0359705381032795
549.0192000000001	1.0359680381032796
550.0192000000001	1.0359655381032797
551.0192000000001	1.0359630381032796
552.0192000000001	1.0359605381032797
553.0192000000001	1.0359580381032796
554.0192000000001	1.0359555381032797
555.0192000000001	1.0359530381032795
556.0192000000001	1.0359505381032796
557.0192000000001	1.0359480381032797
558.0192000000001	1.0359455381032796
559.0192000000001	1.0359430381032797
560.0192000000001	1.0359405381032796
561.0192000000001	1.0359380381032797
562.0192000000001	1.0359355381032795
563.0192000000001	1.0359330381032796
564.0192000000001	1.0359305381032797
565.0192000000001	1.0359280381032796
566.0192000000001	1.0359255381032797
567.0192000000001	1.0359230381032796
568.0192000000001	1.0359205381032797
569.0192000000001	1.0359180381032795
570.0192000000001	1.0359155381032796
571.0192000000001	1.0359130381032797
572.0192000000001	1.0359105381032796
573.0192000000001	1.0359080381032797
574.0192000000001	1.0359055381032796
575.0192000000001	1.0359030381032797
576.0192000000001	1.0359005381032795
577.0192000000001	1.0358980381032796
578.0192000000001	1.0358955381032797
579.0192000000001	1.0358930381032796
580.0192000000001	1.0358905381032797
581.0192000000001	1.0358880381032796
582.0192000000001	1.0358855381032797
583.0192000000001	1.0358830381032798
584.0192000000001	1.0358805381032796
585.0192000000001	1.0358780381032797
586.0192000000001	1.0358755381032796
587.0192000000001	1.0358730381032797
588.0192000000001	1.0358705381032796
589.0192000000001	1.0358680381032797
590.0192000000001	1.0358655381032797
591.0192000000001	1.0358630381032796
592.0192000000001	1.0358605381032797
593.0192000000001	1.0358580381032796
594.0192000000001	1.0358555381032797
595.0192000000001	1.0358530381032796
596.0192000000001	1.0358505381032796
597.0192000000001	1.0358480381032797
598.0192000000001	1.0358455381032796
599.0192000000001	1.0358430381032797
600.0192000000001	1.0358405381032796
601.0192000000001	1.0358380381032797
602.0192000000001	1.0358355381032796
603.0192000000001	1.0358330381032796
604.0192000000001	1.0358305381032797
605.0192000000001	1.0358280381032796
606.0192000000001	1.0358255381032797
607.0192000000001	1.0358230381032796
608.0192000000001	1.0358205381032797
609.0192000000001	1.0358180381032795
610.0192000000001	1.0358155381032796
611.0192000000001	1.0358130381032797
612.0192000000001	1.0358105381032796
613.0192000000001	1.0358080381032797
614.0192000000001	1.0358055381032796
615.0192000000001	1.0358030381032797
616.0192000000001	1.0358005381032798
617.0192000000001	1.0357980381032796
618.0192000000001	1.0357955381032797
619.0192000000001	1.0357930381032796
620.0192000000001	1.0357905381032797
621.0192000000001	1.0357880381032796
622.0192000000001	1.0357855381032797
623.0192000000001	1.0357830381032795
624.0192000000001	1.0357805381032796
625.0192000000001	1.0357780381032797
626.0192000000001	1.0357755381032796
627.0192000000001	1.0357730381032797
628.0192000000001	1.0357705381032796
629.0192000000001	1.0357680381032797
630.0192000000001	1.0357655381032798
631.0192000000001	1.0357630381032796
632.0192000000001	1.0357605381032797
633.0192000000001	1.0357580381032796
634.0192000000001	1.0357555381032797
635.0192000000001	1.0357530381032796
636.0192000000001	1.0357505381032797
637.0192000000001	1.0357480381032798
638.0192000000001	1.0357455381032796
639.0192000000001	1.0357430381032797
640.0192000000001	1.0357405381032796
641.0192000000001	1.0357380381032797
642.0192000000001	1.0357355381032796
643.0192000000001	1.0357330381032797
644.0192000000001	1.0357305381032798
645.0192000000001	1.0357280381032796
646.0192000000001	1.0357255381032797
647.0192000000001	1.0357230381032796
648.0192000000001	1.0357205381032797
649.0192000000001	1.0357180381032796
650.0192000000001	1.0357155381032797
651.0192000000001	1.0357130381032797
652.0192000000001	1.0357105381032796
653.0192000000001	1.0357080381032797
654.0192000000001	1.0357055381032796
655.0192000000001	1.0357030381032797
656.0192000000001	1.0357005381032796
657.0192000000001	1.0356980381032797
658.0192000000001	1.0356955381032797
659.0192000000001	1.0356930381032796
660.0192000000001	1.0356905381032797
661.0192000000001	1.0356880381032796
662.0192000000001	1.0356855381032797
663.0192000000001	1.0356830381032798
664.0192000000001	1.0356805381032796
665.0192000000001	1.0356780381032797
666.0192000000001	1.0356755381032796
667.0192000000001	1.0356730381032797
668.0192000000001	1.0356705381032796
669.0192000000001	1.0356680381032797
670.0192000000001	1.0356655381032798
671.0192000000001	1.0356630381032796
672.0192000000001	1.0356605381032797
673.0192000000001	1.0356580381032796
674.0192000000001	1.0356555381032797
675.0192000000001	1.0356530381032796
676.0192000000001	1.0356505381032797
677.0192000000001	1.0356480381032798
678.0192000000001	1.0356455381032796
679.0192000000001	1.0356430381032797
680.0192000000001	1.0356405381032796
681.0192000000001	1.0356380381032797
682.0192000000001	1.0356355381032796
683.0192000000001	1.0356330381032797
684.0192000000001	1.0356305381032798
685.0192000000001	1.0356280381032796
686.0192000000001	1.0356255381032797
687.0192000000001	1.0356230381032796
688.0192000000001	1.0356205381032797
689.0192000000001	1.0356180381032796
690.0192000000001	1.0356155381032797
691.0192000000001	1.0356130381032798
692.0192000000001	1.0356105381032796
693.0192000000001	1.0356080381032797
694.0192000000001	1.0356055381032796
695.0192000000001	1.0356030381032797
696.0192000000001	1.0356005381032798
697.0192000000001	1.0355980381032797
698.0192000000001	1.0355955381032798
699.0192000000001	1.0355930381032796
700.0192000000001	1.0355905381032797
701.0192000000001	1.0355880381032796
702.0192000000001	1.0355855381032797
703.0192000000001	1.0355830381032796
704.0192000000001	1.0355805381032797
705.0192000000001	1.0355780381032798
706.0192000000001	1.0355755381032796
707.0192000000001	1.0355730381032797
708.0192000000001	1.0355705381032796
709.0192000000001	1.0355680381032797
710.0192000000001	1.0355655381032798
711.0192000000001	1.0355630381032797
712.0192000000001	1.0355605381032797
713.0192000000001	1.0355580381032796
714.0192000000001	1.0355555381032797
715.0192000000001	1.0355530381032796
716.0192000000001	1.0355505381032797
717.0192000000001	1.0355480381032798
718.0192000000001	1.0355455381032797
719.0192000000001	1.0355430381032797
720.0192000000001	1.0355405381032796
721.0192000000001	1.0355380381032797
722.0192000000001	1.0355355381032796
723.0192000000001	1.0355330381032797
724.0192000000001	1.0355305381032798
725.0192000000001	1.0355280381032796
726.0192000000001	1.0355255381032797
727.0192000000001	1.0355230381032796
728.0192000000001	1.0355205381032797
729.0192000000001	1.0355180381032796
730.0192000000001	1.0355155381032797
731.0192000000001	1.0355130381032798
732.0192000000001	1.0355105381032796
733.0192000000001	1.0355080381032797
734.0192000000001	1.0355055381032796
735.0192000000001	1.0355030381032797
736.0192000000001	1.0355005381032796
737.0192000000001	1.0354980381032797
738.0192000000001	1.0354955381032798
739.0192000000001	1.0354930381032796
740.0192000000001	1.0354905381032797
741.0192000000001	1.0354880381032796
742.0192000000001	1.0354855381032797
743.0192000000001	1.0354830381032798
744.0192000000001	1.0354805381032797
745.0192000000001	1.0354780381032798
746.0192000000001	1.0354755381032796
747.0192000000001	1.0354730381032797
748.0192000000001	1.0354705381032796
749.0192000000001	1.0354680381032797
750.0192000000001	1.0354655381032798
751.0192000000001	1.0354630381032797
752.0192000000001	1.0354605381032798
753.0192000000001	1.0354580381032796
754.0192000000001	1.0354555381032797
755.0192000000001	1.0354530381032796
756.0192000000001	1.0354505381032797
757.0192000000001	1.0354480381032798
758.0192000000001	1.0354455381032797
759.0192000000001	1.0354430381032798
760.0192000000001	1.0354405381032796
761.0192000000001	1.0354380381032797
762.0192000000001	1.0354355381032796
763.0192000000001	1.0354330381032797
764.0192000000001	1.0354305381032798
765.0192000000001	1.0354280381032797
766.0192000000001	1.0354255381032798
767.0192000000001	1.0354230381032796
768.0192000000001	1.0354205381032797
769.0192000000001	1.0354180381032796
770.0192000000001	1.0354155381032797
771.0192000000001	1.0354130381032798
772.0192000000001	1.0354105381032797
773.0192000000001	1.0354080381032797
774.0192000000001	1.0354055381032796
775.0192000000001	1.0354030381032797
776.0192000000001	1.0354005381032798
777.0192000000001	1.0353980381032797
778.0192000000001	1.0353955381032798
779.0192000000001	1.0353930381032797
780.0192000000001	1.0353905381032797
781.0192000000001	1.0353880381032796
782.0192000000001	1.0353855381032797
783.0192000000001	1.0353830381032796
784.0192000000001	1.0353805381032797
785.0192000000001	1.0353780381032798
786.0192000000001	1.0353755381032796
787.0192000000001	1.0353730381032797
788.0192000000001	1.0353705381032796
789.0192000000001	1.0353680381032797
790.0192000000001	1.0353655381032798
791.0192000000001	1.0353630381032797
792.0192000000001	1.0353605381032798
793.0192000000001	1.0353580381032796
794.0192000000001	1.0353555381032797
795.0192000000001	1.0353530381032796
796.0192000000001	1.0353505381032797
797.0192000000001	1.0353480381032798
798.0192000000001	1.0353455381032797
799.0192000000001	1.0353430381032798
800.0192000000001	1.0353405381032796
801.0192000000001	1.0353380381032797
802.0192000000001	1.0353355381032796
803.0192000000001	1.0353330381032797
804.0192000000001	1.0353305381032798
805.0192000000001	1.0353280381032797
806.0192000000001	1.0353255381032798
807.0192000000001	1.0353230381032796
808.0192000000001	1.0353205381032797
809.0192000000001	1.0353180381032796
810.0192000000001	1.0353155381032797
811.0192000000001	1.0353130381032798
812.0192000000001	1.0353105381032797
813.0192000000001	1.0353080381032798
814.0192000000001	1.0353055381032796
815.0192000000001	1.0353030381032797
816.0192000000001	1.0353005381032796
817.0192000000001	1.0352980381032797
818.0192000000001	1.0352955381032798
819.0192000000001	1.0352930381032797
820.0192000000001	1.0352905381032798
821.0192000000001	1.0352880381032796
822.0192000000001	1.0352855381032797
823.0192000000001	1.0352830381032798
824.0192000000001	1.0352805381032797
825.0192000000001	1.0352780381032798
826.0192000000001	1.0352755381032797
827.0192000000001	1.0352730381032798
828.0192000000001	1.0352705381032796
829.0192000000001	1.0352680381032797
830.0192000000001	1.0352655381032798
831.0192000000001	1.0352630381032797
832.0192000000001	1.0352605381032798
833.0192000000001	1.0352580381032797
834.0192000000001	1.0352555381032797
835.0192000000001	1.0352530381032796
836.0192000000001	1.0352505381032797
837.0192000000001	1.0352480381032798
838.0192000000001	1.0352455381032797
839.0192000000001	1.0352430381032798
840.0192000000001	1.0352405381032797
841.0192000000001	1.0352380381032797
842.0192000000001	1.0352355381032796
843.0192000000001	1.0352330381032797
844.0192000000001	1.0352305381032798
845.0192000000001	1.0352280381032797
846.0192000000001	1.0352255381032798
847.0192000000001	1.0352230381032796
848.0192000000001	1.0352205381032797
849.0192000000001	1.0352180381032796
850.0192000000001	1.0352155381032797
851.0192000000001	1.0352130381032798
852.0192000000001	1.0352105381032797
853.0192000000001	1.0352080381032798
854.0192000000001	1.0352055381032796
855.0192000000001	1.0352030381032797
856.0192000000001	1.0352005381032798
857.0192000000001	1.0351980381032797
858.0192000000001	1.0351955381032798
859.0192000000001	1.0351930381032797
860.0192000000001	1.0351905381032798
861.0192000000001	1.0351880381032796
862.0192000000001	1.0351855381032797
863.0192000000001	1.0351830381032796
864.0192000000001	1.0351805381032797
865.0192000000001	1.0351780381032798
866.0192000000001	1.0351755381032797
867.0192000000001	1.0351730381032798
868.0192000000001	1.0351705381032796
869.0192000000001	1.0351680381032797
870.0192000000001	1.0351655381032798
871.0192000000001	1.0351630381032797
872.0192000000001	1.0351605381032798
873.0192000000001	1.0351580381032797
874.0192000000001	1.0351555381032798
875.0192000000001	1.0351530381032796
876.0192000000001	1.0351505381032797
877.0192000000001	1.0351480381032798
878.0192000000001	1.0351455381032797
879.0192000000001	1.0351430381032798
880.0192000000001	1.0351405381032797
881.0192000000001	1.0351380381032798
882.0192000000001	1.0351355381032796
883.0192000000001	1.0351330381032797
884.0192000000001	1.0351305381032798
885.0192000000001	1.0351280381032797
886.0192000000001	1.0351255381032798
887.0192000000001	1.0351230381032797
888.0192000000001	1.0351205381032798
889.0192000000001	1.0351180381032796
890.0192000000001	1.0351155381032797
891.0192000000001	1.0351130381032798
892.0192000000001	1.0351105381032797
893.0192000000001	1.0351080381032798
894.0192000000001	1.0351055381032797
895.0192000000001	1.0351030381032797
896.0192000000001	1.0351005381032796
897.0192000000001	1.0350980381032797
898.0192000000001	1.0350955381032798
899.0192000000001	1.0350930381032797
900.0192000000001	1.0350905381032798
901.0192000000001	1.0350880381032797
902.0192000000001	1.0350855381032797
903.0192000000001	1.0350830381032798
904.0192000000001	1.0350805381032797
905.0192000000001	1.0350780381032798
906.0192000000001	1.0350755381032797
907.0192000000001	1.0350730381032798
908.0192000000001	1.0350705381032796
909.0192000000001	1.0350680381032797
910.0192000000001	1.0350655381032798
911.0192000000001	1.0350630381032797
912.0192000000001	1.0350605381032798
913.0192000000001	1.0350580381032797
914.0192000000001	1.0350555381032798
915.0192000000001	1.0350530381032796
916.0192000000001	1.0350505381032797
917.0192000000001	1.0350480381032798
918.0192000000001	1.0350455381032797
919.0192000000001	1.0350430381032798
920.0192000000001	1.0350405381032797
921.0192000000001	1.0350380381032798
922.0192000000001	1.0350355381032796
923.0192000000001	1.0350330381032797
924.0192000000001	1.0350305381032798
925.0192000000001	1.0350280381032797
926.0192000000001	1.0350255381032798
927.0192000000001	1.0350230381032797
928.0192000000001	1.0350205381032798
929.0192000000001	1.0350180381032796
930.0192000000001	1.0350155381032797
931.0192000000001	1.0350130381032798
932.0192000000001	1.0350105381032797
933.0192000000001	1.0350080381032798
934.0192000000001	1.0350055381032797
935.0192000000001	1.0350030381032798
936.0192000000001	1.0350005381032799
937.0192000000001	1.0349980381032797
938.0192000000001	1.0349955381032798
939.0192000000001	1.0349930381032797
940.0192000000001	1.0349905381032798
941.0192000000001	1.0349880381032797
942.0192000000001	1.0349855381032798
943.0192000000001	1.0349830381032796
944.0192000000001	1.0349805381032797
945.0192000000001	1.0349780381032798
946.0192000000001	1.0349755381032797
947.0192000000001	1.0349730381032798
948.0192000000001	1.0349705381032797
949.0192000000001	1.0349680381032798
950.0192000000001	1.0349655381032798
951.0192000000001	1.0349630381032797
952.0192000000001	1.0349605381032798
953.0192000000001	1.0349580381032797
954.0192000000001	1.0349555381032798
955.0192000000001	1.0349530381032797
956.0192000000001	1.0349505381032797
957.0192000000001	1.0349480381032798
958.0192000000001	1.0349455381032797
959.0192000000001	1.0349430381032798
960.0192000000001	1.0349405381032797
961.0192000000001	1.0349380381032798
962.0192000000001	1.0349355381032797
963.0192000000001	1.0349330381032797
964.0192000000001	1.0349305381032798
965.0192000000001	1.0349280381032797
966.0192000000001	1.0349255381032798
967.0192000000001	1.0349230381032797
968.0192000000001	1.0349205381032798
969.0192000000001	1.0349180381032796
970.0192000000001	1.0349155381032797
971.0192000000001	1.0349130381032798
972.0192000000001	1.0349105381032797
973.0192000000001	1.0349080381032798
974.0192000000001	1.0349055381032797
975.0192000000001	1.0349030381032798
976.0192000000001	1.0349005381032796
977.0192000000001	1.0348980381032797
978.0192000000001	1.0348955381032798
979.0192000000001	1.0348930381032797
980.0192000000001	1.0348905381032798
981.0192000000001	1.0348880381032797
982.0192000000001	1.0348855381032798
983.0192000000001	1.0348830381032799
984.0192000000001	1.0348805381032797
985.0192000000001	1.0348780381032798
986.0192000000001	1.0348755381032797
987.0192000000001	1.0348730381032798
988.0192000000001	1.0348705381032797
989.0192000000001	1.0348680381032798
990.0192000000001	1.0348655381032799
991.0192000000001	1.0348630381032797
992.0192000000001	1.0348605381032798
993.0192000000001	1.0348580381032797
994.0192000000001	1.0348555381032798
995.0192000000001	1.0348530381032797
996.0192000000001	1.0348505381032798
997.0192000000001	1.0348480381032799
998.0192000000001	1.0348455381032797
999.0192000000001	1.0348430381032798
