0.1799	0.5187701107743723
1.1425	0.5183335148860668
2.105	0.516574840969789
3.0674	0.5145977074630204
4.0296	0.5103139264462981
4.9917	0.5112717524984347
5.953600000000001	0.5178820833901909
6.9154	0.5205739146793023
7.8769	0.5209024825943306
8.8382	0.5209977048732892
9.7993	0.520978982751051
10.760200000000001	0.5226315918636014
11.721	0.5231424839577139
12.6815	0.5265952579896129
13.6418	0.527127300122409
14.6019	0.5289629026599457
15.5617	0.5284861091069751
16.5212	0.5278467192841902
17.4803	0.5287021333989973
18.4435	0.5295805695411576
19.412000000000003	0.5292413553452361
20.3805	0.5278901616060059
21.349	0.5257696872212398
22.317500000000003	0.5245356438573767
23.286	0.5230040765035746
24.2546	0.5197659358011968
25.2234	0.5151674849028941
26.192300000000003	0.5157524185911349
27.1614	0.520136761468336
28.1308	0.519731248008079
29.1005	0.5188868197196939
30.070400000000003	0.518915118979701
31.0407	0.5181953470492471
32.0112	0.5168815567073471
32.982	0.515792805984881
33.953	0.5144189449494897
34.9242	0.5132164858545059
35.895700000000005	0.5128807304560965
36.8675	0.5111179414962155
37.839600000000004	0.5100678497011194
38.812000000000005	0.5095358764737636
39.784800000000004	0.5101790833561041
40.758	0.5111028409637615
41.7316	0.5131573366994973
42.705600000000004	0.5147538697564982
43.6802	0.5160184370478437
44.655300000000004	0.5161449142134261
45.6311	0.5180128911165913
46.6075	0.514296866581823
47.5831	0.5106770009611368
48.5574	0.510341656188376
49.5285	0.5114350122710516
50.4957	0.5138335775940861
51.4609	0.5165078928229899
52.426	0.5166572030816547
53.391000000000005	0.5221092704616718
54.355900000000005	0.5275634107108178
55.3207	0.531432101122232
56.285500000000006	0.5361077163909537
57.2503	0.5454057740467851
58.2151	0.5500102605266375
59.1799	0.5546544327973408
60.1447	0.5621256643841991
61.109500000000004	0.5652898329486261
62.0743	0.574416542589191
63.039100000000005	0.5779113558340832
63.9968	0.590488616970598
64.95400000000001	0.6052458390637654
65.9107	0.6168354179734263
66.8672	0.6238929811620196
67.83	0.6312205141860587
68.79260000000001	0.6342561771656579
69.7549	0.63697811796229
70.7168	0.6393398153457148
71.6782	0.6459428936025593
72.6392	0.6488012915375085
73.59960000000001	0.647806327599999
74.5594	0.6482879277413687
75.5186	0.6482529869138104
76.47710000000001	0.6518589387476399
77.4349	0.655521173510044
78.39200000000001	0.6587245254588235
79.34830000000001	0.6619725344575286
80.3037	0.659561510217892
81.2581	0.6476606488692148
82.2185	0.6431437339283569
83.1786	0.6431408715564361
84.1382	0.6458624098313984
85.0997	0.6446746226130696
86.06960000000001	0.6444969660904233
87.0374	0.6492363578987685
88.00370000000001	0.6488130096536523
88.97	0.6497642275778998
89.93740000000001	0.6501582060759477
90.905	0.6484979233020991
91.8726	0.6491068764142084
92.8401	0.6512376790041419
93.80420000000001	0.6525320881509676
94.7701	0.6577608518029131
95.738	0.6508309271073456
96.7095	0.6477539155786741
97.68270000000001	0.6665573065438116
98.6563	0.675846610348485
99.6301	0.6930509405612427
100.6038	0.6956299000681638
101.57780000000001	0.7094558797734415
102.55250000000001	0.711863729745068
103.52680000000001	0.7190710867469771
104.5008	0.7319950732088562
105.47510000000001	0.7351567923580609
106.44930000000001	0.7377258777986224
107.42370000000001	0.7519825038007646
108.3983	0.7586139889280801
109.3733	0.7615730402441312
110.34840000000001	0.7667094758204773
111.3234	0.7406935832156192
112.299	0.7461244093785186
113.2746	0.742559731981268
114.24990000000001	0.7755778573343748
115.2248	0.7944841449727766
116.19930000000001	0.79491480068867
117.17450000000001	0.796020733425642
118.1496	0.7969535367955536
119.125	0.800893533038326
120.1006	0.8063512789444209
121.0764	0.807700520270845
122.0541	0.8044335165120179
123.033	0.813363444195842
124.0116	0.8171151668434642
124.99040000000001	0.8193981664990151
125.96940000000001	0.8177891697052542
126.9486	0.8273059605199783
127.92590000000001	0.8208358815099916
128.9028	0.828177713129213
129.8795	0.8355766861039648
130.8562	0.8161512584872572
131.8342	0.8024603376616796
132.8124	0.7861630754911484
133.7909	0.8037581034652799
134.7688	0.7890206717044657
135.7472	0.8264872043986212
136.7254	0.84656651295991
137.7037	0.8300039032492729
138.6823	0.8341703715016137
139.6612	0.839105866354487
140.6404	0.8495665115056609
141.6198	0.8646743923748892
142.5996	0.862377985710111
143.57920000000001	0.8695087117633501
144.55880000000002	0.8723458487597023
145.5393	0.880867616853883
146.5197	0.8840723281061472
147.5001	0.8886313753507677
148.4804	0.8765501009231628
149.46030000000002	0.8686428848394838
150.4408	0.8883729081199087
151.4211	0.8822596374526519
152.3975	0.8391095885214919
153.3731	0.8361718300267615
154.3492	0.8943538757873752
155.3247	0.894343349458576
156.30180000000001	0.8693694819216302
157.2824	0.867669376059017
158.263	0.8799677839710225
159.2434	0.8682842490345424
160.2247	0.9053105532159502
161.2056	0.8928823754438472
162.1868	0.9057938601638582
163.168	0.9062199347948869
164.1494	0.8864275647074049
165.13080000000002	0.8886600170908237
166.112	0.898764167867769
167.09390000000002	0.8737931195403451
168.07590000000002	0.9102958628053295
169.05800000000002	0.8802391074488244
170.0402	0.8661305447859948
171.0225	0.8090408894089607
172.0046	0.816157184456674
172.9865	0.8814570349695785
173.9683	0.9000688815495526
174.9497	0.8253201925141493
175.9307	0.8729571625905346
176.9119	0.8816977044636383
177.8932	0.8564274496815513
178.8745	0.9350372657685708
179.85580000000002	0.8653898918997803
180.83710000000002	0.8611902884022171
181.8185	0.864964308256648
182.7999	0.8927462341459983
183.78140000000002	0.9414665255077577
184.7627	0.8616410435060227
185.74370000000002	0.858284378131387
186.7247	0.8571465867034054
187.7056	0.8762131809408011
188.6869	0.8940713252491181
189.66840000000002	0.8577818511005518
190.6499	0.8423595291424761
191.6313	0.8589826403744375
192.6125	0.873241093688198
193.5936	0.8743085564983608
194.5746	0.8971350762368622
195.55550000000002	0.8994163023711893
196.5369	0.9520180781218228
197.5182	0.9529029639757253
198.4994	0.9513120904416068
199.4806	0.9161911082211314
200.4617	0.9187599971450453
201.4427	0.935207659016036
202.42360000000002	0.9314042098614927
203.4044	0.9292624041818741
204.38510000000002	0.9318000410842325
205.3657	0.9398094981774744
206.3462	0.9458045040504731
207.3266	0.9458802855613195
208.3073	0.9304911856564464
209.2878	0.9366650201044577
210.2681	0.9387909136902863
211.2554	0.9423239798068783
212.24210000000002	0.9453184885335575
213.2289	0.9470246035348607
214.22160000000002	0.9897418501586761
215.21370000000002	0.9903479241995756
216.2057	0.9912239766883286
217.1977	0.9922320007408952
218.1896	0.9931790278369935
219.1814	0.9940686366807793
220.1732	0.9950601110333691
221.16490000000002	0.9959913295732968
222.15650000000002	0.9967816459105355
223.1481	0.9972919354332878
224.1396	0.9977121945033264
225.131	0.9981385577965509
226.1224	0.9986708704758591
227.11370000000002	0.9991112007504444
228.10490000000001	0.9995587421380403
229.096	1.0000118114211385
230.08700000000002	1.0004709849274223
231.078	1.0010347273595446
232.0689	1.0014519517672797
233.05970000000002	1.0016325171233476
234.05040000000002	1.0018124019607988
235.04100000000003	1.0019950188220066
236.03150000000002	1.0021820394549874
237.02190000000002	1.002372605176917
238.0122	1.0025111116779704
239.0025	1.0027513628703986
239.9927	1.002893397282423
240.9849	0.9985900108519651
241.97670000000002	0.998303698199831
242.9685	0.9984974241729024
243.96020000000001	0.9985949814127753
244.95190000000002	0.9987946509672527
245.9435	0.9988986053528836
246.9351	0.9991055977924662
247.9266	0.999216875063202
248.9181	0.9994316439522417
249.9095	0.9995502441080828
250.9009	0.9997735502869896
251.8922	0.9999011412970494
252.88340000000002	1.0000316286157027
253.87460000000002	1.0002656075526597
254.8657	1.000405085725532
255.85670000000002	1.0005474602069973
256.84770000000003	1.0167234746890126
257.8386	1.0167499696684537
258.8294	1.0167101129477543
259.8201	1.0166699210906913
260.8107	1.0166286086807752
261.8013	1.0166898540993616
262.7918	1.016650383015026
263.7822	1.0166097913778367
264.77250000000004	1.0165693282861024
265.7627	1.0165277312398222
266.7576	1.005984513679952
267.7547	1.0168985103072716
268.7515	1.016928044952726
269.7484	1.0173628665633028
270.7454	1.0178086431299647
271.7425	1.018263223587712
272.7397	1.0187287590015444
273.7371	1.019310623775134
274.7346	1.0198025043185273
275.73220000000003	1.0203053398180053
276.7299	1.0208191968172646
277.7278	1.0214471655675859
278.7258	1.021989518761405
279.7239	1.022542893455006
280.7222	1.0232125975083641
281.7206	1.0237966860052203
282.7192	1.024494952796835
283.7179	1.0251076040319478
284.71680000000003	1.0258365846268178
285.71590000000003	1.026583106460163
286.7151	1.0272418616720072
287.7145	1.0280191638523044
288.71410000000003	1.0287571810482339
289.7139	1.0289167927800378
290.7137	1.0244717796203857
291.7135	1.022316323053329
292.71340000000004	1.0224704806614375
293.71340000000004	1.0227825243528377
294.71340000000004	1.0227825243528377
295.71340000000004	1.0227825243528377
296.71340000000004	1.0227825243528377
297.71340000000004	1.0227825243528377
298.71340000000004	1.0227825243528377
299.71340000000004	1.0227825243528377
300.71340000000004	1.0227825243528377
301.71340000000004	1.0227825243528377
302.71340000000004	1.0227825243528377
303.71340000000004	1.0227825243528377
304.71340000000004	1.0227825243528377
305.71340000000004	1.0227825243528377
306.71340000000004	1.0227825243528377
307.71340000000004	1.0227825243528377
308.71340000000004	1.0227825243528377
309.71340000000004	1.0227825243528377
310.71340000000004	1.0227825243528377
311.71340000000004	1.0227825243528377
312.71340000000004	1.0227825243528377
313.71340000000004	1.0227825243528377
314.71340000000004	1.0227825243528377
315.71340000000004	1.0227825243528377
316.71340000000004	1.0227825243528377
317.71340000000004	1.0227825243528377
318.71340000000004	1.0227825243528377
319.71340000000004	1.0227825243528377
320.71340000000004	1.0227825243528377
321.71340000000004	1.0227825243528377
322.71340000000004	1.0227825243528377
323.71340000000004	1.0227825243528377
324.71340000000004	1.0227825243528377
325.71340000000004	1.0227825243528377
326.71340000000004	1.0227825243528377
327.71340000000004	1.0227825243528377
328.71340000000004	1.0227825243528377
329.71340000000004	1.0227825243528377
330.71340000000004	1.0227825243528377
331.71340000000004	1.0227825243528377
332.71340000000004	1.0227825243528377
333.71340000000004	1.0227825243528377
334.71340000000004	1.0227825243528377
335.71340000000004	1.0227825243528377
336.71340000000004	1.0227825243528377
337.71340000000004	1.0227825243528377
338.71340000000004	1.0227825243528377
339.71340000000004	1.0227825243528377
340.71340000000004	1.0227825243528377
341.71340000000004	1.0227825243528377
342.71340000000004	1.0227825243528377
343.71340000000004	1.0227825243528377
344.71340000000004	1.0227825243528377
345.71340000000004	1.0227825243528377
346.71340000000004	1.0227825243528377
347.71340000000004	1.0227825243528377
348.71340000000004	1.0227825243528377
349.71340000000004	1.0227825243528377
350.71340000000004	1.0227825243528377
351.71340000000004	1.0227825243528377
352.71340000000004	1.0227825243528377
353.71340000000004	1.0227825243528377
354.71340000000004	1.0227825243528377
355.71340000000004	1.0227825243528377
356.71340000000004	1.0227825243528377
357.71340000000004	1.0227825243528377
358.71340000000004	1.0227825243528377
359.71340000000004	1.0227825243528377
360.71340000000004	1.0227825243528377
361.71340000000004	1.0227825243528377
362.71340000000004	1.0227825243528377
363.71340000000004	1.0227825243528377
364.71340000000004	1.0227825243528377
365.71340000000004	1.0227825243528377
366.71340000000004	1.0227825243528377
367.71340000000004	1.0227825243528377
368.71340000000004	1.0227825243528377
369.71340000000004	1.0227825243528377
370.71340000000004	1.0227825243528377
371.71340000000004	1.0227825243528377
372.71340000000004	1.0227825243528377
373.71340000000004	1.0227825243528377
374.71340000000004	1.0227825243528377
375.71340000000004	1.0227825243528377
376.71340000000004	1.0227825243528377
377.71340000000004	1.0227825243528377
378.71340000000004	1.0227825243528377
379.71340000000004	1.0227825243528377
380.71340000000004	1.0227825243528377
381.71340000000004	1.0227825243528377
382.71340000000004	1.0227825243528377
383.71340000000004	1.0227825243528377
384.71340000000004	1.0227825243528377
385.71340000000004	1.0227825243528377
386.71340000000004	1.0227825243528377
387.71340000000004	1.0227825243528377
388.71340000000004	1.0227825243528377
389.71340000000004	1.0227825243528377
390.71340000000004	1.0227825243528377
391.71340000000004	1.0227825243528377
392.71340000000004	1.0227825243528377
393.71340000000004	1.0227825243528377
394.71340000000004	1.0227825243528377
395.71340000000004	1.0227825243528377
396.71340000000004	1.0227825243528377
397.71340000000004	1.0227825243528377
398.71340000000004	1.0227825243528377
399.71340000000004	1.0227825243528377
400.71340000000004	1.0227825243528377
401.71340000000004	1.0227825243528377
402.71340000000004	1.0227825243528377
403.71340000000004	1.0227825243528377
404.71340000000004	1.0227825243528377
405.71340000000004	1.0227825243528377
406.71340000000004	1.0227825243528377
407.71340000000004	1.0227825243528377
408.71340000000004	1.0227825243528377
409.71340000000004	1.0227825243528377
410.71340000000004	1.0227825243528377
411.71340000000004	1.0227825243528377
412.71340000000004	1.0227825243528377
413.71340000000004	1.0227825243528377
414.71340000000004	1.0227825243528377
415.71340000000004	1.0227825243528377
416.71340000000004	1.0227825243528377
417.71340000000004	1.0227825243528377
418.71340000000004	1.0227825243528377
419.71340000000004	1.0227825243528377
420.71340000000004	1.0227825243528377
421.71340000000004	1.0227825243528377
422.71340000000004	1.0227825243528377
423.71340000000004	1.0227825243528377
424.71340000000004	1.0227825243528377
425.71340000000004	1.0227825243528377
426.71340000000004	1.0227825243528377
427.71340000000004	1.0227825243528377
428.71340000000004	1.0227825243528377
429.71340000000004	1.0227825243528377
430.71340000000004	1.0227825243528377
431.71340000000004	1.0227825243528377
432.71340000000004	1.0227825243528377
433.71340000000004	1.0227825243528377
434.71340000000004	1.0227825243528377
435.71340000000004	1.0227825243528377
436.71340000000004	1.0227825243528377
437.71340000000004	1.0227825243528377
438.71340000000004	1.0227825243528377
439.71340000000004	1.0227825243528377
440.71340000000004	1.0227825243528377
441.71340000000004	1.0227825243528377
442.71340000000004	1.0227825243528377
443.71340000000004	1.0227825243528377
444.71340000000004	1.0227825243528377
445.71340000000004	1.0227825243528377
446.71340000000004	1.0227825243528377
447.71340000000004	1.0227825243528377
448.71340000000004	1.0227825243528377
449.71340000000004	1.0227825243528377
450.71340000000004	1.0227825243528377
451.71340000000004	1.0227825243528377
452.71340000000004	1.0227825243528377
453.71340000000004	1.0227825243528377
454.71340000000004	1.0227825243528377
455.71340000000004	1.0227825243528377
456.71340000000004	1.0227825243528377
457.71340000000004	1.0227825243528377
458.71340000000004	1.0227825243528377
459.71340000000004	1.0227825243528377
460.71340000000004	1.0227825243528377
461.71340000000004	1.0227825243528377
462.71340000000004	1.0227825243528377
463.71340000000004	1.0227825243528377
464.71340000000004	1.0227825243528377
465.71340000000004	1.0227825243528377
466.71340000000004	1.0227825243528377
467.71340000000004	1.0227825243528377
468.71340000000004	1.0227825243528377
469.71340000000004	1.0227825243528377
470.71340000000004	1.0227825243528377
471.71340000000004	1.0227825243528377
472.71340000000004	1.0227825243528377
473.71340000000004	1.0227825243528377
474.71340000000004	1.0227825243528377
475.71340000000004	1.0227825243528377
476.71340000000004	1.0227825243528377
477.71340000000004	1.0227825243528377
478.71340000000004	1.0227825243528377
479.71340000000004	1.0227825243528377
480.71340000000004	1.0227825243528377
481.71340000000004	1.0227825243528377
482.71340000000004	1.0227825243528377
483.71340000000004	1.0227825243528377
484.71340000000004	1.0227825243528377
485.71340000000004	1.0227825243528377
486.71340000000004	1.0227825243528377
487.71340000000004	1.0227825243528377
488.71340000000004	1.0227825243528377
489.71340000000004	1.0227825243528377
490.71340000000004	1.0227825243528377
491.71340000000004	1.0227825243528377
492.71340000000004	1.0227825243528377
493.71340000000004	1.0227825243528377
494.71340000000004	1.0227825243528377
495.71340000000004	1.0227825243528377
496.71340000000004	1.0227825243528377
497.71340000000004	1.0227825243528377
498.71340000000004	1.0227825243528377
499.71340000000004	1.0227825243528377
500.71340000000004	1.0227825243528377
501.71340000000004	1.0227825243528377
502.71340000000004	1.0227825243528377
503.71340000000004	1.0227825243528377
504.71340000000004	1.0227825243528377
505.71340000000004	1.0227825243528377
506.71340000000004	1.0227825243528377
507.71340000000004	1.0227825243528377
508.71340000000004	1.0227825243528377
509.71340000000004	1.0227825243528377
510.71340000000004	1.0227825243528377
511.71340000000004	1.0227825243528377
512.7134	1.0227825243528377
513.7134	1.0227825243528377
514.7134	1.0227825243528377
515.7134	1.0227825243528377
516.7134	1.0227825243528377
517.7134	1.0227825243528377
518.7134	1.0227825243528377
519.7134	1.0227825243528377
520.7134	1.0227825243528377
521.7134	1.0227825243528377
522.7134	1.0227825243528377
523.7134	1.0227825243528377
524.7134	1.0227825243528377
525.7134	1.0227825243528377
526.7134	1.0227825243528377
527.7134	1.0227825243528377
528.7134	1.0227825243528377
529.7134	1.0227825243528377
530.7134	1.0227825243528377
531.7134	1.0227825243528377
532.7134	1.0227825243528377
533.7134	1.0227825243528377
534.7134	1.0227825243528377
535.7134	1.0227825243528377
536.7134	1.0227825243528377
537.7134	1.0227825243528377
538.7134	1.0227825243528377
539.7134	1.0227825243528377
540.7134	1.0227825243528377
541.7134	1.0227825243528377
542.7134	1.0227825243528377
543.7134	1.0227825243528377
544.7134	1.0227825243528377
545.7134	1.0227825243528377
546.7134	1.0227825243528377
547.7134	1.0227825243528377
548.7134	1.0227825243528377
549.7134	1.0227825243528377
550.7134	1.0227825243528377
551.7134	1.0227825243528377
552.7134	1.0227825243528377
553.7134	1.0227825243528377
554.7134	1.0227825243528377
555.7134	1.0227825243528377
556.7134	1.0227825243528377
557.7134	1.0227825243528377
558.7134	1.0227825243528377
559.7134	1.0227825243528377
560.7134	1.0227825243528377
561.7134	1.0227825243528377
562.7134	1.0227825243528377
563.7134	1.0227825243528377
564.7134	1.0227825243528377
565.7134	1.0227825243528377
566.7134	1.0227825243528377
567.7134	1.0227825243528377
568.7134	1.0227825243528377
569.7134	1.0227825243528377
570.7134	1.0227825243528377
571.7134	1.0227825243528377
572.7134	1.0227825243528377
573.7134	1.0227825243528377
574.7134	1.0227825243528377
575.7134	1.0227825243528377
576.7134	1.0227825243528377
577.7134	1.0227825243528377
578.7134	1.0227825243528377
579.7134	1.0227825243528377
580.7134	1.0227825243528377
581.7134	1.0227825243528377
582.7134	1.0227825243528377
583.7134	1.0227825243528377
584.7134	1.0227825243528377
585.7134	1.0227825243528377
586.7134	1.0227825243528377
587.7134	1.0227825243528377
588.7134	1.0227825243528377
589.7134	1.0227825243528377
590.7134	1.0227825243528377
591.7134	1.0227825243528377
592.7134	1.0227825243528377
593.7134	1.0227825243528377
594.7134	1.0227825243528377
595.7134	1.0227825243528377
596.7134	1.0227825243528377
597.7134	1.0227825243528377
598.7134	1.0227825243528377
599.7134	1.0227825243528377
600.7134	1.0227825243528377
601.7134	1.0227825243528377
602.7134	1.0227825243528377
603.7134	1.0227825243528377
604.7134	1.0227825243528377
605.7134	1.0227825243528377
606.7134	1.0227825243528377
607.7134	1.0227825243528377
608.7134	1.0227825243528377
609.7134	1.0227825243528377
610.7134	1.0227825243528377
611.7134	1.0227825243528377
612.7134	1.0227825243528377
613.7134	1.0227825243528377
614.7134	1.0227825243528377
615.7134	1.0227825243528377
616.7134	1.0227825243528377
617.7134	1.0227825243528377
618.7134	1.0227825243528377
619.7134	1.0227825243528377
620.7134	1.0227825243528377
621.7134	1.0227825243528377
622.7134	1.0227825243528377
623.7134	1.0227825243528377
624.7134	1.0227825243528377
625.7134	1.0227825243528377
626.7134	1.0227825243528377
627.7134	1.0227825243528377
628.7134	1.0227825243528377
629.7134	1.0227825243528377
630.7134	1.0227825243528377
631.7134	1.0227825243528377
632.7134	1.0227825243528377
633.7134	1.0227825243528377
634.7134	1.0227825243528377
635.7134	1.0227825243528377
636.7134	1.0227825243528377
637.7134	1.0227825243528377
638.7134	1.0227825243528377
639.7134	1.0227825243528377
640.7134	1.0227825243528377
641.7134	1.0227825243528377
642.7134	1.0227825243528377
643.7134	1.0227825243528377
644.7134	1.0227825243528377
645.7134	1.0227825243528377
646.7134	1.0227825243528377
647.7134	1.0227825243528377
648.7134	1.0227825243528377
649.7134	1.0227825243528377
650.7134	1.0227825243528377
651.7134	1.0227825243528377
652.7134	1.0227825243528377
653.7134	1.0227825243528377
654.7134	1.0227825243528377
655.7134	1.0227825243528377
656.7134	1.0227825243528377
657.7134	1.0227825243528377
658.7134	1.0227825243528377
659.7134	1.0227825243528377
660.7134	1.0227825243528377
661.7134	1.0227825243528377
662.7134	1.0227825243528377
663.7134	1.0227825243528377
664.7134	1.0227825243528377
665.7134	1.0227825243528377
666.7134	1.0227825243528377
667.7134	1.0227825243528377
668.7134	1.0227825243528377
669.7134	1.0227825243528377
670.7134	1.0227825243528377
671.7134	1.0227825243528377
672.7134	1.0227825243528377
673.7134	1.0227825243528377
674.7134	1.0227825243528377
675.7134	1.0227825243528377
676.7134	1.0227825243528377
677.7134	1.0227825243528377
678.7134	1.0227825243528377
679.7134	1.0227825243528377
680.7134	1.0227825243528377
681.7134	1.0227825243528377
682.7134	1.0227825243528377
683.7134	1.0227825243528377
684.7134	1.0227825243528377
685.7134	1.0227825243528377
686.7134	1.0227825243528377
687.7134	1.0227825243528377
688.7134	1.0227825243528377
689.7134	1.0227825243528377
690.7134	1.0227825243528377
691.7134	1.0227825243528377
692.7134	1.0227825243528377
693.7134	1.0227825243528377
694.7134	1.0227825243528377
695.7134	1.0227825243528377
696.7134	1.0227825243528377
697.7134	1.0227825243528377
698.7134	1.0227825243528377
699.7134	1.0227825243528377
700.7134	1.0227825243528377
701.7134	1.0227825243528377
702.7134	1.0227825243528377
703.7134	1.0227825243528377
704.7134	1.0227825243528377
705.7134	1.0227825243528377
706.7134	1.0227825243528377
707.7134	1.0227825243528377
708.7134	1.0227825243528377
709.7134	1.0227825243528377
710.7134	1.0227825243528377
711.7134	1.0227825243528377
712.7134	1.0227825243528377
713.7134	1.0227825243528377
714.7134	1.0227825243528377
715.7134	1.0227825243528377
716.7134	1.0227825243528377
717.7134	1.0227825243528377
718.7134	1.0227825243528377
719.7134	1.0227825243528377
720.7134	1.0227825243528377
721.7134	1.0227825243528377
722.7134	1.0227825243528377
723.7134	1.0227825243528377
724.7134	1.0227825243528377
725.7134	1.0227825243528377
726.7134	1.0227825243528377
727.7134	1.0227825243528377
728.7134	1.0227825243528377
729.7134	1.0227825243528377
730.7134	1.0227825243528377
731.7134	1.0227825243528377
732.7134	1.0227825243528377
733.7134	1.0227825243528377
734.7134	1.0227825243528377
735.7134	1.0227825243528377
736.7134	1.0227825243528377
737.7134	1.0227825243528377
738.7134	1.0227825243528377
739.7134	1.0227825243528377
740.7134	1.0227825243528377
741.7134	1.0227825243528377
742.7134000000001	1.0227825243528377
743.7134000000001	1.0227825243528377
744.7134000000001	1.0227825243528377
745.7134000000001	1.0227825243528377
746.7134000000001	1.0227825243528377
747.7134000000001	1.0227825243528377
748.7134000000001	1.0227825243528377
749.7134000000001	1.0227825243528377
750.7134000000001	1.0227825243528377
751.7134000000001	1.0227825243528377
752.7134000000001	1.0227825243528377
753.7134000000001	1.0227825243528377
754.7134000000001	1.0227825243528377
755.7134000000001	1.0227825243528377
756.7134000000001	1.0227825243528377
757.7134000000001	1.0227825243528377
758.7134000000001	1.0227825243528377
759.7134000000001	1.0227825243528377
760.7134000000001	1.0227825243528377
761.7134000000001	1.0227825243528377
762.7134000000001	1.0227825243528377
763.7134000000001	1.0227825243528377
764.7134000000001	1.0227825243528377
765.7134000000001	1.0227825243528377
766.7134000000001	1.0227825243528377
767.7134000000001	1.0227825243528377
768.7134000000001	1.0227825243528377
769.7134000000001	1.0227825243528377
770.7134000000001	1.0227825243528377
771.7134000000001	1.0227825243528377
772.7134000000001	1.0227825243528377
773.7134000000001	1.0227825243528377
774.7134000000001	1.0227825243528377
775.7134000000001	1.0227825243528377
776.7134000000001	1.0227825243528377
777.7134000000001	1.0227825243528377
778.7134000000001	1.0227825243528377
779.7134000000001	1.0227825243528377
780.7134000000001	1.0227825243528377
781.7134000000001	1.0227825243528377
782.7134000000001	1.0227825243528377
783.7134000000001	1.0227825243528377
784.7134000000001	1.0227825243528377
785.7134000000001	1.0227825243528377
786.7134000000001	1.0227825243528377
787.7134000000001	1.0227825243528377
788.7134000000001	1.0227825243528377
789.7134000000001	1.0227825243528377
790.7134000000001	1.0227825243528377
791.7134000000001	1.0227825243528377
792.7134000000001	1.0227825243528377
793.7134000000001	1.0227825243528377
794.7134000000001	1.0227825243528377
795.7134000000001	1.0227825243528377
796.7134000000001	1.0227825243528377
797.7134000000001	1.0227825243528377
798.7134000000001	1.0227825243528377
799.7134000000001	1.0227825243528377
800.7134000000001	1.0227825243528377
801.7134000000001	1.0227825243528377
802.7134000000001	1.0227825243528377
803.7134000000001	1.0227825243528377
804.7134000000001	1.0227825243528377
805.7134000000001	1.0227825243528377
806.7134000000001	1.0227825243528377
807.7134000000001	1.0227825243528377
808.7134000000001	1.0227825243528377
809.7134000000001	1.0227825243528377
810.7134000000001	1.0227825243528377
811.7134000000001	1.0227825243528377
812.7134000000001	1.0227825243528377
813.7134000000001	1.0227825243528377
814.7134000000001	1.0227825243528377
815.7134000000001	1.0227825243528377
816.7134000000001	1.0227825243528377
817.7134000000001	1.0227825243528377
818.7134000000001	1.0227825243528377
819.7134000000001	1.0227825243528377
820.7134000000001	1.0227825243528377
821.7134000000001	1.0227825243528377
822.7134000000001	1.0227825243528377
823.7134000000001	1.0227825243528377
824.7134000000001	1.0227825243528377
825.7134000000001	1.0227825243528377
826.7134000000001	1.0227825243528377
827.7134000000001	1.0227825243528377
828.7134000000001	1.0227825243528377
829.7134000000001	1.0227825243528377
830.7134000000001	1.0227825243528377
831.7134000000001	1.0227825243528377
832.7134000000001	1.0227825243528377
833.7134000000001	1.0227825243528377
834.7134000000001	1.0227825243528377
835.7134000000001	1.0227825243528377
836.7134000000001	1.0227825243528377
837.7134000000001	1.0227825243528377
838.7134000000001	1.0227825243528377
839.7134000000001	1.0227825243528377
840.7134000000001	1.0227825243528377
841.7134000000001	1.0227825243528377
842.7134000000001	1.0227825243528377
843.7134000000001	1.0227825243528377
844.7134000000001	1.0227825243528377
845.7134000000001	1.0227825243528377
846.7134000000001	1.0227825243528377
847.7134000000001	1.0227825243528377
848.7134000000001	1.0227825243528377
849.7134000000001	1.0227825243528377
850.7134000000001	1.0227825243528377
851.7134000000001	1.0227825243528377
852.7134000000001	1.0227825243528377
853.7134000000001	1.0227825243528377
854.7134000000001	1.0227825243528377
855.7134000000001	1.0227825243528377
856.7134000000001	1.0227825243528377
857.7134000000001	1.0227825243528377
858.7134000000001	1.0227825243528377
859.7134000000001	1.0227825243528377
860.7134000000001	1.0227825243528377
861.7134000000001	1.0227825243528377
862.7134000000001	1.0227825243528377
863.7134000000001	1.0227825243528377
864.7134000000001	1.0227825243528377
865.7134000000001	1.0227825243528377
866.7134000000001	1.0227825243528377
867.7134000000001	1.0227825243528377
868.7134000000001	1.0227825243528377
869.7134000000001	1.0227825243528377
870.7134000000001	1.0227825243528377
871.7134000000001	1.0227825243528377
872.7134000000001	1.0227825243528377
873.7134000000001	1.0227825243528377
874.7134000000001	1.0227825243528377
875.7134000000001	1.0227825243528377
876.7134000000001	1.0227825243528377
877.7134000000001	1.0227825243528377
878.7134000000001	1.0227825243528377
879.7134000000001	1.0227825243528377
880.7134000000001	1.0227825243528377
881.7134000000001	1.0227825243528377
882.7134000000001	1.0227825243528377
883.7134000000001	1.0227825243528377
884.7134000000001	1.0227825243528377
885.7134000000001	1.0227825243528377
886.7134000000001	1.0227825243528377
887.7134000000001	1.0227825243528377
888.7134000000001	1.0227825243528377
889.7134000000001	1.0227825243528377
890.7134000000001	1.0227825243528377
891.7134000000001	1.0227825243528377
892.7134000000001	1.0227825243528377
893.7134000000001	1.0227825243528377
894.7134000000001	1.0227825243528377
895.7134000000001	1.0227825243528377
896.7134000000001	1.0227825243528377
897.7134000000001	1.0227825243528377
898.7134000000001	1.0227825243528377
899.7134000000001	1.0227825243528377
900.7134000000001	1.0227825243528377
901.7134000000001	1.0227825243528377
902.7134000000001	1.0227825243528377
903.7134000000001	1.0227825243528377
904.7134000000001	1.0227825243528377
905.7134000000001	1.0227825243528377
906.7134000000001	1.0227825243528377
907.7134000000001	1.0227825243528377
908.7134000000001	1.0227825243528377
909.7134000000001	1.0227825243528377
910.7134000000001	1.0227825243528377
911.7134000000001	1.0227825243528377
912.7134000000001	1.0227825243528377
913.7134000000001	1.0227825243528377
914.7134000000001	1.0227825243528377
915.7134000000001	1.0227825243528377
916.7134000000001	1.0227825243528377
917.7134000000001	1.0227825243528377
918.7134000000001	1.0227825243528377
919.7134000000001	1.0227825243528377
920.7134000000001	1.0227825243528377
921.7134000000001	1.0227825243528377
922.7134000000001	1.0227825243528377
923.7134000000001	1.0227825243528377
924.7134000000001	1.0227825243528377
925.7134000000001	1.0227825243528377
926.7134000000001	1.0227825243528377
927.7134000000001	1.0227825243528377
928.7134000000001	1.0227825243528377
929.7134000000001	1.0227825243528377
930.7134000000001	1.0227825243528377
931.7134000000001	1.0227825243528377
932.7134000000001	1.0227825243528377
933.7134000000001	1.0227825243528377
934.7134000000001	1.0227825243528377
935.7134000000001	1.0227825243528377
936.7134000000001	1.0227825243528377
937.7134000000001	1.0227825243528377
938.7134000000001	1.0227825243528377
939.7134000000001	1.0227825243528377
940.7134000000001	1.0227825243528377
941.7134000000001	1.0227825243528377
942.7134000000001	1.0227825243528377
943.7134000000001	1.0227825243528377
944.7134000000001	1.0227825243528377
945.7134000000001	1.0227825243528377
946.7134000000001	1.0227825243528377
947.7134000000001	1.0227825243528377
948.7134000000001	1.0227825243528377
949.7134000000001	1.0227825243528377
950.7134000000001	1.0227825243528377
951.7134000000001	1.0227825243528377
952.7134000000001	1.0227825243528377
953.7134000000001	1.0227825243528377
954.7134000000001	1.0227825243528377
955.7134000000001	1.0227825243528377
956.7134000000001	1.0227825243528377
957.7134000000001	1.0227825243528377
958.7134000000001	1.0227825243528377
959.7134000000001	1.0227825243528377
960.7134000000001	1.0227825243528377
961.7134000000001	1.0227825243528377
962.7134000000001	1.0227825243528377
963.7134000000001	1.0227825243528377
964.7134000000001	1.0227825243528377
965.7134000000001	1.0227825243528377
966.7134000000001	1.0227825243528377
967.7134000000001	1.0227825243528377
968.7134000000001	1.0227825243528377
969.7134000000001	1.0227825243528377
970.7134000000001	1.0227825243528377
971.7134000000001	1.0227825243528377
972.7134000000001	1.0227825243528377
973.7134000000001	1.0227825243528377
974.7134000000001	1.0227825243528377
975.7134000000001	1.0227825243528377
976.7134000000001	1.0227825243528377
977.7134000000001	1.0227825243528377
978.7134000000001	1.0227825243528377
979.7134000000001	1.0227825243528377
980.7134000000001	1.0227825243528377
981.7134000000001	1.0227825243528377
982.7134000000001	1.0227825243528377
983.7134000000001	1.0227825243528377
984.7134000000001	1.0227825243528377
985.7134000000001	1.0227825243528377
986.7134000000001	1.0227825243528377
987.7134000000001	1.0227825243528377
988.7134000000001	1.0227825243528377
989.7134000000001	1.0227825243528377
990.7134000000001	1.0227825243528377
991.7134000000001	1.0227825243528377
992.7134000000001	1.0227825243528377
993.7134000000001	1.0227825243528377
994.7134000000001	1.0227825243528377
995.7134000000001	1.0227825243528377
996.7134000000001	1.0227825243528377
997.7134000000001	1.0227825243528377
998.7134000000001	1.0227825243528377
999.7134000000001	1.0227825243528377
