0.7568	0.5248906061865859
1.7493	0.5255872154614367
2.7362	0.5205157734308199
3.7206	0.5185938329373306
4.7056000000000004	0.5176597589670889
5.6912	0.5124214777318389
6.6774000000000004	0.5100520540387734
7.6642	0.5067511179973028
8.6517	0.5054246992360854
9.639800000000001	0.5047498236731036
10.6285	0.5051965483100456
11.6179	0.505248378716238
12.6079	0.5051205112582376
13.598500000000001	0.5014142121094003
14.5897	0.500390456275563
15.5815	0.4975755514142043
16.573800000000002	0.49699244302570844
17.5667	0.49605415492052796
18.560100000000002	0.49171649270866036
19.554000000000002	0.48644060032975434
20.5397	0.482128175284286
21.524900000000002	0.4728127878427859
22.5105	0.45544802649553895
23.4964	0.44857131821437113
24.4826	0.4477458416039768
25.4691	0.44713382481063
26.456	0.44806828183277514
27.4432	0.45024320274782903
28.4308	0.4504326571024767
29.4187	0.45079477793349887
30.407	0.4501699554819566
31.3957	0.4512021271822515
32.3848	0.45358796315217575
33.3743	0.45525837086150267
34.3641	0.46181321502301653
35.3543	0.46430573105980755
36.3449	0.4682342790237717
37.3359	0.47116715915013985
38.327400000000004	0.4732956554976975
39.3194	0.47684630627740066
40.3119	0.48235775648730916
41.3049	0.49040497043569875
42.2984	0.4970081026374935
43.2924	0.4993046450982397
44.287	0.5098030132141154
45.2779	0.5356715959280413
46.2637	0.5465163021261212
47.249900000000004	0.5509373746807872
48.2365	0.5557410915511808
49.223600000000005	0.5585413111736399
50.211200000000005	0.5619726503271574
51.199200000000005	0.5663869324158883
52.1877	0.5713816159457906
53.176700000000004	0.5587152553749893
54.1661	0.5558607456020147
55.156000000000006	0.5524892513739975
56.1464	0.5517235887408826
57.1372	0.5516928529919428
58.1285	0.553737857658656
59.120400000000004	0.555669332398645
60.1128	0.5531792981027068
61.096000000000004	0.550151757520998
62.079800000000006	0.551127587973198
63.064	0.5522136142166428
64.0487	0.5540203902757818
65.0339	0.553999111491916
66.0196	0.5550911182323671
67.00580000000001	0.556435804808044
67.9925	0.5547616543106504
68.97970000000001	0.551645509467678
69.9674	0.5432350685722326
70.9556	0.5336786174020896
71.9443	0.5136600850279149
72.93350000000001	0.5095293899597249
73.9233	0.48870600454143487
74.9135	0.45789751770704634
75.9042	0.4459678991610262
76.8953	0.4418027593769497
77.8869	0.43984467564160346
78.879	0.43784970333674056
79.8716	0.4287783768164548
80.8648	0.4202737659811825
81.85860000000001	0.41899909287478887
82.85300000000001	0.41843998646207736
83.848	0.41556675659766706
84.84360000000001	0.4156721883938661
85.8399	0.41595293188822446
86.8369	0.42420842471355114
87.8251	0.43044507249439345
88.8138	0.4551264123474136
89.803	0.4713666391867255
90.79260000000001	0.485027949256822
91.7827	0.4980350981794772
92.7733	0.5155505310384876
93.76440000000001	0.5259786620862623
94.756	0.5336952765172063
95.74810000000001	0.5435421522829755
96.7407	0.5604312724314497
97.7338	0.5697285889757767
98.7175	0.5709162333697684
99.7016	0.5720735718879681
100.686	0.5712357843239905
101.6708	0.5708622834906
102.656	0.5689778018275943
103.64160000000001	0.5670257664385273
104.62750000000001	0.5658817160204471
105.61380000000001	0.562585349084163
106.60050000000001	0.5574512071448534
107.58760000000001	0.5476893153068954
108.5751	0.5414140878928889
109.5631	0.5364772892725667
110.5515	0.5324778773234605
111.5404	0.5287241990485589
112.52980000000001	0.5213641657002219
113.5197	0.508192294552243
114.51	0.4946886957326093
115.50080000000001	0.47034694510922437
116.49210000000001	0.45733316899369136
117.4839	0.4486948537238069
118.4762	0.43784536846964794
119.46900000000001	0.41704154401911364
120.4623	0.3996672935391472
121.45620000000001	0.3894336654581241
122.45070000000001	0.40493798955698146
123.4458	0.4194320505843323
124.4415	0.435071260440102
125.4281	0.44108907351050997
126.41520000000001	0.45328213013125196
127.4028	0.4593398496750033
128.39090000000002	0.4627029185779281
129.3795	0.464576507523486
130.36860000000001	0.4684305460742
131.3581	0.4769900675191552
132.34810000000002	0.4809545062117244
133.3386	0.4875099416117512
134.3296	0.49024061372216865
135.3211	0.49498947147677064
136.31310000000002	0.4990548500664488
137.3056	0.4969974804508883
138.2987	0.49857703900086503
139.2923	0.5092484070719696
140.28650000000002	0.5333317312265119
141.28130000000002	0.5748357823231174
142.2768	0.5918938484945198
143.2631	0.6615616768132698
144.2499	0.6641742635764918
145.2372	0.6659426809981945
146.2251	0.6681156222237323
147.2136	0.6621669580508931
148.20260000000002	0.6564332975518964
149.1922	0.6339991633376532
150.1824	0.6096964870910745
151.1634	0.5999607001341684
152.14520000000002	0.5984081657386214
153.12730000000002	0.5957973296994781
154.1097	0.5910725813882027
155.0925	0.5790999610484915
156.0756	0.5746834943712619
157.05880000000002	0.5669685527907069
158.0422	0.5661486412355492
159.0258	0.5656580300374932
160.0095	0.5614211305266534
160.9934	0.5603631469366244
161.97750000000002	0.5535332024595537
162.9618	0.5549193438118836
163.9462	0.5477382489657614
164.9308	0.5406323512482509
165.9156	0.5368156928012062
166.9006	0.5279859397556897
167.88580000000002	0.5280282141316568
168.87120000000002	0.5286725957674095
169.85680000000002	0.5266717363184827
170.8426	0.5237533639449607
171.8287	0.506821628198357
172.815	0.4927273252644305
173.8015	0.4752065082843251
174.78820000000002	0.4659347569230641
175.7752	0.4214770101071581
176.7624	0.3953441648726337
177.74980000000002	0.3899924859991166
178.7375	0.3735078863988436
179.7255	0.3582321279364411
180.71370000000002	0.34981913431577394
181.7022	0.31193046376034994
182.691	0.3056785224144801
183.68	0.2878259440244719
184.66920000000002	0.2723218222294248
185.6586	0.24743892324985006
186.6483	0.24076401822052196
187.6382	0.22673302990163546
188.6283	0.19729953971494285
189.61860000000001	0.2781354407623551
190.6091	0.2863787930450423
191.59990000000002	0.2843290861124599
192.5909	0.2826847718188217
193.5821	0.28635864872029737
194.5735	0.28917598492793695
195.5652	0.28582365723333136
196.55710000000002	0.2874109637169193
197.5492	0.29212181976005125
198.5415	0.28838034085512443
199.53400000000002	0.31642524524843463
200.5267	0.3122427560505099
201.51950000000002	0.3158076265276252
202.51250000000002	0.318211773676609
203.50570000000002	0.32060280137861996
204.49900000000002	0.31945546338448594
205.4925	0.32529185451797105
206.4862	0.32386559986255703
207.48010000000002	0.3658298578981597
208.47410000000002	0.4480013356823652
209.4683	0.4667315685395528
210.4627	0.471387127575725
211.4573	0.4878440784990049
212.452	0.4889606403003065
213.4468	0.48980710738128364
214.4417	0.5098482054946784
215.4367	0.532190080761099
216.4319	0.5505104351750988
217.4272	0.5543951979381994
218.42260000000002	0.5579827520740697
219.4181	0.5472649531483174
220.4137	0.550630207043583
221.4095	0.610585697183852
222.40540000000001	0.6218659196931302
223.40140000000002	0.6395683814361658
224.3975	0.6384649017881677
225.3938	0.6539171833439626
226.39020000000002	0.6518152143702385
227.38670000000002	0.6495593241795599
228.38340000000002	0.6473552151303771
229.3802	0.6453801042193774
230.3771	0.6432008975729021
231.3742	0.6407352884340244
232.37140000000002	0.654318528888679
233.36880000000002	0.6513231689827559
234.36630000000002	0.6478451366589443
235.3639	0.6439320393399605
236.3617	0.6396425774787092
237.3596	0.6349556049584355
238.35770000000002	0.6569279525755398
239.35590000000002	0.7303008411771896
240.35430000000002	0.7275535483626442
241.3528	0.7319414623025975
242.35150000000002	0.7290883321571733
243.3504	0.7261983456751124
244.3494	0.7228077787273159
245.3486	0.7190285604301507
246.348	0.7355739141397759
247.3476	0.7529837051362174
248.34740000000002	0.7518538488078372
249.34300000000002	0.9312385725854155
250.33380000000002	0.931076670582502
251.3248	0.9310840073984772
252.316	0.9366657017883457
253.30730000000003	0.8625813422776357
254.2983	0.8864068844689648
255.28930000000003	0.8925679611673423
256.2804	0.8889740521613352
257.2706	0.9531265862844684
258.2608	0.9528366289294431
259.2511	0.9527659809365843
260.2414	0.9522657183921918
261.2318	0.9518043557598547
262.2222	0.9512008405162975
263.21270000000004	0.950632250414948
264.20320000000004	0.9499145007527445
265.1938	0.9492204717476754
266.1845	0.9484514537592238
267.1753	0.9485956502856463
268.1662	0.9482724954556773
269.1572	0.947879755515603
270.1483	0.948764654211868
271.1395	0.9488330301902513
272.1308	0.9501688598207534
273.1222	0.953287559414207
274.1136	0.9420900402798268
275.1049	0.9320915399192816
276.0962	0.932490055335102
277.08750000000003	0.9329892730945345
278.07800000000003	0.9409626936410901
279.0683	0.9468203834502268
280.0586	0.9099494486131539
281.0489	0.9597492768266951
282.0393	0.9657678688040454
283.0298	0.9667788848175667
284.0204	0.9672363255861932
285.0111	0.9676870641605287
286.00190000000003	0.9681277879854884
286.9929	0.9686491076376351
287.98400000000004	0.9690630680831113
288.9753	0.9695573643399454
289.9667	0.9363976941743305
290.9578	0.9725552810622751
291.9485	0.7065226357222724
292.93870000000004	0.7074701763788545
293.92920000000004	0.7087231001826348
294.92	0.710061234726306
295.9108	0.6755963939092144
296.9015	0.6450822539523595
297.8921	0.6537994189204995
298.8826	0.6627787064090718
299.873	0.6720629512244679
300.86330000000004	0.6814960694276417
301.8535	0.6346535369764312
302.8444	0.6220146794917323
303.8349	0.6419751259257429
304.8253	0.6629230605093479
305.8156	0.6842717416513158
306.80580000000003	0.7073139974993068
307.7962	0.9687850578771264
308.7867	0.9760937354531007
309.7769	0.9786417939407247
310.7671	0.9816427180262907
311.7573	0.9841663987877008
312.7475	0.9873712336486078
313.7378	0.8609466653532484
314.728	0.8975987268107304
315.7183	0.8236678309754081
316.7086	0.820441728186735
317.6988	0.8333264160177495
318.689	0.830396515845137
319.6804	0.9975385256290163
320.6719	0.7801940354214364
321.66310000000004	0.7888343565415967
322.6542	0.7618617479249491
323.6453	0.7688524379154246
324.6363	0.6590844301945582
325.6273	0.6593530389597609
326.6182	0.6595481294063825
327.60900000000004	0.6596707140844231
328.5998	0.6597948436530041
329.5905	0.65982071678645
330.5811	0.659798829126315
331.5716	0.7116925971602273
332.562	0.7117868447794191
333.55240000000003	0.7118831396376684
334.5427	0.7119498657420453
335.53290000000004	0.711918336325547
336.5246	0.9791877816240198
337.5161	0.9790072735012567
338.5075	0.9974137180465006
339.4988	0.9976808324891571
340.49	0.9979545132667772
341.4812	0.9983308500954003
342.4723	0.9986151087742888
343.4633	0.9989017254548076
344.4542	0.9991946271157611
345.445	0.9994898867783452
346.43580000000003	0.9998882073149393
347.42650000000003	1.0001991085646609
348.4171	1.0005120018739841
349.4076	1.0008311801637422
350.398	1.0011570093759636
351.3883	1.0014894895106492
352.37850000000003	1.0018239617049363
353.37190000000004	1.0055124317841306
354.36650000000003	1.0050754776640414
355.36080000000004	1.0047276640220246
356.3551	1.0048410893815554
357.3494	1.0049590546931757
358.3437	1.0050807592439088
359.338	1.005207244399224
360.33230000000003	1.0053242699300158
361.3265	1.0053352350220328
362.32070000000004	1.0054520753463363
363.3149	1.0055726549097528
364.3091	1.0056977859599177
365.30330000000004	1.0058288684112557
366.2975	1.0059369886294558
367.2916	1.0058611145113374
368.2857	1.0058871495370523
369.2798	1.0059131845627671
370.2739	1.005940034104611
371.26800000000003	1.0059668836464548
372.262	1.00589345080823
373.25600000000003	1.005922739361474
374.25	1.0059520279147183
375.244	1.0059821309840915
376.238	1.0060122340534645
377.2319	1.005942054742769
378.2258	1.005973784575907
379.21970000000005	1.0060055144090447
380.21360000000004	1.0060388710059474
381.2074	1.005971945222781
382.20120000000003	1.0060069285834483
383.195	1.0060419119441155
384.1888	1.0060777098209117
385.1825	1.006014037565275
386.1762	1.0060522744534715
387.16990000000004	1.006090511341668
388.16360000000003	1.0061295627459936
389.15720000000005	1.0060683317702503
390.1508	1.006109822185976
391.1444	1.0061521271178309
392.1379	1.0060941496696172
393.13140000000004	1.0061380813652367
394.1249	1.0061828275769853
395.11830000000003	1.0061281036563008
396.11170000000004	1.0061752888794495
397.1051	1.0062224741025985
398.0984	1.0061701914618078
399.0917	1.0062206302124859
400.08500000000004	1.006271883479293
401.07820000000004	1.0062228543660316
402.07140000000004	1.0062757343966036
403.06460000000004	1.00633024119094
404.0577	1.006284465605208
405.05080000000004	1.0063405991633092
406.04380000000003	1.0062980771051064
407.0368	1.006357464190737
408.0298	1.0064176657924964
409.02270000000004	1.006378397261823
410.0156	1.0064410378749828
411.0084	1.006404210624203
412.00120000000004	1.0064701047648923
412.9939	1.0064365310416419
413.9866	1.0065048664622247
414.9792	1.0064745462665035
415.97180000000003	1.0065461352146157
416.9644	1.0066193509264925
417.9569	1.0065922842583008
418.9493	1.0065676588700028
419.9417	1.0066457548731735
420.934	1.0066243830124046
421.9263	1.0067057325431048
422.9185	1.0066876142098655
423.9107	1.006772217268095
424.9028	1.006757352462385
425.8949	1.006845211316637
426.8869	1.0068336000384563
427.8788	1.0068244300401692
428.8707	1.006917981433351
429.8625	1.006912877210229
430.85420000000005	1.0069102142670006
431.84590000000003	1.007010272715241
432.83750000000003	1.0070108632995418
433.829	1.007014707411372
434.82050000000004	1.0071204606670354
435.81190000000004	1.0071275583063952
436.8032	1.007137909473284
437.7944	1.0071507019200665
438.78560000000004	1.007266215758318
439.7767	1.00728226173263
440.76770000000005	1.0073015612344713
441.7586	1.0073241142638418
442.74940000000004	1.0073491085731061
443.7402	1.0074768242738392
444.7309	1.0075058843582683
445.72150000000005	1.007538197970227
446.71200000000005	1.0075729528620792
447.7024	1.0076109612814608
448.6927	1.0076522232283718
449.6829	1.007696738702812
450.675	1.0247536369545394
451.66650000000004	1.0240142741793046
452.65790000000004	1.0239413896116394
453.6492	1.0238693397547174
454.64050000000003	1.02390064140761
455.6317	1.023829426261432
456.62280000000004	1.0237590458259977
457.6138	1.0236895001013075
458.60470000000004	1.023620789087361
459.59560000000005	1.0236554295832287
460.5864	1.0235875532800258
461.57710000000003	1.0235205116875667
462.5677	1.0234543048058518
463.5582	1.0233889326348804
464.5486	1.0233243951746527
465.5389	1.023260692425169
466.5291	1.023197824386429
467.5206	1.024576869220627
468.5206	1.0333617475548473
469.5206	1.0333617475548473
470.5206	1.0333617475548473
471.5206	1.0333617475548473
472.5206	1.0333617475548473
473.5206	1.0333617475548473
474.5206	1.0333617475548473
475.5206	1.0333617475548473
476.5206	1.0333617475548473
477.5206	1.0333617475548473
478.5206	1.0333617475548473
479.5206	1.0333617475548473
480.5206	1.0333617475548473
481.5206	1.0333617475548473
482.5206	1.0333617475548473
483.5206	1.0333617475548473
484.5206	1.0333617475548473
485.5206	1.0333617475548473
486.5206	1.0333617475548473
487.5206	1.0333617475548473
488.5206	1.0333617475548473
489.5206	1.0333617475548473
490.5206	1.0333617475548473
491.5206	1.0333617475548473
492.5206	1.0333617475548473
493.5206	1.0333617475548473
494.5206	1.0333617475548473
495.5206	1.0333617475548473
496.5206	1.0333617475548473
497.5206	1.0333617475548473
498.5206	1.0333617475548473
499.5206	1.0333617475548473
500.5206	1.0333617475548473
501.5206	1.0333617475548473
502.5206	1.0333617475548473
503.5206	1.0333617475548473
504.5206	1.0333617475548473
505.5206	1.0333617475548473
506.5206	1.0333617475548473
507.5206	1.0333617475548473
508.5206	1.0333617475548473
509.5206	1.0333617475548473
510.5206	1.0333617475548473
511.5206	1.0333617475548473
512.5206000000001	1.0333617475548473
513.5206000000001	1.0333617475548473
514.5206000000001	1.0333617475548473
515.5206000000001	1.0333617475548473
516.5206000000001	1.0333617475548473
517.5206000000001	1.0333617475548473
518.5206000000001	1.0333617475548473
519.5206000000001	1.0333617475548473
520.5206000000001	1.0333617475548473
521.5206000000001	1.0333617475548473
522.5206000000001	1.0333617475548473
523.5206000000001	1.0333617475548473
524.5206000000001	1.0333617475548473
525.5206000000001	1.0333617475548473
526.5206000000001	1.0333617475548473
527.5206000000001	1.0333617475548473
528.5206000000001	1.0333617475548473
529.5206000000001	1.0333617475548473
530.5206000000001	1.0333617475548473
531.5206000000001	1.0333617475548473
532.5206000000001	1.0333617475548473
533.5206000000001	1.0333617475548473
534.5206000000001	1.0333617475548473
535.5206000000001	1.0333617475548473
536.5206000000001	1.0333617475548473
537.5206000000001	1.0333617475548473
538.5206000000001	1.0333617475548473
539.5206000000001	1.0333617475548473
540.5206000000001	1.0333617475548473
541.5206000000001	1.0333617475548473
542.5206000000001	1.0333617475548473
543.5206000000001	1.0333617475548473
544.5206000000001	1.0333617475548473
545.5206000000001	1.0333617475548473
546.5206000000001	1.0333617475548473
547.5206000000001	1.0333617475548473
548.5206000000001	1.0333617475548473
549.5206000000001	1.0333617475548473
550.5206000000001	1.0333617475548473
551.5206000000001	1.0333617475548473
552.5206000000001	1.0333617475548473
553.5206000000001	1.0333617475548473
554.5206000000001	1.0333617475548473
555.5206000000001	1.0333617475548473
556.5206000000001	1.0333617475548473
557.5206000000001	1.0333617475548473
558.5206000000001	1.0333617475548473
559.5206000000001	1.0333617475548473
560.5206000000001	1.0333617475548473
561.5206000000001	1.0333617475548473
562.5206000000001	1.0333617475548473
563.5206000000001	1.0333617475548473
564.5206000000001	1.0333617475548473
565.5206000000001	1.0333617475548473
566.5206000000001	1.0333617475548473
567.5206000000001	1.0333617475548473
568.5206000000001	1.0333617475548473
569.5206000000001	1.0333617475548473
570.5206000000001	1.0333617475548473
571.5206000000001	1.0333617475548473
572.5206000000001	1.0333617475548473
573.5206000000001	1.0333617475548473
574.5206000000001	1.0333617475548473
575.5206000000001	1.0333617475548473
576.5206000000001	1.0333617475548473
577.5206000000001	1.0333617475548473
578.5206000000001	1.0333617475548473
579.5206000000001	1.0333617475548473
580.5206000000001	1.0333617475548473
581.5206000000001	1.0333617475548473
582.5206000000001	1.0333617475548473
583.5206000000001	1.0333617475548473
584.5206000000001	1.0333617475548473
585.5206000000001	1.0333617475548473
586.5206000000001	1.0333617475548473
587.5206000000001	1.0333617475548473
588.5206000000001	1.0333617475548473
589.5206000000001	1.0333617475548473
590.5206000000001	1.0333617475548473
591.5206000000001	1.0333617475548473
592.5206000000001	1.0333617475548473
593.5206000000001	1.0333617475548473
594.5206000000001	1.0333617475548473
595.5206000000001	1.0333617475548473
596.5206000000001	1.0333617475548473
597.5206000000001	1.0333617475548473
598.5206000000001	1.0333617475548473
599.5206000000001	1.0333617475548473
600.5206000000001	1.0333617475548473
601.5206000000001	1.0333617475548473
602.5206000000001	1.0333617475548473
603.5206000000001	1.0333617475548473
604.5206000000001	1.0333617475548473
605.5206000000001	1.0333617475548473
606.5206000000001	1.0333617475548473
607.5206000000001	1.0333617475548473
608.5206000000001	1.0333617475548473
609.5206000000001	1.0333617475548473
610.5206000000001	1.0333617475548473
611.5206000000001	1.0333617475548473
612.5206000000001	1.0333617475548473
613.5206000000001	1.0333617475548473
614.5206000000001	1.0333617475548473
615.5206000000001	1.0333617475548473
616.5206000000001	1.0333617475548473
617.5206000000001	1.0333617475548473
618.5206000000001	1.0333617475548473
619.5206000000001	1.0333617475548473
620.5206000000001	1.0333617475548473
621.5206000000001	1.0333617475548473
622.5206000000001	1.0333617475548473
623.5206000000001	1.0333617475548473
624.5206000000001	1.0333617475548473
625.5206000000001	1.0333617475548473
626.5206000000001	1.0333617475548473
627.5206000000001	1.0333617475548473
628.5206000000001	1.0333617475548473
629.5206000000001	1.0333617475548473
630.5206000000001	1.0333617475548473
631.5206000000001	1.0333617475548473
632.5206000000001	1.0333617475548473
633.5206000000001	1.0333617475548473
634.5206000000001	1.0333617475548473
635.5206000000001	1.0333617475548473
636.5206000000001	1.0333617475548473
637.5206000000001	1.0333617475548473
638.5206000000001	1.0333617475548473
639.5206000000001	1.0333617475548473
640.5206000000001	1.0333617475548473
641.5206000000001	1.0333617475548473
642.5206000000001	1.0333617475548473
643.5206000000001	1.0333617475548473
644.5206000000001	1.0333617475548473
645.5206000000001	1.0333617475548473
646.5206000000001	1.0333617475548473
647.5206000000001	1.0333617475548473
648.5206000000001	1.0333617475548473
649.5206000000001	1.0333617475548473
650.5206000000001	1.0333617475548473
651.5206000000001	1.0333617475548473
652.5206000000001	1.0333617475548473
653.5206000000001	1.0333617475548473
654.5206000000001	1.0333617475548473
655.5206000000001	1.0333617475548473
656.5206000000001	1.0333617475548473
657.5206000000001	1.0333617475548473
658.5206000000001	1.0333617475548473
659.5206000000001	1.0333617475548473
660.5206000000001	1.0333617475548473
661.5206000000001	1.0333617475548473
662.5206000000001	1.0333617475548473
663.5206000000001	1.0333617475548473
664.5206000000001	1.0333617475548473
665.5206000000001	1.0333617475548473
666.5206000000001	1.0333617475548473
667.5206000000001	1.0333617475548473
668.5206000000001	1.0333617475548473
669.5206000000001	1.0333617475548473
670.5206000000001	1.0333617475548473
671.5206000000001	1.0333617475548473
672.5206000000001	1.0333617475548473
673.5206000000001	1.0333617475548473
674.5206000000001	1.0333617475548473
675.5206000000001	1.0333617475548473
676.5206000000001	1.0333617475548473
677.5206000000001	1.0333617475548473
678.5206000000001	1.0333617475548473
679.5206000000001	1.0333617475548473
680.5206000000001	1.0333617475548473
681.5206000000001	1.0333617475548473
682.5206000000001	1.0333617475548473
683.5206000000001	1.0333617475548473
684.5206000000001	1.0333617475548473
685.5206000000001	1.0333617475548473
686.5206000000001	1.0333617475548473
687.5206000000001	1.0333617475548473
688.5206000000001	1.0333617475548473
689.5206000000001	1.0333617475548473
690.5206000000001	1.0333617475548473
691.5206000000001	1.0333617475548473
692.5206000000001	1.0333617475548473
693.5206000000001	1.0333617475548473
694.5206000000001	1.0333617475548473
695.5206000000001	1.0333617475548473
696.5206000000001	1.0333617475548473
697.5206000000001	1.0333617475548473
698.5206000000001	1.0333617475548473
699.5206000000001	1.0333617475548473
700.5206000000001	1.0333617475548473
701.5206000000001	1.0333617475548473
702.5206000000001	1.0333617475548473
703.5206000000001	1.0333617475548473
704.5206000000001	1.0333617475548473
705.5206000000001	1.0333617475548473
706.5206000000001	1.0333617475548473
707.5206000000001	1.0333617475548473
708.5206000000001	1.0333617475548473
709.5206000000001	1.0333617475548473
710.5206000000001	1.0333617475548473
711.5206000000001	1.0333617475548473
712.5206000000001	1.0333617475548473
713.5206000000001	1.0333617475548473
714.5206000000001	1.0333617475548473
715.5206000000001	1.0333617475548473
716.5206000000001	1.0333617475548473
717.5206000000001	1.0333617475548473
718.5206000000001	1.0333617475548473
719.5206000000001	1.0333617475548473
720.5206000000001	1.0333617475548473
721.5206000000001	1.0333617475548473
722.5206000000001	1.0333617475548473
723.5206000000001	1.0333617475548473
724.5206000000001	1.0333617475548473
725.5206000000001	1.0333617475548473
726.5206000000001	1.0333617475548473
727.5206000000001	1.0333617475548473
728.5206000000001	1.0333617475548473
729.5206000000001	1.0333617475548473
730.5206000000001	1.0333617475548473
731.5206000000001	1.0333617475548473
732.5206000000001	1.0333617475548473
733.5206000000001	1.0333617475548473
734.5206000000001	1.0333617475548473
735.5206000000001	1.0333617475548473
736.5206000000001	1.0333617475548473
737.5206000000001	1.0333617475548473
738.5206000000001	1.0333617475548473
739.5206000000001	1.0333617475548473
740.5206000000001	1.0333617475548473
741.5206000000001	1.0333617475548473
742.5206000000001	1.0333617475548473
743.5206000000001	1.0333617475548473
744.5206000000001	1.0333617475548473
745.5206000000001	1.0333617475548473
746.5206000000001	1.0333617475548473
747.5206000000001	1.0333617475548473
748.5206000000001	1.0333617475548473
749.5206000000001	1.0333617475548473
750.5206000000001	1.0333617475548473
751.5206000000001	1.0333617475548473
752.5206000000001	1.0333617475548473
753.5206000000001	1.0333617475548473
754.5206000000001	1.0333617475548473
755.5206000000001	1.0333617475548473
756.5206000000001	1.0333617475548473
757.5206000000001	1.0333617475548473
758.5206000000001	1.0333617475548473
759.5206000000001	1.0333617475548473
760.5206000000001	1.0333617475548473
761.5206000000001	1.0333617475548473
762.5206000000001	1.0333617475548473
763.5206000000001	1.0333617475548473
764.5206000000001	1.0333617475548473
765.5206000000001	1.0333617475548473
766.5206000000001	1.0333617475548473
767.5206000000001	1.0333617475548473
768.5206000000001	1.0333617475548473
769.5206000000001	1.0333617475548473
770.5206000000001	1.0333617475548473
771.5206000000001	1.0333617475548473
772.5206000000001	1.0333617475548473
773.5206000000001	1.0333617475548473
774.5206000000001	1.0333617475548473
775.5206000000001	1.0333617475548473
776.5206000000001	1.0333617475548473
777.5206000000001	1.0333617475548473
778.5206000000001	1.0333617475548473
779.5206000000001	1.0333617475548473
780.5206000000001	1.0333617475548473
781.5206000000001	1.0333617475548473
782.5206000000001	1.0333617475548473
783.5206000000001	1.0333617475548473
784.5206000000001	1.0333617475548473
785.5206000000001	1.0333617475548473
786.5206000000001	1.0333617475548473
787.5206000000001	1.0333617475548473
788.5206000000001	1.0333617475548473
789.5206000000001	1.0333617475548473
790.5206000000001	1.0333617475548473
791.5206000000001	1.0333617475548473
792.5206000000001	1.0333617475548473
793.5206000000001	1.0333617475548473
794.5206000000001	1.0333617475548473
795.5206000000001	1.0333617475548473
796.5206000000001	1.0333617475548473
797.5206000000001	1.0333617475548473
798.5206000000001	1.0333617475548473
799.5206000000001	1.0333617475548473
800.5206000000001	1.0333617475548473
801.5206000000001	1.0333617475548473
802.5206000000001	1.0333617475548473
803.5206000000001	1.0333617475548473
804.5206000000001	1.0333617475548473
805.5206000000001	1.0333617475548473
806.5206000000001	1.0333617475548473
807.5206000000001	1.0333617475548473
808.5206000000001	1.0333617475548473
809.5206000000001	1.0333617475548473
810.5206000000001	1.0333617475548473
811.5206000000001	1.0333617475548473
812.5206000000001	1.0333617475548473
813.5206000000001	1.0333617475548473
814.5206000000001	1.0333617475548473
815.5206000000001	1.0333617475548473
816.5206000000001	1.0333617475548473
817.5206000000001	1.0333617475548473
818.5206000000001	1.0333617475548473
819.5206000000001	1.0333617475548473
820.5206000000001	1.0333617475548473
821.5206000000001	1.0333617475548473
822.5206000000001	1.0333617475548473
823.5206000000001	1.0333617475548473
824.5206000000001	1.0333617475548473
825.5206000000001	1.0333617475548473
826.5206000000001	1.0333617475548473
827.5206000000001	1.0333617475548473
828.5206000000001	1.0333617475548473
829.5206000000001	1.0333617475548473
830.5206000000001	1.0333617475548473
831.5206000000001	1.0333617475548473
832.5206000000001	1.0333617475548473
833.5206000000001	1.0333617475548473
834.5206000000001	1.0333617475548473
835.5206000000001	1.0333617475548473
836.5206000000001	1.0333617475548473
837.5206000000001	1.0333617475548473
838.5206000000001	1.0333617475548473
839.5206000000001	1.0333617475548473
840.5206000000001	1.0333617475548473
841.5206000000001	1.0333617475548473
842.5206000000001	1.0333617475548473
843.5206000000001	1.0333617475548473
844.5206000000001	1.0333617475548473
845.5206000000001	1.0333617475548473
846.5206000000001	1.0333617475548473
847.5206000000001	1.0333617475548473
848.5206000000001	1.0333617475548473
849.5206000000001	1.0333617475548473
850.5206000000001	1.0333617475548473
851.5206000000001	1.0333617475548473
852.5206000000001	1.0333617475548473
853.5206000000001	1.0333617475548473
854.5206000000001	1.0333617475548473
855.5206000000001	1.0333617475548473
856.5206000000001	1.0333617475548473
857.5206000000001	1.0333617475548473
858.5206000000001	1.0333617475548473
859.5206000000001	1.0333617475548473
860.5206000000001	1.0333617475548473
861.5206000000001	1.0333617475548473
862.5206000000001	1.0333617475548473
863.5206000000001	1.0333617475548473
864.5206000000001	1.0333617475548473
865.5206000000001	1.0333617475548473
866.5206000000001	1.0333617475548473
867.5206000000001	1.0333617475548473
868.5206000000001	1.0333617475548473
869.5206000000001	1.0333617475548473
870.5206000000001	1.0333617475548473
871.5206000000001	1.0333617475548473
872.5206000000001	1.0333617475548473
873.5206000000001	1.0333617475548473
874.5206000000001	1.0333617475548473
875.5206000000001	1.0333617475548473
876.5206000000001	1.0333617475548473
877.5206000000001	1.0333617475548473
878.5206000000001	1.0333617475548473
879.5206000000001	1.0333617475548473
880.5206000000001	1.0333617475548473
881.5206000000001	1.0333617475548473
882.5206000000001	1.0333617475548473
883.5206000000001	1.0333617475548473
884.5206000000001	1.0333617475548473
885.5206000000001	1.0333617475548473
886.5206000000001	1.0333617475548473
887.5206000000001	1.0333617475548473
888.5206000000001	1.0333617475548473
889.5206000000001	1.0333617475548473
890.5206000000001	1.0333617475548473
891.5206000000001	1.0333617475548473
892.5206000000001	1.0333617475548473
893.5206000000001	1.0333617475548473
894.5206000000001	1.0333617475548473
895.5206000000001	1.0333617475548473
896.5206000000001	1.0333617475548473
897.5206000000001	1.0333617475548473
898.5206000000001	1.0333617475548473
899.5206000000001	1.0333617475548473
900.5206000000001	1.0333617475548473
901.5206000000001	1.0333617475548473
902.5206000000001	1.0333617475548473
903.5206000000001	1.0333617475548473
904.5206000000001	1.0333617475548473
905.5206000000001	1.0333617475548473
906.5206000000001	1.0333617475548473
907.5206000000001	1.0333617475548473
908.5206000000001	1.0333617475548473
909.5206000000001	1.0333617475548473
910.5206000000001	1.0333617475548473
911.5206000000001	1.0333617475548473
912.5206000000001	1.0333617475548473
913.5206000000001	1.0333617475548473
914.5206000000001	1.0333617475548473
915.5206000000001	1.0333617475548473
916.5206000000001	1.0333617475548473
917.5206000000001	1.0333617475548473
918.5206000000001	1.0333617475548473
919.5206000000001	1.0333617475548473
920.5206000000001	1.0333617475548473
921.5206000000001	1.0333617475548473
922.5206000000001	1.0333617475548473
923.5206000000001	1.0333617475548473
924.5206000000001	1.0333617475548473
925.5206000000001	1.0333617475548473
926.5206000000001	1.0333617475548473
927.5206000000001	1.0333617475548473
928.5206000000001	1.0333617475548473
929.5206000000001	1.0333617475548473
930.5206000000001	1.0333617475548473
931.5206000000001	1.0333617475548473
932.5206000000001	1.0333617475548473
933.5206000000001	1.0333617475548473
934.5206000000001	1.0333617475548473
935.5206000000001	1.0333617475548473
936.5206000000001	1.0333617475548473
937.5206000000001	1.0333617475548473
938.5206000000001	1.0333617475548473
939.5206000000001	1.0333617475548473
940.5206000000001	1.0333617475548473
941.5206000000001	1.0333617475548473
942.5206000000001	1.0333617475548473
943.5206000000001	1.0333617475548473
944.5206000000001	1.0333617475548473
945.5206000000001	1.0333617475548473
946.5206000000001	1.0333617475548473
947.5206000000001	1.0333617475548473
948.5206000000001	1.0333617475548473
949.5206000000001	1.0333617475548473
950.5206000000001	1.0333617475548473
951.5206000000001	1.0333617475548473
952.5206000000001	1.0333617475548473
953.5206000000001	1.0333617475548473
954.5206000000001	1.0333617475548473
955.5206000000001	1.0333617475548473
956.5206000000001	1.0333617475548473
957.5206000000001	1.0333617475548473
958.5206000000001	1.0333617475548473
959.5206000000001	1.0333617475548473
960.5206000000001	1.0333617475548473
961.5206000000001	1.0333617475548473
962.5206000000001	1.0333617475548473
963.5206000000001	1.0333617475548473
964.5206000000001	1.0333617475548473
965.5206000000001	1.0333617475548473
966.5206000000001	1.0333617475548473
967.5206000000001	1.0333617475548473
968.5206000000001	1.0333617475548473
969.5206000000001	1.0333617475548473
970.5206000000001	1.0333617475548473
971.5206000000001	1.0333617475548473
972.5206000000001	1.0333617475548473
973.5206000000001	1.0333617475548473
974.5206000000001	1.0333617475548473
975.5206000000001	1.0333617475548473
976.5206000000001	1.0333617475548473
977.5206000000001	1.0333617475548473
978.5206000000001	1.0333617475548473
979.5206000000001	1.0333617475548473
980.5206000000001	1.0333617475548473
981.5206000000001	1.0333617475548473
982.5206000000001	1.0333617475548473
983.5206000000001	1.0333617475548473
984.5206000000001	1.0333617475548473
985.5206000000001	1.0333617475548473
986.5206000000001	1.0333617475548473
987.5206000000001	1.0333617475548473
988.5206000000001	1.0333617475548473
989.5206000000001	1.0333617475548473
990.5206000000001	1.0333617475548473
991.5206000000001	1.0333617475548473
992.5206000000001	1.0333617475548473
993.5206000000001	1.0333617475548473
994.5206000000001	1.0333617475548473
995.5206000000001	1.0333617475548473
996.5206000000001	1.0333617475548473
997.5206000000001	1.0333617475548473
998.5206000000001	1.0333617475548473
999.5206000000001	1.0333617475548473
