0.9637	0.5055776399515151
1.9396	0.5099119900862324
2.9154	0.5135343433322607
3.891	0.5184345196159664
4.8665	0.5245466015644957
5.8419	0.5297361889640159
6.8173	0.5356460542387002
7.7927	0.5407250142839258
8.7681	0.5467872894504642
9.7423	0.5519393236203085
10.7079	0.5563549130719905
11.6731	0.5613540408765072
12.6378	0.5663891229784589
13.6109	0.5715885207587419
14.5851	0.5771148608858839
15.5592	0.5824890830680541
16.5332	0.5868726287908705
17.5072	0.589240836826118
18.4811	0.5926036888392554
19.457900000000002	0.5970821034294891
20.4326	0.5974351660442525
21.4069	0.5949559812144567
22.381400000000003	0.5957721932922497
23.356	0.5975506762671144
24.3308	0.5974805488621191
25.3058	0.5977375905944131
26.281000000000002	0.5899369842324964
27.256500000000003	0.5904191936433395
28.232200000000002	0.589191193727865
29.2082	0.5868111190044207
30.1844	0.5837033525987237
31.1609	0.5805417519330169
32.1376	0.5756559190974789
33.1146	0.5716772469578333
34.0919	0.5674619374565429
35.0696	0.5601783740922841
36.0476	0.5569094884972032
37.026	0.5500905835483627
38.0048	0.5441802599724082
38.981100000000005	0.5348753102588294
39.956	0.5341979027789567
40.9311	0.5336795502030812
41.9065	0.5248198506172665
42.882000000000005	0.5209084279898782
43.8577	0.5166269356758972
44.833600000000004	0.5174340340862713
45.8097	0.5139129650755294
46.785900000000005	0.5148413685894964
47.7623	0.5131381833568658
48.7389	0.5098184077243243
49.7156	0.5078427178719436
50.6924	0.5044850595304705
51.6694	0.49517660111166706
52.6465	0.4928553856105471
53.6238	0.485788083405313
54.6013	0.4863299889018937
55.578900000000004	0.4839351212025792
56.5567	0.4799264811897521
57.5347	0.4739441060658689
58.5129	0.4693526420608767
59.4913	0.4706113365874306
60.4699	0.46446872623356716
61.4487	0.45704952878105054
62.427800000000005	0.4529463459132559
63.4072	0.4504964908857877
64.38680000000001	0.44623227512062347
65.36670000000001	0.4461086996312591
66.34700000000001	0.43775341568842063
67.3274	0.43292958542318394
68.30760000000001	0.43014004071484946
69.2877	0.4455418618879494
70.2676	0.4342031267203186
71.2474	0.4082329450054525
72.22710000000001	0.4025743603153574
73.2067	0.40907118589237046
74.187	0.396191365559567
75.16770000000001	0.3918990700310052
76.14580000000001	0.3903857370819106
77.1241	0.38485003275182506
78.1027	0.3780512427148628
79.0815	0.38716377843993777
80.0605	0.3885952687441463
81.03970000000001	0.3856285323044535
82.019	0.38302489735616996
82.9985	0.3787874493093696
83.9782	0.3717184124658175
84.9581	0.35878052578547814
85.9383	0.35680735238732963
86.91810000000001	0.34653931840204977
87.89760000000001	0.3394630608355107
88.8773	0.3358549187372025
89.8572	0.328156450349532
90.8373	0.3200495993179886
91.81750000000001	0.31159630584659115
92.7979	0.3026360473370088
93.77850000000001	0.3020495165237791
94.75930000000001	0.28954221921056056
95.7403	0.2631210714237757
96.72160000000001	0.25767255652668053
97.7031	0.2553949278749367
98.6849	0.1814902708721653
99.6669	0.15343197803333708
100.6491	0.2700935660127475
101.6315	0.27508935287621816
102.61410000000001	0.2718601706357575
103.5969	0.27662082415798106
104.58	0.296233300692446
105.5633	0.305844639870161
106.54690000000001	0.3243517032739395
107.53070000000001	0.32094332391604063
108.51480000000001	0.3251722528111086
109.4992	0.3398856556799361
110.4839	0.3122235441889212
111.46900000000001	0.3084252241048723
112.453	0.3408420865026589
113.43730000000001	0.36284753396447933
114.41560000000001	0.37271886528763565
115.3939	0.36498266430309845
116.3722	0.3589802513814334
117.35050000000001	0.3434384400945333
118.3288	0.12179092049898532
119.3071	0.16772825441064043
120.28540000000001	0.2550172764940598
121.2638	0.26311557326171675
122.24220000000001	0.2645956574192707
123.22070000000001	0.2582033550436138
124.19930000000001	0.26080946660630133
125.17800000000001	0.25279876760416464
126.1568	0.24440064006414197
127.1357	0.24639743948347048
128.1147	0.2617591775662529
129.09390000000002	0.25359342033358656
130.0732	0.2523762867520909
131.05270000000002	0.3233605148917281
132.0324	0.3563074492570417
133.0123	0.3503890988129288
133.9924	0.3748155106399159
134.9726	0.37135568702509647
135.9528	0.36765943123460854
136.933	0.36378389713646997
137.91320000000002	0.35980534781443296
138.89350000000002	0.4049790942657465
139.87380000000002	0.4163569271995047
140.85410000000002	0.40522762976390436
141.83450000000002	0.3986618360698737
142.8149	0.39169671329732547
143.7953	0.3843413082546574
144.7757	0.37654839549550057
145.7561	0.36808685841731703
146.7365	0.3616592110754684
147.7168	0.37213513497494843
148.6971	0.3675420454455991
149.6775	0.3626043796440619
150.6579	0.35778522943419677
151.63830000000002	0.43915526498358104
152.61870000000002	0.4366777261610859
153.5992	0.4582409319835613
154.5797	0.4676592646162788
155.5603	0.4653639503126298
156.541	0.4629819066058125
157.5217	0.4595997030176161
158.502	0.49089554372676525
159.4821	0.4886496433069649
160.46200000000002	0.48664311013195083
161.4417	0.5087183788411525
162.4211	0.5076055517417476
163.40030000000002	0.5065502489742127
164.3792	0.5052610158446914
165.3579	0.527968420818598
166.3363	0.5538965756141243
167.3144	0.5533859246867722
168.2923	0.5528374060047991
169.2699	0.5521777457346921
170.24720000000002	0.5513135088046627
171.2242	0.5504098605495322
172.20090000000002	0.5671303557555525
173.1773	0.5655769201608146
174.1534	0.5638245175971577
175.1292	0.5792939066052278
176.1046	0.5779050470157134
177.0796	0.5820257295495439
178.0541	0.585755234654481
179.0281	0.6077588246877982
180.0016	0.6342176761406009
180.9746	0.6392784617709076
181.94740000000002	0.688406516271316
182.9203	0.7531852998867867
183.89260000000002	0.788940637515278
184.86440000000002	0.7978373127759462
185.8356	0.8068727151234043
186.80630000000002	0.8717486420506538
187.7964	0.9902540851043694
188.78990000000002	0.9958067162178733
189.78320000000002	0.9963854905628623
190.7765	0.9972259204801416
191.7698	0.9980537221474657
192.7631	0.9987632569103242
193.7564	0.9994916751579442
194.74970000000002	1.0002411097749533
195.74300000000002	1.0010077450950234
196.7363	1.0017964999170486
197.7296	1.0026084590336173
198.7229	1.003442427476046
199.71620000000001	1.0044705784819545
200.70950000000002	1.0052135610854864
201.7028	1.0059793047907424
202.6961	1.0067674106984281
203.6894	1.0075767922933696
204.6827	0.9975456344013854
205.6759	1.005604034198223
206.66910000000001	1.006687504595939
207.6622	1.006736292220884
208.6553	1.006887378658425
209.6484	1.0070411531945873
210.6414	1.0024282892826906
211.6344	1.002634786470188
212.62730000000002	1.0027431624990806
213.6202	1.0029519219532448
214.613	1.0030652443336794
215.60580000000002	1.0032776034727193
216.5986	1.0034948593135105
217.59130000000002	1.003614891773474
218.584	1.0038357428102516
219.5766	1.0039593749550904
220.56920000000002	1.0041838256767437
221.5617	1.0043128348357784
222.5542	1.0045426627076406
223.5466	1.0046752715515506
224.53900000000002	1.0049100320376083
225.53130000000002	1.0050466713650605
226.5235	1.0051851421605131
227.5157	1.005425764598113
228.5078	1.0055669328117742
229.49990000000003	1.0058111549342497
230.49190000000002	1.0061114586658921
231.4838	1.0062359444189135
232.47570000000002	1.0064635072867243
233.4675	1.006594292596308
234.4593	1.0068286019233361
235.45100000000002	1.0069656869273333
236.4426	1.0071036733474155
237.4342	1.007346528961933
238.4257	1.0074912754925969
239.4171	1.0076378217136823
240.4084	1.0077879656075728
241.39970000000002	1.0080416333810562
242.39090000000002	1.0081994277733874
243.382	1.0083392047684705
244.37300000000002	1.008354253333575
245.3639	1.0083688525107373
246.3548	1.0084851719580719
247.34560000000002	1.0085033630431524
248.33630000000002	1.008522463430795
249.32690000000002	1.0085424594696357
250.31740000000002	1.0085642553367482
251.30780000000001	1.0085869468550581
252.2981	1.0086105476759306
253.28830000000002	1.0086350441480003
254.2793	1.0095732310456655
255.2707	0.9558362365942363
256.2616	0.95550956992849
257.2524	0.9555543189182669
258.2431	0.9555927624219326
259.2337	0.9556086878353209
260.2242	0.9556183077625979
261.2146	0.9556216222037635
262.2049	0.9556017136588184
263.1951	0.9555762045235954
264.1859	0.9562552659321558
265.1775	0.7704216210152341
266.1689	0.7711518000051332
267.16020000000003	0.7719176860657391
268.1514	0.7726512725303853
269.1426	0.773385879197052
270.13370000000003	0.7740548664697793
271.1247	0.7746915541465469
272.1157	0.775363265358668
273.1066	0.7759693571768498
274.0974	0.7765431493990719
275.0881	0.7770516588940213
276.0787	0.7775285523283648
277.0693	0.7780741359647283
278.0598	0.7785204335404858
279.0502	0.7789351150556373
280.0405	0.7793181805101828
281.0307	0.7796352797021019
282.0247	1.0012695486792584
283.0208	1.007592960602343
284.0165	1.0074555085580865
285.01230000000004	1.0079087925249357
286.0081	1.00827019488838
287.0039	1.008637151123991
287.9997	1.0090124381678522
288.9955	1.0093960846394354
289.9913	1.0097880619192687
290.9871	1.0101855930712687
291.983	1.0106944729987293
292.9789	1.0111114713227847
293.9748	1.0115368004550902
294.9707	1.0119732659512013
295.9666	1.0124180622555623
296.96250000000003	1.0128684124320901
297.9585	1.0134301113840778
298.9545	1.0139027056687444
299.95050000000003	1.0143836307616612
300.9465	1.0146007755461333
301.9425	1.0146568580377722
302.9386	1.0148131815605381
303.9347	1.0148692926716492
304.93080000000003	1.0149254037827602
305.9269	1.0149843204494269
306.923	1.0150432371160936
307.9192	1.0152051717499708
308.91540000000003	1.015266893972193
309.9116	1.0153286161944153
310.9078	1.015393143972193
311.904	1.0154576717499708
312.9003	1.0156252174949587
313.89660000000003	1.015692550828292
314.8929	1.0157626897171808
315.8892	1.0158328286060696
316.8856	1.016005985462169
317.882	1.0160789299066135
318.8784	1.0161546799066135
319.8748	1.0162304299066136
320.8713	1.0164091978738237
321.8678	1.0164877534293792
322.8643	1.0165691145404905
323.8609	1.0167534936188116
324.8575	1.0168376602854783
325.8541	1.0169246325077004
326.8508	1.0171146226971333
327.8475	1.017204400474911
328.8442	1.0172969838082442
329.84090000000003	1.0173895671415776
330.83770000000004	1.0175851684421213
331.8345	1.0176833628865658
332.83140000000003	1.0178845752982202
333.8283	1.0179855752982203
334.8252	1.0180893808537759
335.8222	1.0182962043765418
336.8192	1.018402815487653
337.81620000000004	1.0185122321543196
338.8133	1.0187246667881964
339.8104	1.0188396945659743
340.80760000000004	1.0190577403109624
341.8048	1.0191755736442958
342.802	1.0192962125331846
343.7993	1.0195198693892837
344.7966	1.0196461193892836
345.79400000000004	1.0198753873564939
346.7914	1.020007248467605
347.7889	1.0202421275459266
348.7864	1.0203795997681486
349.784	1.0206200899575812
350.7816	1.020760367735359
351.77930000000003	1.0210064690359024
352.77700000000004	1.0211551634803469
353.7748	1.0214068758920019
354.7726	1.0215611814475574
355.7705	1.0218185049703232
356.76840000000004	1.0219784216369898
357.76640000000003	1.0222413562708668
358.7645	1.022509902015855
359.7626	1.0226782353491883
360.7608	1.0229523922052872
361.759	1.0231291422052873
362.75730000000004	1.0234089101724977
363.7557	1.0236942892508192
364.7541	1.0238822614730414
365.75260000000003	1.0241732516624735
366.75120000000004	1.0244698529630174
367.7498	1.0246690474074618
368.74850000000004	1.0249712598191165
369.7473	1.0252790833418821
370.74620000000004	1.0255925179757595
371.74510000000004	1.025808545753537
372.7441	1.026127591498525
373.7432	1.0264522483546243
374.74240000000003	1.0267825163218347
375.74170000000004	1.027118395400156
376.74100000000004	1.0273568676223783
377.7404	1.0276983578118106
378.73990000000003	1.0280454591123545
379.7395	1.0283981715240091
380.73920000000004	1.028756495046775
381.73900000000003	1.0291204296806518
382.7389	1.0294899754256397
383.7389	1.030600634821407
384.7389	1.030600634821407
385.7389	1.030600634821407
386.7389	1.030600634821407
387.7389	1.030600634821407
388.7389	1.030600634821407
389.7389	1.030600634821407
390.7389	1.030600634821407
391.7389	1.030600634821407
392.7389	1.030600634821407
393.7389	1.030600634821407
394.7389	1.030600634821407
395.7389	1.030600634821407
396.7389	1.030600634821407
397.7389	1.030600634821407
398.7389	1.030600634821407
399.7389	1.030600634821407
400.7389	1.030600634821407
401.7389	1.030600634821407
402.7389	1.030600634821407
403.7389	1.030600634821407
404.7389	1.030600634821407
405.7389	1.030600634821407
406.7389	1.030600634821407
407.7389	1.030600634821407
408.7389	1.030600634821407
409.7389	1.030600634821407
410.7389	1.030600634821407
411.7389	1.030600634821407
412.7389	1.030600634821407
413.7389	1.030600634821407
414.7389	1.030600634821407
415.7389	1.030600634821407
416.7389	1.030600634821407
417.7389	1.030600634821407
418.7389	1.030600634821407
419.7389	1.030600634821407
420.7389	1.030600634821407
421.7389	1.030600634821407
422.7389	1.030600634821407
423.7389	1.030600634821407
424.7389	1.030600634821407
425.7389	1.030600634821407
426.7389	1.030600634821407
427.7389	1.030600634821407
428.7389	1.030600634821407
429.7389	1.030600634821407
430.7389	1.030600634821407
431.7389	1.030600634821407
432.7389	1.030600634821407
433.7389	1.030600634821407
434.7389	1.030600634821407
435.7389	1.030600634821407
436.7389	1.030600634821407
437.7389	1.030600634821407
438.7389	1.030600634821407
439.7389	1.030600634821407
440.7389	1.030600634821407
441.7389	1.030600634821407
442.7389	1.030600634821407
443.7389	1.030600634821407
444.7389	1.030600634821407
445.7389	1.030600634821407
446.7389	1.030600634821407
447.7389	1.030600634821407
448.7389	1.030600634821407
449.7389	1.030600634821407
450.7389	1.030600634821407
451.7389	1.030600634821407
452.7389	1.030600634821407
453.7389	1.030600634821407
454.7389	1.030600634821407
455.7389	1.030600634821407
456.7389	1.030600634821407
457.7389	1.030600634821407
458.7389	1.030600634821407
459.7389	1.030600634821407
460.7389	1.030600634821407
461.7389	1.030600634821407
462.7389	1.030600634821407
463.7389	1.030600634821407
464.7389	1.030600634821407
465.7389	1.030600634821407
466.7389	1.030600634821407
467.7389	1.030600634821407
468.7389	1.030600634821407
469.7389	1.030600634821407
470.7389	1.030600634821407
471.7389	1.030600634821407
472.7389	1.030600634821407
473.7389	1.030600634821407
474.7389	1.030600634821407
475.7389	1.030600634821407
476.7389	1.030600634821407
477.7389	1.030600634821407
478.7389	1.030600634821407
479.7389	1.030600634821407
480.7389	1.030600634821407
481.7389	1.030600634821407
482.7389	1.030600634821407
483.7389	1.030600634821407
484.7389	1.030600634821407
485.7389	1.030600634821407
486.7389	1.030600634821407
487.7389	1.030600634821407
488.7389	1.030600634821407
489.7389	1.030600634821407
490.7389	1.030600634821407
491.7389	1.030600634821407
492.7389	1.030600634821407
493.7389	1.030600634821407
494.7389	1.030600634821407
495.7389	1.030600634821407
496.7389	1.030600634821407
497.7389	1.030600634821407
498.7389	1.030600634821407
499.7389	1.030600634821407
500.7389	1.030600634821407
501.7389	1.030600634821407
502.7389	1.030600634821407
503.7389	1.030600634821407
504.7389	1.030600634821407
505.7389	1.030600634821407
506.7389	1.030600634821407
507.7389	1.030600634821407
508.7389	1.030600634821407
509.7389	1.030600634821407
510.7389	1.030600634821407
511.7389	1.030600634821407
512.7389000000001	1.030600634821407
513.7389000000001	1.030600634821407
514.7389000000001	1.030600634821407
515.7389000000001	1.030600634821407
516.7389000000001	1.030600634821407
517.7389000000001	1.030600634821407
518.7389000000001	1.030600634821407
519.7389000000001	1.030600634821407
520.7389000000001	1.030600634821407
521.7389000000001	1.030600634821407
522.7389000000001	1.030600634821407
523.7389000000001	1.030600634821407
524.7389000000001	1.030600634821407
525.7389000000001	1.030600634821407
526.7389000000001	1.030600634821407
527.7389000000001	1.030600634821407
528.7389000000001	1.030600634821407
529.7389000000001	1.030600634821407
530.7389000000001	1.030600634821407
531.7389000000001	1.030600634821407
532.7389000000001	1.030600634821407
533.7389000000001	1.030600634821407
534.7389000000001	1.030600634821407
535.7389000000001	1.030600634821407
536.7389000000001	1.030600634821407
537.7389000000001	1.030600634821407
538.7389000000001	1.030600634821407
539.7389000000001	1.030600634821407
540.7389000000001	1.030600634821407
541.7389000000001	1.030600634821407
542.7389000000001	1.030600634821407
543.7389000000001	1.030600634821407
544.7389000000001	1.030600634821407
545.7389000000001	1.030600634821407
546.7389000000001	1.030600634821407
547.7389000000001	1.030600634821407
548.7389000000001	1.030600634821407
549.7389000000001	1.030600634821407
550.7389000000001	1.030600634821407
551.7389000000001	1.030600634821407
552.7389000000001	1.030600634821407
553.7389000000001	1.030600634821407
554.7389000000001	1.030600634821407
555.7389000000001	1.030600634821407
556.7389000000001	1.030600634821407
557.7389000000001	1.030600634821407
558.7389000000001	1.030600634821407
559.7389000000001	1.030600634821407
560.7389000000001	1.030600634821407
561.7389000000001	1.030600634821407
562.7389000000001	1.030600634821407
563.7389000000001	1.030600634821407
564.7389000000001	1.030600634821407
565.7389000000001	1.030600634821407
566.7389000000001	1.030600634821407
567.7389000000001	1.030600634821407
568.7389000000001	1.030600634821407
569.7389000000001	1.030600634821407
570.7389000000001	1.030600634821407
571.7389000000001	1.030600634821407
572.7389000000001	1.030600634821407
573.7389000000001	1.030600634821407
574.7389000000001	1.030600634821407
575.7389000000001	1.030600634821407
576.7389000000001	1.030600634821407
577.7389000000001	1.030600634821407
578.7389000000001	1.030600634821407
579.7389000000001	1.030600634821407
580.7389000000001	1.030600634821407
581.7389000000001	1.030600634821407
582.7389000000001	1.030600634821407
583.7389000000001	1.030600634821407
584.7389000000001	1.030600634821407
585.7389000000001	1.030600634821407
586.7389000000001	1.030600634821407
587.7389000000001	1.030600634821407
588.7389000000001	1.030600634821407
589.7389000000001	1.030600634821407
590.7389000000001	1.030600634821407
591.7389000000001	1.030600634821407
592.7389000000001	1.030600634821407
593.7389000000001	1.030600634821407
594.7389000000001	1.030600634821407
595.7389000000001	1.030600634821407
596.7389000000001	1.030600634821407
597.7389000000001	1.030600634821407
598.7389000000001	1.030600634821407
599.7389000000001	1.030600634821407
600.7389000000001	1.030600634821407
601.7389000000001	1.030600634821407
602.7389000000001	1.030600634821407
603.7389000000001	1.030600634821407
604.7389000000001	1.030600634821407
605.7389000000001	1.030600634821407
606.7389000000001	1.030600634821407
607.7389000000001	1.030600634821407
608.7389000000001	1.030600634821407
609.7389000000001	1.030600634821407
610.7389000000001	1.030600634821407
611.7389000000001	1.030600634821407
612.7389000000001	1.030600634821407
613.7389000000001	1.030600634821407
614.7389000000001	1.030600634821407
615.7389000000001	1.030600634821407
616.7389000000001	1.030600634821407
617.7389000000001	1.030600634821407
618.7389000000001	1.030600634821407
619.7389000000001	1.030600634821407
620.7389000000001	1.030600634821407
621.7389000000001	1.030600634821407
622.7389000000001	1.030600634821407
623.7389000000001	1.030600634821407
624.7389000000001	1.030600634821407
625.7389000000001	1.030600634821407
626.7389000000001	1.030600634821407
627.7389000000001	1.030600634821407
628.7389000000001	1.030600634821407
629.7389000000001	1.030600634821407
630.7389000000001	1.030600634821407
631.7389000000001	1.030600634821407
632.7389000000001	1.030600634821407
633.7389000000001	1.030600634821407
634.7389000000001	1.030600634821407
635.7389000000001	1.030600634821407
636.7389000000001	1.030600634821407
637.7389000000001	1.030600634821407
638.7389000000001	1.030600634821407
639.7389000000001	1.030600634821407
640.7389000000001	1.030600634821407
641.7389000000001	1.030600634821407
642.7389000000001	1.030600634821407
643.7389000000001	1.030600634821407
644.7389000000001	1.030600634821407
645.7389000000001	1.030600634821407
646.7389000000001	1.030600634821407
647.7389000000001	1.030600634821407
648.7389000000001	1.030600634821407
649.7389000000001	1.030600634821407
650.7389000000001	1.030600634821407
651.7389000000001	1.030600634821407
652.7389000000001	1.030600634821407
653.7389000000001	1.030600634821407
654.7389000000001	1.030600634821407
655.7389000000001	1.030600634821407
656.7389000000001	1.030600634821407
657.7389000000001	1.030600634821407
658.7389000000001	1.030600634821407
659.7389000000001	1.030600634821407
660.7389000000001	1.030600634821407
661.7389000000001	1.030600634821407
662.7389000000001	1.030600634821407
663.7389000000001	1.030600634821407
664.7389000000001	1.030600634821407
665.7389000000001	1.030600634821407
666.7389000000001	1.030600634821407
667.7389000000001	1.030600634821407
668.7389000000001	1.030600634821407
669.7389000000001	1.030600634821407
670.7389000000001	1.030600634821407
671.7389000000001	1.030600634821407
672.7389000000001	1.030600634821407
673.7389000000001	1.030600634821407
674.7389000000001	1.030600634821407
675.7389000000001	1.030600634821407
676.7389000000001	1.030600634821407
677.7389000000001	1.030600634821407
678.7389000000001	1.030600634821407
679.7389000000001	1.030600634821407
680.7389000000001	1.030600634821407
681.7389000000001	1.030600634821407
682.7389000000001	1.030600634821407
683.7389000000001	1.030600634821407
684.7389000000001	1.030600634821407
685.7389000000001	1.030600634821407
686.7389000000001	1.030600634821407
687.7389000000001	1.030600634821407
688.7389000000001	1.030600634821407
689.7389000000001	1.030600634821407
690.7389000000001	1.030600634821407
691.7389000000001	1.030600634821407
692.7389000000001	1.030600634821407
693.7389000000001	1.030600634821407
694.7389000000001	1.030600634821407
695.7389000000001	1.030600634821407
696.7389000000001	1.030600634821407
697.7389000000001	1.030600634821407
698.7389000000001	1.030600634821407
699.7389000000001	1.030600634821407
700.7389000000001	1.030600634821407
701.7389000000001	1.030600634821407
702.7389000000001	1.030600634821407
703.7389000000001	1.030600634821407
704.7389000000001	1.030600634821407
705.7389000000001	1.030600634821407
706.7389000000001	1.030600634821407
707.7389000000001	1.030600634821407
708.7389000000001	1.030600634821407
709.7389000000001	1.030600634821407
710.7389000000001	1.030600634821407
711.7389000000001	1.030600634821407
712.7389000000001	1.030600634821407
713.7389000000001	1.030600634821407
714.7389000000001	1.030600634821407
715.7389000000001	1.030600634821407
716.7389000000001	1.030600634821407
717.7389000000001	1.030600634821407
718.7389000000001	1.030600634821407
719.7389000000001	1.030600634821407
720.7389000000001	1.030600634821407
721.7389000000001	1.030600634821407
722.7389000000001	1.030600634821407
723.7389000000001	1.030600634821407
724.7389000000001	1.030600634821407
725.7389000000001	1.030600634821407
726.7389000000001	1.030600634821407
727.7389000000001	1.030600634821407
728.7389000000001	1.030600634821407
729.7389000000001	1.030600634821407
730.7389000000001	1.030600634821407
731.7389000000001	1.030600634821407
732.7389000000001	1.030600634821407
733.7389000000001	1.030600634821407
734.7389000000001	1.030600634821407
735.7389000000001	1.030600634821407
736.7389000000001	1.030600634821407
737.7389000000001	1.030600634821407
738.7389000000001	1.030600634821407
739.7389000000001	1.030600634821407
740.7389000000001	1.030600634821407
741.7389000000001	1.030600634821407
742.7389000000001	1.030600634821407
743.7389000000001	1.030600634821407
744.7389000000001	1.030600634821407
745.7389000000001	1.030600634821407
746.7389000000001	1.030600634821407
747.7389000000001	1.030600634821407
748.7389000000001	1.030600634821407
749.7389000000001	1.030600634821407
750.7389000000001	1.030600634821407
751.7389000000001	1.030600634821407
752.7389000000001	1.030600634821407
753.7389000000001	1.030600634821407
754.7389000000001	1.030600634821407
755.7389000000001	1.030600634821407
756.7389000000001	1.030600634821407
757.7389000000001	1.030600634821407
758.7389000000001	1.030600634821407
759.7389000000001	1.030600634821407
760.7389000000001	1.030600634821407
761.7389000000001	1.030600634821407
762.7389000000001	1.030600634821407
763.7389000000001	1.030600634821407
764.7389000000001	1.030600634821407
765.7389000000001	1.030600634821407
766.7389000000001	1.030600634821407
767.7389000000001	1.030600634821407
768.7389000000001	1.030600634821407
769.7389000000001	1.030600634821407
770.7389000000001	1.030600634821407
771.7389000000001	1.030600634821407
772.7389000000001	1.030600634821407
773.7389000000001	1.030600634821407
774.7389000000001	1.030600634821407
775.7389000000001	1.030600634821407
776.7389000000001	1.030600634821407
777.7389000000001	1.030600634821407
778.7389000000001	1.030600634821407
779.7389000000001	1.030600634821407
780.7389000000001	1.030600634821407
781.7389000000001	1.030600634821407
782.7389000000001	1.030600634821407
783.7389000000001	1.030600634821407
784.7389000000001	1.030600634821407
785.7389000000001	1.030600634821407
786.7389000000001	1.030600634821407
787.7389000000001	1.030600634821407
788.7389000000001	1.030600634821407
789.7389000000001	1.030600634821407
790.7389000000001	1.030600634821407
791.7389000000001	1.030600634821407
792.7389000000001	1.030600634821407
793.7389000000001	1.030600634821407
794.7389000000001	1.030600634821407
795.7389000000001	1.030600634821407
796.7389000000001	1.030600634821407
797.7389000000001	1.030600634821407
798.7389000000001	1.030600634821407
799.7389000000001	1.030600634821407
800.7389000000001	1.030600634821407
801.7389000000001	1.030600634821407
802.7389000000001	1.030600634821407
803.7389000000001	1.030600634821407
804.7389000000001	1.030600634821407
805.7389000000001	1.030600634821407
806.7389000000001	1.030600634821407
807.7389000000001	1.030600634821407
808.7389000000001	1.030600634821407
809.7389000000001	1.030600634821407
810.7389000000001	1.030600634821407
811.7389000000001	1.030600634821407
812.7389000000001	1.030600634821407
813.7389000000001	1.030600634821407
814.7389000000001	1.030600634821407
815.7389000000001	1.030600634821407
816.7389000000001	1.030600634821407
817.7389000000001	1.030600634821407
818.7389000000001	1.030600634821407
819.7389000000001	1.030600634821407
820.7389000000001	1.030600634821407
821.7389000000001	1.030600634821407
822.7389000000001	1.030600634821407
823.7389000000001	1.030600634821407
824.7389000000001	1.030600634821407
825.7389000000001	1.030600634821407
826.7389000000001	1.030600634821407
827.7389000000001	1.030600634821407
828.7389000000001	1.030600634821407
829.7389000000001	1.030600634821407
830.7389000000001	1.030600634821407
831.7389000000001	1.030600634821407
832.7389000000001	1.030600634821407
833.7389000000001	1.030600634821407
834.7389000000001	1.030600634821407
835.7389000000001	1.030600634821407
836.7389000000001	1.030600634821407
837.7389000000001	1.030600634821407
838.7389000000001	1.030600634821407
839.7389000000001	1.030600634821407
840.7389000000001	1.030600634821407
841.7389000000001	1.030600634821407
842.7389000000001	1.030600634821407
843.7389000000001	1.030600634821407
844.7389000000001	1.030600634821407
845.7389000000001	1.030600634821407
846.7389000000001	1.030600634821407
847.7389000000001	1.030600634821407
848.7389000000001	1.030600634821407
849.7389000000001	1.030600634821407
850.7389000000001	1.030600634821407
851.7389000000001	1.030600634821407
852.7389000000001	1.030600634821407
853.7389000000001	1.030600634821407
854.7389000000001	1.030600634821407
855.7389000000001	1.030600634821407
856.7389000000001	1.030600634821407
857.7389000000001	1.030600634821407
858.7389000000001	1.030600634821407
859.7389000000001	1.030600634821407
860.7389000000001	1.030600634821407
861.7389000000001	1.030600634821407
862.7389000000001	1.030600634821407
863.7389000000001	1.030600634821407
864.7389000000001	1.030600634821407
865.7389000000001	1.030600634821407
866.7389000000001	1.030600634821407
867.7389000000001	1.030600634821407
868.7389000000001	1.030600634821407
869.7389000000001	1.030600634821407
870.7389000000001	1.030600634821407
871.7389000000001	1.030600634821407
872.7389000000001	1.030600634821407
873.7389000000001	1.030600634821407
874.7389000000001	1.030600634821407
875.7389000000001	1.030600634821407
876.7389000000001	1.030600634821407
877.7389000000001	1.030600634821407
878.7389000000001	1.030600634821407
879.7389000000001	1.030600634821407
880.7389000000001	1.030600634821407
881.7389000000001	1.030600634821407
882.7389000000001	1.030600634821407
883.7389000000001	1.030600634821407
884.7389000000001	1.030600634821407
885.7389000000001	1.030600634821407
886.7389000000001	1.030600634821407
887.7389000000001	1.030600634821407
888.7389000000001	1.030600634821407
889.7389000000001	1.030600634821407
890.7389000000001	1.030600634821407
891.7389000000001	1.030600634821407
892.7389000000001	1.030600634821407
893.7389000000001	1.030600634821407
894.7389000000001	1.030600634821407
895.7389000000001	1.030600634821407
896.7389000000001	1.030600634821407
897.7389000000001	1.030600634821407
898.7389000000001	1.030600634821407
899.7389000000001	1.030600634821407
900.7389000000001	1.030600634821407
901.7389000000001	1.030600634821407
902.7389000000001	1.030600634821407
903.7389000000001	1.030600634821407
904.7389000000001	1.030600634821407
905.7389000000001	1.030600634821407
906.7389000000001	1.030600634821407
907.7389000000001	1.030600634821407
908.7389000000001	1.030600634821407
909.7389000000001	1.030600634821407
910.7389000000001	1.030600634821407
911.7389000000001	1.030600634821407
912.7389000000001	1.030600634821407
913.7389000000001	1.030600634821407
914.7389000000001	1.030600634821407
915.7389000000001	1.030600634821407
916.7389000000001	1.030600634821407
917.7389000000001	1.030600634821407
918.7389000000001	1.030600634821407
919.7389000000001	1.030600634821407
920.7389000000001	1.030600634821407
921.7389000000001	1.030600634821407
922.7389000000001	1.030600634821407
923.7389000000001	1.030600634821407
924.7389000000001	1.030600634821407
925.7389000000001	1.030600634821407
926.7389000000001	1.030600634821407
927.7389000000001	1.030600634821407
928.7389000000001	1.030600634821407
929.7389000000001	1.030600634821407
930.7389000000001	1.030600634821407
931.7389000000001	1.030600634821407
932.7389000000001	1.030600634821407
933.7389000000001	1.030600634821407
934.7389000000001	1.030600634821407
935.7389000000001	1.030600634821407
936.7389000000001	1.030600634821407
937.7389000000001	1.030600634821407
938.7389000000001	1.030600634821407
939.7389000000001	1.030600634821407
940.7389000000001	1.030600634821407
941.7389000000001	1.030600634821407
942.7389000000001	1.030600634821407
943.7389000000001	1.030600634821407
944.7389000000001	1.030600634821407
945.7389000000001	1.030600634821407
946.7389000000001	1.030600634821407
947.7389000000001	1.030600634821407
948.7389000000001	1.030600634821407
949.7389000000001	1.030600634821407
950.7389000000001	1.030600634821407
951.7389000000001	1.030600634821407
952.7389000000001	1.030600634821407
953.7389000000001	1.030600634821407
954.7389000000001	1.030600634821407
955.7389000000001	1.030600634821407
956.7389000000001	1.030600634821407
957.7389000000001	1.030600634821407
958.7389000000001	1.030600634821407
959.7389000000001	1.030600634821407
960.7389000000001	1.030600634821407
961.7389000000001	1.030600634821407
962.7389000000001	1.030600634821407
963.7389000000001	1.030600634821407
964.7389000000001	1.030600634821407
965.7389000000001	1.030600634821407
966.7389000000001	1.030600634821407
967.7389000000001	1.030600634821407
968.7389000000001	1.030600634821407
969.7389000000001	1.030600634821407
970.7389000000001	1.030600634821407
971.7389000000001	1.030600634821407
972.7389000000001	1.030600634821407
973.7389000000001	1.030600634821407
974.7389000000001	1.030600634821407
975.7389000000001	1.030600634821407
976.7389000000001	1.030600634821407
977.7389000000001	1.030600634821407
978.7389000000001	1.030600634821407
979.7389000000001	1.030600634821407
980.7389000000001	1.030600634821407
981.7389000000001	1.030600634821407
982.7389000000001	1.030600634821407
983.7389000000001	1.030600634821407
984.7389000000001	1.030600634821407
985.7389000000001	1.030600634821407
986.7389000000001	1.030600634821407
987.7389000000001	1.030600634821407
988.7389000000001	1.030600634821407
989.7389000000001	1.030600634821407
990.7389000000001	1.030600634821407
991.7389000000001	1.030600634821407
992.7389000000001	1.030600634821407
993.7389000000001	1.030600634821407
994.7389000000001	1.030600634821407
995.7389000000001	1.030600634821407
996.7389000000001	1.030600634821407
997.7389000000001	1.030600634821407
998.7389000000001	1.030600634821407
999.7389000000001	1.030600634821407
