0.739	0.5201046581221707
1.7132	0.5186262525674972
2.6876	0.5174002247694129
3.6622000000000003	0.5150286726024742
4.6371	0.5150712573160093
5.6122000000000005	0.5152838964979033
6.5876	0.5149024271528125
7.5632	0.5145211845706464
8.539100000000001	0.5130645086427329
9.5152	0.5108929146958338
10.4915	0.5064994576639466
11.468	0.5031941325294633
12.440100000000001	0.5016013238560002
13.407	0.49940569929645884
14.3823	0.4952836702166701
15.3589	0.4920527497673044
16.3356	0.4860551847906085
17.3124	0.4814606746362232
18.2893	0.47494936768447227
19.2662	0.4687076245088482
20.2432	0.4615056439507452
21.2204	0.45703312183483547
22.1978	0.45124890283953323
23.1754	0.44427005993057644
24.153200000000002	0.43682937997073
25.1312	0.4303575473662484
26.1094	0.4202422985227965
27.0878	0.40864955810945425
28.0664	0.40074645846787416
29.0452	0.391783157200856
30.0242	0.38514129321284574
31.003400000000003	0.3792740539668087
31.9828	0.38778862145119497
32.9624	0.3913132260992095
33.9421	0.3947504113936531
34.922000000000004	0.39357951313952055
35.902100000000004	0.3941934186660041
36.8825	0.3956475525616875
37.8632	0.3995200236197919
38.844300000000004	0.4033921593616925
39.825900000000004	0.4086701002660549
40.8081	0.41561882432899977
41.7909	0.4185751550970498
42.774300000000004	0.42383603845626383
43.758300000000006	0.42773362503845824
44.7429	0.4447452761030082
45.7278	0.45273710619636964
46.713100000000004	0.476528902365947
47.6989	0.48834410391824035
48.6852	0.5016026463104699
49.672000000000004	0.5201850187565293
50.659400000000005	0.5327144552095362
51.6473	0.5458344180634216
52.6359	0.5567595177596079
53.625	0.5700585164216415
54.6147	0.581543472475988
55.605000000000004	0.5961317104264252
56.5959	0.6147396791733599
57.5874	0.6244170581482974
58.5795	0.647133860201601
59.5638	0.7296479263371888
60.5413	0.7102403548281705
61.5193	0.7171185582838814
62.497800000000005	0.7204101414531399
63.467000000000006	0.7217151653274076
64.4421	0.7258782820264384
65.4158	0.7335542543166186
66.3895	0.7391449824545707
67.3639	0.7389234049830252
68.3373	0.7539119882761578
69.3114	0.7652940962683681
70.28620000000001	0.7736651604221569
71.26140000000001	0.754624643099236
72.236	0.776452605094556
73.2101	0.7981477753582151
74.18610000000001	0.7662441184111568
75.16120000000001	0.7669216556343563
76.1359	0.7704347453277007
77.11070000000001	0.7806956368003481
78.0848	0.7958825865250208
79.059	0.7894304676595922
80.0336	0.7883881695680905
81.0078	0.7960900300660534
81.9818	0.809567127516244
82.9568	0.8225152772241473
83.9325	0.7984511953464722
84.9073	0.7992550906407897
85.8837	0.8027996397427863
86.8608	0.8144115143525046
87.8375	0.8312639009231968
88.8173	0.8072052914005772
89.7975	0.8026673987287689
90.7778	0.823251779935697
91.7581	0.8280636911195446
92.7397	0.8185365498724516
93.7226	0.847485632210902
94.7055	0.8285443451557745
95.687	0.8121195422988651
96.668	0.8269020493302317
97.64920000000001	0.8432743171172716
98.6303	0.837929706883449
99.61120000000001	0.8468189602623332
100.592	0.9191716586952701
101.57390000000001	0.8918121696066239
102.5553	0.9179746999234217
103.5382	0.8752384304762563
104.5228	0.9365292177098554
105.5081	0.9291364979842259
106.4937	0.9324389789869465
107.4795	0.9227014461241148
108.4655	0.9266398989777098
109.4518	0.9309452728275958
110.43830000000001	0.9352293196154153
111.4252	0.8811587062905931
112.40830000000001	0.9294041354463296
113.3926	0.8948526048605624
114.381	0.9213040351607498
115.3691	0.9375353126531143
116.3576	0.9350777316008593
117.3465	0.8935666656206225
118.33550000000001	0.8725561201223246
119.3247	0.8571167719950252
120.3142	0.850865899573749
121.3039	0.8582731449444737
122.2938	0.8520843886483398
123.2839	0.8606238181275487
124.274	0.9227444609655222
125.2641	0.9627819719660559
126.2543	0.9435608694118415
127.24440000000001	0.9816986055943211
128.2347	0.9841657280474309
129.225	0.985865279046671
130.2153	0.9860681088370044
131.2056	0.9847925753265491
132.1959	0.9860478469393149
133.1861	0.9873212451781131
134.1762	0.989550322485652
135.1677	0.8547429573503365
136.1588	0.8724817108445192
137.1498	0.8798120877933078
138.1407	0.9008215618603985
139.1309	0.9153025779015628
140.121	0.9707429797158801
141.1111	0.9742592438176234
142.1012	0.9748596775913219
143.0914	0.9965326500877504
144.0821	0.9765997985139456
145.07250000000002	0.7407647600093972
146.0627	0.7504980657495457
147.054	0.9851238833360033
148.0452	0.9862879696484758
149.03660000000002	0.9880109345192212
150.0282	0.9898012717125394
151.02	0.9910934885909757
152.0118	0.9695368367561807
153.0034	0.9725733396527685
153.9949	0.975871460253511
154.9863	0.9792760384674568
155.9777	0.982887193505896
156.969	0.9865210624326661
157.96020000000001	0.990265723159625
158.9513	0.9941356426503843
159.94230000000002	1.0107901449941112
160.9333	1.0076668699648468
161.9242	1.0088495149737406
162.91500000000002	1.0095255372057297
163.9057	1.0102615337389884
164.8963	1.007204083004712
165.8868	1.0083137415105325
166.87720000000002	1.0102376396841912
167.8675	1.0112948086299651
168.8578	1.0121692940810152
169.848	1.0124212288220558
170.841	1.0128018694272296
171.83360000000002	1.0127129783866913
172.8261	1.0130620854574026
173.8186	1.0135282774495915
174.811	1.0139081884405665
175.8034	1.014405184353019
176.7957	1.014815899264258
177.7879	1.015242499371285
178.7801	1.015787122982914
179.7722	1.0162486207327104
180.76430000000002	1.0168281419871092
181.7563	1.0173259248516888
182.7483	1.017944886360252
183.74020000000002	1.0184830480621208
184.732	1.0190411886822832
185.7238	1.0194484593843596
186.71550000000002	1.019755666184976
187.7071	1.0200776454835039
188.6987	1.020516984477646
189.6902	1.020849573858045
190.6816	1.020779306660342
191.6729	1.0207099372404165
192.66420000000002	1.0207436039070832
193.65540000000001	1.0206751322649352
194.6465	1.0206075584005654
195.63750000000002	1.0205408823139734
196.6284	1.020475104005159
197.6193	1.0205123617829368
198.61010000000002	1.0204474812519002
199.60080000000002	1.020383498498641
200.59140000000002	1.0203204135231605
201.58190000000002	1.0202582263254572
202.5723	1.0201969369055315
203.5626	1.0201365452633842
204.55280000000002	1.020077051399014
205.54330000000002	1.020428804103235
206.54330000000002	1.0302172323294876
207.54330000000002	1.0302172323294876
208.54330000000002	1.0302172323294876
209.54330000000002	1.0302172323294876
210.54330000000002	1.0302172323294876
211.54330000000002	1.0302172323294876
212.54330000000002	1.0302172323294876
213.54330000000002	1.0302172323294876
214.54330000000002	1.0302172323294876
215.54330000000002	1.0302172323294876
216.54330000000002	1.0302172323294876
217.54330000000002	1.0302172323294876
218.54330000000002	1.0302172323294876
219.54330000000002	1.0302172323294876
220.54330000000002	1.0302172323294876
221.54330000000002	1.0302172323294876
222.54330000000002	1.0302172323294876
223.54330000000002	1.0302172323294876
224.54330000000002	1.0302172323294876
225.54330000000002	1.0302172323294876
226.54330000000002	1.0302172323294876
227.54330000000002	1.0302172323294876
228.54330000000002	1.0302172323294876
229.54330000000002	1.0302172323294876
230.54330000000002	1.0302172323294876
231.54330000000002	1.0302172323294876
232.54330000000002	1.0302172323294876
233.54330000000002	1.0302172323294876
234.54330000000002	1.0302172323294876
235.54330000000002	1.0302172323294876
236.54330000000002	1.0302172323294876
237.54330000000002	1.0302172323294876
238.54330000000002	1.0302172323294876
239.54330000000002	1.0302172323294876
240.54330000000002	1.0302172323294876
241.54330000000002	1.0302172323294876
242.54330000000002	1.0302172323294876
243.54330000000002	1.0302172323294876
244.54330000000002	1.0302172323294876
245.54330000000002	1.0302172323294876
246.54330000000002	1.0302172323294876
247.54330000000002	1.0302172323294876
248.54330000000002	1.0302172323294876
249.54330000000002	1.0302172323294876
250.54330000000002	1.0302172323294876
251.54330000000002	1.0302172323294876
252.54330000000002	1.0302172323294876
253.54330000000002	1.0302172323294876
254.54330000000002	1.0302172323294876
255.54330000000002	1.0302172323294876
256.5433	1.0302172323294876
257.5433	1.0302172323294876
258.5433	1.0302172323294876
259.5433	1.0302172323294876
260.5433	1.0302172323294876
261.5433	1.0302172323294876
262.5433	1.0302172323294876
263.5433	1.0302172323294876
264.5433	1.0302172323294876
265.5433	1.0302172323294876
266.5433	1.0302172323294876
267.5433	1.0302172323294876
268.5433	1.0302172323294876
269.5433	1.0302172323294876
270.5433	1.0302172323294876
271.5433	1.0302172323294876
272.5433	1.0302172323294876
273.5433	1.0302172323294876
274.5433	1.0302172323294876
275.5433	1.0302172323294876
276.5433	1.0302172323294876
277.5433	1.0302172323294876
278.5433	1.0302172323294876
279.5433	1.0302172323294876
280.5433	1.0302172323294876
281.5433	1.0302172323294876
282.5433	1.0302172323294876
283.5433	1.0302172323294876
284.5433	1.0302172323294876
285.5433	1.0302172323294876
286.5433	1.0302172323294876
287.5433	1.0302172323294876
288.5433	1.0302172323294876
289.5433	1.0302172323294876
290.5433	1.0302172323294876
291.5433	1.0302172323294876
292.5433	1.0302172323294876
293.5433	1.0302172323294876
294.5433	1.0302172323294876
295.5433	1.0302172323294876
296.5433	1.0302172323294876
297.5433	1.0302172323294876
298.5433	1.0302172323294876
299.5433	1.0302172323294876
300.5433	1.0302172323294876
301.5433	1.0302172323294876
302.5433	1.0302172323294876
303.5433	1.0302172323294876
304.5433	1.0302172323294876
305.5433	1.0302172323294876
306.5433	1.0302172323294876
307.5433	1.0302172323294876
308.5433	1.0302172323294876
309.5433	1.0302172323294876
310.5433	1.0302172323294876
311.5433	1.0302172323294876
312.5433	1.0302172323294876
313.5433	1.0302172323294876
314.5433	1.0302172323294876
315.5433	1.0302172323294876
316.5433	1.0302172323294876
317.5433	1.0302172323294876
318.5433	1.0302172323294876
319.5433	1.0302172323294876
320.5433	1.0302172323294876
321.5433	1.0302172323294876
322.5433	1.0302172323294876
323.5433	1.0302172323294876
324.5433	1.0302172323294876
325.5433	1.0302172323294876
326.5433	1.0302172323294876
327.5433	1.0302172323294876
328.5433	1.0302172323294876
329.5433	1.0302172323294876
330.5433	1.0302172323294876
331.5433	1.0302172323294876
332.5433	1.0302172323294876
333.5433	1.0302172323294876
334.5433	1.0302172323294876
335.5433	1.0302172323294876
336.5433	1.0302172323294876
337.5433	1.0302172323294876
338.5433	1.0302172323294876
339.5433	1.0302172323294876
340.5433	1.0302172323294876
341.54330000000004	1.0302172323294876
342.54330000000004	1.0302172323294876
343.54330000000004	1.0302172323294876
344.54330000000004	1.0302172323294876
345.54330000000004	1.0302172323294876
346.54330000000004	1.0302172323294876
347.54330000000004	1.0302172323294876
348.54330000000004	1.0302172323294876
349.54330000000004	1.0302172323294876
350.54330000000004	1.0302172323294876
351.54330000000004	1.0302172323294876
352.54330000000004	1.0302172323294876
353.54330000000004	1.0302172323294876
354.54330000000004	1.0302172323294876
355.54330000000004	1.0302172323294876
356.54330000000004	1.0302172323294876
357.54330000000004	1.0302172323294876
358.54330000000004	1.0302172323294876
359.54330000000004	1.0302172323294876
360.54330000000004	1.0302172323294876
361.54330000000004	1.0302172323294876
362.54330000000004	1.0302172323294876
363.54330000000004	1.0302172323294876
364.54330000000004	1.0302172323294876
365.54330000000004	1.0302172323294876
366.54330000000004	1.0302172323294876
367.54330000000004	1.0302172323294876
368.54330000000004	1.0302172323294876
369.54330000000004	1.0302172323294876
370.54330000000004	1.0302172323294876
371.54330000000004	1.0302172323294876
372.54330000000004	1.0302172323294876
373.54330000000004	1.0302172323294876
374.54330000000004	1.0302172323294876
375.54330000000004	1.0302172323294876
376.54330000000004	1.0302172323294876
377.54330000000004	1.0302172323294876
378.54330000000004	1.0302172323294876
379.54330000000004	1.0302172323294876
380.54330000000004	1.0302172323294876
381.54330000000004	1.0302172323294876
382.54330000000004	1.0302172323294876
383.54330000000004	1.0302172323294876
384.54330000000004	1.0302172323294876
385.54330000000004	1.0302172323294876
386.54330000000004	1.0302172323294876
387.54330000000004	1.0302172323294876
388.54330000000004	1.0302172323294876
389.54330000000004	1.0302172323294876
390.54330000000004	1.0302172323294876
391.54330000000004	1.0302172323294876
392.54330000000004	1.0302172323294876
393.54330000000004	1.0302172323294876
394.54330000000004	1.0302172323294876
395.54330000000004	1.0302172323294876
396.54330000000004	1.0302172323294876
397.54330000000004	1.0302172323294876
398.54330000000004	1.0302172323294876
399.54330000000004	1.0302172323294876
400.54330000000004	1.0302172323294876
401.54330000000004	1.0302172323294876
402.54330000000004	1.0302172323294876
403.54330000000004	1.0302172323294876
404.54330000000004	1.0302172323294876
405.54330000000004	1.0302172323294876
406.54330000000004	1.0302172323294876
407.54330000000004	1.0302172323294876
408.54330000000004	1.0302172323294876
409.54330000000004	1.0302172323294876
410.54330000000004	1.0302172323294876
411.54330000000004	1.0302172323294876
412.54330000000004	1.0302172323294876
413.54330000000004	1.0302172323294876
414.54330000000004	1.0302172323294876
415.54330000000004	1.0302172323294876
416.54330000000004	1.0302172323294876
417.54330000000004	1.0302172323294876
418.54330000000004	1.0302172323294876
419.54330000000004	1.0302172323294876
420.54330000000004	1.0302172323294876
421.54330000000004	1.0302172323294876
422.54330000000004	1.0302172323294876
423.54330000000004	1.0302172323294876
424.54330000000004	1.0302172323294876
425.54330000000004	1.0302172323294876
426.54330000000004	1.0302172323294876
427.54330000000004	1.0302172323294876
428.54330000000004	1.0302172323294876
429.54330000000004	1.0302172323294876
430.54330000000004	1.0302172323294876
431.54330000000004	1.0302172323294876
432.54330000000004	1.0302172323294876
433.54330000000004	1.0302172323294876
434.54330000000004	1.0302172323294876
435.54330000000004	1.0302172323294876
436.54330000000004	1.0302172323294876
437.54330000000004	1.0302172323294876
438.54330000000004	1.0302172323294876
439.54330000000004	1.0302172323294876
440.54330000000004	1.0302172323294876
441.54330000000004	1.0302172323294876
442.54330000000004	1.0302172323294876
443.54330000000004	1.0302172323294876
444.54330000000004	1.0302172323294876
445.54330000000004	1.0302172323294876
446.54330000000004	1.0302172323294876
447.54330000000004	1.0302172323294876
448.54330000000004	1.0302172323294876
449.54330000000004	1.0302172323294876
450.54330000000004	1.0302172323294876
451.54330000000004	1.0302172323294876
452.54330000000004	1.0302172323294876
453.54330000000004	1.0302172323294876
454.54330000000004	1.0302172323294876
455.54330000000004	1.0302172323294876
456.54330000000004	1.0302172323294876
457.54330000000004	1.0302172323294876
458.54330000000004	1.0302172323294876
459.54330000000004	1.0302172323294876
460.54330000000004	1.0302172323294876
461.54330000000004	1.0302172323294876
462.54330000000004	1.0302172323294876
463.54330000000004	1.0302172323294876
464.54330000000004	1.0302172323294876
465.54330000000004	1.0302172323294876
466.54330000000004	1.0302172323294876
467.54330000000004	1.0302172323294876
468.54330000000004	1.0302172323294876
469.54330000000004	1.0302172323294876
470.54330000000004	1.0302172323294876
471.54330000000004	1.0302172323294876
472.54330000000004	1.0302172323294876
473.54330000000004	1.0302172323294876
474.54330000000004	1.0302172323294876
475.54330000000004	1.0302172323294876
476.54330000000004	1.0302172323294876
477.54330000000004	1.0302172323294876
478.54330000000004	1.0302172323294876
479.54330000000004	1.0302172323294876
480.54330000000004	1.0302172323294876
481.54330000000004	1.0302172323294876
482.54330000000004	1.0302172323294876
483.54330000000004	1.0302172323294876
484.54330000000004	1.0302172323294876
485.54330000000004	1.0302172323294876
486.54330000000004	1.0302172323294876
487.54330000000004	1.0302172323294876
488.54330000000004	1.0302172323294876
489.54330000000004	1.0302172323294876
490.54330000000004	1.0302172323294876
491.54330000000004	1.0302172323294876
492.54330000000004	1.0302172323294876
493.54330000000004	1.0302172323294876
494.54330000000004	1.0302172323294876
495.54330000000004	1.0302172323294876
496.54330000000004	1.0302172323294876
497.54330000000004	1.0302172323294876
498.54330000000004	1.0302172323294876
499.54330000000004	1.0302172323294876
500.54330000000004	1.0302172323294876
501.54330000000004	1.0302172323294876
502.54330000000004	1.0302172323294876
503.54330000000004	1.0302172323294876
504.54330000000004	1.0302172323294876
505.54330000000004	1.0302172323294876
506.54330000000004	1.0302172323294876
507.54330000000004	1.0302172323294876
508.54330000000004	1.0302172323294876
509.54330000000004	1.0302172323294876
510.54330000000004	1.0302172323294876
511.54330000000004	1.0302172323294876
512.5433	1.0302172323294876
513.5433	1.0302172323294876
514.5433	1.0302172323294876
515.5433	1.0302172323294876
516.5433	1.0302172323294876
517.5433	1.0302172323294876
518.5433	1.0302172323294876
519.5433	1.0302172323294876
520.5433	1.0302172323294876
521.5433	1.0302172323294876
522.5433	1.0302172323294876
523.5433	1.0302172323294876
524.5433	1.0302172323294876
525.5433	1.0302172323294876
526.5433	1.0302172323294876
527.5433	1.0302172323294876
528.5433	1.0302172323294876
529.5433	1.0302172323294876
530.5433	1.0302172323294876
531.5433	1.0302172323294876
532.5433	1.0302172323294876
533.5433	1.0302172323294876
534.5433	1.0302172323294876
535.5433	1.0302172323294876
536.5433	1.0302172323294876
537.5433	1.0302172323294876
538.5433	1.0302172323294876
539.5433	1.0302172323294876
540.5433	1.0302172323294876
541.5433	1.0302172323294876
542.5433	1.0302172323294876
543.5433	1.0302172323294876
544.5433	1.0302172323294876
545.5433	1.0302172323294876
546.5433	1.0302172323294876
547.5433	1.0302172323294876
548.5433	1.0302172323294876
549.5433	1.0302172323294876
550.5433	1.0302172323294876
551.5433	1.0302172323294876
552.5433	1.0302172323294876
553.5433	1.0302172323294876
554.5433	1.0302172323294876
555.5433	1.0302172323294876
556.5433	1.0302172323294876
557.5433	1.0302172323294876
558.5433	1.0302172323294876
559.5433	1.0302172323294876
560.5433	1.0302172323294876
561.5433	1.0302172323294876
562.5433	1.0302172323294876
563.5433	1.0302172323294876
564.5433	1.0302172323294876
565.5433	1.0302172323294876
566.5433	1.0302172323294876
567.5433	1.0302172323294876
568.5433	1.0302172323294876
569.5433	1.0302172323294876
570.5433	1.0302172323294876
571.5433	1.0302172323294876
572.5433	1.0302172323294876
573.5433	1.0302172323294876
574.5433	1.0302172323294876
575.5433	1.0302172323294876
576.5433	1.0302172323294876
577.5433	1.0302172323294876
578.5433	1.0302172323294876
579.5433	1.0302172323294876
580.5433	1.0302172323294876
581.5433	1.0302172323294876
582.5433	1.0302172323294876
583.5433	1.0302172323294876
584.5433	1.0302172323294876
585.5433	1.0302172323294876
586.5433	1.0302172323294876
587.5433	1.0302172323294876
588.5433	1.0302172323294876
589.5433	1.0302172323294876
590.5433	1.0302172323294876
591.5433	1.0302172323294876
592.5433	1.0302172323294876
593.5433	1.0302172323294876
594.5433	1.0302172323294876
595.5433	1.0302172323294876
596.5433	1.0302172323294876
597.5433	1.0302172323294876
598.5433	1.0302172323294876
599.5433	1.0302172323294876
600.5433	1.0302172323294876
601.5433	1.0302172323294876
602.5433	1.0302172323294876
603.5433	1.0302172323294876
604.5433	1.0302172323294876
605.5433	1.0302172323294876
606.5433	1.0302172323294876
607.5433	1.0302172323294876
608.5433	1.0302172323294876
609.5433	1.0302172323294876
610.5433	1.0302172323294876
611.5433	1.0302172323294876
612.5433	1.0302172323294876
613.5433	1.0302172323294876
614.5433	1.0302172323294876
615.5433	1.0302172323294876
616.5433	1.0302172323294876
617.5433	1.0302172323294876
618.5433	1.0302172323294876
619.5433	1.0302172323294876
620.5433	1.0302172323294876
621.5433	1.0302172323294876
622.5433	1.0302172323294876
623.5433	1.0302172323294876
624.5433	1.0302172323294876
625.5433	1.0302172323294876
626.5433	1.0302172323294876
627.5433	1.0302172323294876
628.5433	1.0302172323294876
629.5433	1.0302172323294876
630.5433	1.0302172323294876
631.5433	1.0302172323294876
632.5433	1.0302172323294876
633.5433	1.0302172323294876
634.5433	1.0302172323294876
635.5433	1.0302172323294876
636.5433	1.0302172323294876
637.5433	1.0302172323294876
638.5433	1.0302172323294876
639.5433	1.0302172323294876
640.5433	1.0302172323294876
641.5433	1.0302172323294876
642.5433	1.0302172323294876
643.5433	1.0302172323294876
644.5433	1.0302172323294876
645.5433	1.0302172323294876
646.5433	1.0302172323294876
647.5433	1.0302172323294876
648.5433	1.0302172323294876
649.5433	1.0302172323294876
650.5433	1.0302172323294876
651.5433	1.0302172323294876
652.5433	1.0302172323294876
653.5433	1.0302172323294876
654.5433	1.0302172323294876
655.5433	1.0302172323294876
656.5433	1.0302172323294876
657.5433	1.0302172323294876
658.5433	1.0302172323294876
659.5433	1.0302172323294876
660.5433	1.0302172323294876
661.5433	1.0302172323294876
662.5433	1.0302172323294876
663.5433	1.0302172323294876
664.5433	1.0302172323294876
665.5433	1.0302172323294876
666.5433	1.0302172323294876
667.5433	1.0302172323294876
668.5433	1.0302172323294876
669.5433	1.0302172323294876
670.5433	1.0302172323294876
671.5433	1.0302172323294876
672.5433	1.0302172323294876
673.5433	1.0302172323294876
674.5433	1.0302172323294876
675.5433	1.0302172323294876
676.5433	1.0302172323294876
677.5433	1.0302172323294876
678.5433	1.0302172323294876
679.5433	1.0302172323294876
680.5433	1.0302172323294876
681.5433	1.0302172323294876
682.5433	1.0302172323294876
683.5433	1.0302172323294876
684.5433	1.0302172323294876
685.5433	1.0302172323294876
686.5433	1.0302172323294876
687.5433	1.0302172323294876
688.5433	1.0302172323294876
689.5433	1.0302172323294876
690.5433	1.0302172323294876
691.5433	1.0302172323294876
692.5433	1.0302172323294876
693.5433	1.0302172323294876
694.5433	1.0302172323294876
695.5433	1.0302172323294876
696.5433	1.0302172323294876
697.5433	1.0302172323294876
698.5433	1.0302172323294876
699.5433	1.0302172323294876
700.5433	1.0302172323294876
701.5433	1.0302172323294876
702.5433	1.0302172323294876
703.5433	1.0302172323294876
704.5433	1.0302172323294876
705.5433	1.0302172323294876
706.5433	1.0302172323294876
707.5433	1.0302172323294876
708.5433	1.0302172323294876
709.5433	1.0302172323294876
710.5433	1.0302172323294876
711.5433	1.0302172323294876
712.5433	1.0302172323294876
713.5433	1.0302172323294876
714.5433	1.0302172323294876
715.5433	1.0302172323294876
716.5433	1.0302172323294876
717.5433	1.0302172323294876
718.5433	1.0302172323294876
719.5433	1.0302172323294876
720.5433	1.0302172323294876
721.5433	1.0302172323294876
722.5433	1.0302172323294876
723.5433	1.0302172323294876
724.5433	1.0302172323294876
725.5433	1.0302172323294876
726.5433	1.0302172323294876
727.5433	1.0302172323294876
728.5433	1.0302172323294876
729.5433	1.0302172323294876
730.5433	1.0302172323294876
731.5433	1.0302172323294876
732.5433	1.0302172323294876
733.5433	1.0302172323294876
734.5433	1.0302172323294876
735.5433	1.0302172323294876
736.5433	1.0302172323294876
737.5433	1.0302172323294876
738.5433	1.0302172323294876
739.5433	1.0302172323294876
740.5433	1.0302172323294876
741.5433	1.0302172323294876
742.5433	1.0302172323294876
743.5433	1.0302172323294876
744.5433	1.0302172323294876
745.5433	1.0302172323294876
746.5433	1.0302172323294876
747.5433	1.0302172323294876
748.5433	1.0302172323294876
749.5433	1.0302172323294876
750.5433	1.0302172323294876
751.5433	1.0302172323294876
752.5433	1.0302172323294876
753.5433	1.0302172323294876
754.5433	1.0302172323294876
755.5433	1.0302172323294876
756.5433	1.0302172323294876
757.5433	1.0302172323294876
758.5433	1.0302172323294876
759.5433	1.0302172323294876
760.5433	1.0302172323294876
761.5433	1.0302172323294876
762.5433	1.0302172323294876
763.5433	1.0302172323294876
764.5433	1.0302172323294876
765.5433	1.0302172323294876
766.5433	1.0302172323294876
767.5433	1.0302172323294876
768.5433	1.0302172323294876
769.5433	1.0302172323294876
770.5433	1.0302172323294876
771.5433	1.0302172323294876
772.5433	1.0302172323294876
773.5433	1.0302172323294876
774.5433	1.0302172323294876
775.5433	1.0302172323294876
776.5433	1.0302172323294876
777.5433	1.0302172323294876
778.5433	1.0302172323294876
779.5433	1.0302172323294876
780.5433	1.0302172323294876
781.5433	1.0302172323294876
782.5433	1.0302172323294876
783.5433	1.0302172323294876
784.5433	1.0302172323294876
785.5433	1.0302172323294876
786.5433	1.0302172323294876
787.5433	1.0302172323294876
788.5433	1.0302172323294876
789.5433	1.0302172323294876
790.5433	1.0302172323294876
791.5433	1.0302172323294876
792.5433	1.0302172323294876
793.5433	1.0302172323294876
794.5433	1.0302172323294876
795.5433	1.0302172323294876
796.5433	1.0302172323294876
797.5433	1.0302172323294876
798.5433	1.0302172323294876
799.5433	1.0302172323294876
800.5433	1.0302172323294876
801.5433	1.0302172323294876
802.5433	1.0302172323294876
803.5433	1.0302172323294876
804.5433	1.0302172323294876
805.5433	1.0302172323294876
806.5433	1.0302172323294876
807.5433	1.0302172323294876
808.5433	1.0302172323294876
809.5433	1.0302172323294876
810.5433	1.0302172323294876
811.5433	1.0302172323294876
812.5433	1.0302172323294876
813.5433	1.0302172323294876
814.5433	1.0302172323294876
815.5433	1.0302172323294876
816.5433	1.0302172323294876
817.5433	1.0302172323294876
818.5433	1.0302172323294876
819.5433	1.0302172323294876
820.5433	1.0302172323294876
821.5433	1.0302172323294876
822.5433	1.0302172323294876
823.5433	1.0302172323294876
824.5433	1.0302172323294876
825.5433	1.0302172323294876
826.5433	1.0302172323294876
827.5433	1.0302172323294876
828.5433	1.0302172323294876
829.5433	1.0302172323294876
830.5433	1.0302172323294876
831.5433	1.0302172323294876
832.5433	1.0302172323294876
833.5433	1.0302172323294876
834.5433	1.0302172323294876
835.5433	1.0302172323294876
836.5433	1.0302172323294876
837.5433	1.0302172323294876
838.5433	1.0302172323294876
839.5433	1.0302172323294876
840.5433	1.0302172323294876
841.5433	1.0302172323294876
842.5433	1.0302172323294876
843.5433	1.0302172323294876
844.5433	1.0302172323294876
845.5433	1.0302172323294876
846.5433	1.0302172323294876
847.5433	1.0302172323294876
848.5433	1.0302172323294876
849.5433	1.0302172323294876
850.5433	1.0302172323294876
851.5433	1.0302172323294876
852.5433	1.0302172323294876
853.5433	1.0302172323294876
854.5433	1.0302172323294876
855.5433	1.0302172323294876
856.5433	1.0302172323294876
857.5433	1.0302172323294876
858.5433	1.0302172323294876
859.5433	1.0302172323294876
860.5433	1.0302172323294876
861.5433	1.0302172323294876
862.5433	1.0302172323294876
863.5433	1.0302172323294876
864.5433	1.0302172323294876
865.5433	1.0302172323294876
866.5433	1.0302172323294876
867.5433	1.0302172323294876
868.5433	1.0302172323294876
869.5433	1.0302172323294876
870.5433	1.0302172323294876
871.5433	1.0302172323294876
872.5433	1.0302172323294876
873.5433	1.0302172323294876
874.5433	1.0302172323294876
875.5433	1.0302172323294876
876.5433	1.0302172323294876
877.5433	1.0302172323294876
878.5433	1.0302172323294876
879.5433	1.0302172323294876
880.5433	1.0302172323294876
881.5433	1.0302172323294876
882.5433	1.0302172323294876
883.5433	1.0302172323294876
884.5433	1.0302172323294876
885.5433	1.0302172323294876
886.5433	1.0302172323294876
887.5433	1.0302172323294876
888.5433	1.0302172323294876
889.5433	1.0302172323294876
890.5433	1.0302172323294876
891.5433	1.0302172323294876
892.5433	1.0302172323294876
893.5433	1.0302172323294876
894.5433	1.0302172323294876
895.5433	1.0302172323294876
896.5433	1.0302172323294876
897.5433	1.0302172323294876
898.5433	1.0302172323294876
899.5433	1.0302172323294876
900.5433	1.0302172323294876
901.5433	1.0302172323294876
902.5433	1.0302172323294876
903.5433	1.0302172323294876
904.5433	1.0302172323294876
905.5433	1.0302172323294876
906.5433	1.0302172323294876
907.5433	1.0302172323294876
908.5433	1.0302172323294876
909.5433	1.0302172323294876
910.5433	1.0302172323294876
911.5433	1.0302172323294876
912.5433	1.0302172323294876
913.5433	1.0302172323294876
914.5433	1.0302172323294876
915.5433	1.0302172323294876
916.5433	1.0302172323294876
917.5433	1.0302172323294876
918.5433	1.0302172323294876
919.5433	1.0302172323294876
920.5433	1.0302172323294876
921.5433	1.0302172323294876
922.5433	1.0302172323294876
923.5433	1.0302172323294876
924.5433	1.0302172323294876
925.5433	1.0302172323294876
926.5433	1.0302172323294876
927.5433	1.0302172323294876
928.5433	1.0302172323294876
929.5433	1.0302172323294876
930.5433	1.0302172323294876
931.5433	1.0302172323294876
932.5433	1.0302172323294876
933.5433	1.0302172323294876
934.5433	1.0302172323294876
935.5433	1.0302172323294876
936.5433	1.0302172323294876
937.5433	1.0302172323294876
938.5433	1.0302172323294876
939.5433	1.0302172323294876
940.5433	1.0302172323294876
941.5433	1.0302172323294876
942.5433	1.0302172323294876
943.5433	1.0302172323294876
944.5433	1.0302172323294876
945.5433	1.0302172323294876
946.5433	1.0302172323294876
947.5433	1.0302172323294876
948.5433	1.0302172323294876
949.5433	1.0302172323294876
950.5433	1.0302172323294876
951.5433	1.0302172323294876
952.5433	1.0302172323294876
953.5433	1.0302172323294876
954.5433	1.0302172323294876
955.5433	1.0302172323294876
956.5433	1.0302172323294876
957.5433	1.0302172323294876
958.5433	1.0302172323294876
959.5433	1.0302172323294876
960.5433	1.0302172323294876
961.5433	1.0302172323294876
962.5433	1.0302172323294876
963.5433	1.0302172323294876
964.5433	1.0302172323294876
965.5433	1.0302172323294876
966.5433	1.0302172323294876
967.5433	1.0302172323294876
968.5433	1.0302172323294876
969.5433	1.0302172323294876
970.5433	1.0302172323294876
971.5433	1.0302172323294876
972.5433	1.0302172323294876
973.5433	1.0302172323294876
974.5433	1.0302172323294876
975.5433	1.0302172323294876
976.5433	1.0302172323294876
977.5433	1.0302172323294876
978.5433	1.0302172323294876
979.5433	1.0302172323294876
980.5433	1.0302172323294876
981.5433	1.0302172323294876
982.5433	1.0302172323294876
983.5433	1.0302172323294876
984.5433	1.0302172323294876
985.5433	1.0302172323294876
986.5433	1.0302172323294876
987.5433	1.0302172323294876
988.5433	1.0302172323294876
989.5433	1.0302172323294876
990.5433	1.0302172323294876
991.5433	1.0302172323294876
992.5433	1.0302172323294876
993.5433	1.0302172323294876
994.5433	1.0302172323294876
995.5433	1.0302172323294876
996.5433	1.0302172323294876
997.5433	1.0302172323294876
998.5433	1.0302172323294876
999.5433	1.0302172323294876
