0.6067	0.5207967419512353
1.5767	0.5231350828011255
2.54	0.5244106757488232
3.5028	0.5234721919825455
4.4649	0.5228624062422589
5.431500000000001	0.5248085642884285
6.3973	0.5253117467302797
7.3627	0.5251322630223944
8.3335	0.5258260651506514
9.3042	0.5270263066562662
10.2749	0.5285036735527702
11.245600000000001	0.5292075346974152
12.2162	0.5307871621674647
13.1868	0.5329692993920614
14.1574	0.5345142565256007
15.1279	0.5365339968480591
16.0984	0.537102360462659
17.0688	0.540507963540513
18.0366	0.544898901337585
19.0027	0.5496546132159514
19.969	0.5514647854430528
20.9356	0.5544840623704897
21.9025	0.5548440851994885
22.8697	0.5561239359299333
23.8362	0.5561370550735141
24.8047	0.553377445200249
25.7729	0.5575226963218307
26.7407	0.5584685824615427
27.7082	0.559540920138845
28.6753	0.5623679295798262
29.6419	0.562671445564985
30.6037	0.5655850251469379
31.569200000000002	0.5676173752147131
32.5343	0.5701110754972933
33.4989	0.5741064482355762
34.463	0.5764160125043163
35.4227	0.5843500658965638
36.3815	0.5916255677984505
37.3395	0.5983268218450698
38.2965	0.6057745180490486
39.2524	0.617467345904756
40.207100000000004	0.6243400612565566
41.1647	0.6324874179851616
42.1261	0.6350470264004859
43.091100000000004	0.6421313463170182
44.057	0.6539123703431526
45.0279	0.6600028254639121
45.9989	0.6649077446110806
46.9666	0.6691678693202827
47.932	0.6746081045397918
48.897200000000005	0.6776852676411554
49.862100000000005	0.682337353825373
50.8267	0.6876256187037485
51.7911	0.6925997417336499
52.7599	0.6972833002290582
53.7286	0.7029988354071383
54.6972	0.7076640920635853
55.6657	0.712408287056433
56.634	0.7160193310773253
57.6022	0.7172931120376779
58.5707	0.7178348776394201
59.5388	0.7197905189221151
60.5067	0.7229796428494097
61.4744	0.7225730867505735
62.441900000000004	0.7217332119813069
63.409200000000006	0.7228228935830683
64.3763	0.7240420640381392
65.34320000000001	0.7255144980462087
66.30980000000001	0.727470868563693
67.2761	0.7306695117210414
68.2432	0.7315057141337984
69.20960000000001	0.7331535971803418
70.1782	0.7385212570388228
71.147	0.7359566869123289
72.11760000000001	0.7528256377364135
73.0892	0.7555691834769809
74.0607	0.7580340154380059
75.0321	0.7538277279206631
76.00330000000001	0.7538592473100585
76.9734	0.7629614857098809
77.9432	0.7625278407892966
78.9165	0.7729162018807861
79.8964	0.7436373277429195
80.87480000000001	0.7850159077626289
81.8544	0.7810317855838088
82.8343	0.8032370971998184
83.8152	0.7987133513064998
84.7967	0.7540830243892315
85.7776	0.7983264544250239
86.7581	0.8320328937740438
87.73960000000001	0.8153858849905107
88.7211	0.8116133269827227
89.7025	0.7400501716166281
90.6834	0.8135592413265949
91.66430000000001	0.8529618320234824
92.64540000000001	0.856412563948519
93.6268	0.8373625069087568
94.6083	0.8104988188166091
95.5896	0.8241787524402643
96.571	0.8284894948038876
97.5524	0.8346615577426685
98.534	0.7918458569030721
99.5159	0.8384646083155237
100.49730000000001	0.8438579493140363
101.47890000000001	0.8882726902003237
102.4604	0.8920839711319424
103.4419	0.8994806685654674
104.4234	0.9004858221927008
105.40480000000001	0.9049003618437039
106.3863	0.880119845359858
107.3677	0.882876624121848
108.34920000000001	0.8792560383445901
109.3311	0.8819486919401083
110.31330000000001	0.8869953394331698
111.2958	0.886973814091915
112.27850000000001	0.8944646051987561
113.2611	0.9136785890088583
114.24350000000001	0.920163696489472
115.2258	0.9225637975206008
116.20800000000001	0.9251077393086354
117.1901	0.9198348388837011
118.17200000000001	0.9235367023523746
119.1537	0.9406863974380051
120.13520000000001	0.9480800637494962
121.1165	0.9534136587978879
122.0999	0.9179812992906826
123.08330000000001	0.9540058220029837
124.0656	0.9108276445534489
125.0477	0.8635408087534107
126.0297	0.8355642127601945
127.0117	0.8603527349468911
127.9937	0.9255040284749574
128.9754	0.9260495240278275
129.95690000000002	0.9251299252472098
130.9382	0.929158995069892
131.9194	0.9284180819029073
132.90040000000002	0.9276102119423795
133.8844	0.9674480637457388
134.8682	0.9664043330516392
135.8529	0.9619521516613455
136.8367	0.9675182878414794
137.82250000000002	0.9550928404294887
138.8077	0.9654077390661217
139.7928	0.965222202886495
140.77790000000002	0.9652189693432287
141.7672	0.9665401923614242
142.75730000000001	0.9674471442180681
143.7474	0.98833693700886
144.73770000000002	0.9832722129842772
145.72820000000002	0.9860487333177929
146.7187	0.9863626363974465
147.7091	0.9912442141567916
148.6995	0.9914661345840902
149.6899	0.9917456647102878
150.68030000000002	0.99203443546135
151.6707	0.9923301698593902
152.6611	0.9924249849389232
153.6515	0.9891112802654862
154.64190000000002	0.9891109049922424
155.63230000000001	0.9890668226423319
156.6227	0.9889585193861838
157.6131	0.9888502231106236
158.6035	0.988745679039937
159.59390000000002	0.9886410506661875
160.5843	0.9885380416591045
161.5747	0.988438562709428
162.565	0.9882450918620711
163.55530000000002	0.9881496008682782
164.5456	0.9880562428730096
165.5359	0.9848834311745801
166.52620000000002	0.98501615325799
167.5165	0.9881464911968408
168.5068	0.9914184496889805
169.49710000000002	0.9915341731775748
170.4874	0.9916569288864266
171.4777	0.9917839829583154
172.46800000000002	0.9919192040819225
173.4582	0.9952460045697006
174.44840000000002	0.9954741000564981
175.4386	0.9957120228915634
176.4288	0.9959586080471645
177.419	0.9962133746151476
178.4092	0.9964768035036663
179.3994	0.9967489090733844
180.3896	0.9970292046229559
181.37980000000002	0.9973217471502759
182.37	0.9976224876858095
183.36010000000002	0.999581712543228
184.3509	1.0011117666588645
185.342	1.0016518032656792
186.333	1.0018714341674215
187.324	1.0022020418496125
188.31490000000002	1.0024455192748334
189.3057	1.0027015388874798
190.2965	1.003067124065622
191.2872	1.003346304327013
192.2778	1.0036366154422607
193.2683	1.003940439224316
194.2588	1.004357645322106
195.2492	1.0046903760561867
196.23950000000002	1.0050361303081425
197.2297	1.0053956725802424
198.2202	0.9807373081265259
199.2114	1.0012539246242513
200.2023	1.0015739427612782
201.19320000000002	1.0019150735497055
202.184	1.0020677362361425
203.1747	1.0022301587790023
204.1654	1.0130849034159166
205.156	1.0135398787843557
206.1465	1.0140071534996349
207.1369	1.0144896304524125
208.12720000000002	1.0149836228520315
209.1174	1.0154928253273727
210.108	0.9955416420619343
211.10090000000002	0.8304702926289205
212.0934	0.8312456827603585
213.0859	0.8320214106844386
214.0783	0.8327998410837696
215.07070000000002	0.8335786092757429
216.06300000000002	0.8342587387723983
217.05530000000002	0.8349395337202242
218.0475	0.8355213589024985
219.0396	0.8360052243526657
220.0317	0.8364887486322643
221.02370000000002	0.8368743131797558
222.0157	0.8372598777272475
223.0076	0.837547482542632
223.9994	0.8377364486626989
224.99120000000002	0.8379257525754078
225.9829	0.8380167521737356
226.9745	0.8380094542473143
227.9661	0.838002494113535
228.9576	0.8378975742476488
229.949	0.8376940156864447
230.9404	0.8374911395001572
231.9317	0.8371903035817625
232.9229	0.8367911701386187
233.91400000000002	0.836294076963368
234.905	0.8356990240560103
235.89600000000002	0.8351043089412946
236.88690000000003	0.834411640884104
237.8777	0.8336210130948064
238.8684	0.8326314255734019
239.859	0.8315438783198903
240.8495	0.830358715916546
241.8399	0.8290752559884524
242.83020000000002	0.8276935086697236
243.8205	0.8263127713844395
244.81070000000003	0.8248344189493225
245.8015	1.0185752123813892
246.792	1.0181123977372086
247.78240000000002	1.0180913246839975
248.77270000000001	1.0180719166687187
249.7629	1.0180536866128975
250.7543	1.0193570998756014
251.74720000000002	1.021962374122643
252.7398	1.021606489015559
253.7324	1.0216440176276507
254.72500000000002	1.0216815462397422
255.7176	1.0217190748518337
256.7102	1.0217562096029214
257.7028	1.021793344354009
258.6954	1.0209736837108596
259.688	1.0213187041477383
260.6807	1.0214464058006771
261.6734	1.0210763495241724
262.66610000000003	1.0150139878330082
263.6588	1.0149516072061016
264.6515	1.0148907959638103
265.6442	1.014829984721519
266.6369	1.014770742863843
267.62960000000004	1.0147115010061671
268.6223	1.0146538285331066
269.615	1.014596156060046
270.6077	1.0145400529716009
271.60040000000004	1.0144835114571982
272.5931	1.014428539327411
273.5858	1.014376690428393
274.5785	1.014324841529375
275.57120000000003	1.0142745620149725
276.5639	1.0142242825005698
277.5566	1.014175133944825
278.5493	1.0141275547736959
279.54200000000003	1.0140799756025665
280.5347	1.0140343998985673
281.5274	1.0143815874116842
282.5202	1.0144285289489319
283.51300000000003	1.0143968041626783
284.5058	1.0143663706422477
285.4986	1.0143372283876397
286.4914	1.0143093773988545
287.4842	1.014281060210522
288.47700000000003	1.014254034288012
289.4698	1.014228299631325
290.4626	1.0142038562404605
291.4554	1.0141802379158715
292.4482	1.0141591893381179
293.4411	1.0142422422063837
294.434	1.014226679330801
295.4269	1.014212407721041
296.4198	1.0141994273771038
297.41270000000003	1.0141872720994418
298.4056	1.0141764080876026
299.3985	1.0141676476230514
300.39140000000003	1.014160178424323
301.3844	1.014256810671614
302.3774	1.0142548271750564
303.3704	1.0142541349443215
304.3634	1.0142555590456848
305.3564	1.0142595528938834
306.3494	1.0142643718083573
307.34250000000003	1.0143732921688506
308.3356	1.0143848880513182
309.3287	1.0143973090000609
310.3218	1.0144110212146265
311.3149	1.0144281282423027
312.3081	1.0145488705164507
313.3013	1.0145727545121206
314.2945	1.0145974635740658
315.28770000000003	1.014624288968109
316.281	1.0147560280896368
317.27430000000004	1.014790908932686
318.2676	1.0148266148420109
319.261	1.0149672472636304
320.25440000000003	1.015010555207224
321.24780000000004	1.015057257963928
322.2413	1.0152075959671043
323.2348	1.0152606094922547
324.2283	1.0153157393495031
325.2219	1.015477074200059
326.2155	1.015541084572589
327.20910000000003	1.015776579986839
328.2028	1.0159373784896788
329.1965	1.0160069294272447
330.19030000000004	1.0161807676463814
331.1841	1.0162582153152115
332.178	1.0205200887183945
333.1719	1.0207109340196587
334.1659	1.0210069280995382
335.1599	1.0212053517856312
336.154	1.0215089242503395
337.14820000000003	1.0218155839345264
338.1424	1.0220254446341797
339.1367	1.0223404541124481
340.1311	1.022708235969589
341.1255	1.0227497965433923
342.12	1.022892798234208
343.1146	1.0230359553028687
344.1093	1.0231784912928725
345.1041	1.0233199357471414
346.099	1.023462006036333
347.0939	1.0195757118249107
348.0889	1.019824443416504
349.084	1.0200778062932658
350.0792	1.0203358004551957
351.07460000000003	1.0207013034535017
352.0701	1.020969375541307
353.0657	1.0212433508908239
354.0614	1.0215219575255083
355.0572	1.0218064674219047
356.0532	1.0221997581312203
357.0493	1.0224968899065783
358.0455	1.0227999249436481
359.0419	1.02321301277018
360.0385	1.0236328192139617
361.03520000000003	1.0239577387003296
362.0321	1.0243927109761595
363.0292	1.0248356738457831
364.0264	1.025183749757992
365.0238	1.0256431504362067
366.0214	1.026111813684758
367.0192	1.026589739503646
368.0172	1.0270769278928702
369.01550000000003	1.0276762564036388
370.014	1.028184057265618
371.0127	1.0287023926744774
372.0117	1.029335412157967
373.0109	1.0298769039926674
374.0104	1.0305330799019987
375.0102	1.0312031496668346
376.0102	1.0318410232703874
377.0102	1.0318414677148318
378.0102	1.0318419121592763
379.0102	1.0318423566037207
380.0102	1.0318428010481653
381.0102	1.0318432454926096
382.0102	1.031843689937054
383.0102	1.0318441343814986
384.0102	1.031844578825943
385.0102	1.0318450232703873
386.0102	1.0318454677148319
387.0102	1.0318459121592762
388.0102	1.0318463566037208
389.0102	1.0318468010481652
390.0102	1.0318472454926095
391.0102	1.0318476899370541
392.0102	1.0318481343814985
393.0102	1.031848578825943
394.0102	1.0318490232703874
395.0102	1.0318494677148318
396.0102	1.0318499121592764
397.0102	1.0318503566037207
398.0102	1.031850801048165
399.0102	1.0318512454926096
400.0102	1.031851689937054
401.0102	1.0318521343814986
402.0102	1.031852578825943
403.0102	1.0318530232703873
404.0102	1.0318534677148319
405.0102	1.0318539121592762
406.0102	1.0318543566037208
407.0102	1.0318548010481652
408.0102	1.0318552454926095
409.0102	1.0318556899370541
410.0102	1.0318561343814985
411.0102	1.031856578825943
412.0102	1.0318570232703874
413.0102	1.0318574677148318
414.0102	1.0318579121592764
415.0102	1.0318583566037207
416.0102	1.031858801048165
417.0102	1.0318592454926097
418.0102	1.031859689937054
419.0102	1.0318601343814986
420.0102	1.031860578825943
421.0102	1.0318610232703873
422.0102	1.031861467714832
423.0102	1.0318619121592763
424.0102	1.0318623566037208
425.0102	1.0318628010481652
426.0102	1.0318632454926095
427.0102	1.0318636899370541
428.0102	1.0318641343814985
429.0102	1.0318645788259428
430.0102	1.0318650232703874
431.0102	1.0318654677148318
432.0102	1.0318659121592764
433.0102	1.0318663566037207
434.0102	1.031866801048165
435.0102	1.0318672454926097
436.0102	1.031867689937054
437.0102	1.0318681343814986
438.0102	1.031868578825943
439.0102	1.0318690232703873
440.0102	1.031869467714832
441.0102	1.0318699121592763
442.0102	1.0318703566037208
443.0102	1.0318708010481652
444.0102	1.0318712454926096
445.0102	1.0318716899370541
446.0102	1.0318721343814985
447.0102	1.0318725788259429
448.0102	1.0318730232703874
449.0102	1.0318734677148318
450.0102	1.0318739121592764
451.0102	1.0318743566037207
452.0102	1.031874801048165
453.0102	1.0318752454926097
454.0102	1.031875689937054
455.0102	1.0318761343814986
456.0102	1.031876578825943
457.0102	1.0318770232703873
458.0102	1.031877467714832
459.0102	1.0318779121592763
460.0102	1.0318783566037206
461.0102	1.0318788010481652
462.0102	1.0318792454926096
463.0102	1.0318796899370541
464.0102	1.0318801343814985
465.0102	1.0318805788259429
466.0102	1.0318810232703874
467.0102	1.0318814677148318
468.0102	1.0318819121592764
469.0102	1.0318823566037207
470.0102	1.031882801048165
471.0102	1.0318832454926097
472.0102	1.031883689937054
473.0102	1.0318841343814986
474.0102	1.031884578825943
475.0102	1.0318850232703873
476.0102	1.031885467714832
477.0102	1.0318859121592763
478.0102	1.0318863566037206
479.0102	1.0318868010481652
480.0102	1.0318872454926096
481.0102	1.0318876899370542
482.0102	1.0318881343814985
483.0102	1.0318885788259429
484.0102	1.0318890232703875
485.0102	1.0318894677148318
486.0102	1.0318899121592764
487.0102	1.0318903566037207
488.0102	1.031890801048165
489.0102	1.0318912454926097
490.0102	1.031891689937054
491.0102	1.0318921343814984
492.0102	1.031892578825943
493.0102	1.0318930232703873
494.0102	1.031893467714832
495.0102	1.0318939121592763
496.0102	1.0318943566037206
497.0102	1.0318948010481652
498.0102	1.0318952454926096
499.0102	1.0318956899370542
500.0102	1.0318961343814985
501.0102	1.0318965788259429
502.0102	1.0318970232703875
503.0102	1.0318974677148318
504.0102	1.0318979121592764
505.0102	1.0318983566037208
506.0102	1.0318988010481651
507.0102	1.0318992454926097
508.0102	1.031899689937054
509.0102	1.0319001343814984
510.0102	1.031900578825943
511.0102	1.0319010232703874
512.0102	1.031901467714832
513.0102	1.0319019121592763
514.0102	1.0319023566037206
515.0102	1.0319028010481652
516.0102	1.0319032454926096
517.0102	1.0319036899370542
518.0102	1.0319041343814985
519.0102	1.0319045788259429
520.0102	1.0319050232703875
521.0102	1.0319054677148318
522.0102	1.0319059121592762
523.0102	1.0319063566037208
524.0102	1.0319068010481651
525.0102	1.0319072454926097
526.0102	1.031907689937054
527.0102	1.0319081343814984
528.0102	1.031908578825943
529.0102	1.0319090232703874
530.0102	1.031909467714832
531.0102	1.0319099121592763
532.0102	1.0319103566037207
533.0102	1.0319108010481652
534.0102	1.0319112454926096
535.0102	1.031911689937054
536.0102	1.0319121343814985
537.0102	1.031912578825943
538.0102	1.0319130232703875
539.0102	1.0319134677148318
540.0102	1.0319139121592762
541.0102	1.0319143566037208
542.0102	1.0319148010481651
543.0102	1.0319152454926097
544.0102	1.031915689937054
545.0102	1.0319161343814984
546.0102	1.031916578825943
547.0102	1.0319170232703874
548.0102	1.0319174677148317
549.0102	1.0319179121592763
550.0102	1.0319183566037207
551.0102	1.0319188010481652
552.0102	1.0319192454926096
553.0102	1.031919689937054
554.0102	1.0319201343814985
555.0102	1.031920578825943
556.0102	1.0319210232703875
557.0102	1.0319214677148318
558.0102	1.0319219121592762
559.0102	1.0319223566037208
560.0102	1.0319228010481651
561.0102	1.0319232454926097
562.0102	1.031923689937054
563.0102	1.0319241343814984
564.0102	1.031924578825943
565.0102	1.0319250232703874
566.0102	1.0319254677148317
567.0102	1.0319259121592763
568.0102	1.0319263566037207
569.0102	1.0319268010481653
570.0102	1.0319272454926096
571.0102	1.031927689937054
572.0102	1.0319281343814986
573.0102	1.031928578825943
574.0102	1.0319290232703875
575.0102	1.0319294677148318
576.0102	1.0319299121592762
577.0102	1.0319303566037208
578.0102	1.0319308010481651
579.0102	1.0319312454926095
580.0102	1.031931689937054
581.0102	1.0319321343814984
582.0102	1.031932578825943
583.0102	1.0319330232703874
584.0102	1.0319334677148317
585.0102	1.0319339121592763
586.0102	1.0319343566037207
587.0102	1.0319348010481653
588.0102	1.0319352454926096
589.0102	1.031935689937054
590.0102	1.0319361343814986
591.0102	1.031936578825943
592.0102	1.0319370232703875
593.0102	1.0319374677148319
594.0102	1.0319379121592762
595.0102	1.0319383566037208
596.0102	1.0319388010481652
597.0102	1.0319392454926095
598.0102	1.031939689937054
599.0102	1.0319401343814985
600.0102	1.031940578825943
601.0102	1.0319410232703874
602.0102	1.0319414677148318
603.0102	1.0319419121592763
604.0102	1.0319423566037207
605.0102	1.0319428010481653
606.0102	1.0319432454926096
607.0102	1.031943689937054
608.0102	1.0319441343814986
609.0102	1.031944578825943
610.0102	1.0319450232703873
611.0102	1.0319454677148319
612.0102	1.0319459121592762
613.0102	1.0319463566037208
614.0102	1.0319468010481652
615.0102	1.0319472454926095
616.0102	1.031947689937054
617.0102	1.0319481343814985
618.0102	1.031948578825943
619.0102	1.0319490232703874
620.0102	1.0319494677148318
621.0102	1.0319499121592763
622.0102	1.0319503566037207
623.0102	1.0319508010481653
624.0102	1.0319512454926096
625.0102	1.031951689937054
626.0102	1.0319521343814986
627.0102	1.031952578825943
628.0102	1.0319530232703873
629.0102	1.0319534677148319
630.0102	1.0319539121592762
631.0102	1.0319543566037208
632.0102	1.0319548010481652
633.0102	1.0319552454926095
634.0102	1.031955689937054
635.0102	1.0319561343814985
636.0102	1.031956578825943
637.0102	1.0319570232703874
638.0102	1.0319574677148318
639.0102	1.0319579121592763
640.0102	1.0319583566037207
641.0102	1.031958801048165
642.0102	1.0319592454926096
643.0102	1.031959689937054
644.0102	1.0319601343814986
645.0102	1.031960578825943
646.0102	1.0319610232703873
647.0102	1.0319614677148319
648.0102	1.0319619121592762
649.0102	1.0319623566037208
650.0102	1.0319628010481652
651.0102	1.0319632454926095
652.0102	1.0319636899370541
653.0102	1.0319641343814985
654.0102	1.031964578825943
655.0102	1.0319650232703874
656.0102	1.0319654677148318
657.0102	1.0319659121592764
658.0102	1.0319663566037207
659.0102	1.031966801048165
660.0102	1.0319672454926097
661.0102	1.031967689937054
662.0102	1.0319681343814986
663.0102	1.031968578825943
664.0102	1.0319690232703873
665.0102	1.031969467714832
666.0102	1.0319699121592762
667.0102	1.0319703566037208
668.0102	1.0319708010481652
669.0102	1.0319712454926095
670.0102	1.0319716899370541
671.0102	1.0319721343814985
672.0102	1.0319725788259428
673.0102	1.0319730232703874
674.0102	1.0319734677148318
675.0102	1.0319739121592764
676.0102	1.0319743566037207
677.0102	1.031974801048165
678.0102	1.0319752454926097
679.0102	1.031975689937054
680.0102	1.0319761343814986
681.0102	1.031976578825943
682.0102	1.0319770232703873
683.0102	1.031977467714832
684.0102	1.0319779121592763
685.0102	1.0319783566037206
686.0102	1.0319788010481652
687.0102	1.0319792454926096
688.0102	1.0319796899370541
689.0102	1.0319801343814985
690.0102	1.0319805788259429
691.0102	1.0319810232703874
692.0102	1.0319814677148318
693.0102	1.0319819121592764
694.0102	1.0319823566037207
695.0102	1.031982801048165
696.0102	1.0319832454926097
697.0102	1.031983689937054
698.0102	1.0319841343814984
699.0102	1.031984578825943
700.0102	1.0319850232703873
701.0102	1.031985467714832
702.0102	1.0319859121592763
703.0102	1.0319863566037206
704.0102	1.0319868010481652
705.0102	1.0319872454926096
706.0102	1.0319876899370541
707.0102	1.0319881343814985
708.0102	1.0319885788259429
709.0102	1.0319890232703874
710.0102	1.0319894677148318
711.0102	1.0319899121592764
712.0102	1.0319903566037207
713.0102	1.031990801048165
714.0102	1.0319912454926097
715.0102	1.031991689937054
716.0102	1.0319921343814984
717.0102	1.031992578825943
718.0102	1.0319930232703873
719.0102	1.031993467714832
720.0102	1.0319939121592763
721.0102	1.0319943566037206
722.0102	1.0319948010481652
723.0102	1.0319952454926096
724.0102	1.0319956899370542
725.0102	1.0319961343814985
726.0102	1.0319965788259429
727.0102	1.0319970232703874
728.0102	1.0319974677148318
729.0102	1.0319979121592762
730.0102	1.0319983566037207
731.0102	1.031998801048165
732.0102	1.0319992454926097
733.0102	1.031999689937054
734.0102	1.0320001343814984
735.0102	1.032000578825943
736.0102	1.0320010232703873
737.0102	1.032001467714832
738.0102	1.0320019121592763
739.0102	1.0320023566037206
740.0102	1.0320028010481652
741.0102	1.0320032454926096
742.0102	1.0320036899370542
743.0102	1.0320041343814985
744.0102	1.0320045788259429
745.0102	1.0320050232703875
746.0102	1.0320054677148318
747.0102	1.0320059121592762
748.0102	1.0320063566037208
749.0102	1.0320068010481651
750.0102	1.0320072454926097
751.0102	1.032007689937054
752.0102	1.0320081343814984
753.0102	1.032008578825943
754.0102	1.0320090232703873
755.0102	1.032009467714832
756.0102	1.0320099121592763
757.0102	1.0320103566037206
758.0102	1.0320108010481652
759.0102	1.0320112454926096
760.0102	1.032011689937054
761.0102	1.0320121343814985
762.0102	1.0320125788259429
763.0102	1.0320130232703875
764.0102	1.0320134677148318
765.0102	1.0320139121592762
766.0102	1.0320143566037208
767.0102	1.0320148010481651
768.0102	1.0320152454926097
769.0102	1.032015689937054
770.0102	1.0320161343814984
771.0102	1.032016578825943
772.0102	1.0320170232703874
773.0102	1.032017467714832
774.0102	1.0320179121592763
775.0102	1.0320183566037207
776.0102	1.0320188010481652
777.0102	1.0320192454926096
778.0102	1.032019689937054
779.0102	1.0320201343814985
780.0102	1.032020578825943
781.0102	1.0320210232703875
782.0102	1.0320214677148318
783.0102	1.0320219121592762
784.0102	1.0320223566037208
785.0102	1.0320228010481651
786.0102	1.0320232454926097
787.0102	1.032023689937054
788.0102	1.0320241343814984
789.0102	1.032024578825943
790.0102	1.0320250232703874
791.0102	1.0320254677148317
792.0102	1.0320259121592763
793.0102	1.0320263566037207
794.0102	1.0320268010481652
795.0102	1.0320272454926096
796.0102	1.032027689937054
797.0102	1.0320281343814985
798.0102	1.032028578825943
799.0102	1.0320290232703875
800.0102	1.0320294677148318
801.0102	1.0320299121592762
802.0102	1.0320303566037208
803.0102	1.0320308010481651
804.0102	1.0320312454926097
805.0102	1.032031689937054
806.0102	1.0320321343814984
807.0102	1.032032578825943
808.0102	1.0320330232703874
809.0102	1.0320334677148317
810.0102	1.0320339121592763
811.0102	1.0320343566037207
812.0102	1.0320348010481653
813.0102	1.0320352454926096
814.0102	1.032035689937054
815.0102	1.0320361343814985
816.0102	1.032036578825943
817.0102	1.0320370232703875
818.0102	1.0320374677148318
819.0102	1.0320379121592762
820.0102	1.0320383566037208
821.0102	1.0320388010481651
822.0102	1.0320392454926095
823.0102	1.032039689937054
824.0102	1.0320401343814984
825.0102	1.032040578825943
826.0102	1.0320410232703874
827.0102	1.0320414677148317
828.0102	1.0320419121592763
829.0102	1.0320423566037207
830.0102	1.0320428010481653
831.0102	1.0320432454926096
832.0102	1.032043689937054
833.0102	1.0320441343814986
834.0102	1.032044578825943
835.0102	1.0320450232703873
836.0102	1.0320454677148319
837.0102	1.0320459121592762
838.0102	1.0320463566037208
839.0102	1.0320468010481652
840.0102	1.0320472454926095
841.0102	1.032047689937054
842.0102	1.0320481343814984
843.0102	1.032048578825943
844.0102	1.0320490232703874
845.0102	1.0320494677148317
846.0102	1.0320499121592763
847.0102	1.0320503566037207
848.0102	1.032050801048165
849.0102	1.0320512454926096
850.0102	1.032051689937054
851.0102	1.0320521343814986
852.0102	1.032052578825943
853.0102	1.0320530232703873
854.0102	1.0320534677148319
855.0102	1.0320539121592762
856.0102	1.0320543566037208
857.0102	1.0320548010481652
858.0102	1.0320552454926095
859.0102	1.032055689937054
860.0102	1.0320561343814985
861.0102	1.032056578825943
862.0102	1.0320570232703874
863.0102	1.0320574677148318
864.0102	1.0320579121592763
865.0102	1.0320583566037207
866.0102	1.032058801048165
867.0102	1.0320592454926096
868.0102	1.032059689937054
869.0102	1.0320601343814986
870.0102	1.032060578825943
871.0102	1.0320610232703873
872.0102	1.0320614677148319
873.0102	1.0320619121592762
874.0102	1.0320623566037208
875.0102	1.0320628010481652
876.0102	1.0320632454926095
877.0102	1.032063689937054
878.0102	1.0320641343814985
879.0102	1.0320645788259428
880.0102	1.0320650232703874
881.0102	1.0320654677148318
882.0102	1.0320659121592763
883.0102	1.0320663566037207
884.0102	1.032066801048165
885.0102	1.0320672454926096
886.0102	1.032067689937054
887.0102	1.0320681343814986
888.0102	1.032068578825943
889.0102	1.0320690232703873
890.0102	1.0320694677148319
891.0102	1.0320699121592762
892.0102	1.0320703566037208
893.0102	1.0320708010481652
894.0102	1.0320712454926095
895.0102	1.0320716899370541
896.0102	1.0320721343814985
897.0102	1.0320725788259428
898.0102	1.0320730232703874
899.0102	1.0320734677148318
900.0102	1.0320739121592764
901.0102	1.0320743566037207
902.0102	1.032074801048165
903.0102	1.0320752454926096
904.0102	1.032075689937054
905.0102	1.0320761343814986
906.0102	1.032076578825943
907.0102	1.0320770232703873
908.0102	1.0320774677148319
909.0102	1.0320779121592762
910.0102	1.0320783566037206
911.0102	1.0320788010481652
912.0102	1.0320792454926095
913.0102	1.0320796899370541
914.0102	1.0320801343814985
915.0102	1.0320805788259428
916.0102	1.0320810232703874
917.0102	1.0320814677148318
918.0102	1.0320819121592764
919.0102	1.0320823566037207
920.0102	1.032082801048165
921.0102	1.0320832454926097
922.0102	1.032083689937054
923.0102	1.0320841343814986
924.0102	1.032084578825943
925.0102	1.0320850232703873
926.0102	1.032085467714832
927.0102	1.0320859121592763
928.0102	1.0320863566037206
929.0102	1.0320868010481652
930.0102	1.0320872454926096
931.0102	1.0320876899370541
932.0102	1.0320881343814985
933.0102	1.0320885788259428
934.0102	1.0320890232703874
935.0102	1.0320894677148318
936.0102	1.0320899121592764
937.0102	1.0320903566037207
938.0102	1.032090801048165
939.0102	1.0320912454926097
940.0102	1.032091689937054
941.0102	1.0320921343814984
942.0102	1.032092578825943
943.0102	1.0320930232703873
944.0102	1.032093467714832
945.0102	1.0320939121592763
946.0102	1.0320943566037206
947.0102	1.0320948010481652
948.0102	1.0320952454926096
949.0102	1.0320956899370541
950.0102	1.0320961343814985
951.0102	1.0320965788259429
952.0102	1.0320970232703874
953.0102	1.0320974677148318
954.0102	1.0320979121592764
955.0102	1.0320983566037207
956.0102	1.032098801048165
957.0102	1.0320992454926097
958.0102	1.032099689937054
959.0102	1.0321001343814984
960.0102	1.032100578825943
961.0102	1.0321010232703873
962.0102	1.032101467714832
963.0102	1.0321019121592763
964.0102	1.0321023566037206
965.0102	1.0321028010481652
966.0102	1.0321032454926096
967.0102	1.0321036899370541
968.0102	1.0321041343814985
969.0102	1.0321045788259429
970.0102	1.0321050232703874
971.0102	1.0321054677148318
972.0102	1.0321059121592762
973.0102	1.0321063566037207
974.0102	1.032106801048165
975.0102	1.0321072454926097
976.0102	1.032107689937054
977.0102	1.0321081343814984
978.0102	1.032108578825943
979.0102	1.0321090232703873
980.0102	1.032109467714832
981.0102	1.0321099121592763
982.0102	1.0321103566037206
983.0102	1.0321108010481652
984.0102	1.0321112454926096
985.0102	1.032111689937054
986.0102	1.0321121343814985
987.0102	1.0321125788259429
988.0102	1.0321130232703875
989.0102	1.0321134677148318
990.0102	1.0321139121592762
991.0102	1.0321143566037208
992.0102	1.032114801048165
993.0102	1.0321152454926097
994.0102	1.032115689937054
995.0102	1.0321161343814984
996.0102	1.032116578825943
997.0102	1.0321170232703873
998.0102	1.0321174677148317
999.0102	1.0321179121592763
