0.16920000000000002	0.5183406044738851
1.1285	0.518359868580259
2.0893	0.5180148500892776
3.0569	0.5199361979598275
4.0144	0.518071380629184
4.9706	0.5174731084814529
5.9253	0.5151041134251174
6.884600000000001	0.5156141896656922
7.8463	0.5141353588395039
8.8095	0.5131040922896186
9.779300000000001	0.5141129201839194
10.748700000000001	0.5144736632126707
11.7177	0.5169673875654148
12.686100000000001	0.5188329094095641
13.654	0.5223498112573145
14.621400000000001	0.5232619624968646
15.5883	0.5256785569861809
16.5546	0.5275518646160047
17.520300000000002	0.5289331364589734
18.485300000000002	0.5330271674638412
19.4496	0.5348821360579786
20.4131	0.534151308900283
21.375700000000002	0.532664168193227
22.337400000000002	0.5333905922668538
23.3082	0.5334364556598001
24.2789	0.5380105780941193
25.2493	0.5415553829471951
26.2196	0.5418257116032376
27.1898	0.5446427774855975
28.1598	0.5515536671888772
29.1295	0.5565401553736785
30.0989	0.5634138229540127
31.068	0.5657070491360465
32.0368	0.5673079055715782
33.0053	0.5713140535614962
33.973400000000005	0.572890687447541
34.9412	0.5730896991983577
35.908500000000004	0.5739911784653398
36.8755	0.57564568950868
37.842	0.5770929210158375
38.808	0.5739839970596625
39.7735	0.572234933019639
40.738600000000005	0.5740900467285526
41.7032	0.5716217535674487
42.6672	0.5658819568197168
43.630500000000005	0.5639653658921053
44.6032	0.5644460031124674
45.576	0.5639477834972842
46.5539	0.5666648239005461
47.5364	0.5647788180478392
48.5193	0.5660326740975057
49.5026	0.5643460470325923
50.4863	0.5700733388859142
51.4705	0.5878994229212694
52.4553	0.5966371423582575
53.435900000000004	0.5916521778666957
54.417300000000004	0.5865379526339706
55.3996	0.576430284653011
56.3729	0.5740737892670641
57.3463	0.5697741997469254
58.319700000000005	0.565582665046235
59.293200000000006	0.5641816807221347
60.2668	0.5646456025085587
61.240500000000004	0.5634714501807926
62.214400000000005	0.5594758000612092
63.188500000000005	0.5585292612325692
64.1628	0.555938310586708
65.1371	0.5556796498397341
66.1115	0.5591849845927148
67.083	0.5555713230820458
68.0513	0.5571243154601637
69.02000000000001	0.5573854715638057
69.9888	0.5579556575112262
70.9559	0.5606557787535276
71.9252	0.5696290768651959
72.8944	0.5711548692982202
73.86370000000001	0.571877881151678
74.8331	0.5755132045222932
75.8027	0.5771759214900269
76.77250000000001	0.5803921258551461
77.7423	0.5830795517301017
78.7121	0.5856490630615772
79.6819	0.5861297888665891
80.6519	0.586494175276831
81.6222	0.5884518780926788
82.59270000000001	0.5895125896804481
83.5539	0.5888858415038201
84.515	0.5838538831180057
85.4758	0.5851179428559711
86.43610000000001	0.5891601734027123
87.3957	0.5950904494973301
88.3546	0.609125305053646
89.3193	0.619707133443713
90.2835	0.6258467418469063
91.2471	0.6311361588227655
92.2099	0.6390574196633895
93.1718	0.6434420872232112
94.1365	0.6383844178012126
95.1067	0.6096185362618642
96.0766	0.6115866427131347
97.0462	0.6134193906680191
98.0154	0.617160257569573
98.9841	0.6175881802542215
99.9581	0.6180250451012638
100.93650000000001	0.6237624466313574
101.9153	0.6300224234826569
102.89	0.6686100898889911
103.8605	0.6697867730610003
104.83210000000001	0.6839721698064575
105.80430000000001	0.6865053095067178
106.7779	0.6879114656031382
107.7509	0.6848164334926954
108.7239	0.6837426065424285
109.6967	0.6814347733419763
110.6692	0.680874041627404
111.6414	0.6801339692831616
112.6134	0.6647651244764364
113.58720000000001	0.6984484157357373
114.56020000000001	0.7017598311038826
115.53370000000001	0.7018447044414382
116.5062	0.6978248925525218
117.4807	0.6971939399927373
118.4573	0.7065642946911053
119.4302	0.6778531850219289
120.4038	0.6856088228348615
121.37740000000001	0.686517409777437
122.3508	0.6893711650205866
123.3238	0.6958174779509023
124.2964	0.6998412792598447
125.2689	0.7097744883591931
126.2411	0.7139795089317557
127.2133	0.7158660818209912
128.18550000000002	0.7223261459677505
129.1576	0.7217174118367494
130.1297	0.7230650033364106
131.1046	0.7226497325422868
132.08	0.7088661439758058
133.0556	0.7092582453052134
134.03130000000002	0.7095068090536089
135.0072	0.7098514249629577
135.9833	0.7088889012828075
136.95950000000002	0.7113340723708701
137.9359	0.711490327733203
138.9096	0.7044153416442147
139.8826	0.7064884005818824
140.8583	0.7319362082011147
141.8349	0.7399879892818316
142.81140000000002	0.7389402187843356
143.7879	0.7342582999135118
144.76430000000002	0.7308058267971086
145.7407	0.729261479826012
146.717	0.7279379242814877
147.69410000000002	0.7279710554966684
148.6708	0.7285384056948232
149.64780000000002	0.7322342763186331
150.625	0.7321598529983865
151.6023	0.7341023870747146
152.5798	0.7335548469059745
153.55780000000001	0.7348523664371509
154.5361	0.735942105567904
155.5147	0.737774995186266
156.4934	0.7422761562310674
157.473	0.7437956468034116
158.4531	0.7312336912611208
159.4339	0.7479710171358456
160.41490000000002	0.689652291888178
161.3959	0.6862950364512362
162.377	0.6810716211592144
163.3582	0.7186268173363363
164.3391	0.7497369148325326
165.3201	0.7699331425591899
166.30100000000002	0.797764444673777
167.28230000000002	0.8039103374413372
168.2639	0.7677879445131308
169.2452	0.801393997859205
170.2263	0.8010434105851294
171.2079	0.8052407709595518
172.18980000000002	0.8175544836572697
173.1714	0.8275136745863718
174.1498	0.8048504534120772
175.12890000000002	0.8293476728985142
176.1054	0.8546280090893524
177.0822	0.8541471990628986
178.0594	0.8567365560419755
179.03650000000002	0.8566539412813994
180.0136	0.8553577522939482
180.9908	0.855047110245623
181.9687	0.8376852041858582
182.946	0.8351562762831904
183.9237	0.8593506221542377
184.90130000000002	0.8619448269019186
185.8788	0.8646856311212321
186.85490000000001	0.8395501984936796
187.8326	0.8364362654424089
188.81060000000002	0.8059481773827574
189.79090000000002	0.868457270768377
190.77210000000002	0.8733228951687712
191.7533	0.8656097572912826
192.7345	0.8652895105194282
193.7158	0.8642129128003411
194.69650000000001	0.8450467854970285
195.67700000000002	0.8397226654320442
196.65800000000002	0.8422680460899921
197.6378	0.8928150844990295
198.6182	0.8692684744888198
199.59980000000002	0.9001296997507424
200.58100000000002	0.8978952876600816
201.56050000000002	0.9005739128368785
202.5394	0.9003424382328655
203.5182	0.9015656626092728
204.497	0.9028647804196092
205.47580000000002	0.8918660881043742
206.4548	0.9096345289165602
207.435	0.9024501348309792
208.4155	0.901469853158537
209.39620000000002	0.8879991805118342
210.3779	0.9200698232301162
211.3595	0.9209961775761708
212.3411	0.9224102402392726
213.3227	0.9237024830599739
214.3043	0.9252963108257299
215.2859	0.9269192947999446
216.26700000000002	0.9163080039530287
217.2478	0.9098272359391533
218.2287	0.9213289074290875
219.2098	0.9199225276708151
220.191	0.9220409915736042
221.1725	0.9119454097022706
222.15370000000001	0.9294314633606127
223.13500000000002	0.9286079594141383
224.11620000000002	0.927472719241015
225.09730000000002	0.9068845250693894
226.0781	0.9063165849704335
227.0609	0.9136346755127689
228.04350000000002	0.9263829674407486
229.02620000000002	0.9269957119742251
230.00900000000001	0.9292422840553914
230.99190000000002	0.9296355828779338
231.97480000000002	0.9295693119553714
232.95780000000002	0.9312125345630577
233.94080000000002	0.9326936660278694
234.924	0.9353785257406422
235.9071	0.9318275943611054
236.89010000000002	0.8929462407060803
237.87300000000002	0.8970483357485679
238.85590000000002	0.8982977947982816
239.83870000000002	0.8951586972151316
240.8214	0.8977971607897552
241.8041	0.8589559046830147
242.78660000000002	0.8634571779027564
243.769	0.8601734488326065
244.7512	0.8635101231530039
245.7332	0.8636645175507899
246.7141	0.8986617130350083
247.6971	0.7553968054448188
248.6833	0.9611198073150786
249.66930000000002	0.9614880206455435
250.65540000000001	0.9623679091815498
251.6415	0.9631546426540721
252.6276	0.9614612640495674
253.61380000000003	0.9618593784592068
254.60000000000002	0.9622669830003666
255.58630000000002	0.9624557812029707
256.5726	0.9626878994600176
257.5588	0.9638277306961067
258.5449	0.9646075008109449
259.53090000000003	0.9650027551154112
260.5168	0.965439741511062
261.5027	0.9659860488874039
262.4885	0.96696422179099
263.4742	0.9675841812922779
264.45980000000003	0.9681974791012223
265.44530000000003	0.9688221231179556
266.43330000000003	0.9697398021686496
267.4242	0.9792702297493453
268.4146	0.9756514627663386
269.4049	0.9736961124885241
270.3951	0.9738389066647113
271.3857	0.8827646986244376
272.3774	0.9788615212754979
273.3688	0.9789043703356065
274.3602	0.9795785342313472
275.3515	0.9801271375017733
276.34270000000004	0.980529844942838
277.3339	0.9810392632684123
278.325	0.9814630422513126
279.31600000000003	0.9818974252987382
280.307	0.9824384886231359
281.2979	0.9828959178352527
282.2887	0.9833624385730738
283.2794	0.9838425429236692
284.27000000000004	0.9843352262666961
285.2606	0.984935122778277
286.2511	0.9854524054308663
287.24150000000003	0.9859822771251358
288.2318	0.9865277428894786
289.22200000000004	0.9870833102840434
290.2144	0.9716192876441945
291.2065	0.9738202359109827
292.1986	0.9731285305259224
293.1907	0.9742590047157248
294.1828	0.9754107910069124
295.1748	0.9764844104670777
296.1668	0.9766510563478206
297.15880000000004	0.9775584114349438
298.1508	0.9784857220748795
299.1427	0.9793239974024555
300.13460000000003	0.9802672178322264
301.1265	0.9812323072961274
302.1184	0.9822173523128409
303.1102	0.9831198157279019
304.10200000000003	0.9841264532527912
305.0938	0.9851557308041772
306.0855	0.9861047257314116
307.0772	0.9864801519735119
308.06890000000004	0.9872578554883817
309.0605	0.987953430708202
310.0521	0.9887536104342629
311.0437	0.9895679710031018
312.03520000000003	0.9902966663209283
313.02660000000003	0.99942655083618
314.0179	0.9828747251117098
315.0091	0.97396880012256
316.0002	0.9746646771617725
316.9913	0.9755048574482582
317.9823	0.9762738550566973
318.9732	0.9770687982147787
319.964	0.9778823484819598
320.9547	0.9787225704287065
321.94530000000003	0.9795898216827561
322.9359	0.980567579760764
323.9264	0.9814699212801775
324.9168	0.9823989344791568
325.9071	0.9833588341246865
326.89730000000003	0.9843450369107346
327.88820000000004	1.0119627075674806
328.8786	1.0117778808752915
329.8689	1.0119640552890605
330.85920000000004	1.0121371861877402
331.8494	1.0122066562047614
332.8403	0.9835586126821886
333.8308	0.9835135774930986
334.82120000000003	0.9837658039305545
335.8115	0.98400765955401
336.80170000000004	0.9842503669560569
337.7966	0.9894223350101895
338.79310000000004	1.0038233046739478
339.78950000000003	1.0040548507604083
340.7859	1.0045017317604081
341.7823	1.0049587382604082
342.7787	1.0054233955104082
343.77520000000004	1.005996304582534
344.7717	1.006481288332534
345.76820000000004	1.006978947832534
346.7647	1.007481707832534
347.7613	1.0080952699046597
348.7579	1.0086259316546597
349.7545	1.0091642441546596
350.75120000000004	1.009813358726786
351.7479	1.0103745479767858
352.7446	1.0109484129767856
353.7414	1.0116330800489117
354.7382	1.0118141310489117
355.735	1.0119900060489118
356.7319	1.0122690323710375
357.72880000000004	1.0124549573710375
358.7257	1.0126408823710376
359.72270000000003	1.0129299586931637
360.7197	1.0131259336931637
361.71680000000003	1.0134250600152896
362.7139	1.0136260600152898
363.711	1.0138320850152898
364.70820000000003	1.014141261337416
365.7054	1.0143573363374159
366.7027	1.0146765626595418
367.70000000000005	1.0149026876595417
368.6974	1.0152319639816678
369.69480000000004	1.0154631139816677
370.6922	1.0156992889816676
371.6897	1.016038615303794
372.6872	1.0162848403037938
373.6848	1.01663421662592
374.68240000000003	1.0168904916259198
375.68010000000004	1.0172499179480459
376.6778	1.0175162429480458
377.67560000000003	1.017885719270172
378.6735	1.018265245592298
379.6714	1.0185516705922981
380.6694	1.018941246914424
381.66740000000004	1.019237721914424
382.6655	1.0196373482365502
383.6637	1.0200470245586761
384.6619	1.020358574558676
385.66020000000003	1.0207783008808022
386.6585	1.021104925880802
387.6569	1.0215347022029282
388.65540000000004	1.021974528525054
389.6539	1.022321253525054
390.65250000000003	1.0227711298471802
391.6512	1.0232310561693063
392.65000000000003	1.0237010324914322
393.6488	1.0240779074914321
394.64770000000004	1.0245579338135584
395.6467	1.0250480101356845
396.6458	1.0255481364578103
397.6449	1.0259551614578104
398.64410000000004	1.0264653377799364
399.64340000000004	1.0269855641020624
400.6428	1.0275158404241884
401.64230000000003	1.0280561667463146
402.6419	1.0286065430684406
403.64160000000004	1.0291669693905665
404.64140000000003	1.0297374457126927
405.6412	1.0302148207126924
406.6411	1.0326542556159604
407.6411	1.0327575464813565
408.6411	1.0327575464813565
409.6411	1.0327575464813565
410.6411	1.0327575464813565
411.6411	1.0327575464813565
412.6411	1.0327575464813565
413.6411	1.0327575464813565
414.6411	1.0327575464813565
415.6411	1.0327575464813565
416.6411	1.0327575464813565
417.6411	1.0327575464813565
418.6411	1.0327575464813565
419.6411	1.0327575464813565
420.6411	1.0327575464813565
421.6411	1.0327575464813565
422.6411	1.0327575464813565
423.6411	1.0327575464813565
424.6411	1.0327575464813565
425.6411	1.0327575464813565
426.6411	1.0327575464813565
427.6411	1.0327575464813565
428.6411	1.0327575464813565
429.6411	1.0327575464813565
430.6411	1.0327575464813565
431.6411	1.0327575464813565
432.6411	1.0327575464813565
433.6411	1.0327575464813565
434.6411	1.0327575464813565
435.6411	1.0327575464813565
436.6411	1.0327575464813565
437.6411	1.0327575464813565
438.6411	1.0327575464813565
439.6411	1.0327575464813565
440.6411	1.0327575464813565
441.6411	1.0327575464813565
442.6411	1.0327575464813565
443.6411	1.0327575464813565
444.6411	1.0327575464813565
445.6411	1.0327575464813565
446.6411	1.0327575464813565
447.6411	1.0327575464813565
448.6411	1.0327575464813565
449.6411	1.0327575464813565
450.6411	1.0327575464813565
451.6411	1.0327575464813565
452.6411	1.0327575464813565
453.6411	1.0327575464813565
454.6411	1.0327575464813565
455.6411	1.0327575464813565
456.6411	1.0327575464813565
457.6411	1.0327575464813565
458.6411	1.0327575464813565
459.6411	1.0327575464813565
460.6411	1.0327575464813565
461.6411	1.0327575464813565
462.6411	1.0327575464813565
463.6411	1.0327575464813565
464.6411	1.0327575464813565
465.6411	1.0327575464813565
466.6411	1.0327575464813565
467.6411	1.0327575464813565
468.6411	1.0327575464813565
469.6411	1.0327575464813565
470.6411	1.0327575464813565
471.6411	1.0327575464813565
472.6411	1.0327575464813565
473.6411	1.0327575464813565
474.6411	1.0327575464813565
475.6411	1.0327575464813565
476.6411	1.0327575464813565
477.64110000000005	1.0327575464813565
478.64110000000005	1.0327575464813565
479.64110000000005	1.0327575464813565
480.64110000000005	1.0327575464813565
481.64110000000005	1.0327575464813565
482.64110000000005	1.0327575464813565
483.64110000000005	1.0327575464813565
484.64110000000005	1.0327575464813565
485.64110000000005	1.0327575464813565
486.64110000000005	1.0327575464813565
487.64110000000005	1.0327575464813565
488.64110000000005	1.0327575464813565
489.64110000000005	1.0327575464813565
490.64110000000005	1.0327575464813565
491.64110000000005	1.0327575464813565
492.64110000000005	1.0327575464813565
493.64110000000005	1.0327575464813565
494.64110000000005	1.0327575464813565
495.64110000000005	1.0327575464813565
496.64110000000005	1.0327575464813565
497.64110000000005	1.0327575464813565
498.64110000000005	1.0327575464813565
499.64110000000005	1.0327575464813565
500.64110000000005	1.0327575464813565
501.64110000000005	1.0327575464813565
502.64110000000005	1.0327575464813565
503.64110000000005	1.0327575464813565
504.64110000000005	1.0327575464813565
505.64110000000005	1.0327575464813565
506.64110000000005	1.0327575464813565
507.64110000000005	1.0327575464813565
508.64110000000005	1.0327575464813565
509.64110000000005	1.0327575464813565
510.64110000000005	1.0327575464813565
511.64110000000005	1.0327575464813565
512.6411	1.0327575464813565
513.6411	1.0327575464813565
514.6411	1.0327575464813565
515.6411	1.0327575464813565
516.6411	1.0327575464813565
517.6411	1.0327575464813565
518.6411	1.0327575464813565
519.6411	1.0327575464813565
520.6411	1.0327575464813565
521.6411	1.0327575464813565
522.6411	1.0327575464813565
523.6411	1.0327575464813565
524.6411	1.0327575464813565
525.6411	1.0327575464813565
526.6411	1.0327575464813565
527.6411	1.0327575464813565
528.6411	1.0327575464813565
529.6411	1.0327575464813565
530.6411	1.0327575464813565
531.6411	1.0327575464813565
532.6411	1.0327575464813565
533.6411	1.0327575464813565
534.6411	1.0327575464813565
535.6411	1.0327575464813565
536.6411	1.0327575464813565
537.6411	1.0327575464813565
538.6411	1.0327575464813565
539.6411	1.0327575464813565
540.6411	1.0327575464813565
541.6411	1.0327575464813565
542.6411	1.0327575464813565
543.6411	1.0327575464813565
544.6411	1.0327575464813565
545.6411	1.0327575464813565
546.6411	1.0327575464813565
547.6411	1.0327575464813565
548.6411	1.0327575464813565
549.6411	1.0327575464813565
550.6411	1.0327575464813565
551.6411	1.0327575464813565
552.6411	1.0327575464813565
553.6411	1.0327575464813565
554.6411	1.0327575464813565
555.6411	1.0327575464813565
556.6411	1.0327575464813565
557.6411	1.0327575464813565
558.6411	1.0327575464813565
559.6411	1.0327575464813565
560.6411	1.0327575464813565
561.6411	1.0327575464813565
562.6411	1.0327575464813565
563.6411	1.0327575464813565
564.6411	1.0327575464813565
565.6411	1.0327575464813565
566.6411	1.0327575464813565
567.6411	1.0327575464813565
568.6411	1.0327575464813565
569.6411	1.0327575464813565
570.6411	1.0327575464813565
571.6411	1.0327575464813565
572.6411	1.0327575464813565
573.6411	1.0327575464813565
574.6411	1.0327575464813565
575.6411	1.0327575464813565
576.6411	1.0327575464813565
577.6411	1.0327575464813565
578.6411	1.0327575464813565
579.6411	1.0327575464813565
580.6411	1.0327575464813565
581.6411	1.0327575464813565
582.6411	1.0327575464813565
583.6411	1.0327575464813565
584.6411	1.0327575464813565
585.6411	1.0327575464813565
586.6411	1.0327575464813565
587.6411	1.0327575464813565
588.6411	1.0327575464813565
589.6411	1.0327575464813565
590.6411	1.0327575464813565
591.6411	1.0327575464813565
592.6411	1.0327575464813565
593.6411	1.0327575464813565
594.6411	1.0327575464813565
595.6411	1.0327575464813565
596.6411	1.0327575464813565
597.6411	1.0327575464813565
598.6411	1.0327575464813565
599.6411	1.0327575464813565
600.6411	1.0327575464813565
601.6411	1.0327575464813565
602.6411	1.0327575464813565
603.6411	1.0327575464813565
604.6411	1.0327575464813565
605.6411	1.0327575464813565
606.6411	1.0327575464813565
607.6411	1.0327575464813565
608.6411	1.0327575464813565
609.6411	1.0327575464813565
610.6411	1.0327575464813565
611.6411	1.0327575464813565
612.6411	1.0327575464813565
613.6411	1.0327575464813565
614.6411	1.0327575464813565
615.6411	1.0327575464813565
616.6411	1.0327575464813565
617.6411	1.0327575464813565
618.6411	1.0327575464813565
619.6411	1.0327575464813565
620.6411	1.0327575464813565
621.6411	1.0327575464813565
622.6411	1.0327575464813565
623.6411	1.0327575464813565
624.6411	1.0327575464813565
625.6411	1.0327575464813565
626.6411	1.0327575464813565
627.6411	1.0327575464813565
628.6411	1.0327575464813565
629.6411	1.0327575464813565
630.6411	1.0327575464813565
631.6411	1.0327575464813565
632.6411	1.0327575464813565
633.6411	1.0327575464813565
634.6411	1.0327575464813565
635.6411	1.0327575464813565
636.6411	1.0327575464813565
637.6411	1.0327575464813565
638.6411	1.0327575464813565
639.6411	1.0327575464813565
640.6411	1.0327575464813565
641.6411	1.0327575464813565
642.6411	1.0327575464813565
643.6411	1.0327575464813565
644.6411	1.0327575464813565
645.6411	1.0327575464813565
646.6411	1.0327575464813565
647.6411	1.0327575464813565
648.6411	1.0327575464813565
649.6411	1.0327575464813565
650.6411	1.0327575464813565
651.6411	1.0327575464813565
652.6411	1.0327575464813565
653.6411	1.0327575464813565
654.6411	1.0327575464813565
655.6411	1.0327575464813565
656.6411	1.0327575464813565
657.6411	1.0327575464813565
658.6411	1.0327575464813565
659.6411	1.0327575464813565
660.6411	1.0327575464813565
661.6411	1.0327575464813565
662.6411	1.0327575464813565
663.6411	1.0327575464813565
664.6411	1.0327575464813565
665.6411	1.0327575464813565
666.6411	1.0327575464813565
667.6411	1.0327575464813565
668.6411	1.0327575464813565
669.6411	1.0327575464813565
670.6411	1.0327575464813565
671.6411	1.0327575464813565
672.6411	1.0327575464813565
673.6411	1.0327575464813565
674.6411	1.0327575464813565
675.6411	1.0327575464813565
676.6411	1.0327575464813565
677.6411	1.0327575464813565
678.6411	1.0327575464813565
679.6411	1.0327575464813565
680.6411	1.0327575464813565
681.6411	1.0327575464813565
682.6411	1.0327575464813565
683.6411	1.0327575464813565
684.6411	1.0327575464813565
685.6411	1.0327575464813565
686.6411	1.0327575464813565
687.6411	1.0327575464813565
688.6411	1.0327575464813565
689.6411	1.0327575464813565
690.6411	1.0327575464813565
691.6411	1.0327575464813565
692.6411	1.0327575464813565
693.6411	1.0327575464813565
694.6411	1.0327575464813565
695.6411	1.0327575464813565
696.6411	1.0327575464813565
697.6411	1.0327575464813565
698.6411	1.0327575464813565
699.6411	1.0327575464813565
700.6411	1.0327575464813565
701.6411	1.0327575464813565
702.6411	1.0327575464813565
703.6411	1.0327575464813565
704.6411	1.0327575464813565
705.6411	1.0327575464813565
706.6411	1.0327575464813565
707.6411	1.0327575464813565
708.6411	1.0327575464813565
709.6411	1.0327575464813565
710.6411	1.0327575464813565
711.6411	1.0327575464813565
712.6411	1.0327575464813565
713.6411	1.0327575464813565
714.6411	1.0327575464813565
715.6411	1.0327575464813565
716.6411	1.0327575464813565
717.6411	1.0327575464813565
718.6411	1.0327575464813565
719.6411	1.0327575464813565
720.6411	1.0327575464813565
721.6411	1.0327575464813565
722.6411	1.0327575464813565
723.6411	1.0327575464813565
724.6411	1.0327575464813565
725.6411	1.0327575464813565
726.6411	1.0327575464813565
727.6411	1.0327575464813565
728.6411	1.0327575464813565
729.6411	1.0327575464813565
730.6411	1.0327575464813565
731.6411	1.0327575464813565
732.6411	1.0327575464813565
733.6411	1.0327575464813565
734.6411	1.0327575464813565
735.6411	1.0327575464813565
736.6411	1.0327575464813565
737.6411	1.0327575464813565
738.6411	1.0327575464813565
739.6411	1.0327575464813565
740.6411	1.0327575464813565
741.6411	1.0327575464813565
742.6411	1.0327575464813565
743.6411	1.0327575464813565
744.6411	1.0327575464813565
745.6411	1.0327575464813565
746.6411	1.0327575464813565
747.6411	1.0327575464813565
748.6411	1.0327575464813565
749.6411	1.0327575464813565
750.6411	1.0327575464813565
751.6411	1.0327575464813565
752.6411	1.0327575464813565
753.6411	1.0327575464813565
754.6411	1.0327575464813565
755.6411	1.0327575464813565
756.6411	1.0327575464813565
757.6411	1.0327575464813565
758.6411	1.0327575464813565
759.6411	1.0327575464813565
760.6411	1.0327575464813565
761.6411	1.0327575464813565
762.6411	1.0327575464813565
763.6411	1.0327575464813565
764.6411	1.0327575464813565
765.6411	1.0327575464813565
766.6411	1.0327575464813565
767.6411	1.0327575464813565
768.6411	1.0327575464813565
769.6411	1.0327575464813565
770.6411	1.0327575464813565
771.6411	1.0327575464813565
772.6411	1.0327575464813565
773.6411	1.0327575464813565
774.6411	1.0327575464813565
775.6411	1.0327575464813565
776.6411	1.0327575464813565
777.6411	1.0327575464813565
778.6411	1.0327575464813565
779.6411	1.0327575464813565
780.6411	1.0327575464813565
781.6411	1.0327575464813565
782.6411	1.0327575464813565
783.6411	1.0327575464813565
784.6411	1.0327575464813565
785.6411	1.0327575464813565
786.6411	1.0327575464813565
787.6411	1.0327575464813565
788.6411	1.0327575464813565
789.6411	1.0327575464813565
790.6411	1.0327575464813565
791.6411	1.0327575464813565
792.6411	1.0327575464813565
793.6411	1.0327575464813565
794.6411	1.0327575464813565
795.6411	1.0327575464813565
796.6411	1.0327575464813565
797.6411	1.0327575464813565
798.6411	1.0327575464813565
799.6411	1.0327575464813565
800.6411	1.0327575464813565
801.6411	1.0327575464813565
802.6411	1.0327575464813565
803.6411	1.0327575464813565
804.6411	1.0327575464813565
805.6411	1.0327575464813565
806.6411	1.0327575464813565
807.6411	1.0327575464813565
808.6411	1.0327575464813565
809.6411	1.0327575464813565
810.6411	1.0327575464813565
811.6411	1.0327575464813565
812.6411	1.0327575464813565
813.6411	1.0327575464813565
814.6411	1.0327575464813565
815.6411	1.0327575464813565
816.6411	1.0327575464813565
817.6411	1.0327575464813565
818.6411	1.0327575464813565
819.6411	1.0327575464813565
820.6411	1.0327575464813565
821.6411	1.0327575464813565
822.6411	1.0327575464813565
823.6411	1.0327575464813565
824.6411	1.0327575464813565
825.6411	1.0327575464813565
826.6411	1.0327575464813565
827.6411	1.0327575464813565
828.6411	1.0327575464813565
829.6411	1.0327575464813565
830.6411	1.0327575464813565
831.6411	1.0327575464813565
832.6411	1.0327575464813565
833.6411	1.0327575464813565
834.6411	1.0327575464813565
835.6411	1.0327575464813565
836.6411	1.0327575464813565
837.6411	1.0327575464813565
838.6411	1.0327575464813565
839.6411	1.0327575464813565
840.6411	1.0327575464813565
841.6411	1.0327575464813565
842.6411	1.0327575464813565
843.6411	1.0327575464813565
844.6411	1.0327575464813565
845.6411	1.0327575464813565
846.6411	1.0327575464813565
847.6411	1.0327575464813565
848.6411	1.0327575464813565
849.6411	1.0327575464813565
850.6411	1.0327575464813565
851.6411	1.0327575464813565
852.6411	1.0327575464813565
853.6411	1.0327575464813565
854.6411	1.0327575464813565
855.6411	1.0327575464813565
856.6411	1.0327575464813565
857.6411	1.0327575464813565
858.6411	1.0327575464813565
859.6411	1.0327575464813565
860.6411	1.0327575464813565
861.6411	1.0327575464813565
862.6411	1.0327575464813565
863.6411	1.0327575464813565
864.6411	1.0327575464813565
865.6411	1.0327575464813565
866.6411	1.0327575464813565
867.6411	1.0327575464813565
868.6411	1.0327575464813565
869.6411	1.0327575464813565
870.6411	1.0327575464813565
871.6411	1.0327575464813565
872.6411	1.0327575464813565
873.6411	1.0327575464813565
874.6411	1.0327575464813565
875.6411	1.0327575464813565
876.6411	1.0327575464813565
877.6411	1.0327575464813565
878.6411	1.0327575464813565
879.6411	1.0327575464813565
880.6411	1.0327575464813565
881.6411	1.0327575464813565
882.6411	1.0327575464813565
883.6411	1.0327575464813565
884.6411	1.0327575464813565
885.6411	1.0327575464813565
886.6411	1.0327575464813565
887.6411	1.0327575464813565
888.6411	1.0327575464813565
889.6411	1.0327575464813565
890.6411	1.0327575464813565
891.6411	1.0327575464813565
892.6411	1.0327575464813565
893.6411	1.0327575464813565
894.6411	1.0327575464813565
895.6411	1.0327575464813565
896.6411	1.0327575464813565
897.6411	1.0327575464813565
898.6411	1.0327575464813565
899.6411	1.0327575464813565
900.6411	1.0327575464813565
901.6411	1.0327575464813565
902.6411	1.0327575464813565
903.6411	1.0327575464813565
904.6411	1.0327575464813565
905.6411	1.0327575464813565
906.6411	1.0327575464813565
907.6411	1.0327575464813565
908.6411	1.0327575464813565
909.6411	1.0327575464813565
910.6411	1.0327575464813565
911.6411	1.0327575464813565
912.6411	1.0327575464813565
913.6411	1.0327575464813565
914.6411	1.0327575464813565
915.6411	1.0327575464813565
916.6411	1.0327575464813565
917.6411	1.0327575464813565
918.6411	1.0327575464813565
919.6411	1.0327575464813565
920.6411	1.0327575464813565
921.6411	1.0327575464813565
922.6411	1.0327575464813565
923.6411	1.0327575464813565
924.6411	1.0327575464813565
925.6411	1.0327575464813565
926.6411	1.0327575464813565
927.6411	1.0327575464813565
928.6411	1.0327575464813565
929.6411	1.0327575464813565
930.6411	1.0327575464813565
931.6411	1.0327575464813565
932.6411	1.0327575464813565
933.6411	1.0327575464813565
934.6411	1.0327575464813565
935.6411	1.0327575464813565
936.6411	1.0327575464813565
937.6411	1.0327575464813565
938.6411	1.0327575464813565
939.6411	1.0327575464813565
940.6411	1.0327575464813565
941.6411	1.0327575464813565
942.6411	1.0327575464813565
943.6411	1.0327575464813565
944.6411	1.0327575464813565
945.6411	1.0327575464813565
946.6411	1.0327575464813565
947.6411	1.0327575464813565
948.6411	1.0327575464813565
949.6411	1.0327575464813565
950.6411	1.0327575464813565
951.6411	1.0327575464813565
952.6411	1.0327575464813565
953.6411	1.0327575464813565
954.6411	1.0327575464813565
955.6411	1.0327575464813565
956.6411	1.0327575464813565
957.6411	1.0327575464813565
958.6411	1.0327575464813565
959.6411	1.0327575464813565
960.6411	1.0327575464813565
961.6411	1.0327575464813565
962.6411	1.0327575464813565
963.6411	1.0327575464813565
964.6411	1.0327575464813565
965.6411	1.0327575464813565
966.6411	1.0327575464813565
967.6411	1.0327575464813565
968.6411	1.0327575464813565
969.6411	1.0327575464813565
970.6411	1.0327575464813565
971.6411	1.0327575464813565
972.6411	1.0327575464813565
973.6411	1.0327575464813565
974.6411	1.0327575464813565
975.6411	1.0327575464813565
976.6411	1.0327575464813565
977.6411	1.0327575464813565
978.6411	1.0327575464813565
979.6411	1.0327575464813565
980.6411	1.0327575464813565
981.6411	1.0327575464813565
982.6411	1.0327575464813565
983.6411	1.0327575464813565
984.6411	1.0327575464813565
985.6411	1.0327575464813565
986.6411	1.0327575464813565
987.6411	1.0327575464813565
988.6411	1.0327575464813565
989.6411	1.0327575464813565
990.6411	1.0327575464813565
991.6411	1.0327575464813565
992.6411	1.0327575464813565
993.6411	1.0327575464813565
994.6411	1.0327575464813565
995.6411	1.0327575464813565
996.6411	1.0327575464813565
997.6411	1.0327575464813565
998.6411	1.0327575464813565
999.6411	1.0327575464813565
