0.764	0.5224298532631475
1.7531	0.5223352184310759
2.7442	0.5202734911076835
3.7374	0.5146130343643349
4.7328	0.5160604573338823
5.7112	0.5166635959573465
6.6909	0.5186073713142154
7.6637	0.519534198601942
8.6325	0.5207706665462967
9.6011	0.5221127340937023
10.5699	0.525854905131858
11.5389	0.5293219856985355
12.5081	0.5314227840056034
13.471300000000001	0.5340050351304507
14.434000000000001	0.5335560434928649
15.396600000000001	0.5361070289838755
16.3591	0.5366952161667798
17.326	0.5367659173932482
18.2938	0.5366794231523035
19.2618	0.5359194403529026
20.23	0.532658304329667
21.198500000000003	0.5302176466106593
22.1672	0.5284299853600722
23.136100000000003	0.5250530445448963
24.1054	0.5240671922658526
25.075000000000003	0.523270395233582
26.0451	0.5199164903612972
27.015600000000003	0.5147731157021037
27.983900000000002	0.5116781273698173
28.954	0.5113120196162418
29.9239	0.5072196454909672
30.8857	0.5140278641046916
31.846700000000002	0.5217945121653687
32.8087	0.5349246376692406
33.7715	0.5371856596287584
34.7344	0.5403386700631376
35.6972	0.5427070506752005
36.6599	0.5407727392334181
37.6224	0.5441131614632668
38.584700000000005	0.5486960468573723
39.5428	0.5531986947560334
40.499500000000005	0.5649601499041724
41.4605	0.5652406019924399
42.4213	0.5704258024554626
43.3834	0.5736694894547815
44.3448	0.574990588034139
45.3059	0.5738212243280991
46.2671	0.5726498367829813
47.2284	0.5710734143371746
48.1899	0.5713448725048026
49.151500000000006	0.569548357645342
50.1131	0.5648275761628615
51.0748	0.5635172942493638
52.0366	0.5648291178417834
52.998400000000004	0.5639469330026102
53.9602	0.5629628272775952
54.922000000000004	0.5624817395374735
55.883700000000005	0.5626379512955525
56.845400000000005	0.5653252653356673
57.807	0.5640930697379564
58.768100000000004	0.5642089543899609
59.7293	0.5690431672600733
60.6929	0.574846133677069
61.6574	0.577785176473355
62.621700000000004	0.577594288802602
63.585800000000006	0.5769698356217634
64.5498	0.5810211127758864
65.5138	0.5844418800192162
66.4778	0.5850959422793494
67.4418	0.5858726905171503
68.40570000000001	0.5883279621043838
69.3696	0.591707722644915
70.3334	0.5948923543791507
71.2971	0.5990703467842776
72.2606	0.6039772304419802
73.2239	0.6104370458228405
74.187	0.6109546459590934
75.1498	0.6155818274390449
76.11240000000001	0.6214495494698479
77.0747	0.629243218536818
78.03670000000001	0.6303393504952793
78.9984	0.6365973747244943
79.9598	0.654093144036052
80.9209	0.6587941728388859
81.8816	0.666670720595179
82.84190000000001	0.6813978579159226
83.80340000000001	0.693118275085265
84.76960000000001	0.7189186538384807
85.7406	0.7225078429232461
86.7138	0.7172513546459147
87.6872	0.7350601675003615
88.66080000000001	0.7479054686703344
89.6346	0.761016533004424
90.60860000000001	0.7646344252846634
91.5828	0.7613604246892212
92.557	0.7723898441170098
93.5318	0.7702233058492897
94.50630000000001	0.7753847559828638
95.4804	0.7722420101260601
96.4544	0.7751998092831849
97.42830000000001	0.7779536719665552
98.40230000000001	0.7785885019305655
99.37610000000001	0.7788480302315253
100.3499	0.7867069433994189
101.3238	0.7928317793842236
102.29860000000001	0.7870986084123428
103.2729	0.7854231020061039
104.24730000000001	0.7895969803498744
105.2217	0.7901800971305311
106.1974	0.7915693343362566
107.17330000000001	0.7884544113351071
108.1502	0.7779502699477324
109.1271	0.7873863567334046
110.1042	0.7825913925730243
111.08170000000001	0.7825089901939977
112.0596	0.7938678831414727
113.0386	0.8248995600802778
114.0172	0.8139331643795119
114.99600000000001	0.7859811386150777
115.9732	0.7976327399868605
116.9531	0.8277041987801885
117.9324	0.8236919521597412
118.9111	0.8424251605233944
119.8897	0.8446214891273682
120.8682	0.850816302180191
121.84660000000001	0.8520340918831585
122.82740000000001	0.8411999666572137
123.8092	0.7875432724417125
124.7907	0.8483708618528856
125.7723	0.8479977237280081
126.7539	0.8599948637863124
127.7356	0.8609377752534672
128.7173	0.860949378195983
129.69910000000002	0.8578244924491485
130.6815	0.8608218120872821
131.66400000000002	0.8560645452999186
132.6463	0.8566496271518769
133.6285	0.8588455571389031
134.6106	0.8485695125606948
135.5925	0.8256362799910419
136.5743	0.8267132366422711
137.55620000000002	0.8329241184475822
138.5387	0.7934059896200563
139.5215	0.7935970274702204
140.5044	0.7967572450352274
141.4875	0.8389169916560595
142.4708	0.8571120036591355
143.45430000000002	0.8591019214237794
144.43800000000002	0.8621787602725461
145.4219	0.8695774673781649
146.4062	0.9073892371197589
147.3905	0.9063227789028686
148.3749	0.905704746373127
149.3594	0.8503419696461971
150.3441	0.9132625952354558
151.3283	0.8963866598241779
152.3126	0.8974191155626344
153.2972	0.8967441302135215
154.282	0.9125808003798914
155.26680000000002	0.865763109499273
156.25130000000001	0.8462879917514823
157.2358	0.8472894428181511
158.2202	0.8432849665454393
159.2045	0.912539210369913
160.1884	0.8991162450719712
161.1724	0.8869962801020668
162.1569	0.8587732803840229
163.14100000000002	0.8556355420956924
164.1252	0.8053198039795887
165.1095	0.8908719766303721
166.0934	0.8717388380242854
167.0773	0.8751606225455375
168.06130000000002	0.9486999774645926
169.04510000000002	0.9498467636595976
170.02880000000002	0.947634552989733
171.01250000000002	0.9459317342773038
171.9959	0.9357917592923447
172.9795	0.9440492170479242
173.96300000000002	0.9447907585250737
174.94650000000001	0.9426700741383435
175.93120000000002	0.9231782905280023
176.91580000000002	0.9573495458278266
177.90120000000002	0.9469748249714668
178.8863	0.9148461997992737
179.87140000000002	0.893154716210532
180.8606	0.7447562341574208
181.84900000000002	0.7955831216834807
182.8376	0.8004813769709731
183.8263	0.7972964772680639
184.8152	0.8037675393290251
185.8043	0.8106924625395585
186.79350000000002	0.817928216997117
187.7829	0.8257215798153229
188.7725	0.8340058261713419
189.7623	0.8427951246251004
190.75230000000002	0.8332556141787613
191.7424	0.8442172981736732
192.73260000000002	0.8229637097230245
193.7229	0.9640919592113938
194.7135	0.9680737216283022
195.70430000000002	0.9722952542475447
196.6953	0.9757541454100442
197.68650000000002	0.9760229121429541
198.678	0.9802580785346704
199.6697	0.9818078557333572
200.6617	0.9829380241221403
201.654	0.9765804335385068
202.6466	0.9782054655513577
203.6395	0.9799088970342485
204.6327	0.9816960704995616
205.62630000000001	0.9836683545269728
206.6202	0.9856416409278943
207.61450000000002	0.9878025128749252
208.6091	0.9886095992176046
209.6038	0.9898857038570913
210.5985	0.9911063513454331
211.5933	0.9924675320007922
212.5882	0.993650248942061
213.5832	0.9741410165320273
214.5783	0.9723580674782117
215.57350000000002	0.9743414600810643
216.5688	0.9764024261347846
217.5642	0.9785460530017467
218.55980000000002	0.9808833837895957
219.55550000000002	0.9832152327527907
220.5513	0.9840737730829775
221.5472	0.9615936527999949
222.5429	0.9984935361276756
223.5386	0.9992871124855942
224.5344	0.9999343858347899
225.5302	1.0004945784558466
226.526	1.0010696991057004
227.5218	1.0016625077647456
228.51760000000002	1.0022702501198102
229.51340000000002	1.002896235927955
230.50920000000002	1.0035399097452906
231.5051	1.0043038538336586
232.501	1.0049912065168307
233.4969	1.0056968026530828
234.49280000000002	1.006423402222809
235.48870000000002	1.0071721217810086
236.4846	1.0079424002165709
237.4806	1.008836264347448
238.47660000000002	1.009656852497412
239.4726	1.0104989995247389
240.4686	1.0113665819648219
241.46460000000002	1.0122590387065504
242.4606	1.0131224744536516
243.4567	1.0140054326911934
244.45280000000002	1.0140195773790337
245.4489	1.0140314931093708
246.44500000000002	1.014043408839708
247.4411	1.014055324570045
248.43730000000002	1.014169278714626
249.4335	1.0141817618606934
250.42970000000003	1.014194812422491
251.4259	1.014207862984289
252.4222	1.0143229519603303
253.41850000000002	1.0143365699378584
254.4148	1.0143507553311168
255.4111	1.0143649407243753
256.4075	1.0144811645318774
257.4039	1.0144959173408663
258.4003	1.0145112375655854
259.3967	1.0145265577903044
260.39320000000004	1.0146439164292673
261.3897	1.0146598040697168
262.38620000000003	1.0146762591258964
263.38280000000003	1.01479475259632
264.37940000000003	1.01481177506823
265.37600000000003	1.0148293649558704
266.37260000000003	1.0148469548435108
267.3693	1.0149665831453951
268.366	1.014984740448766
269.3627	1.015003465167867
270.3595	1.015124228301212
271.35630000000003	1.0151435204360435
272.35310000000004	1.0151633799866053
273.35	1.0152852779514108
274.3469	1.0153062723334332
275.3439	1.0154293051296996
276.34090000000003	1.0154508669274525
277.3379	1.0154729961409354
278.33500000000004	1.0155971637686623
279.3321	1.0156198603978759
280.3292	1.0156431244428197
281.32640000000004	1.015768426902007
282.3236	1.0157928257784117
283.3209	1.0159192630690599
284.3182	1.015944796776925
285.3156	1.016072368899034
286.313	1.0160984700226294
287.3105	1.016227176976199
288.308	1.0162544129312552
289.3056	1.0163842547162856
290.3032	1.0164126255028025
291.3009	1.0165436021192933
292.2986	1.0165731077372708
293.2964	1.0167052191852226
294.2942	1.0167358596346607
295.2921	1.016869105914073
296.29	1.0169014486107022
297.288	1.0170358297215751
298.286	1.017069307249665
299.2841	1.0172048231919988
300.2823	1.017341473965793
301.2805	1.017376653741074
302.2788	1.017514439346329
303.2772	1.0176533597830446
304.2756	1.0176908092212469
305.27410000000003	1.0178308644894232
306.27270000000004	1.01797205458906
307.2713	1.0180117736901837
308.27000000000004	1.0181540986212816
309.2688	1.0182975583838396
310.2676	1.018340114563615
311.2665	1.0184847091576341
312.26550000000003	1.0186304385831138
313.26460000000003	1.0187773028400542
314.2638	1.0189253019284552
315.26300000000003	1.0189723974340732
316.26230000000004	1.019121531353935
317.2617	1.0192718001052572
318.26120000000003	1.0194232036880404
319.2608	1.0195757421022842
320.26050000000004	1.0197294153479886
321.26030000000003	1.0198842234251537
322.2602	1.0200401663337793
323.2602	1.0203009328007244
324.2602	1.0203009328007244
325.2602	1.0203009328007244
326.2602	1.0203009328007244
327.2602	1.0203009328007244
328.2602	1.0203009328007244
329.2602	1.0203009328007244
330.2602	1.0203009328007244
331.2602	1.0203009328007244
332.2602	1.0203009328007244
333.2602	1.0203009328007244
334.2602	1.0203009328007244
335.2602	1.0203009328007244
336.2602	1.0203009328007244
337.2602	1.0203009328007244
338.2602	1.0203009328007244
339.2602	1.0203009328007244
340.2602	1.0203009328007244
341.2602	1.0203009328007244
342.2602	1.0203009328007244
343.2602	1.0203009328007244
344.2602	1.0203009328007244
345.2602	1.0203009328007244
346.2602	1.0203009328007244
347.2602	1.0203009328007244
348.2602	1.0203009328007244
349.2602	1.0203009328007244
350.2602	1.0203009328007244
351.2602	1.0203009328007244
352.2602	1.0203009328007244
353.2602	1.0203009328007244
354.2602	1.0203009328007244
355.2602	1.0203009328007244
356.2602	1.0203009328007244
357.2602	1.0203009328007244
358.2602	1.0203009328007244
359.2602	1.0203009328007244
360.2602	1.0203009328007244
361.2602	1.0203009328007244
362.2602	1.0203009328007244
363.2602	1.0203009328007244
364.2602	1.0203009328007244
365.2602	1.0203009328007244
366.2602	1.0203009328007244
367.2602	1.0203009328007244
368.2602	1.0203009328007244
369.2602	1.0203009328007244
370.2602	1.0203009328007244
371.2602	1.0203009328007244
372.2602	1.0203009328007244
373.2602	1.0203009328007244
374.2602	1.0203009328007244
375.2602	1.0203009328007244
376.2602	1.0203009328007244
377.2602	1.0203009328007244
378.2602	1.0203009328007244
379.2602	1.0203009328007244
380.2602	1.0203009328007244
381.2602	1.0203009328007244
382.2602	1.0203009328007244
383.2602	1.0203009328007244
384.2602	1.0203009328007244
385.2602	1.0203009328007244
386.2602	1.0203009328007244
387.2602	1.0203009328007244
388.2602	1.0203009328007244
389.2602	1.0203009328007244
390.2602	1.0203009328007244
391.2602	1.0203009328007244
392.2602	1.0203009328007244
393.2602	1.0203009328007244
394.2602	1.0203009328007244
395.2602	1.0203009328007244
396.2602	1.0203009328007244
397.2602	1.0203009328007244
398.2602	1.0203009328007244
399.2602	1.0203009328007244
400.2602	1.0203009328007244
401.2602	1.0203009328007244
402.2602	1.0203009328007244
403.2602	1.0203009328007244
404.2602	1.0203009328007244
405.2602	1.0203009328007244
406.2602	1.0203009328007244
407.2602	1.0203009328007244
408.2602	1.0203009328007244
409.2602	1.0203009328007244
410.2602	1.0203009328007244
411.2602	1.0203009328007244
412.2602	1.0203009328007244
413.2602	1.0203009328007244
414.2602	1.0203009328007244
415.2602	1.0203009328007244
416.2602	1.0203009328007244
417.2602	1.0203009328007244
418.2602	1.0203009328007244
419.2602	1.0203009328007244
420.2602	1.0203009328007244
421.2602	1.0203009328007244
422.2602	1.0203009328007244
423.2602	1.0203009328007244
424.2602	1.0203009328007244
425.2602	1.0203009328007244
426.2602	1.0203009328007244
427.2602	1.0203009328007244
428.2602	1.0203009328007244
429.2602	1.0203009328007244
430.2602	1.0203009328007244
431.2602	1.0203009328007244
432.2602	1.0203009328007244
433.2602	1.0203009328007244
434.2602	1.0203009328007244
435.2602	1.0203009328007244
436.2602	1.0203009328007244
437.2602	1.0203009328007244
438.2602	1.0203009328007244
439.2602	1.0203009328007244
440.2602	1.0203009328007244
441.2602	1.0203009328007244
442.2602	1.0203009328007244
443.2602	1.0203009328007244
444.2602	1.0203009328007244
445.2602	1.0203009328007244
446.2602	1.0203009328007244
447.2602	1.0203009328007244
448.2602	1.0203009328007244
449.2602	1.0203009328007244
450.2602	1.0203009328007244
451.2602	1.0203009328007244
452.2602	1.0203009328007244
453.2602	1.0203009328007244
454.2602	1.0203009328007244
455.2602	1.0203009328007244
456.2602	1.0203009328007244
457.2602	1.0203009328007244
458.2602	1.0203009328007244
459.2602	1.0203009328007244
460.2602	1.0203009328007244
461.2602	1.0203009328007244
462.2602	1.0203009328007244
463.2602	1.0203009328007244
464.2602	1.0203009328007244
465.2602	1.0203009328007244
466.2602	1.0203009328007244
467.2602	1.0203009328007244
468.2602	1.0203009328007244
469.2602	1.0203009328007244
470.2602	1.0203009328007244
471.2602	1.0203009328007244
472.2602	1.0203009328007244
473.2602	1.0203009328007244
474.2602	1.0203009328007244
475.2602	1.0203009328007244
476.2602	1.0203009328007244
477.2602	1.0203009328007244
478.2602	1.0203009328007244
479.2602	1.0203009328007244
480.2602	1.0203009328007244
481.2602	1.0203009328007244
482.2602	1.0203009328007244
483.2602	1.0203009328007244
484.2602	1.0203009328007244
485.2602	1.0203009328007244
486.2602	1.0203009328007244
487.2602	1.0203009328007244
488.2602	1.0203009328007244
489.2602	1.0203009328007244
490.2602	1.0203009328007244
491.2602	1.0203009328007244
492.2602	1.0203009328007244
493.2602	1.0203009328007244
494.2602	1.0203009328007244
495.2602	1.0203009328007244
496.2602	1.0203009328007244
497.2602	1.0203009328007244
498.2602	1.0203009328007244
499.2602	1.0203009328007244
500.2602	1.0203009328007244
501.2602	1.0203009328007244
502.2602	1.0203009328007244
503.2602	1.0203009328007244
504.2602	1.0203009328007244
505.2602	1.0203009328007244
506.2602	1.0203009328007244
507.2602	1.0203009328007244
508.2602	1.0203009328007244
509.2602	1.0203009328007244
510.2602	1.0203009328007244
511.2602	1.0203009328007244
512.2602	1.0203009328007244
513.2602	1.0203009328007244
514.2602	1.0203009328007244
515.2602	1.0203009328007244
516.2602	1.0203009328007244
517.2602	1.0203009328007244
518.2602	1.0203009328007244
519.2602	1.0203009328007244
520.2602	1.0203009328007244
521.2602	1.0203009328007244
522.2602	1.0203009328007244
523.2602	1.0203009328007244
524.2602	1.0203009328007244
525.2602	1.0203009328007244
526.2602	1.0203009328007244
527.2602	1.0203009328007244
528.2602	1.0203009328007244
529.2602	1.0203009328007244
530.2602	1.0203009328007244
531.2602	1.0203009328007244
532.2602	1.0203009328007244
533.2602	1.0203009328007244
534.2602	1.0203009328007244
535.2602	1.0203009328007244
536.2602	1.0203009328007244
537.2602	1.0203009328007244
538.2602	1.0203009328007244
539.2602	1.0203009328007244
540.2602	1.0203009328007244
541.2602	1.0203009328007244
542.2602	1.0203009328007244
543.2602	1.0203009328007244
544.2602	1.0203009328007244
545.2602	1.0203009328007244
546.2602	1.0203009328007244
547.2602	1.0203009328007244
548.2602	1.0203009328007244
549.2602	1.0203009328007244
550.2602	1.0203009328007244
551.2602	1.0203009328007244
552.2602	1.0203009328007244
553.2602	1.0203009328007244
554.2602	1.0203009328007244
555.2602	1.0203009328007244
556.2602	1.0203009328007244
557.2602	1.0203009328007244
558.2602	1.0203009328007244
559.2602	1.0203009328007244
560.2602	1.0203009328007244
561.2602	1.0203009328007244
562.2602	1.0203009328007244
563.2602	1.0203009328007244
564.2602	1.0203009328007244
565.2602	1.0203009328007244
566.2602	1.0203009328007244
567.2602	1.0203009328007244
568.2602	1.0203009328007244
569.2602	1.0203009328007244
570.2602	1.0203009328007244
571.2602	1.0203009328007244
572.2602	1.0203009328007244
573.2602	1.0203009328007244
574.2602	1.0203009328007244
575.2602	1.0203009328007244
576.2602	1.0203009328007244
577.2602	1.0203009328007244
578.2602	1.0203009328007244
579.2602	1.0203009328007244
580.2602	1.0203009328007244
581.2602	1.0203009328007244
582.2602	1.0203009328007244
583.2602	1.0203009328007244
584.2602	1.0203009328007244
585.2602	1.0203009328007244
586.2602	1.0203009328007244
587.2602	1.0203009328007244
588.2602	1.0203009328007244
589.2602	1.0203009328007244
590.2602	1.0203009328007244
591.2602	1.0203009328007244
592.2602	1.0203009328007244
593.2602	1.0203009328007244
594.2602	1.0203009328007244
595.2602	1.0203009328007244
596.2602	1.0203009328007244
597.2602	1.0203009328007244
598.2602	1.0203009328007244
599.2602	1.0203009328007244
600.2602	1.0203009328007244
601.2602	1.0203009328007244
602.2602	1.0203009328007244
603.2602	1.0203009328007244
604.2602	1.0203009328007244
605.2602	1.0203009328007244
606.2602	1.0203009328007244
607.2602	1.0203009328007244
608.2602	1.0203009328007244
609.2602	1.0203009328007244
610.2602	1.0203009328007244
611.2602	1.0203009328007244
612.2602	1.0203009328007244
613.2602	1.0203009328007244
614.2602	1.0203009328007244
615.2602	1.0203009328007244
616.2602	1.0203009328007244
617.2602	1.0203009328007244
618.2602	1.0203009328007244
619.2602	1.0203009328007244
620.2602	1.0203009328007244
621.2602	1.0203009328007244
622.2602	1.0203009328007244
623.2602	1.0203009328007244
624.2602	1.0203009328007244
625.2602	1.0203009328007244
626.2602	1.0203009328007244
627.2602	1.0203009328007244
628.2602	1.0203009328007244
629.2602	1.0203009328007244
630.2602	1.0203009328007244
631.2602	1.0203009328007244
632.2602	1.0203009328007244
633.2602	1.0203009328007244
634.2602	1.0203009328007244
635.2602	1.0203009328007244
636.2602	1.0203009328007244
637.2602	1.0203009328007244
638.2602	1.0203009328007244
639.2602	1.0203009328007244
640.2602	1.0203009328007244
641.2602	1.0203009328007244
642.2602	1.0203009328007244
643.2602	1.0203009328007244
644.2602	1.0203009328007244
645.2602	1.0203009328007244
646.2602	1.0203009328007244
647.2602	1.0203009328007244
648.2602	1.0203009328007244
649.2602	1.0203009328007244
650.2602	1.0203009328007244
651.2602	1.0203009328007244
652.2602	1.0203009328007244
653.2602	1.0203009328007244
654.2602	1.0203009328007244
655.2602	1.0203009328007244
656.2602	1.0203009328007244
657.2602	1.0203009328007244
658.2602	1.0203009328007244
659.2602	1.0203009328007244
660.2602	1.0203009328007244
661.2602	1.0203009328007244
662.2602	1.0203009328007244
663.2602	1.0203009328007244
664.2602	1.0203009328007244
665.2602	1.0203009328007244
666.2602	1.0203009328007244
667.2602	1.0203009328007244
668.2602	1.0203009328007244
669.2602	1.0203009328007244
670.2602	1.0203009328007244
671.2602	1.0203009328007244
672.2602	1.0203009328007244
673.2602	1.0203009328007244
674.2602	1.0203009328007244
675.2602	1.0203009328007244
676.2602	1.0203009328007244
677.2602	1.0203009328007244
678.2602	1.0203009328007244
679.2602	1.0203009328007244
680.2602	1.0203009328007244
681.2602	1.0203009328007244
682.2602	1.0203009328007244
683.2602	1.0203009328007244
684.2602	1.0203009328007244
685.2602	1.0203009328007244
686.2602	1.0203009328007244
687.2602	1.0203009328007244
688.2602	1.0203009328007244
689.2602	1.0203009328007244
690.2602	1.0203009328007244
691.2602	1.0203009328007244
692.2602	1.0203009328007244
693.2602	1.0203009328007244
694.2602	1.0203009328007244
695.2602	1.0203009328007244
696.2602	1.0203009328007244
697.2602	1.0203009328007244
698.2602	1.0203009328007244
699.2602	1.0203009328007244
700.2602	1.0203009328007244
701.2602	1.0203009328007244
702.2602	1.0203009328007244
703.2602	1.0203009328007244
704.2602	1.0203009328007244
705.2602	1.0203009328007244
706.2602	1.0203009328007244
707.2602	1.0203009328007244
708.2602	1.0203009328007244
709.2602	1.0203009328007244
710.2602	1.0203009328007244
711.2602	1.0203009328007244
712.2602	1.0203009328007244
713.2602	1.0203009328007244
714.2602	1.0203009328007244
715.2602	1.0203009328007244
716.2602	1.0203009328007244
717.2602	1.0203009328007244
718.2602	1.0203009328007244
719.2602	1.0203009328007244
720.2602	1.0203009328007244
721.2602	1.0203009328007244
722.2602	1.0203009328007244
723.2602	1.0203009328007244
724.2602	1.0203009328007244
725.2602	1.0203009328007244
726.2602	1.0203009328007244
727.2602	1.0203009328007244
728.2602	1.0203009328007244
729.2602	1.0203009328007244
730.2602	1.0203009328007244
731.2602	1.0203009328007244
732.2602	1.0203009328007244
733.2602	1.0203009328007244
734.2602	1.0203009328007244
735.2602	1.0203009328007244
736.2602	1.0203009328007244
737.2602	1.0203009328007244
738.2602	1.0203009328007244
739.2602	1.0203009328007244
740.2602	1.0203009328007244
741.2602	1.0203009328007244
742.2602	1.0203009328007244
743.2602	1.0203009328007244
744.2602	1.0203009328007244
745.2602	1.0203009328007244
746.2602	1.0203009328007244
747.2602	1.0203009328007244
748.2602	1.0203009328007244
749.2602	1.0203009328007244
750.2602	1.0203009328007244
751.2602	1.0203009328007244
752.2602	1.0203009328007244
753.2602	1.0203009328007244
754.2602	1.0203009328007244
755.2602	1.0203009328007244
756.2602	1.0203009328007244
757.2602	1.0203009328007244
758.2602	1.0203009328007244
759.2602	1.0203009328007244
760.2602	1.0203009328007244
761.2602	1.0203009328007244
762.2602	1.0203009328007244
763.2602	1.0203009328007244
764.2602	1.0203009328007244
765.2602	1.0203009328007244
766.2602	1.0203009328007244
767.2602	1.0203009328007244
768.2602	1.0203009328007244
769.2602	1.0203009328007244
770.2602	1.0203009328007244
771.2602	1.0203009328007244
772.2602	1.0203009328007244
773.2602	1.0203009328007244
774.2602	1.0203009328007244
775.2602	1.0203009328007244
776.2602	1.0203009328007244
777.2602	1.0203009328007244
778.2602	1.0203009328007244
779.2602	1.0203009328007244
780.2602	1.0203009328007244
781.2602	1.0203009328007244
782.2602	1.0203009328007244
783.2602	1.0203009328007244
784.2602	1.0203009328007244
785.2602	1.0203009328007244
786.2602	1.0203009328007244
787.2602	1.0203009328007244
788.2602	1.0203009328007244
789.2602	1.0203009328007244
790.2602	1.0203009328007244
791.2602	1.0203009328007244
792.2602	1.0203009328007244
793.2602	1.0203009328007244
794.2602	1.0203009328007244
795.2602	1.0203009328007244
796.2602	1.0203009328007244
797.2602	1.0203009328007244
798.2602	1.0203009328007244
799.2602	1.0203009328007244
800.2602	1.0203009328007244
801.2602	1.0203009328007244
802.2602	1.0203009328007244
803.2602	1.0203009328007244
804.2602	1.0203009328007244
805.2602	1.0203009328007244
806.2602	1.0203009328007244
807.2602	1.0203009328007244
808.2602	1.0203009328007244
809.2602	1.0203009328007244
810.2602	1.0203009328007244
811.2602	1.0203009328007244
812.2602	1.0203009328007244
813.2602	1.0203009328007244
814.2602	1.0203009328007244
815.2602	1.0203009328007244
816.2602	1.0203009328007244
817.2602	1.0203009328007244
818.2602	1.0203009328007244
819.2602	1.0203009328007244
820.2602	1.0203009328007244
821.2602	1.0203009328007244
822.2602	1.0203009328007244
823.2602	1.0203009328007244
824.2602	1.0203009328007244
825.2602	1.0203009328007244
826.2602	1.0203009328007244
827.2602	1.0203009328007244
828.2602	1.0203009328007244
829.2602	1.0203009328007244
830.2602	1.0203009328007244
831.2602	1.0203009328007244
832.2602	1.0203009328007244
833.2602	1.0203009328007244
834.2602	1.0203009328007244
835.2602	1.0203009328007244
836.2602	1.0203009328007244
837.2602	1.0203009328007244
838.2602	1.0203009328007244
839.2602	1.0203009328007244
840.2602	1.0203009328007244
841.2602	1.0203009328007244
842.2602	1.0203009328007244
843.2602	1.0203009328007244
844.2602	1.0203009328007244
845.2602	1.0203009328007244
846.2602	1.0203009328007244
847.2602	1.0203009328007244
848.2602	1.0203009328007244
849.2602	1.0203009328007244
850.2602	1.0203009328007244
851.2602	1.0203009328007244
852.2602	1.0203009328007244
853.2602	1.0203009328007244
854.2602	1.0203009328007244
855.2602	1.0203009328007244
856.2602	1.0203009328007244
857.2602	1.0203009328007244
858.2602	1.0203009328007244
859.2602	1.0203009328007244
860.2602	1.0203009328007244
861.2602	1.0203009328007244
862.2602	1.0203009328007244
863.2602	1.0203009328007244
864.2602	1.0203009328007244
865.2602	1.0203009328007244
866.2602	1.0203009328007244
867.2602	1.0203009328007244
868.2602	1.0203009328007244
869.2602	1.0203009328007244
870.2602	1.0203009328007244
871.2602	1.0203009328007244
872.2602	1.0203009328007244
873.2602	1.0203009328007244
874.2602	1.0203009328007244
875.2602	1.0203009328007244
876.2602	1.0203009328007244
877.2602	1.0203009328007244
878.2602	1.0203009328007244
879.2602	1.0203009328007244
880.2602	1.0203009328007244
881.2602	1.0203009328007244
882.2602	1.0203009328007244
883.2602	1.0203009328007244
884.2602	1.0203009328007244
885.2602	1.0203009328007244
886.2602	1.0203009328007244
887.2602	1.0203009328007244
888.2602	1.0203009328007244
889.2602	1.0203009328007244
890.2602	1.0203009328007244
891.2602	1.0203009328007244
892.2602	1.0203009328007244
893.2602	1.0203009328007244
894.2602	1.0203009328007244
895.2602	1.0203009328007244
896.2602	1.0203009328007244
897.2602	1.0203009328007244
898.2602	1.0203009328007244
899.2602	1.0203009328007244
900.2602	1.0203009328007244
901.2602	1.0203009328007244
902.2602	1.0203009328007244
903.2602	1.0203009328007244
904.2602	1.0203009328007244
905.2602	1.0203009328007244
906.2602	1.0203009328007244
907.2602	1.0203009328007244
908.2602	1.0203009328007244
909.2602	1.0203009328007244
910.2602	1.0203009328007244
911.2602	1.0203009328007244
912.2602	1.0203009328007244
913.2602	1.0203009328007244
914.2602	1.0203009328007244
915.2602	1.0203009328007244
916.2602	1.0203009328007244
917.2602	1.0203009328007244
918.2602	1.0203009328007244
919.2602	1.0203009328007244
920.2602	1.0203009328007244
921.2602	1.0203009328007244
922.2602	1.0203009328007244
923.2602	1.0203009328007244
924.2602	1.0203009328007244
925.2602	1.0203009328007244
926.2602	1.0203009328007244
927.2602	1.0203009328007244
928.2602	1.0203009328007244
929.2602	1.0203009328007244
930.2602	1.0203009328007244
931.2602	1.0203009328007244
932.2602	1.0203009328007244
933.2602	1.0203009328007244
934.2602	1.0203009328007244
935.2602	1.0203009328007244
936.2602	1.0203009328007244
937.2602	1.0203009328007244
938.2602	1.0203009328007244
939.2602	1.0203009328007244
940.2602	1.0203009328007244
941.2602	1.0203009328007244
942.2602	1.0203009328007244
943.2602	1.0203009328007244
944.2602	1.0203009328007244
945.2602	1.0203009328007244
946.2602	1.0203009328007244
947.2602	1.0203009328007244
948.2602	1.0203009328007244
949.2602	1.0203009328007244
950.2602	1.0203009328007244
951.2602	1.0203009328007244
952.2602	1.0203009328007244
953.2602	1.0203009328007244
954.2602	1.0203009328007244
955.2602	1.0203009328007244
956.2602	1.0203009328007244
957.2602	1.0203009328007244
958.2602	1.0203009328007244
959.2602	1.0203009328007244
960.2602	1.0203009328007244
961.2602	1.0203009328007244
962.2602	1.0203009328007244
963.2602	1.0203009328007244
964.2602	1.0203009328007244
965.2602	1.0203009328007244
966.2602	1.0203009328007244
967.2602	1.0203009328007244
968.2602	1.0203009328007244
969.2602	1.0203009328007244
970.2602	1.0203009328007244
971.2602	1.0203009328007244
972.2602	1.0203009328007244
973.2602	1.0203009328007244
974.2602	1.0203009328007244
975.2602	1.0203009328007244
976.2602	1.0203009328007244
977.2602	1.0203009328007244
978.2602	1.0203009328007244
979.2602	1.0203009328007244
980.2602	1.0203009328007244
981.2602	1.0203009328007244
982.2602	1.0203009328007244
983.2602	1.0203009328007244
984.2602	1.0203009328007244
985.2602	1.0203009328007244
986.2602	1.0203009328007244
987.2602	1.0203009328007244
988.2602	1.0203009328007244
989.2602	1.0203009328007244
990.2602	1.0203009328007244
991.2602	1.0203009328007244
992.2602	1.0203009328007244
993.2602	1.0203009328007244
994.2602	1.0203009328007244
995.2602	1.0203009328007244
996.2602	1.0203009328007244
997.2602	1.0203009328007244
998.2602	1.0203009328007244
999.2602	1.0203009328007244
