0.46780000000000005	0.5052151543036265
1.4452	0.5035281631671897
2.423	0.5031040148206493
3.4011	0.5019758152938251
4.3796	0.5002173764602394
5.3586	0.49903937266658693
6.338100000000001	0.49664430975888585
7.3181	0.4960124963351644
8.2987	0.494918330803507
9.2799	0.4943988159488458
10.261800000000001	0.49500872123073236
11.2443	0.4951685068425635
12.227400000000001	0.49571065036096673
13.2111	0.4941678349499332
14.195500000000001	0.4923848123331269
15.1806	0.48915932270469664
16.1565	0.4885557675619119
17.1326	0.4876408132574881
18.108900000000002	0.4874051806126998
19.0854	0.4838325825405462
20.0622	0.48078572415560183
21.0392	0.47313520110248997
22.0165	0.4681496416412534
22.9941	0.46588595280088063
23.9719	0.46390831635940244
24.9499	0.4612349651566712
25.9281	0.4582870240824881
26.9066	0.4578055491202393
27.8853	0.45703651936112233
28.8642	0.45598608903265603
29.843400000000003	0.4546149593745663
30.8228	0.45343863572541765
31.802400000000002	0.45175438952741453
32.7824	0.44957409847706364
33.7629	0.4476825615652684
34.7438	0.447613401747189
35.725100000000005	0.44778400582249
36.706900000000005	0.44749683585990363
37.6891	0.4483717810438308
38.671800000000005	0.4493128629175164
39.655	0.4503436093694082
40.6387	0.4540492093044668
41.6229	0.4605692388788558
42.6077	0.4723476962323845
43.583200000000005	0.47654379188480245
44.5589	0.47944519217314985
45.534800000000004	0.48247768148163883
46.5109	0.48551814746759014
47.4872	0.48721712089777136
48.4637	0.48923845661494747
49.4405	0.49095549007681427
50.4176	0.4933847298958952
51.395	0.4953761272086784
52.3727	0.499881970162513
53.3506	0.5033446074602015
54.328900000000004	0.5080822916249093
55.307500000000005	0.512181309417091
56.2866	0.5175848323310598
57.2661	0.5203774658608691
58.246	0.523073034744161
59.226400000000005	0.52448317971279
60.207300000000004	0.529203945076756
61.1888	0.5322091111467734
62.161	0.5347979557539577
63.133300000000006	0.5357613151892991
64.1057	0.5390823135754873
65.0783	0.538816246861593
66.0509	0.5401942208212902
67.0237	0.5427265109212132
67.9967	0.5438831688812515
68.9698	0.5468487636419588
69.9431	0.5480077800772494
70.9165	0.5513044370716712
71.8901	0.5556783900948088
72.8638	0.5606032135366065
73.8377	0.5651339001499301
74.8118	0.5674449661401836
75.78620000000001	0.5705464508389627
76.7607	0.570536163770706
77.7354	0.5710062029290313
78.7103	0.569151777971658
79.6854	0.5664436776551939
80.66080000000001	0.5606982629281487
81.63640000000001	0.560471894135179
82.6123	0.5607894924210801
83.58840000000001	0.5593516698184364
84.5648	0.5593729093654282
85.54140000000001	0.5608174053311227
86.51830000000001	0.5568141268293423
87.4955	0.5576655018219909
88.47290000000001	0.5593802101437649
89.45060000000001	0.5585707457788573
90.4285	0.5596086379788432
91.4067	0.5584792465822985
92.3853	0.5579560568078135
93.36420000000001	0.5560198495439523
94.3435	0.5556184157213813
95.32310000000001	0.5533196932753961
96.3031	0.5503964513971771
97.2835	0.5492208308741104
98.2643	0.5472337062841472
99.24560000000001	0.5443754146749115
100.2274	0.5402349447053969
101.20920000000001	0.5260069049122909
102.1885	0.5221314580736702
103.1683	0.519465690459046
104.1419	0.5115603886514901
105.1156	0.50939999427359
106.08940000000001	0.5055018922029476
107.0633	0.5026170734298564
108.0373	0.4988480349117781
109.01140000000001	0.4964153647850449
109.9856	0.5010731225200732
110.9599	0.4985680475194817
111.9342	0.4990524364231269
112.9086	0.49167846618976707
113.8831	0.4853193074057526
114.85770000000001	0.4783956684142934
115.83250000000001	0.4723959080527258
116.8074	0.46390177276653555
117.78240000000001	0.45976249090283605
118.75750000000001	0.4498156922826093
119.73270000000001	0.4518117864115294
120.70800000000001	0.44847433806999293
121.6834	0.42269950425687985
122.6589	0.4098519507954327
123.6346	0.3996726773720014
124.61040000000001	0.39360097835555985
125.58640000000001	0.3886628475329006
126.5625	0.38156502376974355
127.5387	0.3820655815245788
128.51510000000002	0.37304346623314966
129.4916	0.3648452386178789
130.4682	0.35609223224872355
131.44480000000001	0.35676607908409064
132.4215	0.3482595028272839
133.3983	0.34412995646965294
134.3752	0.352206708841325
135.3521	0.34262716084752143
136.3291	0.3340943591337635
137.30620000000002	0.31910289837241845
138.2835	0.31992595083752096
139.261	0.3123269153784616
140.2387	0.31555502421656045
141.2165	0.3130216847671906
142.1945	0.3105140144020959
143.1725	0.30393371776880274
144.15040000000002	0.30106876683734773
145.1283	0.3087139695474119
146.1062	0.3066228829638874
147.084	0.31992868766016114
148.0617	0.3396709075690487
149.0394	0.3426367921623774
150.017	0.33812702408589046
150.99450000000002	0.3337221403065682
151.9719	0.329420894890357
152.94920000000002	0.3523784229301299
153.9264	0.3540714370237996
154.9034	0.35053259260817915
155.8803	0.3473460081798214
156.857	0.34436595248995117
157.83350000000002	0.3364610177749615
158.8098	0.3468459278465179
159.7859	0.4170683460325242
160.76170000000002	0.4136163865451664
161.7373	0.42855881286927533
162.7126	0.4750802474705059
163.6876	0.4679153953798495
164.66230000000002	0.4820604199361407
165.63670000000002	0.4749464802201553
166.6107	0.49084943193742203
167.5843	0.5097241785009784
168.5575	0.5180673382514108
169.5303	0.5522626425169107
170.5027	0.5588235324506052
171.4746	0.5799536391989013
172.446	0.6503733776944818
173.41670000000002	0.655235114433369
174.38660000000002	0.6699394105217941
175.3557	0.6754766185590096
176.324	0.6866735365298959
177.2915	0.7093295837325492
178.258	0.7225564787526682
179.2236	0.7349027083291109
180.1882	0.7482564759849042
181.1518	0.7550350983763754
182.11430000000001	0.776909145327936
183.0757	0.7917999703866536
184.0586	0.9530384938046421
185.0488	0.9584501428544706
186.03900000000002	0.9610515130519982
187.0292	0.9633642001856484
188.01940000000002	0.9656604848840205
189.0096	0.9678683171776586
189.99980000000002	0.9699694755797897
190.99020000000002	0.9672258127075151
191.9804	0.7845094230606766
192.9717	0.9626860438185658
193.9626	0.9630260014605783
194.95350000000002	0.9691876851468949
195.9443	0.9701557098765211
196.935	0.9711382876142329
197.9256	0.9721343042011064
198.9161	0.9722132055340718
199.90650000000002	0.9844006417973222
200.89690000000002	0.9847177365520213
201.8872	0.9851315701825771
202.87740000000002	0.989051964627672
203.8709	0.9856414761314364
204.86430000000001	0.9858515021851197
205.8578	0.9863187571443837
206.8513	0.9866345924988681
207.84480000000002	0.9869575126155835
208.8384	0.9873856494503893
209.83200000000002	0.9876958337050389
210.8257	0.9880198628702566
211.8194	0.9882503062372122
212.81320000000002	0.990595404209933
213.80700000000002	0.9913238834261315
214.8008	0.9920297548897684
215.7947	0.9928573648880742
216.7887	0.8139329717421286
217.7827	0.7952604222206872
218.7768	0.7985927790531749
219.7709	0.801987293824671
220.76510000000002	0.8055579194916365
221.75930000000002	0.8091787596002462
222.7536	0.812974676258881
223.74800000000002	0.8616860152310643
224.7425	0.8672008093386234
225.73700000000002	0.8728160875498041
226.73160000000001	0.8786322891841023
227.7263	0.8846486225026657
228.7211	0.8908182570510411
229.7158	1.0097915726514008
230.71040000000002	1.007235831983432
231.705	1.0067849483233744
232.6996	1.0072617201832539
233.69420000000002	1.0077474015808223
234.68880000000001	1.0081442505094125
235.6834	1.0083226243853212
236.678	1.008502493877437
237.67260000000002	1.0086852192551203
238.6672	1.0088716844667587
239.6618	1.0090603934427527
240.65630000000002	1.0091511094626555
241.6508	1.0093461450986732
242.64530000000002	1.0095434244990462
243.6398	1.0097436955852264
244.63430000000002	1.0099477065053617
245.6288	1.0101547091113041
246.6233	1.0103660634457177
247.61780000000002	1.0105811576140864
248.6123	1.0107999913897139
249.60670000000002	1.0109215803573985
250.6011	1.0111474887145018
251.59550000000002	1.0113771366788638
252.5899	1.011611272398633
253.5843	1.011849147725661
254.57870000000003	1.012092122929308
255.5731	1.012339585661666
256.5675	1.0125915359227344
257.5618	1.0127477372187637
258.5561	1.0130090058256631
259.5504	1.0132755101094213
260.54470000000003	1.0135465019218903
261.539	1.013970061829353
262.5333	1.0142222584639133
263.52750000000003	1.0144943849485353
264.5217	1.0145730849991377
265.5159	1.0146517929520713
266.5101	1.014730500905005
267.5043	1.0148098136483577
268.49850000000004	1.0148891263917106
269.49260000000004	1.0148674052145772
270.4867	1.0149477762975305
271.4808	1.0150281473804839
272.4749	1.0151091232538565
273.469	1.0151900991272291
274.463	1.0149306285080166
275.457	1.0149309377015667
276.451	1.0149305083921616
277.445	1.0149306875164914
278.439	1.0149308666408214
279.4329	1.0148294414593642
280.4268	1.0148293466554557
281.4207	1.0148292518515472
282.4146	1.0148297654813736
283.40840000000003	1.014728674805413
284.4022	1.0147289145070009
285.396	1.014729154208589
286.38980000000004	1.014730002343912
287.3835	1.014629246173448
288.3772	1.0146298203805328
289.3709	1.0146303945876174
290.3646	1.0146308387254819
291.3582	1.0145296785575588
292.3518	1.014529848767185
293.34540000000004	1.014530627410546
294.3389	1.0144298017481197
295.3324	1.0144303064632425
296.3259	1.0144314196121
297.3193	1.0143309284551705
298.3127	1.0143310291728345
299.3061	1.0143311298904985
300.2994	1.0142302347361103
301.2927	1.014230669959271
302.286	1.0142317136161665
303.2792	1.014131152967275
304.2724	1.014131922695932
305.2656	1.014132562355369
306.25870000000003	1.0138832077705968
307.2518	1.0137901822080337
308.2448	1.0135955865916912
309.2378	1.0135015707575081
310.2308	1.013408167044537
311.2237	1.0132118481240113
312.2166	1.0131161089856453
313.2094	1.0129187997934994
314.2022	1.0136622512977702
315.1949	1.0134937137527325
316.18760000000003	1.0134265065852435
317.1802	1.0132583035457021
318.1728	1.0131914308837096
319.1653	1.0130235623496653
320.1578	1.0129576343685096
321.15020000000004	1.0127907105153016
322.1426	1.0127251170396425
323.1349	1.0125591378672711
324.1272	1.0124944890724488
325.11940000000004	1.0123288444055742
326.1116	1.0122645301162485
327.1037	1.0120998301302104
328.0958	1.012037068955456
329.0878	1.0118727034749146
330.0797	1.0117092826752099
331.0716	1.011647192253054
332.0634	1.011484716134186
333.05510000000004	1.0113225745208145
334.0468	1.0112617632849918
335.0384	1.011100566352457
336.0299	1.0109397039254187
337.0214	1.0108807820512695
338.0128	1.0107208643050682
339.0041	1.0105612810643632
339.99530000000004	1.0104026425044947
340.98650000000004	1.0103453343221753
341.9776	1.0101876404431438
342.96860000000004	1.0110055480588755
343.9595	1.0109711148688543
344.9503	1.0109383448088525
345.9411	1.0110082736354233
346.9318	1.0109777733319267
347.92240000000004	1.0109495427849362
348.91290000000004	1.010922975367965
349.9033	1.0108986777074989
350.8936	1.0108766498035386
351.8838	1.0108562850295977
352.8773	1.014273343308691
353.8713	0.969433128489786
354.8648	0.9680881654987786
355.8582	0.9671948609731873
356.8516	0.9663917205622284
357.845	0.9655889260416807
358.8383	0.9646841557626646
359.83160000000004	0.9638695495982812
360.8249	0.9630552893243086
361.8181	0.962139053291868
362.8113	0.9613129813740598
363.8045	0.9604872553466627
364.79760000000005	0.9595595535607976
365.7907	0.9587220158895647
366.7837	0.9577828483502748
367.7767	0.9569338449256174
368.7697	0.9560851873913708
369.7626	1.0193142747923518
370.75550000000004	1.0193782440756283
371.74830000000003	1.0193405406701195
372.7411	1.0194058819670477
373.73380000000003	1.0193695505751907
374.72650000000004	1.019436263885771
375.7191	1.0194013045075656
376.7117	1.0194693898317977
377.7042	1.0194358024672447
378.6967	1.0195052598051286
379.6891	1.0194730444542275
380.6815	1.0195438738057632
381.6738	1.0195130304685136
382.66610000000003	1.0195852318337013
383.6583	1.019555760510104
384.6505	1.0196293338889437
385.6426	1.019601234578998
386.63460000000003	1.019574507282704
387.6266	1.0196508246888474
388.61850000000004	1.0196254694062055
389.6104	1.0197031588260006
390.60220000000004	1.0196791755570107
391.5939	1.0196565643016724
392.5856	1.0197369977487714
393.5772	1.019715758507085
394.56870000000004	1.0196958912790504
395.5602	1.0197794134633509
396.5516	1.0197609182489684
397.54290000000003	1.0197437950482378
398.5341	1.019728043861159
399.5253	1.0198153373765173
400.51640000000003	1.0198009582030905
401.5074	1.0197879510433154
402.49830000000003	1.0197763158971922
403.4891	1.019766052764721
404.4798	1.0169142723438573
405.4705	1.0158015565904328
406.46110000000004	1.0145872109689513
407.45160000000004	1.013361399594045
408.442	1.0121241224657138
409.4323	1.0108753795839582
410.4225	1.009615170948778
411.4167	1.0125245026573657
412.4167	1.0177418637718043
413.4167	1.0177297062375577
414.4167	1.0177175487033112
415.4167	1.0177053911690646
416.4167	1.017693233634818
417.4167	1.0176810761005715
418.4167	1.0176689185663248
419.41670000000005	1.0176567610320784
420.41670000000005	1.0176446034978317
421.41670000000005	1.017632445963585
422.41670000000005	1.0176202884293386
423.41670000000005	1.017608130895092
424.41670000000005	1.0175959733608455
425.41670000000005	1.0175838158265988
426.41670000000005	1.0175716582923522
427.41670000000005	1.0175595007581058
428.41670000000005	1.017547343223859
429.41670000000005	1.0175351856896124
430.41670000000005	1.017523028155366
431.41670000000005	1.0175108706211193
432.41670000000005	1.017498713086873
433.41670000000005	1.0174865555526262
434.41670000000005	1.0174743980183796
435.41670000000005	1.0174622404841331
436.41670000000005	1.0174500829498865
437.41670000000005	1.01743792541564
438.41670000000005	1.0174257678813934
439.41670000000005	1.0174136103471467
440.41670000000005	1.0174014528129003
441.41670000000005	1.0173892952786536
442.41670000000005	1.017377137744407
443.41670000000005	1.0173649802101605
444.41670000000005	1.0173528226759139
445.41670000000005	1.0173406651416674
446.41670000000005	1.0173285076074208
447.41670000000005	1.0173163500731741
448.41670000000005	1.0173041925389277
449.41670000000005	1.017292035004681
450.41670000000005	1.0172798774704346
451.41670000000005	1.017267719936188
452.41670000000005	1.0172555624019413
453.41670000000005	1.0172434048676948
454.41670000000005	1.0172312473334482
455.41670000000005	1.0172190897992017
456.41670000000005	1.017206932264955
457.41670000000005	1.0171947747307084
458.41670000000005	1.017182617196462
459.41670000000005	1.0171704596622153
460.41670000000005	1.0171583021279686
461.41670000000005	1.0171461445937222
462.41670000000005	1.0171339870594756
463.41670000000005	1.0171218295252291
464.41670000000005	1.0171096719909825
465.41670000000005	1.0170975144567358
466.41670000000005	1.0170853569224894
467.41670000000005	1.0170731993882427
468.41670000000005	1.0170610418539963
469.41670000000005	1.0170488843197496
470.41670000000005	1.017036726785503
471.41670000000005	1.0170245692512565
472.41670000000005	1.0170124117170098
473.41670000000005	1.0170002541827632
474.41670000000005	1.0169880966485167
475.41670000000005	1.01697593911427
476.41670000000005	1.0169637815800237
477.41670000000005	1.016951624045777
478.41670000000005	1.0169394665115303
479.41670000000005	1.016927308977284
480.41670000000005	1.0169151514430372
481.41670000000005	1.0169029939087908
482.41670000000005	1.0168908363745441
483.41670000000005	1.0168786788402975
484.41670000000005	1.016866521306051
485.41670000000005	1.0168543637718044
486.41670000000005	1.0168422062375577
487.41670000000005	1.0168300487033113
488.41670000000005	1.0168178911690646
489.41670000000005	1.0168057336348182
490.41670000000005	1.0167935761005715
491.41670000000005	1.0167814185663249
492.41670000000005	1.0167692610320784
493.41670000000005	1.0167571034978318
494.41670000000005	1.0167449459635853
495.41670000000005	1.0167327884293387
496.41670000000005	1.016720630895092
497.41670000000005	1.0167084733608456
498.41670000000005	1.016696315826599
499.41670000000005	1.0166841582923523
500.41670000000005	1.0166720007581058
501.41670000000005	1.0166598432238592
502.41670000000005	1.0166476856896127
503.41670000000005	1.016635528155366
504.41670000000005	1.0166233706211194
505.41670000000005	1.016611213086873
506.41670000000005	1.0165990555526263
507.41670000000005	1.0165868980183799
508.41670000000005	1.0165747404841332
509.41670000000005	1.0165625829498866
510.41670000000005	1.0165504254156401
511.41670000000005	1.0165382678813935
512.4167	1.0165261103471468
513.4167	1.0165139528129004
514.4167	1.0165017952786537
515.4167	1.0164896377444073
516.4167	1.0164774802101606
517.4167	1.016465322675914
518.4167	1.0164531651416675
519.4167	1.0164410076074208
520.4167	1.0164288500731744
521.4167	1.0164166925389277
522.4167	1.016404535004681
523.4167	1.0163923774704346
524.4167	1.016380219936188
525.4167	1.0163680624019413
526.4167	1.016355904867695
527.4167	1.0163437473334482
528.4167	1.0163315897992018
529.4167	1.0163194322649551
530.4167	1.0163072747307085
531.4167	1.016295117196462
532.4167	1.0162829596622154
533.4167	1.016270802127969
534.4167	1.0162586445937223
535.4167	1.0162464870594756
536.4167	1.0162343295252292
537.4167	1.0162221719909825
538.4167	1.0162100144567359
539.4167	1.0161978569224894
540.4167	1.0161856993882428
541.4167	1.0161735418539963
542.4167	1.0161613843197497
543.4167	1.016149226785503
544.4167	1.0161370692512566
545.4167	1.01612491171701
546.4167	1.0161127541827635
547.4167	1.0161005966485168
548.4167	1.0160884391142702
549.4167	1.0160762815800237
550.4167	1.016064124045777
551.4167	1.0160519665115304
552.4167	1.016039808977284
553.4167	1.0160276514430373
554.4167	1.0160154939087909
555.4167	1.0160033363745442
556.4167	1.0159911788402975
557.4167	1.0159790213060511
558.4167	1.0159668637718045
559.4167	1.015954706237558
560.4167	1.0159425487033114
561.4167	1.0159303911690647
562.4167	1.0159182336348183
563.4167	1.0159060761005716
564.4167	1.015893918566325
565.4167	1.0158817610320785
566.4167	1.0158696034978318
567.4167	1.0158574459635854
568.4167	1.0158452884293387
569.4167	1.015833130895092
570.4167	1.0158209733608456
571.4167	1.015808815826599
572.4167	1.0157966582923526
573.4167	1.015784500758106
574.4167	1.0157723432238592
575.4167	1.0157601856896128
576.4167	1.0157480281553661
577.4167	1.0157358706211195
578.4167	1.015723713086873
579.4167	1.0157115555526264
580.4167	1.01569939801838
581.4167	1.0156872404841333
582.4167	1.0156750829498866
583.4167	1.0156629254156402
584.4167	1.0156507678813935
585.4167	1.015638610347147
586.4167	1.0156264528129004
587.4167	1.0156142952786538
588.4167	1.0156021377444073
589.4167	1.0155899802101607
590.4167	1.0155778226759142
591.4167	1.0155656651416676
592.4167	1.015553507607421
593.4167	1.0155413500731745
594.4167	1.0155291925389278
595.4167	1.0155170350046812
596.4167	1.0155048774704347
597.4167	1.015492719936188
598.4167	1.0154805624019416
599.4167	1.015468404867695
600.4167	1.0154562473334483
601.4167	1.0154440897992019
602.4167	1.0154319322649552
603.4167	1.0154197747307088
604.4167	1.015407617196462
605.4167	1.0153954596622154
606.4167	1.015383302127969
607.4167	1.0153711445937224
608.4167	1.0153589870594757
609.4167	1.0153468295252293
610.4167	1.0153346719909826
611.4167	1.0153225144567362
612.4167	1.0153103569224895
613.4167	1.0152981993882428
614.4167	1.0152860418539964
615.4167	1.0152738843197497
616.4167	1.0152617267855033
617.4167	1.0152495692512566
618.4167	1.01523741171701
619.4167	1.0152252541827635
620.4167	1.0152130966485169
621.4167	1.0152009391142702
622.4167	1.0151887815800238
623.4167	1.0151766240457771
624.4167	1.0151644665115307
625.4167	1.015152308977284
626.4167	1.0151401514430374
627.4167	1.015127993908791
628.4167	1.0151158363745443
629.4167	1.0151036788402978
630.4167	1.0150915213060512
631.4167	1.0150793637718045
632.4167	1.015067206237558
633.4167	1.0150550487033114
634.4167	1.0150428911690648
635.4167	1.0150307336348183
636.4167	1.0150185761005717
637.4167	1.0150064185663252
638.4167	1.0149942610320786
639.4167	1.014982103497832
640.4167	1.0149699459635855
641.4167	1.0149577884293388
642.4167	1.0149456308950924
643.4167	1.0149334733608457
644.4167	1.014921315826599
645.4167	1.0149091582923526
646.4167	1.014897000758106
647.4167	1.0148848432238593
648.4167	1.0148726856896129
649.4167	1.0148605281553662
650.4167	1.0148483706211198
651.4167	1.014836213086873
652.4167	1.0148240555526264
653.4167	1.01481189801838
654.4167	1.0147997404841334
655.4167	1.014787582949887
656.4167	1.0147754254156403
657.4167	1.0147632678813936
658.4167	1.0147511103471472
659.4167	1.0147389528129005
660.4167	1.0147267952786538
661.4167	1.0147146377444074
662.4167	1.0147024802101607
663.4167	1.0146903226759143
664.4167	1.0146781651416676
665.4167	1.014666007607421
666.4167	1.0146538500731745
667.4167	1.0146416925389279
668.4167	1.0146295350046814
669.4167	1.0146173774704348
670.4167	1.0146052199361881
671.4167	1.0145930624019417
672.4167	1.014580904867695
673.4167	1.0145687473334486
674.4167	1.014556589799202
675.4167	1.0145444322649553
676.4167	1.0145322747307088
677.4167	1.0145201171964622
678.4167	1.0145079596622155
679.4167	1.014495802127969
680.4167	1.0144836445937224
681.4167	1.014471487059476
682.4167	1.0144593295252293
683.4167	1.0144471719909827
684.4167	1.0144350144567362
685.4167	1.0144228569224896
686.4167	1.0144106993882431
687.4167	1.0143985418539965
688.4167	1.0143863843197498
689.4167	1.0143742267855034
690.4167	1.0143620692512567
691.4167	1.01434991171701
692.4167	1.0143377541827636
693.4167	1.014325596648517
694.4167	1.0143134391142705
695.4167	1.0143012815800239
696.4167	1.0142891240457772
697.4167	1.0142769665115308
698.4167	1.014264808977284
699.4167	1.0142526514430377
700.4167	1.014240493908791
701.4167	1.0142283363745443
702.4167	1.014216178840298
703.4167	1.0142040213060513
704.4167	1.0141918637718046
705.4167	1.0141797062375582
706.4167	1.0141675487033115
707.4167	1.014155391169065
708.4167	1.0141432336348184
709.4167	1.0141310761005717
710.4167	1.0141189185663253
711.4167	1.0141067610320786
712.4167	1.0140946034978322
713.4167	1.0140824459635855
714.4167	1.0140702884293389
715.4167	1.0140581308950924
716.4167	1.0140459733608458
717.4167	1.0140338158265991
718.4167	1.0140216582923527
719.4167	1.014009500758106
720.4167	1.0139973432238596
721.4167	1.013985185689613
722.4167	1.0139730281553663
723.4167	1.0139608706211198
724.4167	1.0139487130868732
725.4167	1.0139365555526267
726.4167	1.01392439801838
727.4167	1.0139122404841334
728.4167	1.013900082949887
729.4167	1.0138879254156403
730.4167	1.0138757678813937
731.4167	1.0138636103471472
732.4167	1.0138514528129006
733.4167	1.0138392952786541
734.4167	1.0138271377444075
735.4167	1.0138149802101608
736.4167	1.0138028226759144
737.4167	1.0137906651416677
738.4167	1.0137785076074213
739.4167	1.0137663500731746
740.4167	1.013754192538928
741.4167	1.0137420350046815
742.4167	1.0137298774704349
743.4167	1.0137177199361882
744.4167	1.0137055624019418
745.4167	1.013693404867695
746.4167	1.0136812473334487
747.4167	1.013669089799202
748.4167	1.0136569322649553
749.4167	1.013644774730709
750.4167	1.0136326171964622
751.4167	1.0136204596622158
752.4167	1.0136083021279692
753.4167	1.0135961445937225
754.4167	1.013583987059476
755.4167	1.0135718295252294
756.4167	1.0135596719909827
757.4167	1.0135475144567363
758.4167	1.0135353569224896
759.4167	1.0135231993882432
760.4167	1.0135110418539965
761.4167	1.0134988843197499
762.4167	1.0134867267855034
763.4167	1.0134745692512568
764.4167	1.0134624117170103
765.4167	1.0134502541827637
766.4167	1.013438096648517
767.4167	1.0134259391142706
768.4167	1.013413781580024
769.4167	1.0134016240457775
770.4167	1.0133894665115308
771.4167	1.0133773089772842
772.4167	1.0133651514430377
773.4167	1.013352993908791
774.4167	1.0133408363745444
775.4167	1.013328678840298
776.4167	1.0133165213060513
777.4167	1.0133043637718049
778.4167	1.0132922062375582
779.4167	1.0132800487033116
780.4167	1.0132678911690651
781.4167	1.0132557336348185
782.4167	1.013243576100572
783.4167	1.0132314185663254
784.4167	1.0132192610320787
785.4167	1.0132071034978323
786.4167	1.0131949459635856
787.4167	1.013182788429339
788.4167	1.0131706308950925
789.4167	1.0131584733608459
790.4167	1.0131463158265994
791.4167	1.0131341582923528
792.4167	1.013122000758106
793.4167	1.0131098432238597
794.4167	1.013097685689613
795.4167	1.0130855281553666
796.4167	1.01307337062112
797.4167	1.0130612130868732
798.4167	1.0130490555526268
799.4167	1.0130368980183801
800.4167	1.0130247404841335
801.4167	1.013012582949887
802.4167	1.0130004254156404
803.4167	1.012988267881394
804.4167	1.0129761103471473
805.4167	1.0129639528129006
806.4167	1.0129517952786542
807.4167	1.0129396377444075
808.4167	1.012927480210161
809.4167	1.0129153226759144
810.4167	1.0129031651416678
811.4167	1.0128910076074213
812.4167	1.0128788500731747
813.4167	1.012866692538928
814.4167	1.0128545350046816
815.4167	1.012842377470435
816.4167	1.0128302199361885
817.4167	1.0128180624019418
818.4167	1.0128059048676952
819.4167	1.0127937473334487
820.4167	1.012781589799202
821.4167	1.0127694322649556
822.4167	1.012757274730709
823.4167	1.0127451171964623
824.4167	1.0127329596622159
825.4167	1.0127208021279692
826.4167	1.0127086445937226
827.4167	1.0126964870594761
828.4167	1.0126843295252295
829.4167	1.012672171990983
830.4167	1.0126600144567364
831.4167	1.0126478569224897
832.4167	1.0126356993882433
833.4167	1.0126235418539966
834.4167	1.0126113843197502
835.4167	1.0125992267855035
836.4167	1.0125870692512569
837.4167	1.0125749117170104
838.4167	1.0125627541827638
839.4167	1.012550596648517
840.4167	1.0125384391142707
841.4167	1.012526281580024
842.4167	1.0125141240457776
843.4167	1.012501966511531
844.4167	1.0124898089772842
845.4167	1.0124776514430378
846.4167	1.0124654939087911
847.4167	1.0124533363745447
848.4167	1.012441178840298
849.4167	1.0124290213060514
850.4167	1.012416863771805
851.4167	1.0124047062375583
852.4167	1.0123925487033119
853.4167	1.0123803911690652
854.4167	1.0123682336348185
855.4167	1.012356076100572
856.4167	1.0123439185663254
857.4167	1.0123317610320788
858.4167	1.0123196034978323
859.4167	1.0123074459635857
860.4167	1.0122952884293392
861.4167	1.0122831308950926
862.4167	1.012270973360846
863.4167	1.0122588158265995
864.4167	1.0122466582923528
865.4167	1.0122345007581064
866.4167	1.0122223432238597
867.4167	1.012210185689613
868.4167	1.0121980281553666
869.4167	1.01218587062112
870.4167	1.0121737130868733
871.4167	1.0121615555526269
872.4167	1.0121493980183802
873.4167	1.0121372404841338
874.4167	1.0121250829498871
875.4167	1.0121129254156405
876.4167	1.012100767881394
877.4167	1.0120886103471474
878.4167	1.012076452812901
879.4167	1.0120642952786543
880.4167	1.0120521377444076
881.4167	1.0120399802101612
882.4167	1.0120278226759145
883.4167	1.0120156651416679
884.4167	1.0120035076074214
885.4167	1.0119913500731748
886.4167	1.0119791925389283
887.4167	1.0119670350046817
888.4167	1.011954877470435
889.4167	1.0119427199361886
890.4167	1.011930562401942
891.4167	1.0119184048676955
892.4167	1.0119062473334488
893.4167	1.0118940897992021
894.4167	1.0118819322649557
895.4167	1.011869774730709
896.4167	1.0118576171964624
897.4167	1.011845459662216
898.4167	1.0118333021279693
899.4167	1.0118211445937229
900.4167	1.0118089870594762
901.4167	1.0117968295252295
902.4167	1.011784671990983
903.4167	1.0117725144567364
904.4167	1.01176035692249
905.4167	1.0117481993882433
906.4167	1.0117360418539967
907.4167	1.0117238843197502
908.4167	1.0117117267855036
909.4167	1.011699569251257
910.4167	1.0116874117170105
911.4167	1.0116752541827638
912.4167	1.0116630966485174
913.4167	1.0116509391142707
914.4167	1.011638781580024
915.4167	1.0116266240457776
916.4167	1.011614466511531
917.4167	1.0116023089772845
918.4167	1.0115901514430379
919.4167	1.0115779939087912
920.4167	1.0115658363745448
921.4167	1.0115536788402981
922.4167	1.0115415213060515
923.4167	1.011529363771805
924.4167	1.0115172062375584
925.4167	1.011505048703312
926.4167	1.0114928911690653
927.4167	1.0114807336348186
928.4167	1.0114685761005722
929.4167	1.0114564185663255
930.4167	1.011444261032079
931.4167	1.0114321034978324
932.4167	1.0114199459635858
933.4167	1.0114077884293393
934.4167	1.0113956308950927
935.4167	1.011383473360846
936.4167	1.0113713158265996
937.4167	1.011359158292353
938.4167	1.0113470007581065
939.4167	1.0113348432238598
940.4167	1.0113226856896131
941.4167	1.0113105281553667
942.4167	1.01129837062112
943.4167	1.0112862130868736
944.4167	1.011274055552627
945.4167	1.0112618980183803
946.4167	1.0112497404841339
947.4167	1.0112375829498872
948.4167	1.0112254254156408
949.4167	1.011213267881394
950.4167	1.0112011103471474
951.4167	1.011188952812901
952.4167	1.0111767952786543
953.4167	1.0111646377444077
954.4167	1.0111524802101612
955.4167	1.0111403226759146
956.4167	1.0111281651416681
957.4167	1.0111160076074215
958.4167	1.0111038500731748
959.4167	1.0110916925389284
960.4167	1.0110795350046817
961.4167	1.0110673774704353
962.4167	1.0110552199361886
963.4167	1.011043062401942
964.4167	1.0110309048676955
965.4167	1.0110187473334489
966.4167	1.0110065897992022
967.4167	1.0109944322649558
968.4167	1.0109822747307091
969.4167	1.0109701171964627
970.4167	1.010957959662216
971.4167	1.0109458021279694
972.4167	1.010933644593723
973.4167	1.0109214870594763
974.4167	1.0109093295252298
975.4167	1.0108971719909832
976.4167	1.0108850144567365
977.4167	1.01087285692249
978.4167	1.0108606993882434
979.4167	1.0108485418539968
980.4167	1.0108363843197503
981.4167	1.0108242267855037
982.4167	1.0108120692512572
983.4167	1.0107999117170106
984.4167	1.010787754182764
985.4167	1.0107755966485175
986.4167	1.0107634391142708
987.4167	1.0107512815800244
988.4167	1.0107391240457777
989.4167	1.010726966511531
990.4167	1.0107148089772846
991.4167	1.010702651443038
992.4167	1.0106904939087913
993.4167	1.0106783363745449
994.4167	1.0106661788402982
995.4167	1.0106540213060518
996.4167	1.010641863771805
997.4167	1.0106297062375584
998.4167	1.010617548703312
999.4167	1.0106053911690653
