0.4606	0.5045641017349063
1.4111	0.5070659921211202
2.3607	0.5135950075254672
3.3093000000000004	0.5166908094519063
4.2567	0.5251050417442756
5.2027	0.532424179877138
6.1572000000000005	0.5369468172049172
7.1111	0.5415126521748715
8.0641	0.5460967397115466
9.0162	0.5489483963002396
9.967500000000001	0.5507111537131273
10.9178	0.5527241860590639
11.867	0.5550464957445045
12.815000000000001	0.5563418207707511
13.762	0.5552773732231928
14.717	0.5540966240223697
15.6712	0.5542191103774536
16.6246	0.5540258568919877
17.5771	0.555247394832157
18.5286	0.5541096330696389
19.489	0.5535505501854104
20.4491	0.5569295420423024
21.406200000000002	0.5578782804269158
22.3626	0.5548092547506274
23.3212	0.5430976921728559
24.2819	0.5391102968771886
25.2436	0.5388090531859666
26.204600000000003	0.5378543462183608
27.165200000000002	0.5353102750020171
28.125400000000003	0.5307017673564435
29.089000000000002	0.5250952419870478
30.052400000000002	0.5208265823660607
31.018700000000003	0.5194627533253708
31.9848	0.5258136280465484
32.95	0.5279787555760389
33.9149	0.531551115896686
34.8785	0.533552443954983
35.8405	0.5345926020724991
36.804500000000004	0.5354226672300759
37.768100000000004	0.536296634480272
38.7351	0.5403877032498767
39.703900000000004	0.5380685616596879
40.673300000000005	0.542424726303036
41.6433	0.5464558845620363
42.6139	0.5551275651843084
43.5841	0.5642563013996785
44.5542	0.571800749566218
45.524100000000004	0.5767679728262747
46.4938	0.580619831817542
47.4634	0.5851229869701704
48.432900000000004	0.5874290338736536
49.4022	0.5906413398952244
50.368300000000005	0.5946055971097493
51.3346	0.6005737485823016
52.3012	0.6055057286766157
53.2682	0.6025524086282992
54.235400000000006	0.6093983940901786
55.202600000000004	0.6119411384747296
56.169900000000005	0.609023306215657
57.1373	0.612150913697358
58.1049	0.6123401794932452
59.072700000000005	0.5993085433778438
60.0407	0.5988443735608395
61.008900000000004	0.604791116944813
61.9774	0.5960439405958476
62.9461	0.5788450599875838
63.915000000000006	0.5706959998065959
64.8841	0.5704183677844165
65.8635	0.5658323525936997
66.8442	0.5717857440108034
67.8261	0.6035226448006374
68.8049	0.685287330836171
69.7806	0.6829585000269688
70.7569	0.6859195590844079
71.73400000000001	0.6597859535500279
72.7115	0.6645959986572726
73.6898	0.6822988333105908
74.66760000000001	0.6815325702719249
75.6461	0.69864081657701
76.6233	0.732235786150369
77.60000000000001	0.7436128811637791
78.57780000000001	0.6591931808418716
79.55680000000001	0.6667982229659759
80.5372	0.7487676778551852
81.5107	0.6471552581556916
82.4838	0.6496131996726668
83.4565	0.6537239643784152
84.4287	0.6584067811188223
85.40100000000001	0.6629874223532489
86.3751	0.669561130788239
87.3494	0.6762439374604482
88.32390000000001	0.6748298965862439
89.29870000000001	0.6744265707589722
90.2748	0.6817535518474263
91.2534	0.6897658944243291
92.2339	0.6933727917299631
93.214	0.6993985933852824
94.1948	0.7182167278764913
95.1764	0.7315089922154343
96.1546	0.8381253623721769
97.1306	0.8495456370315144
98.1097	0.860758829533226
99.08930000000001	0.8679257663859007
100.0686	0.8688815711762244
101.0481	0.8741923176668147
102.0276	0.8772098979131645
103.0065	0.8791170049987295
103.9856	0.8808057852765628
104.96470000000001	0.7864065491118415
105.9435	0.8416264200104788
106.9222	0.8373386974227452
107.9007	0.8635763316107365
108.87910000000001	0.891932458314263
109.8574	0.8905311065260423
110.8354	0.8967766036528976
111.8131	0.8873381374818234
112.79180000000001	0.9061009279250628
113.772	0.8989495431956414
114.75240000000001	0.8778430241287132
115.73280000000001	0.88405775995051
116.7133	0.8996934660518427
117.69380000000001	0.905015593056743
118.6743	0.908720585749977
119.65480000000001	0.9113385977141647
120.6353	0.9136132139122167
121.61580000000001	0.9151985326389099
122.59620000000001	0.9087339187900808
123.5766	0.9117599998386564
124.557	0.9147069206022976
125.5374	0.8707903583444128
126.51780000000001	0.8682116636091327
127.49820000000001	0.8496111837036935
128.4785	0.8601067053855929
129.4604	0.9345280466885246
130.443	0.9423347534124316
131.4256	0.9415124346029583
132.40800000000002	0.9446007430965491
133.3903	0.9466281046380101
134.37300000000002	0.920615116968232
135.3556	0.9199875346310848
136.3381	0.9226813341350704
137.3202	0.886535232714501
138.3025	0.8857526047200872
139.28470000000002	0.8902805523367663
140.267	0.9305235466159197
141.2494	0.9333424974148099
142.2314	0.9292719711123104
143.2134	0.9131588915351605
144.199	0.8985884342840844
145.1857	0.9031962054543481
146.1742	0.9128239918934358
147.163	0.9034972711123349
148.15210000000002	0.9125932308027467
149.1416	0.9135259139602154
150.13150000000002	0.914358213842586
151.1218	0.9635162903604899
152.1121	0.9605095284954012
153.1023	0.9623062739609496
154.0925	0.9650648839250073
155.08270000000002	0.9692414124428487
156.07330000000002	0.904664026847416
157.0637	0.9059545383744564
158.0541	0.9076143977620168
159.0445	0.9092447360563074
160.03490000000002	0.9109027912625022
161.02530000000002	0.9126289193959456
162.01260000000002	0.8511147936004572
162.99980000000002	0.8553787522440865
163.9871	0.8603514461479456
164.9745	0.8653837629746675
165.96200000000002	0.8704822482210892
166.9496	0.8756473446907488
167.9374	0.8882428124693209
168.92530000000002	0.8931995673610875
169.91330000000002	0.8981378524411973
170.9015	0.8698497984934859
171.8898	0.875496298157592
172.8783	0.881296023331835
173.86690000000002	0.887503254125106
174.8556	0.8922794297231414
175.8444	0.89714198013722
176.8333	0.9022711039341623
177.8223	0.9177139563299301
178.81130000000002	0.9227790565903592
179.8004	0.9282641668226362
180.7921	0.9179847521961049
181.78300000000002	0.9252955905258479
182.77380000000002	0.9327023782640229
183.7645	0.94024696816806
184.7551	0.9433771513154974
185.7457	0.9269098648217677
186.7362	0.9276284981476122
187.72660000000002	0.9283356222399606
188.7169	0.9290171601659514
189.7071	0.9296868441485485
190.69830000000002	0.9870780977951006
191.6894	0.9872371772299957
192.68040000000002	0.987647179205273
193.6713	0.9880630772531467
194.6621	0.9884498666712068
195.6528	0.9814912420752161
196.6434	0.981989521434013
197.6339	0.9824970555264635
198.6243	0.9830157563442864
199.6147	0.9836388345733497
200.60500000000002	0.9841745139221589
201.5952	0.9847213751948515
202.5864	0.9880593402437835
203.5773	0.988110012590594
204.56810000000002	0.9884071163652631
205.55880000000002	0.9887108612488775
206.54940000000002	0.9890230057426284
207.53990000000002	0.9893417913453244
208.5303	0.989668976558157
209.5206	0.9900028028799347
210.51080000000002	0.9903450288118489
211.502	0.9917465457543487
212.4967	0.9747946043248787
213.491	0.9746677529566401
214.48520000000002	0.9749275553365616
215.4794	0.9752873149833896
216.4736	0.9756470746302176
217.4678	0.9760117813012443
218.46200000000002	0.9763764879722712
219.45620000000002	0.976741194643298
220.4503	0.9770150804110547
221.4444	0.9773889234457178
222.4385	0.9777592053293019
223.4326	0.9781237507838474
224.4267	0.9784882962383927
225.4207	0.9787616646745603
226.4147	0.978099774028142
227.4087	0.9781789102288588
228.4027	0.9782628559533851
229.3966	0.9782512989429397
230.3905	0.9783396957683365
231.3844	0.9784280925937333
232.37830000000002	0.9785212989429397
233.37220000000002	0.978614505292146
234.366	0.9786122089063805
235.3598	0.9787098663564573
236.3536	0.9788123333303437
237.34740000000002	0.97891480030423
238.3411	0.9789217645431444
239.3348	0.9790286826179012
240.32850000000002	0.9791404102164675
241.3221	0.979156635080062
242.31570000000002	0.9792728137794987
243.3093	0.9793889924789354
244.30290000000002	0.9795099807021818
245.2964	0.9795354661904562
246.28990000000002	0.979660905514573
247.2834	0.9797911543624992
248.2768	0.9798259004754536
249.27020000000002	0.9799606004242503
250.26360000000003	0.9801001098968566
251.2569	0.980144116634491
252.2502	0.9802880772079676
253.2435	0.9804368473052538
254.2367	0.9804901146675682
255.22990000000001	0.9806433358657249
256.223	0.9807058638527193
257.21610000000004	0.9808683456755559
258.2092	0.9810356370222021
259.2022	0.9811074256338764
260.1952	0.981279168081393
261.1881	0.9813602173177474
262.18100000000004	0.981541220389944
263.1739	0.9817270329859501
264.1667	0.9818173428469844
265.15950000000004	0.9820124160676704
266.1522	0.9821119865533847
267.1449	0.9823115108749413
268.1375	0.9824203419853356
269.1301	0.9826291269315721
270.12260000000003	0.9827472186666463
271.11510000000004	0.9829652642375628
272.1075	0.9830926165973171
273.0999	0.9833199227929136
274.0922	0.9834565357773477
275.0845	0.9836979121214338
276.0767	0.9838437857305479
277.0688	0.983998919964342
278.0609	0.9842540080339784
279.0529	0.9844184028924525
280.04490000000004	0.984682751586769
281.0368	0.9848564070699231
282.02860000000004	0.9850393231777572
283.0204	0.9853221931214335
284.01210000000003	0.9855143698539476
285.00370000000004	0.9857158072111416
285.9953	0.986017198404178
286.9868	0.986227896386052
287.9782	0.986447854992606
288.9696	0.9867677674350023
289.96090000000004	0.9869969866662363
290.95210000000003	0.9872354665221503
291.9432	0.9874832070027443
292.9343	0.98783571084299
293.9253	0.9673200813959475
294.9162	0.9680189952866604
295.90700000000004	0.9687316364501005
296.8977	0.969458004886268
297.8883	0.9701981005951626
298.8788	0.9709519235767846
299.8693	0.9718060599404209
300.85970000000003	0.9725736101947701
301.85	0.9733548877218465
302.84020000000004	0.9741498925216503
303.8378	0.9817969009725325
304.8378	0.984208967595423
305.8378	0.9842135130499684
306.8378	0.9842180585045138
307.8378	0.9842226039590594
308.8378	0.9842271494136048
309.8378	0.9842316948681502
310.8378	0.9842362403226956
311.8378	0.9842407857772412
312.8378	0.9842453312317866
313.8378	0.984249876686332
314.8378	0.9842544221408774
315.8378	0.984258967595423
316.8378	0.9842635130499684
317.8378	0.9842680585045138
318.8378	0.9842726039590594
319.8378	0.9842771494136048
320.8378	0.9842816948681502
321.8378	0.9842862403226956
322.8378	0.9842907857772412
323.8378	0.9842953312317866
324.8378	0.984299876686332
325.8378	0.9843044221408774
326.8378	0.984308967595423
327.8378	0.9843135130499684
328.8378	0.9843180585045138
329.8378	0.9843226039590594
330.8378	0.9843271494136048
331.8378	0.9843316948681502
332.8378	0.9843362403226956
333.8378	0.9843407857772412
334.8378	0.9843453312317866
335.8378	0.984349876686332
336.8378	0.9843544221408774
337.8378	0.984358967595423
338.8378	0.9843635130499684
339.8378	0.9843680585045138
340.8378	0.9843726039590593
341.8378	0.9843771494136048
342.8378	0.9843816948681502
343.8378	0.9843862403226956
344.8378	0.9843907857772412
345.8378	0.9843953312317866
346.8378	0.984399876686332
347.8378	0.9844044221408774
348.8378	0.984408967595423
349.8378	0.9844135130499684
350.8378	0.9844180585045138
351.8378	0.9844226039590593
352.8378	0.9844271494136048
353.8378	0.9844316948681502
354.8378	0.9844362403226956
355.8378	0.9844407857772411
356.8378	0.9844453312317866
357.8378	0.984449876686332
358.8378	0.9844544221408774
359.8378	0.984458967595423
360.8378	0.9844635130499684
361.8378	0.9844680585045138
362.8378	0.9844726039590593
363.8378	0.9844771494136048
364.8378	0.9844816948681502
365.8378	0.9844862403226956
366.8378	0.9844907857772411
367.8378	0.9844953312317866
368.8378	0.984499876686332
369.8378	0.9845044221408774
370.8378	0.984508967595423
371.8378	0.9845135130499684
372.8378	0.9845180585045138
373.8378	0.9845226039590593
374.8378	0.9845271494136048
375.8378	0.9845316948681502
376.8378	0.9845362403226956
377.8378	0.9845407857772411
378.8378	0.9845453312317866
379.8378	0.984549876686332
380.8378	0.9845544221408774
381.8378	0.9845589675954229
382.8378	0.9845635130499684
383.8378	0.9845680585045138
384.8378	0.9845726039590593
385.8378	0.9845771494136047
386.8378	0.9845816948681502
387.8378	0.9845862403226956
388.8378	0.9845907857772411
389.8378	0.9845953312317866
390.8378	0.984599876686332
391.8378	0.9846044221408774
392.8378	0.9846089675954229
393.8378	0.9846135130499684
394.8378	0.9846180585045138
395.8378	0.9846226039590593
396.8378	0.9846271494136047
397.8378	0.9846316948681502
398.8378	0.9846362403226956
399.8378	0.9846407857772411
400.8378	0.9846453312317865
401.8378	0.984649876686332
402.8378	0.9846544221408774
403.8378	0.9846589675954229
404.8378	0.9846635130499684
405.8378	0.9846680585045138
406.8378	0.9846726039590593
407.8378	0.9846771494136047
408.8378	0.9846816948681502
409.8378	0.9846862403226956
410.8378	0.9846907857772411
411.8378	0.9846953312317865
412.8378	0.984699876686332
413.8378	0.9847044221408774
414.8378	0.9847089675954229
415.8378	0.9847135130499683
416.8378	0.9847180585045138
417.8378	0.9847226039590593
418.8378	0.9847271494136047
419.8378	0.9847316948681502
420.8378	0.9847362403226956
421.8378	0.9847407857772411
422.8378	0.9847453312317865
423.8378	0.984749876686332
424.8378	0.9847544221408774
425.8378	0.9847589675954229
426.8378	0.9847635130499683
427.8378	0.9847680585045138
428.8378	0.9847726039590593
429.8378	0.9847771494136047
430.8378	0.9847816948681501
431.8378	0.9847862403226956
432.8378	0.9847907857772411
433.8378	0.9847953312317865
434.8378	0.984799876686332
435.8378	0.9848044221408774
436.8378	0.9848089675954229
437.8378	0.9848135130499683
438.8378	0.9848180585045138
439.8378	0.9848226039590593
440.8378	0.9848271494136047
441.8378	0.9848316948681501
442.8378	0.9848362403226956
443.8378	0.9848407857772411
444.8378	0.9848453312317865
445.8378	0.984849876686332
446.8378	0.9848544221408774
447.8378	0.9848589675954229
448.8378	0.9848635130499683
449.8378	0.9848680585045138
450.8378	0.9848726039590593
451.8378	0.9848771494136047
452.8378	0.9848816948681501
453.8378	0.9848862403226956
454.8378	0.9848907857772411
455.8378	0.9848953312317865
456.8378	0.9848998766863319
457.8378	0.9849044221408774
458.8378	0.9849089675954229
459.8378	0.9849135130499683
460.8378	0.9849180585045137
461.8378	0.9849226039590593
462.8378	0.9849271494136047
463.8378	0.9849316948681501
464.8378	0.9849362403226956
465.8378	0.9849407857772411
466.8378	0.9849453312317865
467.8378	0.9849498766863319
468.8378	0.9849544221408774
469.8378	0.9849589675954229
470.8378	0.9849635130499683
471.8378	0.9849680585045137
472.8378	0.9849726039590593
473.8378	0.9849771494136047
474.8378	0.9849816948681501
475.8378	0.9849862403226955
476.8378	0.9849907857772411
477.8378	0.9849953312317865
478.8378	0.9849998766863319
479.8378	0.9850044221408774
480.8378	0.9850089675954229
481.8378	0.9850135130499683
482.8378	0.9850180585045137
483.8378	0.9850226039590593
484.8378	0.9850271494136047
485.8378	0.9850316948681501
486.8378	0.9850362403226955
487.8378	0.9850407857772411
488.8378	0.9850453312317865
489.8378	0.9850498766863319
490.8378	0.9850544221408774
491.8378	0.9850589675954229
492.8378	0.9850635130499683
493.8378	0.9850680585045137
494.8378	0.9850726039590593
495.8378	0.9850771494136047
496.8378	0.9850816948681501
497.8378	0.9850862403226955
498.8378	0.9850907857772411
499.8378	0.9850953312317865
500.8378	0.9850998766863319
501.8378	0.9851044221408773
502.8378	0.9851089675954229
503.8378	0.9851135130499683
504.8378	0.9851180585045137
505.8378	0.9851226039590593
506.8378	0.9851271494136047
507.8378	0.9851316948681501
508.8378	0.9851362403226955
509.8378	0.9851407857772411
510.8378	0.9851453312317865
511.8378	0.9851498766863319
512.8378	0.9851544221408773
513.8378	0.9851589675954229
514.8378	0.9851635130499683
515.8378	0.9851680585045137
516.8378	0.9851726039590593
517.8378	0.9851771494136047
518.8378	0.9851816948681501
519.8378	0.9851862403226955
520.8378	0.9851907857772411
521.8378	0.9851953312317865
522.8378	0.9851998766863319
523.8378	0.9852044221408773
524.8378	0.9852089675954229
525.8378	0.9852135130499683
526.8378	0.9852180585045137
527.8378	0.9852226039590593
528.8378	0.9852271494136047
529.8378	0.9852316948681501
530.8378	0.9852362403226955
531.8378	0.9852407857772411
532.8378	0.9852453312317865
533.8378	0.9852498766863319
534.8378	0.9852544221408773
535.8378	0.9852589675954229
536.8378	0.9852635130499683
537.8378	0.9852680585045137
538.8378	0.9852726039590592
539.8378	0.9852771494136047
540.8378	0.9852816948681501
541.8378	0.9852862403226955
542.8378	0.985290785777241
543.8378	0.9852953312317865
544.8378	0.9852998766863319
545.8378	0.9853044221408773
546.8378	0.9853089675954229
547.8378	0.9853135130499683
548.8378	0.9853180585045137
549.8378	0.9853226039590592
550.8378	0.9853271494136047
551.8378	0.9853316948681501
552.8378	0.9853362403226955
553.8378	0.985340785777241
554.8378	0.9853453312317865
555.8378	0.9853498766863319
556.8378	0.9853544221408773
557.8378	0.9853589675954229
558.8378	0.9853635130499683
559.8378	0.9853680585045137
560.8378	0.9853726039590592
561.8378	0.9853771494136047
562.8378	0.9853816948681501
563.8378	0.9853862403226955
564.8378	0.985390785777241
565.8378	0.9853953312317865
566.8378	0.9853998766863319
567.8378	0.9854044221408773
568.8378	0.9854089675954228
569.8378	0.9854135130499683
570.8378	0.9854180585045137
571.8378	0.9854226039590592
572.8378	0.9854271494136047
573.8378	0.9854316948681501
574.8378	0.9854362403226955
575.8378	0.985440785777241
576.8378	0.9854453312317865
577.8378	0.9854498766863319
578.8378	0.9854544221408773
579.8378	0.9854589675954228
580.8378	0.9854635130499683
581.8378	0.9854680585045137
582.8378	0.9854726039590592
583.8378	0.9854771494136046
584.8378	0.9854816948681501
585.8378	0.9854862403226955
586.8378	0.985490785777241
587.8378	0.9854953312317865
588.8378	0.9854998766863319
589.8378	0.9855044221408773
590.8378	0.9855089675954228
591.8378	0.9855135130499683
592.8378	0.9855180585045137
593.8378	0.9855226039590592
594.8378	0.9855271494136046
595.8378	0.9855316948681501
596.8378	0.9855362403226955
597.8378	0.985540785777241
598.8378	0.9855453312317864
599.8378	0.9855498766863319
600.8378	0.9855544221408773
601.8378	0.9855589675954228
602.8378	0.9855635130499683
603.8378	0.9855680585045137
604.8378	0.9855726039590592
605.8378	0.9855771494136046
606.8378	0.9855816948681501
607.8378	0.9855862403226955
608.8378	0.985590785777241
609.8378	0.9855953312317864
610.8378	0.9855998766863319
611.8378	0.9856044221408773
612.8378	0.9856089675954228
613.8378	0.9856135130499682
614.8378	0.9856180585045137
615.8378	0.9856226039590592
616.8378	0.9856271494136046
617.8378	0.98563169486815
618.8378	0.9856362403226955
619.8378	0.985640785777241
620.8378	0.9856453312317864
621.8378	0.9856498766863319
622.8378	0.9856544221408773
623.8378	0.9856589675954228
624.8378	0.9856635130499682
625.8378	0.9856680585045137
626.8378	0.9856726039590592
627.8378	0.9856771494136046
628.8378	0.98568169486815
629.8378	0.9856862403226955
630.8378	0.985690785777241
631.8378	0.9856953312317864
632.8378	0.9856998766863319
633.8378	0.9857044221408773
634.8378	0.9857089675954228
635.8378	0.9857135130499682
636.8378	0.9857180585045137
637.8378	0.9857226039590592
638.8378	0.9857271494136046
639.8378	0.98573169486815
640.8378	0.9857362403226955
641.8378	0.985740785777241
642.8378	0.9857453312317864
643.8378	0.9857498766863318
644.8378	0.9857544221408773
645.8378	0.9857589675954228
646.8378	0.9857635130499682
647.8378	0.9857680585045137
648.8378	0.9857726039590592
649.8378	0.9857771494136046
650.8378	0.98578169486815
651.8378	0.9857862403226955
652.8378	0.985790785777241
653.8378	0.9857953312317864
654.8378	0.9857998766863318
655.8378	0.9858044221408773
656.8378	0.9858089675954228
657.8378	0.9858135130499682
658.8378	0.9858180585045137
659.8378	0.9858226039590592
660.8378	0.9858271494136046
661.8378	0.98583169486815
662.8378	0.9858362403226955
663.8378	0.985840785777241
664.8378	0.9858453312317864
665.8378	0.9858498766863318
666.8378	0.9858544221408773
667.8378	0.9858589675954228
668.8378	0.9858635130499682
669.8378	0.9858680585045136
670.8378	0.9858726039590592
671.8378	0.9858771494136046
672.8378	0.98588169486815
673.8378	0.9858862403226955
674.8378	0.985890785777241
675.8378	0.9858953312317864
676.8378	0.9858998766863318
677.8378	0.9859044221408773
678.8378	0.9859089675954228
679.8378	0.9859135130499682
680.8378	0.9859180585045136
681.8378	0.9859226039590592
682.8378	0.9859271494136046
683.8378	0.98593169486815
684.8378	0.9859362403226954
685.8378	0.985940785777241
686.8378	0.9859453312317864
687.8378	0.9859498766863318
688.8378	0.9859544221408773
689.8378	0.9859589675954228
690.8378	0.9859635130499682
691.8378	0.9859680585045136
692.8378	0.9859726039590592
693.8378	0.9859771494136046
694.8378	0.98598169486815
695.8378	0.9859862403226954
696.8378	0.985990785777241
697.8378	0.9859953312317864
698.8378	0.9859998766863318
699.8378	0.9860044221408772
700.8378	0.9860089675954228
701.8378	0.9860135130499682
702.8378	0.9860180585045136
703.8378	0.9860226039590592
704.8378	0.9860271494136046
705.8378	0.98603169486815
706.8378	0.9860362403226954
707.8378	0.986040785777241
708.8378	0.9860453312317864
709.8378	0.9860498766863318
710.8378	0.9860544221408772
711.8378	0.9860589675954228
712.8378	0.9860635130499682
713.8378	0.9860680585045136
714.8378	0.9860726039590592
715.8378	0.9860771494136046
716.8378	0.98608169486815
717.8378	0.9860862403226954
718.8378	0.986090785777241
719.8378	0.9860953312317864
720.8378	0.9860998766863318
721.8378	0.9861044221408772
722.8378	0.9861089675954228
723.8378	0.9861135130499682
724.8378	0.9861180585045136
725.8378	0.9861226039590592
726.8378	0.9861271494136046
727.8378	0.98613169486815
728.8378	0.9861362403226954
729.8378	0.986140785777241
730.8378	0.9861453312317864
731.8378	0.9861498766863318
732.8378	0.9861544221408772
733.8378	0.9861589675954228
734.8378	0.9861635130499682
735.8378	0.9861680585045136
736.8378	0.9861726039590591
737.8378	0.9861771494136046
738.8378	0.98618169486815
739.8378	0.9861862403226954
740.8378	0.986190785777241
741.8378	0.9861953312317864
742.8378	0.9861998766863318
743.8378	0.9862044221408772
744.8378	0.9862089675954228
745.8378	0.9862135130499682
746.8378	0.9862180585045136
747.8378	0.9862226039590591
748.8378	0.9862271494136046
749.8378	0.98623169486815
750.8378	0.9862362403226954
751.8378	0.986240785777241
752.8378	0.9862453312317864
753.8378	0.9862498766863318
754.8378	0.9862544221408772
755.8378	0.9862589675954228
756.8378	0.9862635130499682
757.8378	0.9862680585045136
758.8378	0.9862726039590591
759.8378	0.9862771494136046
760.8378	0.98628169486815
761.8378	0.9862862403226954
762.8378	0.9862907857772409
763.8378	0.9862953312317864
764.8378	0.9862998766863318
765.8378	0.9863044221408772
766.8378	0.9863089675954227
767.8378	0.9863135130499682
768.8378	0.9863180585045136
769.8378	0.9863226039590591
770.8378	0.9863271494136046
771.8378	0.98633169486815
772.8378	0.9863362403226954
773.8378	0.9863407857772409
774.8378	0.9863453312317864
775.8378	0.9863498766863318
776.8378	0.9863544221408772
777.8378	0.9863589675954227
778.8378	0.9863635130499682
779.8378	0.9863680585045136
780.8378	0.9863726039590591
781.8378	0.9863771494136045
782.8378	0.98638169486815
783.8378	0.9863862403226954
784.8378	0.9863907857772409
785.8378	0.9863953312317864
786.8378	0.9863998766863318
787.8378	0.9864044221408772
788.8378	0.9864089675954227
789.8378	0.9864135130499682
790.8378	0.9864180585045136
791.8378	0.9864226039590591
792.8378	0.9864271494136045
793.8378	0.98643169486815
794.8378	0.9864362403226954
795.8378	0.9864407857772409
796.8378	0.9864453312317863
797.8378	0.9864498766863318
798.8378	0.9864544221408772
799.8378	0.9864589675954227
800.8378	0.9864635130499682
801.8378	0.9864680585045136
802.8378	0.9864726039590591
803.8378	0.9864771494136045
804.8378	0.98648169486815
805.8378	0.9864862403226954
806.8378	0.9864907857772409
807.8378	0.9864953312317863
808.8378	0.9864998766863318
809.8378	0.9865044221408772
810.8378	0.9865089675954227
811.8378	0.9865135130499681
812.8378	0.9865180585045136
813.8378	0.9865226039590591
814.8378	0.9865271494136045
815.8378	0.98653169486815
816.8378	0.9865362403226954
817.8378	0.9865407857772409
818.8378	0.9865453312317863
819.8378	0.9865498766863318
820.8378	0.9865544221408772
821.8378	0.9865589675954227
822.8378	0.9865635130499681
823.8378	0.9865680585045136
824.8378	0.9865726039590591
825.8378	0.9865771494136045
826.8378	0.98658169486815
827.8378	0.9865862403226954
828.8378	0.9865907857772409
829.8378	0.9865953312317863
830.8378	0.9865998766863318
831.8378	0.9866044221408772
832.8378	0.9866089675954227
833.8378	0.9866135130499681
834.8378	0.9866180585045136
835.8378	0.9866226039590591
836.8378	0.9866271494136045
837.8378	0.9866316948681499
838.8378	0.9866362403226954
839.8378	0.9866407857772409
840.8378	0.9866453312317863
841.8378	0.9866498766863318
842.8378	0.9866544221408772
843.8378	0.9866589675954227
844.8378	0.9866635130499681
845.8378	0.9866680585045136
846.8378	0.9866726039590591
847.8378	0.9866771494136045
848.8378	0.9866816948681499
849.8378	0.9866862403226954
850.8378	0.9866907857772409
851.8378	0.9866953312317863
852.8378	0.9866998766863317
853.8378	0.9867044221408772
854.8378	0.9867089675954227
855.8378	0.9867135130499681
856.8378	0.9867180585045136
857.8378	0.9867226039590591
858.8378	0.9867271494136045
859.8378	0.9867316948681499
860.8378	0.9867362403226954
861.8378	0.9867407857772409
862.8378	0.9867453312317863
863.8378	0.9867498766863317
864.8378	0.9867544221408772
865.8378	0.9867589675954227
866.8378	0.9867635130499681
867.8378	0.9867680585045135
868.8378	0.9867726039590591
869.8378	0.9867771494136045
870.8378	0.9867816948681499
871.8378	0.9867862403226954
872.8378	0.9867907857772409
873.8378	0.9867953312317863
874.8378	0.9867998766863317
875.8378	0.9868044221408772
876.8378	0.9868089675954227
877.8378	0.9868135130499681
878.8378	0.9868180585045135
879.8378	0.9868226039590591
880.8378	0.9868271494136045
881.8378	0.9868316948681499
882.8378	0.9868362403226953
883.8378	0.9868407857772409
884.8378	0.9868453312317863
885.8378	0.9868498766863317
886.8378	0.9868544221408772
887.8378	0.9868589675954227
888.8378	0.9868635130499681
889.8378	0.9868680585045135
890.8378	0.9868726039590591
891.8378	0.9868771494136045
892.8378	0.9868816948681499
893.8378	0.9868862403226953
894.8378	0.9868907857772409
895.8378	0.9868953312317863
896.8378	0.9868998766863317
897.8378	0.9869044221408771
898.8378	0.9869089675954227
899.8378	0.9869135130499681
900.8378	0.9869180585045135
901.8378	0.9869226039590591
902.8378	0.9869271494136045
903.8378	0.9869316948681499
904.8378	0.9869362403226953
905.8378	0.9869407857772409
906.8378	0.9869453312317863
907.8378	0.9869498766863317
908.8378	0.9869544221408771
909.8378	0.9869589675954227
910.8378	0.9869635130499681
911.8378	0.9869680585045135
912.8378	0.9869726039590591
913.8378	0.9869771494136045
914.8378	0.9869816948681499
915.8378	0.9869862403226953
916.8378	0.9869907857772409
917.8378	0.9869953312317863
918.8378	0.9869998766863317
919.8378	0.9870044221408771
920.8378	0.9870089675954227
921.8378	0.9870135130499681
922.8378	0.9870180585045135
923.8378	0.987022603959059
924.8378	0.9870271494136045
925.8378	0.9870316948681499
926.8378	0.9870362403226953
927.8378	0.9870407857772409
928.8378	0.9870453312317863
929.8378	0.9870498766863317
930.8378	0.9870544221408771
931.8378	0.9870589675954227
932.8378	0.9870635130499681
933.8378	0.9870680585045135
934.8378	0.987072603959059
935.8378	0.9870771494136045
936.8378	0.9870816948681499
937.8378	0.9870862403226953
938.8378	0.9870907857772409
939.8378	0.9870953312317863
940.8378	0.9870998766863317
941.8378	0.9871044221408771
942.8378	0.9871089675954227
943.8378	0.9871135130499681
944.8378	0.9871180585045135
945.8378	0.987122603959059
946.8378	0.9871271494136045
947.8378	0.9871316948681499
948.8378	0.9871362403226953
949.8378	0.9871407857772408
950.8378	0.9871453312317863
951.8378	0.9871498766863317
952.8378	0.9871544221408771
953.8378	0.9871589675954227
954.8378	0.9871635130499681
955.8378	0.9871680585045135
956.8378	0.987172603959059
957.8378	0.9871771494136045
958.8378	0.9871816948681499
959.8378	0.9871862403226953
960.8378	0.9871907857772408
961.8378	0.9871953312317863
962.8378	0.9871998766863317
963.8378	0.9872044221408771
964.8378	0.9872089675954226
965.8378	0.9872135130499681
966.8378	0.9872180585045135
967.8378	0.987222603959059
968.8378	0.9872271494136045
969.8378	0.9872316948681499
970.8378	0.9872362403226953
971.8378	0.9872407857772408
972.8378	0.9872453312317863
973.8378	0.9872498766863317
974.8378	0.9872544221408771
975.8378	0.9872589675954226
976.8378	0.9872635130499681
977.8378	0.9872680585045135
978.8378	0.987272603959059
979.8378	0.9872771494136044
980.8378	0.9872816948681499
981.8378	0.9872862403226953
982.8378	0.9872907857772408
983.8378	0.9872953312317863
984.8378	0.9872998766863317
985.8378	0.9873044221408771
986.8378	0.9873089675954226
987.8378	0.9873135130499681
988.8378	0.9873180585045135
989.8378	0.987322603959059
990.8378	0.9873271494136044
991.8378	0.9873316948681499
992.8378	0.9873362403226953
993.8378	0.9873407857772408
994.8378	0.9873453312317862
995.8378	0.9873498766863317
996.8378	0.9873544221408771
997.8378	0.9873589675954226
998.8378	0.9873635130499681
999.8378	0.9873680585045135
