0.874	0.4933606308969579
1.8603	0.4922080390351443
2.8478000000000003	0.49044976873114143
3.8308	0.48824406041810975
4.8104000000000005	0.483572587575551
5.7906	0.4824705065802837
6.7715000000000005	0.48224951687583917
7.753	0.48239705306783787
8.735100000000001	0.4824179474128979
9.718	0.48383563383532635
10.697700000000001	0.4844248966454878
11.677800000000001	0.4809008306566287
12.6582	0.4796279987977268
13.639000000000001	0.47894140851775213
14.6201	0.4786279730063475
15.601600000000001	0.47868525666988737
16.5835	0.47944904299676416
17.5659	0.4785659218673184
18.5392	0.4768524491530035
19.512800000000002	0.47629270968360016
20.487000000000002	0.4765414983531213
21.4617	0.47664299187437664
22.437	0.47881104134178454
23.4129	0.48057168850973997
24.389400000000002	0.48355212473051457
25.366600000000002	0.4855456589297661
26.3445	0.4872578294510973
27.3231	0.4891159056907589
28.2981	0.4912314536123126
29.271800000000002	0.49308020729092017
30.245900000000002	0.4958526916106363
31.2204	0.49837357290616213
32.1954	0.5004827010061812
33.1672	0.5030257586487845
34.1428	0.5053901268832923
35.1191	0.5066334296620973
36.0949	0.5111804055892452
37.0619	0.5126002131971054
38.028800000000004	0.5139021453148545
38.9958	0.5148232340004183
39.963	0.5155877681130281
40.9302	0.5170323672981968
41.897400000000005	0.519304201818209
42.8646	0.5225696797388002
43.8327	0.5245382937065778
44.8038	0.527657729497959
45.7748	0.530799579769914
46.7457	0.5337074039092031
47.7167	0.5369566503458144
48.6877	0.5395272541633367
49.6587	0.5421533015695215
50.628600000000006	0.5447124561850436
51.598800000000004	0.5470240549529083
52.5692	0.5491533384232581
53.5399	0.5513067291456533
54.511	0.5537896490502501
55.4825	0.5570741671253288
56.4545	0.5610473837369703
57.427	0.5658823460471295
58.400000000000006	0.5700704784572991
59.373400000000004	0.5740713807382889
60.347300000000004	0.5772130934061228
61.3217	0.5811122273502456
62.2967	0.5842724276914155
63.2723	0.5861415830507147
64.2486	0.5885231215709863
65.2256	0.5910757350154086
66.1943	0.5966741681926173
67.163	0.6027050605428511
68.13170000000001	0.6084498761380349
69.10040000000001	0.6126958418812518
70.0691	0.6181752510258834
71.0377	0.6224795520333863
72.00630000000001	0.6243879165297752
72.9748	0.6291713243737951
73.94330000000001	0.6314225980804589
74.91170000000001	0.6340464858273721
75.8801	0.638382051609828
76.8484	0.6396656556517397
77.81660000000001	0.6437351549794552
78.7847	0.6441196498812325
79.7527	0.6456777230641347
80.7205	0.6468343467456865
81.68820000000001	0.6484867287613054
82.65570000000001	0.6503694683653621
83.623	0.6505024308919394
84.5922	0.651992683452288
85.5621	0.6555016429068368
86.5312	0.6569471296301673
87.5002	0.6562524973158779
88.4688	0.6565925160860947
89.4371	0.6557214963491449
90.4051	0.6572296713302123
91.373	0.6577204902282399
92.3408	0.6574925133652848
93.3118	0.6572405807959159
94.28410000000001	0.6576316860083058
95.2577	0.6588498920948846
96.2311	0.6625408214366527
97.20490000000001	0.664275589252072
98.1789	0.6657413972301616
99.15310000000001	0.6662399529074895
100.1276	0.6666728584216293
101.1024	0.662073456141655
102.07220000000001	0.6619288838066758
103.0428	0.6626091255715103
104.0163	0.6576088696367517
104.98920000000001	0.6520915986783669
105.962	0.6551078151588952
106.9349	0.6604216313007484
107.9073	0.6714221126309505
108.8801	0.6728013698649016
109.8557	0.6715189119036216
110.831	0.673902396890068
111.8066	0.6686182990069811
112.7822	0.6771713658144296
113.7583	0.680841987222468
114.73580000000001	0.6831725850227968
115.7142	0.7066054823936568
116.68860000000001	0.7043152094864089
117.6635	0.7156018848965775
118.63900000000001	0.7211624277765882
119.6162	0.7202365081553289
120.5933	0.7422972186530903
121.56710000000001	0.7465677901618462
122.5421	0.743377313358339
123.5194	0.7497545744806504
124.49650000000001	0.757857379104802
125.4732	0.757003889030599
126.45070000000001	0.7663764677206961
127.4287	0.7780126854538658
128.4074	0.7891684763507001
129.3846	0.7928057965671098
130.36090000000002	0.7975730303384778
131.3346	0.788975834442327
132.3085	0.7938599401956646
133.2826	0.7996741409586423
134.2577	0.8009648546553741
135.2323	0.8131455662652519
136.20520000000002	0.8148606868248431
137.1781	0.8172254790163905
138.1509	0.8248783884324736
139.1248	0.8239725932891946
140.09810000000002	0.8371838898458799
141.07070000000002	0.8565868785616932
142.0428	0.8628766492643757
143.0147	0.8616093920460166
143.9864	0.8434751050263144
144.95780000000002	0.8596690181970745
145.9296	0.8793603979485667
146.9022	0.8762351901469861
147.8768	0.8801019585055982
148.85	0.8862156080064136
149.82330000000002	0.89677498227713
150.8024	0.8600549875888082
151.7812	0.8470350092781926
152.75990000000002	0.845061643499726
153.7387	0.8484041605569121
154.7175	0.849476477599516
155.6963	0.8674259819343583
156.6774	0.9241752405535167
157.6603	0.9167313892263452
158.6423	0.9100831604774058
159.6245	0.9011042987592905
160.6065	0.9020556331405372
161.5885	0.9034518098756754
162.5706	0.9288862229440259
163.5559	0.9377518007127723
164.5412	0.9401195649876942
165.5266	0.9405618718844783
166.5121	0.940955154178972
167.4977	0.9462893201645655
168.48340000000002	0.9472403554306934
169.4692	0.9397548387202969
170.45510000000002	0.9376371173228172
171.4411	0.9379337093528006
172.4272	0.9136766008356693
173.4134	0.9218038348426514
174.3998	0.9222516916535302
175.3864	0.9228907660227731
176.3732	0.9245885366910312
177.36020000000002	0.9345465001766107
178.3475	0.938157576366014
179.33530000000002	0.8828168719023257
180.3231	0.9606462188475734
181.3107	0.8768540587993795
182.2991	0.8774063829222849
183.2888	0.9044424398079266
184.279	0.9410984778051877
185.2691	0.974435225444643
186.25910000000002	0.9447844489291587
187.24710000000002	0.9711574918290132
188.23440000000002	0.9707563485572794
189.2218	0.9711537113681235
190.21	0.972900005585992
191.20010000000002	0.9759757640057489
192.1903	0.9799422661425068
193.18050000000002	0.9801310185068068
194.1708	0.973428345390109
195.1611	0.973947113790102
196.1514	0.9740552690114558
197.14170000000001	0.9670020841755111
198.132	0.9482175844505308
199.1224	0.9465329374533997
200.11280000000002	0.9400553459278826
201.10320000000002	0.9351260901291377
202.0937	0.9331611375619322
203.0842	0.9310115762965313
204.0747	0.9287481021316268
205.0653	0.9264164376839789
206.0559	0.9238699047914233
207.0465	0.9212082823617438
208.0372	0.9207552447784763
209.02790000000002	0.9182452459310777
210.01860000000002	0.9156342775920487
211.0094	0.9129920357660978
212.0002	0.9101515875858135
212.99110000000002	0.9072764433824596
213.982	0.9042087055480083
214.973	0.9010051031113707
215.964	0.9059632668816643
216.955	0.9110605490304355
217.9461	0.9126000505358131
218.9367	0.8725583566167381
219.9273	0.8856572914443046
220.9182	0.8841892485950176
221.9094	0.8825745801639182
222.901	0.9032349836461919
223.8925	0.9175079145122647
224.8839	0.9169309876032004
225.8754	0.9165844215174013
226.86690000000002	0.9192646590478838
227.85850000000002	0.9382674815112042
228.8501	0.9579086985916618
229.8416	0.913296056704653
230.83180000000002	0.9573044851305699
231.8221	0.9006683670450087
232.81240000000003	0.725992610023009
233.80270000000002	0.7293619429179752
234.793	0.7670147104979835
235.7834	0.7871613121115919
236.7739	0.8082361344644873
237.7645	0.8178856306285881
238.75500000000002	0.9473493012609536
239.7452	0.9004109378471696
240.7355	0.961897407224152
241.72580000000002	0.8856897571572029
242.7161	0.7059707679364258
243.7065	0.9298606437675275
244.6971	0.879987779624371
245.6878	0.8853465826636929
246.67860000000002	0.8910217663937263
247.6695	0.8970823124635319
248.6604	0.9033742026376312
249.65140000000002	0.9100896496346336
250.6424	0.9171124499267361
251.6335	0.8682048450262771
252.6245	0.9776251666259445
253.61550000000003	0.9796379714363462
254.6064	0.8722452497001687
255.5969	0.968046646160179
256.5871	0.9676873152374962
257.5774	0.9825283215529031
258.5676	0.9847892832987054
259.5578	0.9878134327352038
260.548	0.9909453357986484
261.5382	0.9931274472806774
262.52840000000003	0.9622961984713603
263.5186	0.9644505826721044
264.5088	0.9657182139422016
265.499	0.9670929190965325
266.48920000000004	0.9685786371893893
267.4794	0.9618854697949961
268.4696	0.948859834881085
269.45980000000003	0.953814026273311
270.45	0.9647527267232495
271.4402	0.969423256186551
272.4304	0.9811293175780474
273.42060000000004	0.9841537752797707
274.4109	0.9873335539727411
275.4011	0.9545165325142647
276.3915	0.9882856366297452
277.3818	0.9865782443700866
278.3721	0.864115472714633
279.36240000000004	0.8718556235375019
280.3527	0.8800543433016279
281.343	0.8887750557126299
282.3333	0.8534029327386281
283.3236	0.8173860718340418
284.3138	0.7168088366889024
285.30400000000003	0.6888505478584468
286.2942	0.7026990526516055
287.2844	0.7172988562168989
288.2746	0.7326721326598515
289.26480000000004	0.7488921346121273
290.255	0.7408492892201795
291.2452	0.759910464514344
292.2354	0.7799915123711519
293.2256	0.8013157962343691
294.2158	0.8238673706025279
295.206	0.792157016864245
296.19620000000003	0.814270982639208
297.1864	0.7560260102938162
298.1766	0.7722010804641077
299.1669	0.7891228787583144
300.1572	0.8067347496140467
301.14750000000004	0.830655606794062
302.1378	0.7627890950895451
303.12800000000004	0.9544097957657177
304.11830000000003	0.971686063209598
305.1086	0.9748186135996709
306.0989	0.978192933635638
307.08930000000004	0.7538318834169642
308.0796	0.7816819521374061
309.0699	0.8116584103623982
310.0602	0.8439323207750047
311.0505	0.8413396254962531
312.0408	0.865110752948996
313.03110000000004	0.8906272508971722
314.0214	0.8570689227428071
315.0116	1.0036972764002166
316.00190000000003	0.9927534336037606
316.9923	0.7749534035225405
317.9826	0.7913990272367438
318.97290000000004	0.808873771574149
319.96320000000003	0.8274161415156658
320.9535	0.8471336339861891
321.9438	0.8681230122508534
322.9341	0.8904623228850553
323.9244	0.9142556201437825
324.91470000000004	0.9396135255744235
325.90500000000003	0.8529425792264422
326.8953	0.8829212921974708
327.8856	0.788535105658022
328.8758	0.9873353587319423
329.8661	0.8341341439024127
330.8564	0.8582939018656849
331.8467	0.8850200633803691
332.8371	0.66224052002965
333.8274	0.7010740555929346
334.8177	0.7433738579760385
335.80780000000004	0.9914701250620447
336.79810000000003	1.0053699174149906
337.7884	1.0053271553747425
338.7787	1.0050784316103762
339.76890000000003	1.004722389602419
340.7591	1.0044473609288345
341.7493	1.0041505855615716
342.7404	0.9868457563624329
343.7312	0.9871328492622511
344.7221	0.8826621724643267
345.713	0.8899885304292734
346.704	0.8979132716978852
347.695	0.9063032991660805
348.6861	0.9153632219808869
349.6772	0.9955831823033845
350.6682	0.9714950335944964
351.6592	0.9693088605182685
352.65020000000004	0.9692622270120635
353.6411	0.982612536608723
354.632	0.9839549488673506
355.6229	0.985226604487139
356.6132	0.9850957970740795
357.6034	0.9866864087520482
358.59360000000004	0.9873305478809128
359.5838	0.9880415835365429
360.574	0.9888644361202686
361.5643	0.9899671450085759
362.5546	0.9904267958565408
363.54490000000004	0.9909297837133287
364.53520000000003	0.996402731903851
365.5254	0.984569168610615
366.51570000000004	0.98577043675559
367.5061	0.9882443425086254
368.4965	0.9750084029670454
369.4869	0.9839719912717945
370.4773	1.019002515199181
371.4676	1.0184387045157153
372.458	1.0179784809855048
373.4485	1.017566038751523
374.439	1.017091452626666
375.4295	1.0166090886056196
376.42	1.0189687053963574
377.41060000000004	1.018701306218439
378.4012	1.0183726652370173
379.39180000000005	1.0180366886352947
380.3825	1.0177916445385813
381.3732	1.0174347923827622
382.3639	1.018287032902168
383.35470000000004	1.018015290436918
384.3455	1.0176422957311408
385.3364	1.0173539640378544
386.32730000000004	1.016949403690014
387.3183	1.0166277316439258
388.3093	1.0161880562325454
389.3004	1.01582739714079
390.2916	1.0154464502076197
391.2828	1.0149422743735694
392.27410000000003	1.0145152986426342
393.26550000000003	1.0061906398127272
394.257	1.006437696795286
395.2486	1.0067149858465907
396.2403	1.0070259883979427
397.2321	1.0073722493145922
398.22400000000005	1.0077594284236824
399.216	1.0082677239776694
400.2081	1.0088030365059848
401.2002	1.0090403119768545
402.1924	1.0093131187184723
403.1847	1.009673368552448
404.1771	1.0100903150931877
405.1676	0.8411910273448321
406.1578	0.9265552687167304
407.1481	0.9246903003097342
408.1385	0.9228734793805318
409.12890000000004	1.0059398442838925
410.11940000000004	1.0057521013926745
411.11	1.0055417314338213
412.1007	1.005307525146087
413.0915	1.0050498282932705
414.0824	1.0047682951475565
415.0734	1.0044607489358237
416.0645	1.0041246881878154
417.0557	1.0037601129035314
418.047	1.0033641688317156
419.0384	1.0029340017211117
420.03000000000003	1.002568700805982
421.0217	1.0020647032115806
422.0136	1.0016166848550156
423.00570000000005	0.7359459148759031
423.99800000000005	0.7325643136906181
424.9905	0.7491441105302221
425.9832	0.7668347726090248
426.97610000000003	0.7856254393991393
427.96930000000003	0.8056801620357844
428.96270000000004	0.8268997731480636
429.95640000000003	0.8494823006740275
430.9504	0.8465040155067698
431.94480000000004	0.8710817172444496
432.9395	0.8705212353242798
433.93460000000005	0.8742268847330341
434.93010000000004	0.9031512470323548
435.92040000000003	1.0024622888176176
436.9105	1.0101132466090412
437.90110000000004	0.9893927975001628
438.8926	0.9917624357149817
439.8844	0.9924653243486996
440.87640000000005	0.993076210169654
441.8686	0.993701309762295
442.8611	0.9944405833254725
443.85380000000004	0.9950970514139595
444.84680000000003	0.9958708556364789
445.84000000000003	0.996334612397349
446.8335	0.996869366136989
447.82730000000004	0.9974052204448742
448.82140000000004	0.997942576503345
449.8159	0.9985810262362631
450.8107	0.9991216159422749
451.8059	0.9997637008391275
452.80150000000003	1.0004079274280175
453.7975	1.001959872179143
454.7936	1.0021625815455364
455.7898	1.002362379816424
456.78610000000003	1.0025617612956448
457.7824	1.0026613410039782
458.77880000000005	1.0028607223165324
459.7753	1.00305968683742
460.7719	1.0032582345666408
461.76860000000005	1.003456365504195
462.7654	1.0036540796500828
463.76230000000004	1.0038513770043036
464.7593	1.004048257566858
465.75640000000004	1.0042447213377454
466.7536	1.0044407683169663
467.75100000000003	1.0047362001087414
468.74850000000004	1.0049305800879622
469.7461	1.0051249599005165
470.7438	1.0053189229214041
471.74170000000004	1.005612270754846
472.7397	1.0058045667757334
473.73780000000005	1.0059968626299545
474.7361	1.0062885432967295
475.7345	1.0064795887759503
476.73310000000004	1.0067700190677256
477.7318	1.0069598141719465
478.7307	1.0072489940887217
479.7298	1.0075369237971634
480.72900000000004	1.0077246349430509
481.7284	1.0080117309014927
482.728	1.0082979932766012
483.7278	1.0085830054433764
484.7278	1.009199119917389
485.7278	1.0092015722938563
486.7278	1.0092031851970822
487.7278	1.009204798100308
488.7278	1.0092064110035337
489.7278	1.0092080239067596
490.7278	1.0092096368099854
491.7278	1.0092112497132113
492.7278	1.009212862616437
493.7278	1.0092144755196628
494.7278	1.0092160884228887
495.7278	1.0092177013261145
496.7278	1.0092193142293402
497.7278	1.009220927132566
498.7278	1.009222540035792
499.7278	1.0092241529390176
500.7278	1.0092257658422434
501.7278	1.0092273787454693
502.7278	1.0092289916486952
503.7278	1.0092306045519208
504.7278	1.0092322174551467
505.7278	1.0092338303583726
506.7278	1.0092354432615984
507.7278	1.009237056164824
508.7278	1.00923866906805
509.7278	1.0092402819712758
510.7278	1.0092418948745014
511.7278	1.0092435077777273
512.7278	1.0092451206809532
513.7278	1.009246733584179
514.7278	1.0092483464874047
515.7278	1.0092499593906306
516.7278	1.0092515722938564
517.7278	1.0092531851970823
518.7278	1.009254798100308
519.7278	1.0092564110035338
520.7278	1.0092580239067597
521.7278	1.0092596368099853
522.7278	1.0092612497132112
523.7278	1.009262862616437
524.7278	1.009264475519663
525.7278	1.0092660884228886
526.7278	1.0092677013261144
527.7278	1.0092693142293403
528.7278	1.0092709271325662
529.7278	1.0092725400357918
530.7278	1.0092741529390177
531.7278	1.0092757658422435
532.7278	1.0092773787454692
533.7278	1.009278991648695
534.7278	1.009280604551921
535.7278	1.0092822174551468
536.7278	1.0092838303583724
537.7278	1.0092854432615983
538.7278	1.0092870561648242
539.7278	1.00928866906805
540.7278	1.0092902819712757
541.7278	1.0092918948745015
542.7278	1.0092935077777274
543.7278	1.009295120680953
544.7278	1.009296733584179
545.7278	1.0092983464874048
546.7278	1.0092999593906307
547.7278	1.0093015722938563
548.7278	1.0093031851970822
549.7278	1.009304798100308
550.7278	1.009306411003534
551.7278	1.0093080239067596
552.7278	1.0093096368099854
553.7278	1.0093112497132113
554.7278	1.009312862616437
555.7278	1.0093144755196628
556.7278	1.0093160884228887
557.7278	1.0093177013261145
558.7278	1.0093193142293402
559.7278	1.009320927132566
560.7278	1.009322540035792
561.7278	1.0093241529390178
562.7278	1.0093257658422434
563.7278	1.0093273787454693
564.7278	1.0093289916486952
565.7278	1.0093306045519208
566.7278	1.0093322174551467
567.7278	1.0093338303583725
568.7278	1.0093354432615984
569.7278	1.009337056164824
570.7278	1.00933866906805
571.7278	1.0093402819712758
572.7278	1.0093418948745017
573.7278	1.0093435077777273
574.7278	1.0093451206809532
575.7278	1.009346733584179
576.7278	1.0093483464874047
577.7278	1.0093499593906305
578.7278	1.0093515722938564
579.7278	1.0093531851970823
580.7278	1.009354798100308
581.7278	1.0093564110035338
582.7278	1.0093580239067597
583.7278	1.0093596368099855
584.7278	1.0093612497132112
585.7278	1.009362862616437
586.7278	1.009364475519663
587.7278	1.0093660884228886
588.7278	1.0093677013261144
589.7278	1.0093693142293403
590.7278	1.0093709271325662
591.7278	1.0093725400357918
592.7278	1.0093741529390177
593.7278	1.0093757658422435
594.7278	1.0093773787454694
595.7278	1.009378991648695
596.7278	1.009380604551921
597.7278	1.0093822174551468
598.7278	1.0093838303583724
599.7278	1.0093854432615983
600.7278	1.0093870561648242
601.7278	1.00938866906805
602.7278	1.0093902819712757
603.7278	1.0093918948745015
604.7278	1.0093935077777274
605.7278	1.0093951206809533
606.7278	1.009396733584179
607.7278	1.0093983464874048
608.7278	1.0093999593906307
609.7278	1.0094015722938563
610.7278	1.0094031851970822
611.7278	1.009404798100308
612.7278	1.009406411003534
613.7278	1.0094080239067595
614.7278	1.0094096368099854
615.7278	1.0094112497132113
616.7278	1.009412862616437
617.7278	1.0094144755196628
618.7278	1.0094160884228887
619.7278	1.0094177013261145
620.7278	1.0094193142293402
621.7278	1.009420927132566
622.7278	1.009422540035792
623.7278	1.0094241529390178
624.7278	1.0094257658422434
625.7278	1.0094273787454693
626.7278	1.0094289916486952
627.7278	1.0094306045519208
628.7278	1.0094322174551467
629.7278	1.0094338303583725
630.7278	1.0094354432615984
631.7278	1.009437056164824
632.7278	1.00943866906805
633.7278	1.0094402819712758
634.7278	1.0094418948745016
635.7278	1.0094435077777273
636.7278	1.0094451206809532
637.7278	1.009446733584179
638.7278	1.0094483464874047
639.7278	1.0094499593906305
640.7278	1.0094515722938564
641.7278	1.0094531851970823
642.7278	1.009454798100308
643.7278	1.0094564110035338
644.7278	1.0094580239067596
645.7278	1.0094596368099855
646.7278	1.0094612497132112
647.7278	1.009462862616437
648.7278	1.009464475519663
649.7278	1.0094660884228885
650.7278	1.0094677013261144
651.7278	1.0094693142293403
652.7278	1.0094709271325661
653.7278	1.0094725400357918
654.7278	1.0094741529390177
655.7278	1.0094757658422435
656.7278	1.0094773787454694
657.7278	1.009478991648695
658.7278	1.009480604551921
659.7278	1.0094822174551468
660.7278	1.0094838303583724
661.7278	1.0094854432615983
662.7278	1.0094870561648241
663.7278	1.00948866906805
664.7278	1.0094902819712757
665.7278	1.0094918948745015
666.7278	1.0094935077777274
667.7278	1.0094951206809533
668.7278	1.009496733584179
669.7278	1.0094983464874048
670.7278	1.0094999593906306
671.7278	1.0095015722938563
672.7278	1.0095031851970822
673.7278	1.009504798100308
674.7278	1.0095064110035339
675.7278	1.0095080239067595
676.7278	1.0095096368099854
677.7278	1.0095112497132113
678.7278	1.0095128626164371
679.7278	1.0095144755196628
680.7278	1.0095160884228886
681.7278	1.0095177013261145
682.7278	1.0095193142293402
683.7278	1.009520927132566
684.7278	1.009522540035792
685.7278	1.0095241529390178
686.7278	1.0095257658422434
687.7278	1.0095273787454693
688.7278	1.0095289916486951
689.7278	1.009530604551921
690.7278	1.0095322174551467
691.7278	1.0095338303583725
692.7278	1.0095354432615984
693.7278	1.009537056164824
694.7278	1.00953866906805
695.7278	1.0095402819712758
696.7278	1.0095418948745016
697.7278	1.0095435077777273
698.7278	1.0095451206809531
699.7278	1.009546733584179
700.7278	1.0095483464874049
701.7278	1.0095499593906305
702.7278	1.0095515722938564
703.7278	1.0095531851970823
704.7278	1.009554798100308
705.7278	1.0095564110035338
706.7278	1.0095580239067596
707.7278	1.0095596368099855
708.7278	1.0095612497132112
709.7278	1.009562862616437
710.7278	1.0095644755196629
711.7278	1.0095660884228888
712.7278	1.0095677013261144
713.7278	1.0095693142293403
714.7278	1.0095709271325661
715.7278	1.0095725400357918
716.7278	1.0095741529390176
717.7278	1.0095757658422435
718.7278	1.0095773787454694
719.7278	1.009578991648695
720.7278	1.009580604551921
721.7278	1.0095822174551468
722.7278	1.0095838303583726
723.7278	1.0095854432615983
724.7278	1.0095870561648241
725.7278	1.00958866906805
726.7278	1.0095902819712756
727.7278	1.0095918948745015
728.7278	1.0095935077777274
729.7278	1.0095951206809533
730.7278	1.009596733584179
731.7278	1.0095983464874048
732.7278	1.0095999593906306
733.7278	1.0096015722938565
734.7278	1.0096031851970821
735.7278	1.009604798100308
736.7278	1.0096064110035339
737.7278	1.0096080239067595
738.7278	1.0096096368099854
739.7278	1.0096112497132113
740.7278	1.0096128626164371
741.7278	1.0096144755196628
742.7278	1.0096160884228886
743.7278	1.0096177013261145
744.7278	1.0096193142293404
745.7278	1.009620927132566
746.7278	1.0096225400357919
747.7278	1.0096241529390177
748.7278	1.0096257658422434
749.7278	1.0096273787454693
750.7278	1.0096289916486951
751.7278	1.009630604551921
752.7278	1.0096322174551466
753.7278	1.0096338303583725
754.7278	1.0096354432615984
755.7278	1.0096370561648242
756.7278	1.0096386690680499
757.7278	1.0096402819712758
758.7278	1.0096418948745016
759.7278	1.0096435077777273
760.7278	1.0096451206809531
761.7278	1.009646733584179
762.7278	1.0096483464874049
763.7278	1.0096499593906305
764.7278	1.0096515722938564
765.7278	1.0096531851970822
766.7278	1.0096547981003081
767.7278	1.0096564110035338
768.7278	1.0096580239067596
769.7278	1.0096596368099855
770.7278	1.0096612497132111
771.7278	1.009662862616437
772.7278	1.0096644755196629
773.7278	1.0096660884228887
774.7278	1.0096677013261144
775.7278	1.0096693142293403
776.7278	1.0096709271325661
777.7278	1.009672540035792
778.7278	1.0096741529390176
779.7278	1.0096757658422435
780.7278	1.0096773787454694
781.7278	1.009678991648695
782.7278	1.0096806045519209
783.7278	1.0096822174551467
784.7278	1.0096838303583726
785.7278	1.0096854432615983
786.7278	1.0096870561648241
787.7278	1.00968866906805
788.7278	1.0096902819712759
789.7278	1.0096918948745015
790.7278	1.0096935077777274
791.7278	1.0096951206809532
792.7278	1.0096967335841789
793.7278	1.0096983464874048
794.7278	1.0096999593906306
795.7278	1.0097015722938565
796.7278	1.0097031851970821
797.7278	1.009704798100308
798.7278	1.0097064110035339
799.7278	1.0097080239067595
800.7278	1.0097096368099854
801.7278	1.0097112497132112
802.7278	1.0097128626164371
803.7278	1.0097144755196628
804.7278	1.0097160884228886
805.7278	1.0097177013261145
806.7278	1.0097193142293404
807.7278	1.009720927132566
808.7278	1.0097225400357919
809.7278	1.0097241529390177
810.7278	1.0097257658422434
811.7278	1.0097273787454693
812.7278	1.0097289916486951
813.7278	1.009730604551921
814.7278	1.0097322174551466
815.7278	1.0097338303583725
816.7278	1.0097354432615984
817.7278	1.0097370561648242
818.7278	1.0097386690680499
819.7278	1.0097402819712757
820.7278	1.0097418948745016
821.7278	1.0097435077777273
822.7278	1.0097451206809531
823.7278	1.009746733584179
824.7278	1.0097483464874049
825.7278	1.0097499593906305
826.7278	1.0097515722938564
827.7278	1.0097531851970822
828.7278	1.009754798100308
829.7278	1.0097564110035337
830.7278	1.0097580239067596
831.7278	1.0097596368099855
832.7278	1.0097612497132111
833.7278	1.009762862616437
834.7278	1.0097644755196629
835.7278	1.0097660884228887
836.7278	1.0097677013261144
837.7278	1.0097693142293402
838.7278	1.009770927132566
839.7278	1.009772540035792
840.7278	1.0097741529390176
841.7278	1.0097757658422435
842.7278	1.0097773787454694
843.7278	1.009778991648695
844.7278	1.0097806045519209
845.7278	1.0097822174551467
846.7278	1.0097838303583726
847.7278	1.0097854432615982
848.7278	1.0097870561648241
849.7278	1.00978866906805
850.7278	1.0097902819712758
851.7278	1.0097918948745015
852.7278	1.0097935077777274
853.7278	1.0097951206809532
854.7278	1.0097967335841789
855.7278	1.0097983464874047
856.7278	1.0097999593906306
857.7278	1.0098015722938565
858.7278	1.0098031851970821
859.7278	1.009804798100308
860.7278	1.0098064110035339
861.7278	1.0098080239067597
862.7278	1.0098096368099854
863.7278	1.0098112497132112
864.7278	1.009812862616437
865.7278	1.0098144755196627
866.7278	1.0098160884228886
867.7278	1.0098177013261145
868.7278	1.0098193142293403
869.7278	1.009820927132566
870.7278	1.0098225400357919
871.7278	1.0098241529390177
872.7278	1.0098257658422436
873.7278	1.0098273787454692
874.7278	1.009828991648695
875.7278	1.009830604551921
876.7278	1.0098322174551466
877.7278	1.0098338303583725
878.7278	1.0098354432615984
879.7278	1.0098370561648242
880.7278	1.0098386690680499
881.7278	1.0098402819712757
882.7278	1.0098418948745016
883.7278	1.0098435077777275
884.7278	1.0098451206809531
885.7278	1.009846733584179
886.7278	1.0098483464874048
887.7278	1.0098499593906305
888.7278	1.0098515722938564
889.7278	1.0098531851970822
890.7278	1.009854798100308
891.7278	1.0098564110035337
892.7278	1.0098580239067596
893.7278	1.0098596368099855
894.7278	1.0098612497132113
895.7278	1.009862862616437
896.7278	1.0098644755196629
897.7278	1.0098660884228887
898.7278	1.0098677013261144
899.7278	1.0098693142293402
900.7278	1.009870927132566
901.7278	1.009872540035792
902.7278	1.0098741529390176
903.7278	1.0098757658422435
904.7278	1.0098773787454693
905.7278	1.0098789916486952
906.7278	1.0098806045519209
907.7278	1.0098822174551467
908.7278	1.0098838303583726
909.7278	1.0098854432615982
910.7278	1.009887056164824
911.7278	1.00988866906805
912.7278	1.0098902819712758
913.7278	1.0098918948745015
914.7278	1.0098935077777274
915.7278	1.0098951206809532
916.7278	1.009896733584179
917.7278	1.0098983464874047
918.7278	1.0098999593906306
919.7278	1.0099015722938565
920.7278	1.009903185197082
921.7278	1.009904798100308
922.7278	1.0099064110035338
923.7278	1.0099080239067597
924.7278	1.0099096368099854
925.7278	1.0099112497132112
926.7278	1.009912862616437
927.7278	1.009914475519663
928.7278	1.0099160884228886
929.7278	1.0099177013261145
930.7278	1.0099193142293403
931.7278	1.009920927132566
932.7278	1.0099225400357918
933.7278	1.0099241529390177
934.7278	1.0099257658422436
935.7278	1.0099273787454692
936.7278	1.009928991648695
937.7278	1.009930604551921
938.7278	1.0099322174551468
939.7278	1.0099338303583725
940.7278	1.0099354432615983
941.7278	1.0099370561648242
942.7278	1.0099386690680499
943.7278	1.0099402819712757
944.7278	1.0099418948745016
945.7278	1.0099435077777275
946.7278	1.009945120680953
947.7278	1.009946733584179
948.7278	1.0099483464874048
949.7278	1.0099499593906307
950.7278	1.0099515722938563
951.7278	1.0099531851970822
952.7278	1.009954798100308
953.7278	1.0099564110035337
954.7278	1.0099580239067596
955.7278	1.0099596368099855
956.7278	1.0099612497132113
957.7278	1.009962862616437
958.7278	1.0099644755196628
959.7278	1.0099660884228887
960.7278	1.0099677013261146
961.7278	1.0099693142293402
962.7278	1.009970927132566
963.7278	1.009972540035792
964.7278	1.0099741529390176
965.7278	1.0099757658422435
966.7278	1.0099773787454693
967.7278	1.0099789916486952
968.7278	1.0099806045519208
969.7278	1.0099822174551467
970.7278	1.0099838303583726
971.7278	1.0099854432615984
972.7278	1.009987056164824
973.7278	1.00998866906805
974.7278	1.0099902819712758
975.7278	1.0099918948745015
976.7278	1.0099935077777273
977.7278	1.0099951206809532
978.7278	1.009996733584179
979.7278	1.0099983464874047
980.7278	1.0099999593906306
981.7278	1.0100015722938565
982.7278	1.0100031851970823
983.7278	1.010004798100308
984.7278	1.0100064110035338
985.7278	1.0100080239067597
986.7278	1.0100096368099853
987.7278	1.0100112497132112
988.7278	1.010012862616437
989.7278	1.010014475519663
990.7278	1.0100160884228886
991.7278	1.0100177013261145
992.7278	1.0100193142293403
993.7278	1.0100209271325662
994.7278	1.0100225400357918
995.7278	1.0100241529390177
996.7278	1.0100257658422436
997.7278	1.0100273787454692
998.7278	1.010028991648695
999.7278	1.010030604551921
