0.4307	0.5222679774778048
1.3819000000000001	0.5206970937087121
2.3255	0.5181127712680684
3.2679	0.5149471048112758
4.2089	0.5127601511942524
5.1585	0.5103592292751351
6.107600000000001	0.5101878694144384
7.0627	0.50962900374977
8.020900000000001	0.5093051463384193
8.9791	0.5092402965335424
9.937100000000001	0.506753694185148
10.901100000000001	0.5075652331388011
11.864600000000001	0.5044713798859568
12.8277	0.505015738945761
13.7904	0.5063597042895412
14.753	0.5014904870064344
15.721400000000001	0.49943886562114015
16.6903	0.50273089884991
17.6578	0.5123527578178955
18.6275	0.5103051664968972
19.5978	0.5129065318488615
20.5688	0.5139728902803158
21.5405	0.5189416604684389
22.5057	0.5193665945757289
23.470200000000002	0.519752979566718
24.4347	0.5207682105427383
25.3989	0.5218862118005171
26.3629	0.5226886220638436
27.326700000000002	0.5246480698003654
28.2907	0.524940104440088
29.254900000000003	0.5264821143406311
30.2194	0.5291469698561071
31.1844	0.5286600409053072
32.1499	0.5284174571430498
33.106300000000005	0.5256858914447623
34.065400000000004	0.5258588350749809
35.0261	0.5267603095710649
35.986200000000004	0.5287165847239574
36.9456	0.5297536486075142
37.9044	0.5312040158901927
38.865300000000005	0.5331659118897032
39.8295	0.5356509745562266
40.793	0.5365804261892155
41.7562	0.5379844585494522
42.7211	0.5351556583811079
43.686	0.531332370116443
44.652	0.5332395588047459
45.6171	0.5359639341928704
46.582	0.5392151727579819
47.5469	0.5357330986049924
48.5118	0.5376469057344231
49.4791	0.5363485021205341
50.445100000000004	0.5363901361868174
51.4138	0.5346739129036551
52.384	0.5352140819689855
53.354200000000006	0.5363114465062274
54.3241	0.5321306300459668
55.293800000000005	0.5374157490975205
56.2603	0.5365429596255324
57.227000000000004	0.5362459540750524
58.1938	0.5319456942901353
59.1608	0.5222184986515291
60.127900000000004	0.5183042364244932
61.095200000000006	0.5118058042039747
62.0627	0.4950413170099359
63.0304	0.49707249859547153
63.9983	0.49633525377339693
64.9665	0.49571250216544627
65.9351	0.49504903398283373
66.9041	0.49632747460953375
67.8733	0.491963196870139
68.8428	0.49138981276641225
69.8127	0.4880313690583229
70.7831	0.49554018331841687
71.7539	0.5040849272248071
72.72500000000001	0.5260996696461667
73.6965	0.5323510953530226
74.66890000000001	0.5317562351021736
75.6427	0.5349784461469446
76.6168	0.534582572985007
77.5911	0.5334022334362746
78.5657	0.5379165272424264
79.54050000000001	0.5431340412189989
80.5156	0.5352057167820733
81.4914	0.5425214357028799
82.468	0.554678944570846
83.44550000000001	0.5643119537031911
84.4239	0.5597679542969358
85.3956	0.5692383062531013
86.3724	0.5752183583705679
87.3494	0.5822744407912298
88.3228	0.5882928460194836
89.2959	0.5922870256125026
90.26910000000001	0.5982332081736059
91.2428	0.5847939652398418
92.2172	0.5803341898413509
93.19250000000001	0.5841321910157276
94.1682	0.5879273136637109
95.1443	0.5896993294722201
96.1209	0.6015430390976477
97.098	0.6160899526652698
98.075	0.6267170890436096
99.0519	0.6350306178550686
100.0287	0.6343670657323889
101.0056	0.6390067572592169
101.9826	0.6480937860209757
102.9597	0.6493958655471779
103.9368	0.649701890592431
104.9139	0.6592360087754756
105.891	0.6559965910958788
106.8681	0.6578197636573597
107.8452	0.6599723788698508
108.82180000000001	0.6538766287259243
109.7984	0.6421112580364877
110.7754	0.636250672531167
111.7532	0.6492431305955394
112.72210000000001	0.6380199595381332
113.691	0.6444970214235928
114.65990000000001	0.6305289667982141
115.6323	0.6347000215975112
116.6063	0.6352399958744561
117.58040000000001	0.6350077530586998
118.55460000000001	0.6390275476833647
119.52890000000001	0.6426663142644009
120.5034	0.6435296501551525
121.47810000000001	0.6328619920183609
122.4531	0.6345102472257923
123.4285	0.6353851747775863
124.40440000000001	0.6392690251675643
125.381	0.6407311293354304
126.3585	0.6485614010121825
127.3369	0.6582164093835252
128.3151	0.6693025055363367
129.293	0.6720297787738365
130.27100000000002	0.6717357102049679
131.2491	0.6730388706949121
132.2273	0.6792057271035628
133.2057	0.6823267520505035
134.1806	0.6737590952787282
135.15550000000002	0.6785186726384911
136.1309	0.683658791659697
137.1069	0.6918035162110155
138.0837	0.6943597324214092
139.061	0.7232845135124953
140.0376	0.7300566726275608
141.01430000000002	0.7365974634984473
141.991	0.7396836050570517
142.9678	0.74922431161617
143.9379	0.7365834449684381
144.9112	0.7446943391835965
145.8879	0.7446852874952576
146.8648	0.764440445386761
147.8411	0.7677088075098685
148.81740000000002	0.7726075346346332
149.7937	0.7759880556676612
150.77	0.7799804489684746
151.74800000000002	0.7788669687315994
152.7261	0.7830182258403486
153.7046	0.7893865413347239
154.6834	0.7954444306696873
155.6627	0.7960747380569924
156.6425	0.8030952213888275
157.6227	0.8182283018617222
158.6027	0.8177580451046162
159.5829	0.8127006387368512
160.56380000000001	0.8264269830237849
161.5449	0.8298149116108804
162.52630000000002	0.8353938147732719
163.508	0.8341606210393582
164.48950000000002	0.8396850781119203
165.4709	0.8375377201744875
166.4524	0.8369153827246841
167.434	0.8392624762148374
168.4156	0.8940676232672987
169.3963	0.8621105280930133
170.3786	0.8913018834447725
171.3604	0.8368458794818391
172.3423	0.8412725929749701
173.32420000000002	0.847312715234031
174.306	0.8482034591581095
175.2878	0.8406633553258598
176.2697	0.8414874170704069
177.2528	0.8708057474314838
178.2356	0.7934130550521239
179.2184	0.7904087828966115
180.2011	0.769079006681599
181.184	0.7743586262325174
182.1672	0.7721530822049387
183.1507	0.7617188996265397
184.1345	0.7589658098527391
185.11870000000002	0.7631918634103438
186.10330000000002	0.8463848190710177
187.0876	0.8823890210855444
188.072	0.852999031064749
189.05610000000001	0.9449516650350298
190.0397	0.9400302158055943
191.0233	0.9370957214231095
192.00730000000001	0.9363314783878104
192.99190000000002	0.9167030349493857
193.9772	0.7858438775598047
194.9622	0.7450032160923956
195.9473	0.7454904659483513
196.93370000000002	0.8353105719866125
197.9195	0.8376006827384818
198.904	0.910138629664508
199.888	0.9051143272015398
200.8707	0.9372191984990313
201.8528	0.9375433771686833
202.835	0.9027010461697311
203.8176	0.9399853682114765
204.8004	0.9310820973422806
205.78320000000002	0.938719304822382
206.7662	0.9438983411960387
207.7494	0.9463340948868246
208.7328	0.9456060231083376
209.71640000000002	0.9477097018756936
210.6988	0.9592618603998126
211.6807	0.9607140075805385
212.6627	0.9605098862641149
213.645	0.9657742757183918
214.62810000000002	0.9671252017162973
215.6114	0.8828656969728661
216.59570000000002	0.8888915583690078
217.5806	0.9002745467082359
218.5662	0.902529442519829
219.5525	0.9193037319939873
220.53900000000002	0.8534360044767668
221.5251	0.8645819763166201
222.5113	0.8781913481040703
223.4982	0.9823107061537806
224.4846	0.9834634098519515
225.47140000000002	0.9727801418098054
226.4584	0.9749285704605781
227.4481	0.9247112892987739
228.43800000000002	0.9085158505507669
229.4282	0.908985930368257
230.41840000000002	0.9196840421594848
231.4086	0.9243441397714265
232.39880000000002	0.9050903946033199
233.38840000000002	0.9683379359184853
234.3775	0.9696693351706396
235.36700000000002	0.9767526548281688
236.357	0.9870250344113494
237.3384	0.9084197903188576
238.328	0.9473498241845167
239.31830000000002	0.9868341952182238
240.3085	0.9969922428594549
241.2988	0.9542885084071715
242.28920000000002	0.8138816604684844
243.27960000000002	0.7906000719686292
244.2699	0.9970698358740635
245.2602	0.9994880323312221
246.25050000000002	0.9992809633079822
247.2409	0.9993760855998036
248.2314	0.999196068458935
249.2219	0.9989145243986054
250.2124	0.9986154250339365
251.2029	0.9982936281424549
252.1935	0.9980442883506253
253.1841	0.9976742112384939
254.1747	0.9935992629053199
255.1653	0.9949293086570665
256.156	0.995447631555725
257.1467	0.9939101011476463
258.1374	0.9950138218304958
259.1282	0.9960596389306042
260.119	0.9971412350719638
261.1093	0.9457947237440816
262.0997	0.9445172938675851
263.0903	0.9432932662630122
264.081	0.9417990599211555
265.0719	0.9401157974902052
266.0631	0.9580555619234563
267.0544	0.9885611046063666
268.04560000000004	0.982942110711962
269.0369	0.9821298313755644
270.0283	0.9812901016700648
271.01980000000003	0.9803838636714234
272.01140000000004	0.9794039469502364
273.0031	0.9763666726541654
273.99490000000003	0.9761068475488115
274.9868	0.9781559098911669
275.97860000000003	0.8793147675560685
276.9705	0.869101632916051
277.9624	0.8630495387848739
278.9544	0.8694897881777972
279.94640000000004	0.8647887187881851
280.93850000000003	0.8598877678322059
281.9306	0.8546073290465243
282.9228	0.862078831314307
283.915	0.8578729573081292
284.90520000000004	0.7213489907875144
285.8954	0.7172214511616289
286.8856	0.7353301737608637
287.8758	0.7306705286326687
288.8661	0.7020046213583204
289.8564	0.6957328825417122
290.8467	0.7086452922069274
291.837	0.7046126733462416
292.8274	0.7784714608201546
293.81780000000003	0.7798511231522796
294.8082	0.7813653904932873
295.7986	0.783104297242428
296.789	0.7850823327578917
297.7794	0.9235125351165293
298.7696	0.9145626666381479
299.7599	0.9453966963717215
300.7502	0.98592203551417
301.7404	0.9858716266222012
302.73060000000004	0.9848950717532404
303.72090000000003	0.9854230441169696
304.7112	0.9886068100846992
305.7015	0.9980258903896065
306.6918	1.0044515706685528
307.682	1.0048835561651361
308.67220000000003	1.005434692288905
309.6624	1.0055591531732826
310.65270000000004	1.0054499305316607
311.6431	1.0053216732195012
312.6336	1.0051724195490495
313.62420000000003	1.0050197422341771
314.6148	1.0048023760453286
315.60540000000003	1.004550754147868
316.596	1.0043003521514515
317.5867	1.0040672403174913
318.5774	1.0037032156246604
319.5681	1.0105655652986272
320.5588	1.0102602237963387
321.5496	1.0100615420922305
322.54040000000003	1.0096848651115526
323.5312	1.009273904183318
324.5221	1.0098837288296367
325.51300000000003	1.0094105255014063
326.5039	1.0088927795341975
327.4948	1.0075819696462611
328.48580000000004	1.007048523177784
329.4768	0.9978871261192335
330.4678	0.9901405284831301
331.4589	0.9924513268926
332.45	0.9949940452015892
333.4411	0.997910732196317
334.4323	0.9848468164732505
335.4235	0.9898901940694779
336.4137	0.922432903852465
337.4041	0.9222605517522398
338.3946	1.0019784487459518
339.38480000000004	1.0017275071985299
340.37510000000003	0.9850299338478085
341.3654	0.9875747757923994
342.3557	0.9902972681923912
343.34610000000004	0.9933385667045129
344.3365	0.9965364343842323
345.327	1.0000834269444219
346.3175	1.0038397007143247
347.3079	1.0011021231993313
348.2982	1.0055881854138022
349.28860000000003	1.005019923631384
350.2791	1.0044670353022078
351.2697	1.003872436175339
352.26030000000003	1.0031852931228504
353.25100000000003	1.0025610852106208
354.2418	1.002395671137156
355.2327	0.9865467380271913
356.2237	0.9901270138701178
357.2149	0.9920492561502391
358.2062	0.9942162363638234
359.1976	0.9967652514554373
360.1891	0.9997488169064993
361.1807	1.0011924352490773
362.171	0.9404497257965315
363.1614	0.9384908486250343
364.15200000000004	0.936596731412239
365.1428	0.9344934045870713
366.1338	0.9323321876646882
367.12510000000003	0.9298831830397263
368.11670000000004	0.9271949542576409
369.1087	0.9241999509890759
370.10110000000003	0.9208804210768958
371.09360000000004	0.8639925207759913
372.0858	0.868338850895964
373.0779	0.8628796935533386
374.0699	0.8571769715359319
375.06190000000004	0.8623962894167494
376.0538	0.8571499395235668
377.04560000000004	0.8626722811063535
378.0374	0.9155549515900433
379.0291	0.9157094440601302
380.0196	0.9555403304149751
381.01	0.8053467620385698
382.00100000000003	0.8297074525870425
382.99260000000004	0.8422879776038471
383.9828	0.9885337900412242
384.973	0.9891584895233387
385.9633	0.9901382992012313
386.9536	0.9910824097749417
387.944	0.9921923882440244
388.93440000000004	0.9944546282116729
389.92490000000004	0.9961614617805747
390.9152	0.9966716499915634
391.90540000000004	0.9970121017528388
392.8956	0.9974560978149175
393.8858	0.9983895907217641
394.87600000000003	0.9985988883873983
395.8662	0.9988085647938093
396.8564	0.9990133547156079
397.8466	0.9989002759483594
398.83680000000004	0.999036665367752
399.827	0.9991827235840127
400.81710000000004	0.9856047327423509
401.8084	1.011269664945794
402.79920000000004	1.0109732794923547
403.79	1.011148431918786
404.7807	1.0112039911650104
405.7713	1.0112371237171294
406.7618	1.0112575078493007
407.7522	1.0112334930031057
408.7425	1.004316451453641
409.7327	1.0055597544511772
410.7228	1.011515695940128
411.7167	0.917071770264012
412.71070000000003	0.9171502515619414
413.7047	0.9175341281053979
414.69870000000003	0.9181163419666366
415.69230000000005	0.9285913345137873
416.6859	0.9289302949758066
417.6798	0.9295072296236939
418.6739	0.9338348124789878
419.668	0.9339490439726237
420.6621	0.9340601135756168
421.65630000000004	0.9342422546855731
422.6505	0.9343244731806885
423.6447	0.9343948574750139
424.63890000000004	0.9344652417693394
425.63320000000004	0.9346063477473066
426.6275	0.9346478809337543
427.6218	0.9346775799194122
428.6161	0.9347072789050701
429.6105	0.9348076995743696
430.60490000000004	0.934808197628828
431.5993	0.9347972113058183
432.59380000000004	0.9348569466664503
433.5883	0.9348167594122411
434.5828	0.9347650877805637
435.5774	0.9347841378325279
436.572	0.9347032652696512
437.5666	0.9346105585059846
438.5613	0.9345889232492812
439.55600000000004	0.9344673653777369
440.5507	0.9343339733054027
441.5455	0.9342716527400317
442.5403	0.9340975753590299
443.53520000000003	0.9339942196616697
444.5301	0.9337791071486787
445.5251	0.9336469003434408
446.5201	0.933402936722572
447.5151	0.9587331011448597
448.5102	0.9881000826788751
449.50530000000003	0.9884816966437873
450.50050000000005	0.9889579494157171
451.49580000000003	0.9894292722227347
452.4911	0.9898020682929101
453.48650000000004	0.9902701978367697
454.4819	0.9906398006437873
455.47740000000005	0.9911040422578223
456.473	0.9915633539069452
457.46860000000004	0.991924486187647
458.46430000000004	0.9923806045736118
459.4601	0.9928317929946644
460.45590000000004	0.9931854967139626
461.45180000000005	0.9936334918718573
462.44780000000003	0.9940775990999275
463.44390000000004	0.9945167763630854
464.44	0.9948584689244889
465.43620000000004	0.99529480029291
466.4325	0.9957268963630853
467.4289	0.9961551045034363
468.4254	0.9963383792962408
469.422	0.9965115478976394
470.4187	0.9966874890165205
471.4155	0.9968665488067303
472.41240000000005	0.9970487272682688
473.4094	0.9972336782472897
474.40650000000005	0.99740097866687
475.4037	0.9975682823032337
476.401	0.9977380123032337
477.39840000000004	0.99791016866687
478.39590000000004	0.998085443631905
479.39360000000005	0.9983634074780587
480.39140000000003	0.9985452692962405
481.38930000000005	0.9987295574780587
482.3874	0.999017226778758
483.3856	0.9992087940514852
484.384	0.9995037424430936
485.38250000000005	0.9997025888067299
486.38120000000004	1.0000048162892474
487.38	1.0002109417437928
488.379	1.0005204483172194
489.37820000000005	1.0008341153801563
490.3775	1.0010523726528837
491.377	1.001374011044492
492.3767	1.0017005021633731
493.3766	1.002031846009527
494.3766	1.0022755479362884
495.3766	1.0022758947984962
496.3766	1.0022755439213034
497.3766	1.0022751930441103
498.3766	1.0022748421669174
499.3766	1.0022744912897243
500.3766	1.0022741404125315
501.3766	1.0022737895353384
502.3766	1.0022734386581453
503.3766	1.0022730877809525
504.3766	1.0022727369037594
505.3766	1.0022723860265665
506.3766	1.0022720351493735
507.3766	1.0022716842721806
508.3766	1.0022713333949875
509.3766	1.0022709825177947
510.3766	1.0022706316406016
511.3766	1.0022702807634085
512.3766	1.0022699298862157
513.3766	1.0022695790090226
514.3766	1.0022692281318297
515.3766	1.0022688772546366
516.3766	1.0022685263774438
517.3766	1.0022681755002507
518.3766	1.0022678246230576
519.3766	1.0022674737458648
520.3766	1.0022671228686717
521.3766	1.0022667719914788
522.3766	1.0022664211142858
523.3766	1.002266070237093
524.3766	1.0022657193598998
525.3766	1.0022653684827068
526.3766	1.002265017605514
527.3766	1.0022646667283208
528.3766	1.002264315851128
529.3766	1.0022639649739349
530.3766	1.002263614096742
531.3766	1.002263263219549
532.3766	1.0022629123423559
533.3766	1.002262561465163
534.3766	1.00226221058797
535.3766	1.002261859710777
536.3766	1.002261508833584
537.3766	1.0022611579563911
538.3766	1.002260807079198
539.3766	1.002260456202005
540.3766	1.0022601053248121
541.3766	1.002259754447619
542.3766	1.0022594035704262
543.3766	1.0022590526932331
544.3766	1.0022587018160403
545.3766	1.0022583509388472
546.3766	1.002258000061654
547.3766	1.0022576491844613
548.3766	1.0022572983072682
549.3766	1.0022569474300753
550.3766	1.0022565965528822
551.3766	1.0022562456756894
552.3766	1.0022558947984963
553.3766	1.0022555439213032
554.3766	1.0022551930441104
555.3766	1.0022548421669173
556.3766	1.0022544912897244
557.3766	1.0022541404125314
558.3766	1.0022537895353385
559.3766	1.0022534386581454
560.3766	1.0022530877809526
561.3766	1.0022527369037595
562.3766	1.0022523860265664
563.3766	1.0022520351493736
564.3766	1.0022516842721805
565.3766	1.0022513333949876
566.3766	1.0022509825177945
567.3766	1.0022506316406017
568.3766	1.0022502807634086
569.3766	1.0022499298862155
570.3766	1.0022495790090227
571.3766	1.0022492281318296
572.3766	1.0022488772546367
573.3766	1.0022485263774437
574.3766	1.0022481755002508
575.3766	1.0022478246230577
576.3766	1.0022474737458646
577.3766	1.0022471228686718
578.3766	1.0022467719914787
579.3766	1.0022464211142859
580.3766	1.0022460702370928
581.3766	1.0022457193599
582.3766	1.0022453684827068
583.3766	1.0022450176055138
584.3766	1.002244666728321
585.3766	1.0022443158511278
586.3766	1.002243964973935
587.3766	1.002243614096742
588.3766	1.002243263219549
589.3766	1.002242912342356
590.3766	1.0022425614651629
591.3766	1.00224221058797
592.3766	1.002241859710777
593.3766	1.002241508833584
594.3766	1.002241157956391
595.3766	1.0022408070791982
596.3766	1.002240456202005
597.3766	1.002240105324812
598.3766	1.0022397544476191
599.3766	1.002239403570426
600.3766	1.0022390526932332
601.3766	1.0022387018160401
602.3766	1.0022383509388473
603.3766	1.0022380000616542
604.3766	1.0022376491844613
605.3766	1.0022372983072683
606.3766	1.0022369474300752
607.3766	1.0022365965528823
608.3766	1.0022362456756893
609.3766	1.0022358947984964
610.3766	1.0022355439213033
611.3766	1.0022351930441105
612.3766	1.0022348421669174
613.3766	1.0022344912897243
614.3766	1.0022341404125314
615.3766	1.0022337895353384
616.3766	1.0022334386581455
617.3766	1.0022330877809524
618.3766	1.0022327369037596
619.3766	1.0022323860265665
620.3766	1.0022320351493734
621.3766	1.0022316842721806
622.3766	1.0022313333949875
623.3766	1.0022309825177946
624.3766	1.0022306316406016
625.3766	1.0022302807634087
626.3766	1.0022299298862156
627.3766	1.0022295790090225
628.3766	1.0022292281318297
629.3766	1.0022288772546366
630.3766	1.0022285263774438
631.3766	1.0022281755002507
632.3766	1.0022278246230578
633.3766	1.0022274737458647
634.3766	1.0022271228686717
635.3766	1.0022267719914788
636.3766	1.0022264211142857
637.3766	1.0022260702370929
638.3766	1.0022257193598998
639.3766	1.002225368482707
640.3766	1.0022250176055139
641.3766	1.0022246667283208
642.3766	1.002224315851128
643.3766	1.0022239649739348
644.3766	1.002223614096742
645.3766	1.002223263219549
646.3766	1.002222912342356
647.3766	1.002222561465163
648.3766	1.00222221058797
649.3766	1.002221859710777
650.3766	1.002221508833584
651.3766	1.002221157956391
652.3766	1.002220807079198
653.3766	1.0022204562020052
654.3766	1.002220105324812
655.3766	1.0022197544476192
656.3766	1.0022194035704262
657.3766	1.002219052693233
658.3766	1.0022187018160402
659.3766	1.0022183509388471
660.3766	1.0022180000616543
661.3766	1.0022176491844612
662.3766	1.0022172983072684
663.3766	1.0022169474300753
664.3766	1.0022165965528822
665.3766	1.0022162456756893
666.3766	1.0022158947984963
667.3766	1.0022155439213034
668.3766	1.0022151930441103
669.3766	1.0022148421669175
670.3766	1.0022144912897244
671.3766	1.0022141404125313
672.3766	1.0022137895353385
673.3766	1.0022134386581454
674.3766	1.0022130877809525
675.3766	1.0022127369037594
676.3766	1.0022123860265666
677.3766	1.0022120351493735
678.3766	1.0022116842721804
679.3766	1.0022113333949876
680.3766	1.0022109825177945
681.3766	1.0022106316406016
682.3766	1.0022102807634086
683.3766	1.0022099298862157
684.3766	1.0022095790090226
685.3766	1.0022092281318296
686.3766	1.0022088772546367
687.3766	1.0022085263774436
688.3766	1.0022081755002508
689.3766	1.0022078246230577
690.3766	1.0022074737458648
691.3766	1.0022071228686718
692.3766	1.0022067719914787
693.3766	1.0022064211142858
694.3766	1.0022060702370927
695.3766	1.0022057193598999
696.3766	1.0022053684827068
697.3766	1.002205017605514
698.3766	1.0022046667283209
699.3766	1.002204315851128
700.3766	1.002203964973935
701.3766	1.0022036140967419
702.3766	1.002203263219549
703.3766	1.002202912342356
704.3766	1.002202561465163
705.3766	1.00220221058797
706.3766	1.0022018597107771
707.3766	1.002201508833584
708.3766	1.002201157956391
709.3766	1.0022008070791981
710.3766	1.002200456202005
711.3766	1.0022001053248122
712.3766	1.002199754447619
713.3766	1.0021994035704263
714.3766	1.0021990526932332
715.3766	1.00219870181604
716.3766	1.0021983509388472
717.3766	1.0021980000616542
718.3766	1.0021976491844613
719.3766	1.0021972983072682
720.3766	1.0021969474300754
721.3766	1.0021965965528823
722.3766	1.0021962456756892
723.3766	1.0021958947984964
724.3766	1.0021955439213033
725.3766	1.0021951930441104
726.3766	1.0021948421669173
727.3766	1.0021944912897245
728.3766	1.0021941404125314
729.3766	1.0021937895353383
730.3766	1.0021934386581455
731.3766	1.0021930877809524
732.3766	1.0021927369037595
733.3766	1.0021923860265665
734.3766	1.0021920351493736
735.3766	1.0021916842721805
736.3766	1.0021913333949874
737.3766	1.0021909825177946
738.3766	1.0021906316406015
739.3766	1.0021902807634087
740.3766	1.0021899298862156
741.3766	1.0021895790090227
742.3766	1.0021892281318296
743.3766	1.0021888772546366
744.3766	1.0021885263774437
745.3766	1.0021881755002506
746.3766	1.0021878246230578
747.3766	1.0021874737458647
748.3766	1.0021871228686718
749.3766	1.0021867719914788
750.3766	1.002186421114286
751.3766	1.0021860702370928
752.3766	1.0021857193598998
753.3766	1.002185368482707
754.3766	1.0021850176055138
755.3766	1.002184666728321
756.3766	1.0021843158511279
757.3766	1.002183964973935
758.3766	1.002183614096742
759.3766	1.0021832632195489
760.3766	1.002182912342356
761.3766	1.002182561465163
762.3766	1.00218221058797
763.3766	1.002181859710777
764.3766	1.0021815088335841
765.3766	1.002181157956391
766.3766	1.002180807079198
767.3766	1.0021804562020051
768.3766	1.002180105324812
769.3766	1.0021797544476192
770.3766	1.0021794035704261
771.3766	1.0021790526932333
772.3766	1.0021787018160402
773.3766	1.002178350938847
774.3766	1.0021780000616543
775.3766	1.0021776491844612
776.3766	1.0021772983072683
777.3766	1.0021769474300752
778.3766	1.0021765965528824
779.3766	1.0021762456756893
780.3766	1.0021758947984962
781.3766	1.0021755439213034
782.3766	1.0021751930441103
783.3766	1.0021748421669174
784.3766	1.0021744912897244
785.3766	1.0021741404125315
786.3766	1.0021737895353384
787.3766	1.0021734386581453
788.3766	1.0021730877809525
789.3766	1.0021727369037594
790.3766	1.0021723860265666
791.3766	1.0021720351493735
792.3766	1.0021716842721806
793.3766	1.0021713333949875
794.3766	1.0021709825177947
795.3766	1.0021706316406016
796.3766	1.0021702807634085
797.3766	1.0021699298862157
798.3766	1.0021695790090226
799.3766	1.0021692281318297
800.3766	1.0021688772546367
801.3766	1.0021685263774438
802.3766	1.0021681755002507
803.3766	1.0021678246230576
804.3766	1.0021674737458648
805.3766	1.0021671228686717
806.3766	1.0021667719914789
807.3766	1.0021664211142858
808.3766	1.002166070237093
809.3766	1.0021657193598998
810.3766	1.0021653684827068
811.3766	1.002165017605514
812.3766	1.0021646667283208
813.3766	1.002164315851128
814.3766	1.002163964973935
815.3766	1.002163614096742
816.3766	1.002163263219549
817.3766	1.0021629123423559
818.3766	1.002162561465163
819.3766	1.00216221058797
820.3766	1.002161859710777
821.3766	1.002161508833584
822.3766	1.0021611579563912
823.3766	1.002160807079198
824.3766	1.002160456202005
825.3766	1.0021601053248121
826.3766	1.002159754447619
827.3766	1.0021594035704262
828.3766	1.0021590526932331
829.3766	1.0021587018160403
830.3766	1.0021583509388472
831.3766	1.0021580000616541
832.3766	1.0021576491844613
833.3766	1.0021572983072682
834.3766	1.0021569474300753
835.3766	1.0021565965528823
836.3766	1.0021562456756894
837.3766	1.0021558947984963
838.3766	1.0021555439213032
839.3766	1.0021551930441104
840.3766	1.0021548421669173
841.3766	1.0021544912897244
842.3766	1.0021541404125314
843.3766	1.0021537895353385
844.3766	1.0021534386581454
845.3766	1.0021530877809526
846.3766	1.0021527369037595
847.3766	1.0021523860265664
848.3766	1.0021520351493736
849.3766	1.0021516842721805
850.3766	1.0021513333949876
851.3766	1.0021509825177946
852.3766	1.0021506316406017
853.3766	1.0021502807634086
854.3766	1.0021499298862155
855.3766	1.0021495790090227
856.3766	1.0021492281318296
857.3766	1.0021488772546367
858.3766	1.0021485263774437
859.3766	1.0021481755002508
860.3766	1.0021478246230577
861.3766	1.0021474737458647
862.3766	1.0021471228686718
863.3766	1.0021467719914787
864.3766	1.0021464211142859
865.3766	1.0021460702370928
866.3766	1.0021457193599
867.3766	1.0021453684827069
868.3766	1.0021450176055138
869.3766	1.002144666728321
870.3766	1.0021443158511278
871.3766	1.002143964973935
872.3766	1.002143614096742
873.3766	1.002143263219549
874.3766	1.002142912342356
875.3766	1.002142561465163
876.3766	1.00214221058797
877.3766	1.002141859710777
878.3766	1.002141508833584
879.3766	1.002141157956391
880.3766	1.0021408070791982
881.3766	1.002140456202005
882.3766	1.002140105324812
883.3766	1.0021397544476192
884.3766	1.002139403570426
885.3766	1.0021390526932332
886.3766	1.0021387018160401
887.3766	1.0021383509388473
888.3766	1.0021380000616542
889.3766	1.0021376491844614
890.3766	1.0021372983072683
891.3766	1.0021369474300752
892.3766	1.0021365965528823
893.3766	1.0021362456756893
894.3766	1.0021358947984964
895.3766	1.0021355439213033
896.3766	1.0021351930441105
897.3766	1.0021348421669174
898.3766	1.0021344912897243
899.3766	1.0021341404125315
900.3766	1.0021337895353384
901.3766	1.0021334386581455
902.3766	1.0021330877809524
903.3766	1.0021327369037596
904.3766	1.0021323860265665
905.3766	1.0021320351493734
906.3766	1.0021316842721806
907.3766	1.0021313333949875
908.3766	1.0021309825177946
909.3766	1.0021306316406016
910.3766	1.0021302807634087
911.3766	1.0021299298862156
912.3766	1.0021295790090226
913.3766	1.0021292281318297
914.3766	1.0021288772546366
915.3766	1.0021285263774438
916.3766	1.0021281755002507
917.3766	1.0021278246230578
918.3766	1.0021274737458647
919.3766	1.0021271228686717
920.3766	1.0021267719914788
921.3766	1.0021264211142857
922.3766	1.0021260702370929
923.3766	1.0021257193598998
924.3766	1.002125368482707
925.3766	1.0021250176055139
926.3766	1.0021246667283208
927.3766	1.002124315851128
928.3766	1.0021239649739349
929.3766	1.002123614096742
930.3766	1.002123263219549
931.3766	1.002122912342356
932.3766	1.002122561465163
933.3766	1.00212221058797
934.3766	1.002121859710777
935.3766	1.002121508833584
936.3766	1.0021211579563911
937.3766	1.002120807079198
938.3766	1.0021204562020052
939.3766	1.002120105324812
940.3766	1.0021197544476192
941.3766	1.0021194035704262
942.3766	1.002119052693233
943.3766	1.0021187018160402
944.3766	1.0021183509388472
945.3766	1.0021180000616543
946.3766	1.0021176491844612
947.3766	1.0021172983072684
948.3766	1.0021169474300753
949.3766	1.0021165965528822
950.3766	1.0021162456756894
951.3766	1.0021158947984963
952.3766	1.0021155439213034
953.3766	1.0021151930441103
954.3766	1.0021148421669175
955.3766	1.0021144912897244
956.3766	1.0021141404125313
957.3766	1.0021137895353385
958.3766	1.0021134386581454
959.3766	1.0021130877809525
960.3766	1.0021127369037595
961.3766	1.0021123860265666
962.3766	1.0021120351493735
963.3766	1.0021116842721804
964.3766	1.0021113333949876
965.3766	1.0021109825177945
966.3766	1.0021106316406017
967.3766	1.0021102807634086
968.3766	1.0021099298862157
969.3766	1.0021095790090226
970.3766	1.0021092281318296
971.3766	1.0021088772546367
972.3766	1.0021085263774436
973.3766	1.0021081755002508
974.3766	1.0021078246230577
975.3766	1.0021074737458648
976.3766	1.0021071228686718
977.3766	1.0021067719914787
978.3766	1.0021064211142858
979.3766	1.0021060702370927
980.3766	1.0021057193599
981.3766	1.0021053684827068
982.3766	1.002105017605514
983.3766	1.0021046667283209
984.3766	1.002104315851128
985.3766	1.002103964973935
986.3766	1.0021036140967419
987.3766	1.002103263219549
988.3766	1.002102912342356
989.3766	1.002102561465163
990.3766	1.00210221058797
991.3766	1.0021018597107771
992.3766	1.002101508833584
993.3766	1.002101157956391
994.3766	1.0021008070791981
995.3766	1.002100456202005
996.3766	1.0021001053248122
997.3766	1.0020997544476191
998.3766	1.0020994035704263
999.3766	1.0020990526932332
