0.5976	0.5194676356686522
1.5606	0.5213421556850671
2.531	0.5227294944641097
3.5013	0.5260301491001492
4.4716000000000005	0.5264242430925705
5.4417	0.5279050481853463
6.4116	0.530188147925023
7.381200000000001	0.5296346207885438
8.3506	0.5284341894773933
9.319600000000001	0.5291456481449596
10.2882	0.5288881909567428
11.256300000000001	0.5315747653211544
12.2239	0.534714699555655
13.201	0.5380367861085414
14.1782	0.542824478624895
15.1555	0.5469691020217792
16.133	0.5518054818166382
17.1107	0.5566342117317407
18.0887	0.5650105621606338
19.066100000000002	0.5714854636351451
20.0413	0.5768377950146024
21.017200000000003	0.5809714588260518
21.9939	0.5865363956082179
22.971400000000003	0.5950322309552439
23.942600000000002	0.5964061999522876
24.9142	0.6001164665129974
25.886100000000003	0.601354870444442
26.8582	0.6045880100054659
27.8305	0.6038747948900982
28.803	0.6071853432330118
29.7756	0.61329510047498
30.7486	0.6198865442395143
31.7223	0.6239565284744903
32.6967	0.6274296636796738
33.6719	0.6319360890437273
34.6481	0.6351394548047359
35.620400000000004	0.6414062620506661
36.5918	0.6422088487597122
37.5632	0.6426350300545127
38.5347	0.6432579154455902
39.5064	0.6442084485782592
40.4782	0.6454747965533131
41.4501	0.6459484984336141
42.4221	0.6456550435846272
43.3943	0.6480423798402344
44.366600000000005	0.647259246144122
45.3391	0.6458477037790822
46.3117	0.6458959315156545
47.284400000000005	0.6435732551114323
48.257200000000005	0.6406775595151185
49.230000000000004	0.6244889590695593
50.2021	0.6241174706477906
51.174400000000006	0.6184185936503033
52.1456	0.6266419083008116
53.1165	0.6237244728804839
54.0872	0.6184192534366856
55.059000000000005	0.6209855897186876
56.0298	0.6072078708884662
57.001200000000004	0.601517464443639
57.9722	0.6072774631709726
58.943200000000004	0.6125772743461821
59.914300000000004	0.6012533070933221
60.885400000000004	0.6169237058301675
61.8566	0.6157203738285086
62.8278	0.60698186795287
63.7991	0.6079178125105686
64.7705	0.6051619298320527
65.742	0.6161136141072888
66.7136	0.6129869407411029
67.6853	0.6151928423407789
68.657	0.6174657603089577
69.6288	0.6159604860623673
70.6007	0.6192336725358936
71.5729	0.6316483827695831
72.5453	0.6315318165270309
73.5176	0.6341706966772547
74.4898	0.6380710833396356
75.462	0.6356322584110905
76.43430000000001	0.6326926589018889
77.4067	0.6439733369914988
78.3773	0.6582297021722652
79.349	0.6553736488802574
80.3206	0.6567441631236046
81.29220000000001	0.6584706696266389
82.2638	0.677866426621226
83.2354	0.6785026636509845
84.2069	0.6639818173647861
85.1782	0.6765135115852609
86.1494	0.6874544822208754
87.1204	0.6980894325034722
88.09100000000001	0.7027307789199051
89.0613	0.7118570481483911
90.0312	0.7255275343689125
91.00070000000001	0.7318052347294349
91.9698	0.7617888763918621
92.9385	0.7717782712835418
93.90830000000001	0.7936807378426272
94.8884	0.8549680727933374
95.86890000000001	0.8650638098632769
96.8494	0.8233916115792804
97.8298	0.8069292639915695
98.81	0.8190864458063728
99.7899	0.8488271061603414
100.7698	0.8699693267001399
101.74950000000001	0.8737722289263239
102.7292	0.8766538373968127
103.70870000000001	0.8868247659028142
104.6884	0.8908179340075943
105.66850000000001	0.8917013531370156
106.64890000000001	0.8771790370190558
107.6288	0.8516918732388095
108.6083	0.784227282599381
109.5875	0.7813943566421476
110.56670000000001	0.7909817303922801
111.5459	0.810288190669351
112.52510000000001	0.8144575785710796
113.50420000000001	0.822741385953198
114.48320000000001	0.8225580695343986
115.4621	0.8341818023392167
116.441	0.8412086501119829
117.4201	0.8421708546102598
118.3991	0.8579603325653022
119.378	0.8734216998035959
120.35740000000001	0.8904780397265961
121.33640000000001	0.874011992189194
122.31530000000001	0.8694189594644326
123.2942	0.869200881571951
124.2731	0.8690203626434541
125.25280000000001	0.9399225366781189
126.23410000000001	0.8399181075718637
127.215	0.8770461510087115
128.19660000000002	0.8304259272063652
129.1781	0.8311942808699309
130.1594	0.8318108085802987
131.1406	0.832398682857713
132.1216	0.8368963112969704
133.10240000000002	0.8369403518891381
134.0841	0.8496549169366538
135.0651	0.8449915532454846
136.04590000000002	0.8447735441625395
137.0264	0.8443510185387177
138.0144	0.9526364996593929
139.002	0.9552170897569243
139.9909	0.9283662568972744
140.9811	0.9760033720392708
141.9719	0.9461541498210082
142.96280000000002	0.9472925141743921
143.9536	0.9483313435027502
144.9443	0.9493871224549889
145.9349	0.9504643041471531
146.9254	0.9649719814404846
147.9159	0.9664031658459288
148.90630000000002	0.9676469704034416
149.8966	0.9688828780977814
150.8868	0.970446400509804
151.8828	0.9769452028444888
152.8784	0.9788949890478912
153.8741	0.9812777439879452
154.8699	0.9836365611585866
155.8659	0.9845470287253325
156.862	0.9452393239624326
157.8581	0.8450068376336591
158.85410000000002	0.8559971466568632
159.8501	0.8672676042326861
160.8461	0.8787894041931245
161.84210000000002	0.8905627803920243
162.8381	0.9026033489832317
163.8342	0.915020699257768
164.8303	0.8907233229684451
165.8264	0.8901497443201374
166.82250000000002	0.8837335225379629
167.8186	0.875175279176124
168.81480000000002	0.8596280412595588
169.811	0.866798604208036
170.8072	0.8741951507870183
171.8034	0.8817561374860005
172.7997	0.8896244493819316
173.79600000000002	0.897636595377863
174.7923	0.9058745935337943
175.7886	0.9143180398297256
176.785	0.8995032932728665
177.78140000000002	0.903895658272866
178.7778	0.9083897807728655
179.7742	0.9129604107728649
180.7707	0.9177092229600265
181.7672	0.9224832826221883
182.7637	0.8971316281685807
183.7603	0.898221759380365
184.7569	0.8992435438921493
185.7535	0.9002989950706004
186.7501	0.9013544462490515
187.7468	0.9025115740938325
188.7435	0.9036003552386136
189.74020000000002	0.9047228030500614
190.73700000000002	0.905946927527839
191.7338	0.9071027053056167
192.7306	0.9082921497500609
193.72750000000002	0.909583270860835
194.7244	0.910839711938276
195.7213	0.9120961530157169
196.7183	0.9134542707594879
197.7153	0.9147777084699256
198.7124	0.916202822846693
199.70950000000002	0.9175595905234605
200.7066	0.9189500248668947
201.7038	0.9204421358766589
202.70100000000002	0.9218995668530898
203.69830000000002	0.9234586744958505
204.6956	0.9249831021052779
205.693	0.9266092063810352
206.6904	0.9281669639567925
207.6879	0.9298600648655467
208.68540000000002	0.9314848190743008
209.68300000000002	0.9332449166160515
210.6806	0.9349366674578021
211.6783	0.9367637616325493
212.67600000000002	0.9385225091072965
213.6738	0.9404165999150406
214.6716	0.9422423440227844
215.6695	0.944203431463525
216.66740000000001	0.9461298388709322
217.6654	0.9481579229446692
218.66340000000002	0.950151326985073
219.66150000000002	0.9522464076918069
220.65970000000002	0.9544084850315373
221.6579	0.9565358823379344
222.6562	0.9587649563106614
223.65460000000002	0.9610610269163851
224.65300000000002	0.9632887508221087
225.6515	0.9656518180608289
226.6501	0.9680818819325459
227.64870000000002	0.9704435991042628
228.6474	0.9729406596089764
229.64620000000002	0.9755047167466864
230.645	0.9780340938510632
231.6439	0.9806651476217702
232.6429	0.9833631980254735
233.64200000000002	0.9861282450621734
234.6412	0.9889602887318701
235.6404	0.9917576523682334
236.6397	0.9946566926709268
237.6391	0.9976227296066167
238.63860000000003	1.0006557631753032
239.6382	1.0037557933769865
240.6379	1.0069228202116662
241.63770000000002	1.0101568436793424
242.63760000000002	1.0134578637800156
243.63760000000002	1.024520471187513
244.63760000000002	1.024520806757983
245.63760000000002	1.0245211423284528
246.63760000000002	1.0245214778989227
247.63760000000002	1.0245218134693923
248.63760000000002	1.0245221490398622
249.63760000000002	1.024522484610332
250.63760000000002	1.0245228201808017
251.63760000000002	1.0245231557512715
252.63760000000002	1.0245234913217414
253.63760000000002	1.0245238268922112
254.63760000000002	1.0245241624626809
255.63760000000002	1.0245244980331507
256.6376	1.0245248336036206
257.6376	1.0245251691740904
258.6376	1.02452550474456
259.6376	1.02452584031503
260.6376	1.0245261758854998
261.6376	1.0245265114559696
262.6376	1.0245268470264393
263.6376	1.0245271825969091
264.6376	1.024527518167379
265.6376	1.0245278537378488
266.6376	1.0245281893083185
267.6376	1.0245285248787883
268.6376	1.0245288604492582
269.6376	1.024529196019728
270.6376	1.0245295315901977
271.6376	1.0245298671606675
272.6376	1.0245302027311374
273.6376	1.0245305383016072
274.6376	1.0245308738720769
275.6376	1.0245312094425467
276.6376	1.0245315450130166
277.6376	1.0245318805834864
278.6376	1.024532216153956
279.6376	1.024532551724426
280.6376	1.0245328872948958
281.6376	1.0245332228653654
282.6376	1.0245335584358353
283.6376	1.0245338940063051
284.6376	1.024534229576775
285.6376	1.0245345651472446
286.6376	1.0245349007177145
287.6376	1.0245352362881843
288.6376	1.0245355718586542
289.6376	1.0245359074291238
290.6376	1.0245362429995937
291.6376	1.0245365785700635
292.6376	1.0245369141405334
293.6376	1.024537249711003
294.6376	1.0245375852814729
295.6376	1.0245379208519427
296.6376	1.0245382564224126
297.6376	1.0245385919928822
298.6376	1.024538927563352
299.6376	1.024539263133822
300.6376	1.0245395987042918
301.6376	1.0245399342747614
302.6376	1.0245402698452313
303.6376	1.0245406054157011
304.6376	1.024540940986171
305.6376	1.0245412765566406
306.6376	1.0245416121271105
307.6376	1.0245419476975803
308.6376	1.0245422832680502
309.6376	1.0245426188385198
310.6376	1.0245429544089897
311.6376	1.0245432899794595
312.6376	1.0245436255499292
313.6376	1.024543961120399
314.6376	1.0245442966908689
315.6376	1.0245446322613387
316.6376	1.0245449678318084
317.6376	1.0245453034022782
318.6376	1.024545638972748
319.6376	1.024545974543218
320.6376	1.0245463101136876
321.6376	1.0245466456841574
322.6376	1.0245469812546273
323.6376	1.0245473168250971
324.6376	1.0245476523955668
325.6376	1.0245479879660366
326.6376	1.0245483235365065
327.6376	1.0245486591069763
328.6376	1.024548994677446
329.6376	1.0245493302479158
330.6376	1.0245496658183857
331.6376	1.0245500013888555
332.6376	1.0245503369593252
333.6376	1.024550672529795
334.6376	1.024551008100265
335.6376	1.0245513436707347
336.6376	1.0245516792412044
337.6376	1.0245520148116742
338.6376	1.024552350382144
339.6376	1.0245526859526137
340.6376	1.0245530215230836
341.6376	1.0245533570935534
342.6376	1.0245536926640233
343.6376	1.024554028234493
344.6376	1.0245543638049628
345.6376	1.0245546993754326
346.6376	1.0245550349459025
347.6376	1.0245553705163721
348.6376	1.024555706086842
349.6376	1.0245560416573118
350.6376	1.0245563772277817
351.6376	1.0245567127982513
352.6376	1.0245570483687212
353.6376	1.024557383939191
354.6376	1.024557719509661
355.6376	1.0245580550801305
356.6376	1.0245583906506004
357.6376	1.0245587262210702
358.6376	1.02455906179154
359.6376	1.0245593973620097
360.6376	1.0245597329324796
361.6376	1.0245600685029495
362.6376	1.0245604040734193
363.6376	1.024560739643889
364.6376	1.0245610752143588
365.6376	1.0245614107848287
366.6376	1.0245617463552985
367.6376	1.0245620819257681
368.6376	1.024562417496238
369.6376	1.0245627530667079
370.6376	1.0245630886371775
371.6376	1.0245634242076473
372.6376	1.0245637597781172
373.6376	1.024564095348587
374.6376	1.0245644309190567
375.6376	1.0245647664895265
376.6376	1.0245651020599964
377.6376	1.0245654376304663
378.6376	1.024565773200936
379.6376	1.0245661087714057
380.6376	1.0245664443418756
381.6376	1.0245667799123455
382.6376	1.024567115482815
383.6376	1.024567451053285
384.6376	1.0245677866237548
385.6376	1.0245681221942247
386.6376	1.0245684577646943
387.6376	1.0245687933351642
388.6376	1.024569128905634
389.6376	1.0245694644761039
390.6376	1.0245698000465735
391.6376	1.0245701356170434
392.6376	1.0245704711875132
393.6376	1.024570806757983
394.6376	1.0245711423284527
395.6376	1.0245714778989226
396.6376	1.0245718134693924
397.6376	1.0245721490398623
398.6376	1.024572484610332
399.6376	1.0245728201808018
400.6376	1.0245731557512716
401.6376	1.0245734913217412
402.6376	1.024573826892211
403.6376	1.024574162462681
404.6376	1.0245744980331508
405.6376	1.0245748336036204
406.6376	1.0245751691740903
407.6376	1.0245755047445602
408.6376	1.02457584031503
409.6376	1.0245761758854997
410.6376	1.0245765114559695
411.6376	1.0245768470264394
412.6376	1.0245771825969092
413.6376	1.0245775181673789
414.6376	1.0245778537378487
415.6376	1.0245781893083186
416.6376	1.0245785248787884
417.6376	1.024578860449258
418.6376	1.024579196019728
419.6376	1.0245795315901978
420.6376	1.0245798671606676
421.6376	1.0245802027311373
422.6376	1.0245805383016071
423.6376	1.024580873872077
424.6376	1.0245812094425468
425.6376	1.0245815450130165
426.6376	1.0245818805834863
427.6376	1.0245822161539562
428.6376	1.0245825517244258
429.6376	1.0245828872948957
430.6376	1.0245832228653655
431.6376	1.0245835584358354
432.6376	1.024583894006305
433.6376	1.0245842295767749
434.6376	1.0245845651472447
435.6376	1.0245849007177146
436.6376	1.0245852362881842
437.6376	1.024585571858654
438.6376	1.024585907429124
439.6376	1.0245862429995938
440.6376	1.0245865785700634
441.6376	1.0245869141405333
442.6376	1.0245872497110031
443.6376	1.024587585281473
444.6376	1.0245879208519426
445.6376	1.0245882564224125
446.6376	1.0245885919928823
447.6376	1.0245889275633522
448.6376	1.0245892631338218
449.6376	1.0245895987042917
450.6376	1.0245899342747615
451.6376	1.0245902698452314
452.6376	1.024590605415701
453.6376	1.0245909409861709
454.6376	1.0245912765566407
455.6376	1.0245916121271106
456.6376	1.0245919476975802
457.6376	1.02459228326805
458.6376	1.02459261883852
459.6376	1.0245929544089898
460.6376	1.0245932899794594
461.6376	1.0245936255499293
462.6376	1.0245939611203991
463.6376	1.0245942966908688
464.6376	1.0245946322613386
465.6376	1.0245949678318085
466.6376	1.0245953034022783
467.6376	1.024595638972748
468.6376	1.0245959745432178
469.6376	1.0245963101136877
470.6376	1.0245966456841575
471.6376	1.0245969812546272
472.6376	1.024597316825097
473.6376	1.0245976523955669
474.6376	1.0245979879660367
475.6376	1.0245983235365064
476.6376	1.0245986591069762
477.6376	1.024598994677446
478.6376	1.024599330247916
479.6376	1.0245996658183856
480.6376	1.0246000013888554
481.6376	1.0246003369593253
482.6376	1.0246006725297951
483.6376	1.0246010081002648
484.6376	1.0246013436707346
485.6376	1.0246016792412045
486.6376	1.0246020148116743
487.6376	1.024602350382144
488.6376	1.0246026859526138
489.6376	1.0246030215230837
490.6376	1.0246033570935533
491.6376	1.0246036926640232
492.6376	1.024604028234493
493.6376	1.024604363804963
494.6376	1.0246046993754325
495.6376	1.0246050349459024
496.6376	1.0246053705163722
497.6376	1.024605706086842
498.6376	1.0246060416573117
499.6376	1.0246063772277816
500.6376	1.0246067127982514
501.6376	1.0246070483687213
502.6376	1.024607383939191
503.6376	1.0246077195096608
504.6376	1.0246080550801306
505.6376	1.0246083906506005
506.6376	1.0246087262210701
507.6376	1.02460906179154
508.6376	1.0246093973620098
509.6376	1.0246097329324797
510.6376	1.0246100685029493
511.6376	1.0246104040734192
512.6376	1.024610739643889
513.6376	1.024611075214359
514.6376	1.0246114107848285
515.6376	1.0246117463552984
516.6376	1.0246120819257682
517.6376	1.024612417496238
518.6376	1.0246127530667077
519.6376	1.0246130886371776
520.6376	1.0246134242076474
521.6376	1.024613759778117
522.6376	1.024614095348587
523.6376	1.0246144309190568
524.6376	1.0246147664895267
525.6376	1.0246151020599963
526.6376	1.0246154376304661
527.6376	1.024615773200936
528.6376	1.0246161087714059
529.6376	1.0246164443418755
530.6376	1.0246167799123453
531.6376	1.0246171154828152
532.6376	1.024617451053285
533.6376	1.0246177866237547
534.6376	1.0246181221942245
535.6376	1.0246184577646944
536.6376	1.0246187933351643
537.6376	1.024619128905634
538.6376	1.0246194644761037
539.6376	1.0246198000465736
540.6376	1.0246201356170435
541.6376	1.024620471187513
542.6376	1.024620806757983
543.6376	1.0246211423284528
544.6376	1.0246214778989227
545.6376	1.0246218134693923
546.6376	1.0246221490398622
547.6376	1.024622484610332
548.6376	1.0246228201808019
549.6376	1.0246231557512715
550.6376	1.0246234913217414
551.6376	1.0246238268922112
552.6376	1.0246241624626808
553.6376	1.0246244980331507
554.6376	1.0246248336036206
555.6376	1.0246251691740904
556.6376	1.02462550474456
557.6376	1.02462584031503
558.6376	1.0246261758854998
559.6376	1.0246265114559696
560.6376	1.0246268470264392
561.6376	1.024627182596909
562.6376	1.024627518167379
563.6376	1.0246278537378488
564.6376	1.0246281893083184
565.6376	1.0246285248787883
566.6376	1.0246288604492582
567.6376	1.024629196019728
568.6376	1.0246295315901977
569.6376	1.0246298671606675
570.6376	1.0246302027311374
571.6376	1.0246305383016072
572.6376	1.0246308738720769
573.6376	1.0246312094425467
574.6376	1.0246315450130166
575.6376	1.0246318805834864
576.6376	1.024632216153956
577.6376	1.024632551724426
578.6376	1.0246328872948958
579.6376	1.0246332228653656
580.6376	1.0246335584358353
581.6376	1.0246338940063051
582.6376	1.024634229576775
583.6376	1.0246345651472446
584.6376	1.0246349007177145
585.6376	1.0246352362881843
586.6376	1.0246355718586542
587.6376	1.0246359074291238
588.6376	1.0246362429995937
589.6376	1.0246365785700635
590.6376	1.0246369141405334
591.6376	1.024637249711003
592.6376	1.0246375852814729
593.6376	1.0246379208519427
594.6376	1.0246382564224126
595.6376	1.0246385919928822
596.6376	1.024638927563352
597.6376	1.024639263133822
598.6376	1.0246395987042918
599.6376	1.0246399342747614
600.6376	1.0246402698452313
601.6376	1.0246406054157011
602.6376	1.024640940986171
603.6376	1.0246412765566406
604.6376	1.0246416121271105
605.6376	1.0246419476975803
606.6376	1.0246422832680502
607.6376	1.0246426188385198
608.6376	1.0246429544089897
609.6376	1.0246432899794595
610.6376	1.0246436255499294
611.6376	1.024643961120399
612.6376	1.0246442966908689
613.6376	1.0246446322613387
614.6376	1.0246449678318084
615.6376	1.0246453034022782
616.6376	1.024645638972748
617.6376	1.024645974543218
618.6376	1.0246463101136876
619.6376	1.0246466456841574
620.6376	1.0246469812546273
621.6376	1.0246473168250971
622.6376	1.0246476523955668
623.6376	1.0246479879660366
624.6376	1.0246483235365065
625.6376	1.0246486591069763
626.6376	1.024648994677446
627.6376	1.0246493302479158
628.6376	1.0246496658183857
629.6376	1.0246500013888555
630.6376	1.0246503369593252
631.6376	1.024650672529795
632.6376	1.0246510081002649
633.6376	1.0246513436707347
634.6376	1.0246516792412044
635.6376	1.0246520148116742
636.6376	1.024652350382144
637.6376	1.024652685952614
638.6376	1.0246530215230836
639.6376	1.0246533570935534
640.6376	1.0246536926640233
641.6376	1.024654028234493
642.6376	1.0246543638049628
643.6376	1.0246546993754326
644.6376	1.0246550349459025
645.6376	1.0246553705163721
646.6376	1.024655706086842
647.6376	1.0246560416573118
648.6376	1.0246563772277817
649.6376	1.0246567127982513
650.6376	1.0246570483687212
651.6376	1.024657383939191
652.6376	1.024657719509661
653.6376	1.0246580550801305
654.6376	1.0246583906506004
655.6376	1.0246587262210702
656.6376	1.02465906179154
657.6376	1.0246593973620097
658.6376	1.0246597329324796
659.6376	1.0246600685029494
660.6376	1.0246604040734193
661.6376	1.024660739643889
662.6376	1.0246610752143588
663.6376	1.0246614107848286
664.6376	1.0246617463552985
665.6376	1.0246620819257681
666.6376	1.024662417496238
667.6376	1.0246627530667078
668.6376	1.0246630886371777
669.6376	1.0246634242076473
670.6376	1.0246637597781172
671.6376	1.024664095348587
672.6376	1.024664430919057
673.6376	1.0246647664895265
674.6376	1.0246651020599964
675.6376	1.0246654376304662
676.6376	1.0246657732009359
677.6376	1.0246661087714057
678.6376	1.0246664443418756
679.6376	1.0246667799123454
680.6376	1.024667115482815
681.6376	1.024667451053285
682.6376	1.0246677866237548
683.6376	1.0246681221942247
684.6376	1.0246684577646943
685.6376	1.0246687933351641
686.6376	1.024669128905634
687.6376	1.0246694644761039
688.6376	1.0246698000465735
689.6376	1.0246701356170433
690.6376	1.0246704711875132
691.6376	1.024670806757983
692.6376	1.0246711423284527
693.6376	1.0246714778989225
694.6376	1.0246718134693924
695.6376	1.0246721490398623
696.6376	1.024672484610332
697.6376	1.0246728201808017
698.6376	1.0246731557512716
699.6376	1.0246734913217415
700.6376	1.024673826892211
701.6376	1.024674162462681
702.6376	1.0246744980331508
703.6376	1.0246748336036204
704.6376	1.0246751691740903
705.6376	1.0246755047445602
706.6376	1.02467584031503
707.6376	1.0246761758854996
708.6376	1.0246765114559695
709.6376	1.0246768470264394
710.6376	1.0246771825969092
711.6376	1.0246775181673788
712.6376	1.0246778537378487
713.6376	1.0246781893083186
714.6376	1.0246785248787884
715.6376	1.024678860449258
716.6376	1.024679196019728
717.6376	1.0246795315901978
718.6376	1.0246798671606676
719.6376	1.0246802027311372
720.6376	1.024680538301607
721.6376	1.024680873872077
722.6376	1.0246812094425468
723.6376	1.0246815450130164
724.6376	1.0246818805834863
725.6376	1.0246822161539562
726.6376	1.024682551724426
727.6376	1.0246828872948957
728.6376	1.0246832228653655
729.6376	1.0246835584358354
730.6376	1.0246838940063052
731.6376	1.0246842295767749
732.6376	1.0246845651472447
733.6376	1.0246849007177146
734.6376	1.0246852362881844
735.6376	1.024685571858654
736.6376	1.024685907429124
737.6376	1.0246862429995938
738.6376	1.0246865785700634
739.6376	1.0246869141405333
740.6376	1.0246872497110031
741.6376	1.024687585281473
742.6376	1.0246879208519426
743.6376	1.0246882564224125
744.6376	1.0246885919928823
745.6376	1.0246889275633522
746.6376	1.0246892631338218
747.6376	1.0246895987042917
748.6376	1.0246899342747615
749.6376	1.0246902698452314
750.6376	1.024690605415701
751.6376	1.0246909409861709
752.6376	1.0246912765566407
753.6376	1.0246916121271106
754.6376	1.0246919476975802
755.6376	1.02469228326805
756.6376	1.02469261883852
757.6376	1.0246929544089898
758.6376	1.0246932899794594
759.6376	1.0246936255499293
760.6376	1.0246939611203991
761.6376	1.024694296690869
762.6376	1.0246946322613386
763.6376	1.0246949678318085
764.6376	1.0246953034022783
765.6376	1.024695638972748
766.6376	1.0246959745432178
767.6376	1.0246963101136877
768.6376	1.0246966456841575
769.6376	1.0246969812546272
770.6376	1.024697316825097
771.6376	1.0246976523955669
772.6376	1.0246979879660367
773.6376	1.0246983235365064
774.6376	1.0246986591069762
775.6376	1.024698994677446
776.6376	1.024699330247916
777.6376	1.0246996658183856
778.6376	1.0247000013888554
779.6376	1.0247003369593253
780.6376	1.0247006725297951
781.6376	1.0247010081002648
782.6376	1.0247013436707346
783.6376	1.0247016792412045
784.6376	1.0247020148116743
785.6376	1.024702350382144
786.6376	1.0247026859526138
787.6376	1.0247030215230837
788.6376	1.0247033570935535
789.6376	1.0247036926640232
790.6376	1.024704028234493
791.6376	1.0247043638049629
792.6376	1.0247046993754327
793.6376	1.0247050349459024
794.6376	1.0247053705163722
795.6376	1.024705706086842
796.6376	1.0247060416573117
797.6376	1.0247063772277816
798.6376	1.0247067127982514
799.6376	1.0247070483687213
800.6376	1.024707383939191
801.6376	1.0247077195096608
802.6376	1.0247080550801306
803.6376	1.0247083906506005
804.6376	1.0247087262210701
805.6376	1.02470906179154
806.6376	1.0247093973620098
807.6376	1.0247097329324797
808.6376	1.0247100685029493
809.6376	1.0247104040734192
810.6376	1.024710739643889
811.6376	1.024711075214359
812.6376	1.0247114107848285
813.6376	1.0247117463552984
814.6376	1.0247120819257682
815.6376	1.024712417496238
816.6376	1.0247127530667077
817.6376	1.0247130886371776
818.6376	1.0247134242076474
819.6376	1.0247137597781173
820.6376	1.024714095348587
821.6376	1.0247144309190568
822.6376	1.0247147664895266
823.6376	1.0247151020599965
824.6376	1.0247154376304661
825.6376	1.024715773200936
826.6376	1.0247161087714058
827.6376	1.0247164443418755
828.6376	1.0247167799123453
829.6376	1.0247171154828152
830.6376	1.024717451053285
831.6376	1.0247177866237547
832.6376	1.0247181221942245
833.6376	1.0247184577646944
834.6376	1.0247187933351642
835.6376	1.0247191289056339
836.6376	1.0247194644761037
837.6376	1.0247198000465736
838.6376	1.0247201356170434
839.6376	1.024720471187513
840.6376	1.024720806757983
841.6376	1.0247211423284528
842.6376	1.0247214778989227
843.6376	1.0247218134693923
844.6376	1.0247221490398621
845.6376	1.024722484610332
846.6376	1.0247228201808019
847.6376	1.0247231557512715
848.6376	1.0247234913217413
849.6376	1.0247238268922112
850.6376	1.024724162462681
851.6376	1.0247244980331507
852.6376	1.0247248336036205
853.6376	1.0247251691740904
854.6376	1.0247255047445603
855.6376	1.02472584031503
856.6376	1.0247261758854997
857.6376	1.0247265114559696
858.6376	1.0247268470264392
859.6376	1.024727182596909
860.6376	1.024727518167379
861.6376	1.0247278537378488
862.6376	1.0247281893083184
863.6376	1.0247285248787883
864.6376	1.0247288604492581
865.6376	1.024729196019728
866.6376	1.0247295315901976
867.6376	1.0247298671606675
868.6376	1.0247302027311374
869.6376	1.0247305383016072
870.6376	1.0247308738720768
871.6376	1.0247312094425467
872.6376	1.0247315450130166
873.6376	1.0247318805834864
874.6376	1.024732216153956
875.6376	1.024732551724426
876.6376	1.0247328872948958
877.6376	1.0247332228653656
878.6376	1.0247335584358352
879.6376	1.024733894006305
880.6376	1.024734229576775
881.6376	1.0247345651472448
882.6376	1.0247349007177144
883.6376	1.0247352362881843
884.6376	1.0247355718586542
885.6376	1.024735907429124
886.6376	1.0247362429995936
887.6376	1.0247365785700635
888.6376	1.0247369141405334
889.6376	1.024737249711003
890.6376	1.0247375852814729
891.6376	1.0247379208519427
892.6376	1.0247382564224126
893.6376	1.0247385919928822
894.6376	1.024738927563352
895.6376	1.024739263133822
896.6376	1.0247395987042918
897.6376	1.0247399342747614
898.6376	1.0247402698452313
899.6376	1.0247406054157011
900.6376	1.024740940986171
901.6376	1.0247412765566406
902.6376	1.0247416121271105
903.6376	1.0247419476975803
904.6376	1.0247422832680502
905.6376	1.0247426188385198
906.6376	1.0247429544089897
907.6376	1.0247432899794595
908.6376	1.0247436255499294
909.6376	1.024743961120399
910.6376	1.0247442966908689
911.6376	1.0247446322613387
912.6376	1.0247449678318086
913.6376	1.0247453034022782
914.6376	1.024745638972748
915.6376	1.024745974543218
916.6376	1.0247463101136876
917.6376	1.0247466456841574
918.6376	1.0247469812546273
919.6376	1.0247473168250971
920.6376	1.0247476523955668
921.6376	1.0247479879660366
922.6376	1.0247483235365065
923.6376	1.0247486591069763
924.6376	1.024748994677446
925.6376	1.0247493302479158
926.6376	1.0247496658183857
927.6376	1.0247500013888555
928.6376	1.0247503369593252
929.6376	1.024750672529795
930.6376	1.0247510081002649
931.6376	1.0247513436707347
932.6376	1.0247516792412044
933.6376	1.0247520148116742
934.6376	1.024752350382144
935.6376	1.024752685952614
936.6376	1.0247530215230836
937.6376	1.0247533570935534
938.6376	1.0247536926640233
939.6376	1.0247540282344931
940.6376	1.0247543638049628
941.6376	1.0247546993754326
942.6376	1.0247550349459025
943.6376	1.0247553705163723
944.6376	1.024755706086842
945.6376	1.0247560416573118
946.6376	1.0247563772277817
947.6376	1.0247567127982515
948.6376	1.0247570483687212
949.6376	1.024757383939191
950.6376	1.0247577195096609
951.6376	1.0247580550801305
952.6376	1.0247583906506004
953.6376	1.0247587262210702
954.6376	1.02475906179154
955.6376	1.0247593973620097
956.6376	1.0247597329324796
957.6376	1.0247600685029494
958.6376	1.0247604040734193
959.6376	1.024760739643889
960.6376	1.0247610752143588
961.6376	1.0247614107848286
962.6376	1.0247617463552985
963.6376	1.0247620819257681
964.6376	1.024762417496238
965.6376	1.0247627530667078
966.6376	1.0247630886371777
967.6376	1.0247634242076473
968.6376	1.0247637597781172
969.6376	1.024764095348587
970.6376	1.024764430919057
971.6376	1.0247647664895265
972.6376	1.0247651020599964
973.6376	1.0247654376304662
974.6376	1.024765773200936
975.6376	1.0247661087714057
976.6376	1.0247664443418756
977.6376	1.0247667799123454
978.6376	1.024767115482815
979.6376	1.024767451053285
980.6376	1.0247677866237548
981.6376	1.0247681221942246
982.6376	1.0247684577646943
983.6376	1.0247687933351641
984.6376	1.024769128905634
985.6376	1.0247694644761038
986.6376	1.0247698000465735
987.6376	1.0247701356170433
988.6376	1.0247704711875132
989.6376	1.024770806757983
990.6376	1.0247711423284527
991.6376	1.0247714778989225
992.6376	1.0247718134693924
993.6376	1.0247721490398622
994.6376	1.0247724846103319
995.6376	1.0247728201808017
996.6376	1.0247731557512716
997.6376	1.0247734913217414
998.6376	1.024773826892211
999.6376	1.024774162462681
