0.8641000000000001	0.493414865118198
1.8415000000000001	0.4926789185469408
2.817	0.4916966242304821
3.7869	0.49108450521647284
4.7577	0.4900824450621265
5.7195	0.490783638988761
6.6816	0.49194284763431706
7.644	0.49422007887816943
8.6067	0.49686231886652554
9.5698	0.4964402245839159
10.5334	0.49668639489514477
11.497200000000001	0.49620871704588576
12.4611	0.49817679187964603
13.4251	0.4985347381463704
14.3892	0.49857132257729186
15.3534	0.5000915252932203
16.317700000000002	0.5015725692617303
17.282	0.5011715412298499
18.2463	0.5013388681186448
19.2107	0.5033897972120309
20.1752	0.505490392519778
21.1399	0.5050083494047728
22.1049	0.5065371741637064
23.0701	0.5118743623948458
24.035500000000003	0.5137581745595623
25.0012	0.5171027476493505
25.9673	0.5194481466123224
26.933600000000002	0.5222757278743118
27.8993	0.5259388489088269
28.866	0.5289616447761872
29.832900000000002	0.5290056833949899
30.8	0.5296574790332902
31.767300000000002	0.5302545968000602
32.7348	0.530912299099663
33.702400000000004	0.5316438562477699
34.67	0.5325292510065048
35.6391	0.5335840330770434
36.6122	0.5342867945757345
37.5855	0.5349170712943118
38.559000000000005	0.5352684882084905
39.5328	0.5364041672324245
40.5069	0.5385874878110299
41.4812	0.539186670914098
42.4558	0.5405565176027274
43.430600000000005	0.5417320270515744
44.4058	0.5437382888332577
45.3797	0.5465803373196141
46.3508	0.5464832384580174
47.3221	0.54513863061809
48.293600000000005	0.548388294694244
49.2654	0.5479773189305337
50.237300000000005	0.5498208546339279
51.2083	0.5502536699735485
52.179300000000005	0.5488455683508158
53.150800000000004	0.5479023866111916
54.120200000000004	0.5450605737137324
55.0865	0.5400474932771898
56.049400000000006	0.5373754691869033
57.0123	0.5341639205702211
57.975300000000004	0.5319524209716977
58.941	0.5341963532628697
59.908100000000005	0.5322377365443307
60.8751	0.5292513047119402
61.8419	0.5253171157854113
62.80820000000001	0.5250030686877567
63.774	0.5211903563109873
64.7395	0.5154664957494405
65.7047	0.516272068435664
66.6696	0.5122766496604516
67.6342	0.507400861246346
68.5984	0.5033747607346317
69.5621	0.49708947760646793
70.5252	0.49593373610355285
71.4927	0.494300422818296
72.46170000000001	0.4867110190973106
73.4306	0.4783676544498996
74.3994	0.472446518923331
75.3681	0.480543346963307
76.33670000000001	0.4808787261437155
77.30510000000001	0.48039364626726566
78.27000000000001	0.49425816058845995
79.2346	0.49578041364660863
80.1992	0.5073279831607554
81.1637	0.5266185505490252
82.12830000000001	0.5227859448559339
83.0929	0.5241388026359274
84.05760000000001	0.5166539253781345
85.0219	0.524840446584805
85.9854	0.5312506987423867
86.94810000000001	0.5449673755342768
87.9101	0.5553476298341764
88.8713	0.552103089554447
89.8323	0.5491988794840257
90.79260000000001	0.5494308100470933
91.75240000000001	0.557084633941733
92.71170000000001	0.5643485562601054
93.6705	0.5695047181969312
94.6288	0.5753513444626365
95.5866	0.5876755706139041
96.5437	0.5960011517246172
97.5	0.6238937519945777
98.4555	0.6389111280917973
99.4167	0.6391872359979172
100.37310000000001	0.6552643753731835
101.3313	0.6761863400329448
102.2911	0.6874758585994444
103.2527	0.6901583516443908
104.21350000000001	0.6931246009261965
105.17370000000001	0.7224047225714444
106.1376	0.8252962925031888
107.1166	0.8419904896715266
108.09580000000001	0.8442482968383019
109.075	0.8480840292815088
110.054	0.8508600572272692
111.03290000000001	0.8542752243572718
112.01180000000001	0.8658279905285116
112.99050000000001	0.8696516306726201
113.96900000000001	0.8737626487912159
114.9475	0.8775573832143385
115.9259	0.8788855648358639
116.9041	0.8746139366505876
117.88220000000001	0.8707156950903556
118.8597	0.8590723345646158
119.8382	0.8875735742176181
120.8161	0.8901726099917078
121.79490000000001	0.9019568299339547
122.77550000000001	0.9038610440294517
123.7561	0.881662025744462
124.7367	0.9109107076620165
125.7172	0.917204660997553
126.69770000000001	0.9023755203944493
127.6782	0.9139849466495102
128.6585	0.9293046125110331
129.6387	0.9201904050832457
130.61860000000001	0.9205500730132183
131.5985	0.9210834600398967
132.579	0.9277317000835387
133.5597	0.9337446438629137
134.5402	0.9440286979228288
135.5209	0.9453049015503189
136.5015	0.9354591847193071
137.4819	0.9484393712078955
138.4631	0.9514137889473291
139.4463	0.9343651569315083
140.42870000000002	0.9407517415980274
141.411	0.9438013127788684
142.3931	0.953483075488034
143.3751	0.9588802309709006
144.357	0.958578818118027
145.33870000000002	0.9528881949559873
146.3201	0.9630018653025729
147.3021	0.9558686284910516
148.2914	0.973900662624924
149.2808	0.9731228788118478
150.2704	0.9746013669907604
151.2602	0.9764271144146041
152.2502	0.977544736745143
153.24030000000002	0.9789683497063375
154.2304	0.9788312701818833
155.22060000000002	0.9874000551504523
156.21120000000002	0.9918847235152934
157.20170000000002	0.9925599081855815
158.1921	0.9932975090524163
159.1825	0.9927793090608593
160.1728	0.9936953382236821
161.163	0.9930937748233989
162.1536	0.807917149617394
163.1438	0.8188452237140358
164.1344	0.993471757252538
165.12470000000002	0.9949423777321691
166.1149	0.9969101606996992
167.10510000000002	0.9986448882457712
168.0978	0.9986258500896041
169.09040000000002	0.9988855318660063
170.083	0.9991140632878345
171.0756	0.9993489079040638
172.06820000000002	0.9995917887332948
173.0609	0.9999423585598849
174.05360000000002	1.0002022733865485
175.0463	1.0004707871215872
176.03910000000002	1.0008486739763345
177.0319	1.0009567564954562
178.0247	1.0010616217322998
179.01760000000002	1.0012679878738893
180.0105	1.0013767345843534
181.0035	0.9970135620034866
181.9965	0.9978205621625945
182.98950000000002	0.9985837950776452
183.98260000000002	0.9994697123413462
184.97570000000002	1.0002832188082278
185.96890000000002	1.0012158757814578
186.96210000000002	1.0127374708431598
187.9554	1.0131844739588112
188.9488	1.0136994240748016
189.9422	1.0141251003283904
190.9357	1.0146617731946985
191.9293	1.0117729699682447
192.923	1.0123150926933953
193.91670000000002	1.0127705330445496
194.9105	1.0133410825462772
195.9044	1.013928446081532
196.8984	1.0145331530716326
197.8925	1.0150561856311229
198.88670000000002	1.0154235589310932
199.881	1.01566694869866
200.8754	1.01588673703859
201.8699	1.0158894564116088
202.8646	1.016215536131157
203.85940000000002	1.0164487434302067
204.85430000000002	1.0135150104299437
205.8494	1.0140962575546129
206.8446	1.0145963694639608
207.84	1.0152166384788033
208.8356	1.0158591739229283
209.8313	1.016420673732232
210.8272	1.0171056572763457
211.82330000000002	1.017812962695448
212.8196	1.0184841757016803
213.8161	1.0139671788188112
214.8124	1.0112699975650479
215.80870000000002	1.011496813803981
216.805	1.011762672694692
217.8013	1.0120379959643928
218.79770000000002	1.0124253515723307
219.79410000000001	1.0127218142980547
220.7905	1.013028846637237
221.7869	1.0133464544614423
222.7834	1.0137766529981302
223.7799	1.014230218556034
224.77640000000002	1.0144364526390783
225.77290000000002	1.0146505596304398
226.76950000000002	1.0148072357423872
227.76610000000002	1.0148242582142974
228.76270000000002	1.014841848101938
229.7594	1.0149614764038222
230.7561	1.014979633707193
231.7528	1.014998358426294
232.74960000000002	1.0151191215596391
233.74640000000002	1.0151384136944706
234.7432	1.0151582732450324
235.7401	1.0152801712098376
236.73700000000002	1.0153005981761298
237.7339	1.0153215925581522
238.73090000000002	1.0154446253544187
239.7279	1.0154667545679017
240.72500000000002	1.0155909221956285
241.7221	1.0156136188248421
242.7192	1.015636882869786
243.71640000000002	1.0157621853289736
244.7136	1.015786584205378
245.7109	1.0159130214960261
246.7082	1.0159379877881611
247.7056	1.01606555991027
248.703	1.0160916610338655
249.7004	1.0161183295731913
250.6979	1.0162470365267608
251.6954	1.0162748398975474
252.693	1.0164046816825778
253.69060000000002	1.016433619884825
254.6883	1.0165645965013157
255.686	1.0165946695350236
256.6838	1.0167267809829754
257.68170000000003	1.0168600272623876
258.6796	1.0168918025432865
259.67760000000004	1.0170261836541594
260.67560000000003	1.017059661182249
261.6737	1.017195177124583
262.6718	1.0172297894841336
263.67	1.0173664402579279
264.6683	1.0175042258631828
265.6666	1.0175411078856547
266.665	1.0176800283223704
267.6635	1.0178200835905467
268.66200000000003	1.01785923527594
269.6606	1.018000425375577
270.65930000000003	1.0181427503066747
271.6581	1.018286210069233
272.6569	1.018328198833278
273.6558	1.018472793427297
274.6548	1.0186185228527767
275.6539	1.018765387109717
276.653	1.018810780368144
277.6522	1.0189587794565451
278.6515	1.019107913376407
279.65090000000004	1.0192581821277291
280.6504	1.0194095857105123
281.65000000000003	1.019562124124756
282.6497	1.0197157973704605
283.6494	1.0197685670333818
284.6492	1.019923375110547
285.64910000000003	1.0200793180191725
286.64910000000003	1.0203009328007244
287.64910000000003	1.0203009328007244
288.64910000000003	1.0203009328007244
289.64910000000003	1.0203009328007244
290.64910000000003	1.0203009328007244
291.64910000000003	1.0203009328007244
292.64910000000003	1.0203009328007244
293.64910000000003	1.0203009328007244
294.64910000000003	1.0203009328007244
295.64910000000003	1.0203009328007244
296.64910000000003	1.0203009328007244
297.64910000000003	1.0203009328007244
298.64910000000003	1.0203009328007244
299.64910000000003	1.0203009328007244
300.64910000000003	1.0203009328007244
301.64910000000003	1.0203009328007244
302.64910000000003	1.0203009328007244
303.64910000000003	1.0203009328007244
304.64910000000003	1.0203009328007244
305.64910000000003	1.0203009328007244
306.64910000000003	1.0203009328007244
307.64910000000003	1.0203009328007244
308.64910000000003	1.0203009328007244
309.64910000000003	1.0203009328007244
310.64910000000003	1.0203009328007244
311.64910000000003	1.0203009328007244
312.64910000000003	1.0203009328007244
313.64910000000003	1.0203009328007244
314.64910000000003	1.0203009328007244
315.64910000000003	1.0203009328007244
316.64910000000003	1.0203009328007244
317.64910000000003	1.0203009328007244
318.64910000000003	1.0203009328007244
319.64910000000003	1.0203009328007244
320.64910000000003	1.0203009328007244
321.64910000000003	1.0203009328007244
322.64910000000003	1.0203009328007244
323.64910000000003	1.0203009328007244
324.64910000000003	1.0203009328007244
325.64910000000003	1.0203009328007244
326.64910000000003	1.0203009328007244
327.64910000000003	1.0203009328007244
328.64910000000003	1.0203009328007244
329.64910000000003	1.0203009328007244
330.64910000000003	1.0203009328007244
331.64910000000003	1.0203009328007244
332.64910000000003	1.0203009328007244
333.64910000000003	1.0203009328007244
334.64910000000003	1.0203009328007244
335.64910000000003	1.0203009328007244
336.64910000000003	1.0203009328007244
337.64910000000003	1.0203009328007244
338.64910000000003	1.0203009328007244
339.64910000000003	1.0203009328007244
340.64910000000003	1.0203009328007244
341.64910000000003	1.0203009328007244
342.64910000000003	1.0203009328007244
343.64910000000003	1.0203009328007244
344.64910000000003	1.0203009328007244
345.64910000000003	1.0203009328007244
346.64910000000003	1.0203009328007244
347.64910000000003	1.0203009328007244
348.64910000000003	1.0203009328007244
349.64910000000003	1.0203009328007244
350.64910000000003	1.0203009328007244
351.64910000000003	1.0203009328007244
352.64910000000003	1.0203009328007244
353.64910000000003	1.0203009328007244
354.64910000000003	1.0203009328007244
355.64910000000003	1.0203009328007244
356.64910000000003	1.0203009328007244
357.64910000000003	1.0203009328007244
358.64910000000003	1.0203009328007244
359.64910000000003	1.0203009328007244
360.64910000000003	1.0203009328007244
361.64910000000003	1.0203009328007244
362.64910000000003	1.0203009328007244
363.64910000000003	1.0203009328007244
364.64910000000003	1.0203009328007244
365.64910000000003	1.0203009328007244
366.64910000000003	1.0203009328007244
367.64910000000003	1.0203009328007244
368.64910000000003	1.0203009328007244
369.64910000000003	1.0203009328007244
370.64910000000003	1.0203009328007244
371.64910000000003	1.0203009328007244
372.64910000000003	1.0203009328007244
373.64910000000003	1.0203009328007244
374.64910000000003	1.0203009328007244
375.64910000000003	1.0203009328007244
376.64910000000003	1.0203009328007244
377.64910000000003	1.0203009328007244
378.64910000000003	1.0203009328007244
379.64910000000003	1.0203009328007244
380.64910000000003	1.0203009328007244
381.64910000000003	1.0203009328007244
382.64910000000003	1.0203009328007244
383.64910000000003	1.0203009328007244
384.64910000000003	1.0203009328007244
385.64910000000003	1.0203009328007244
386.64910000000003	1.0203009328007244
387.64910000000003	1.0203009328007244
388.64910000000003	1.0203009328007244
389.64910000000003	1.0203009328007244
390.64910000000003	1.0203009328007244
391.64910000000003	1.0203009328007244
392.64910000000003	1.0203009328007244
393.64910000000003	1.0203009328007244
394.64910000000003	1.0203009328007244
395.64910000000003	1.0203009328007244
396.64910000000003	1.0203009328007244
397.64910000000003	1.0203009328007244
398.64910000000003	1.0203009328007244
399.64910000000003	1.0203009328007244
400.64910000000003	1.0203009328007244
401.64910000000003	1.0203009328007244
402.64910000000003	1.0203009328007244
403.64910000000003	1.0203009328007244
404.64910000000003	1.0203009328007244
405.64910000000003	1.0203009328007244
406.64910000000003	1.0203009328007244
407.64910000000003	1.0203009328007244
408.64910000000003	1.0203009328007244
409.64910000000003	1.0203009328007244
410.64910000000003	1.0203009328007244
411.64910000000003	1.0203009328007244
412.64910000000003	1.0203009328007244
413.64910000000003	1.0203009328007244
414.64910000000003	1.0203009328007244
415.64910000000003	1.0203009328007244
416.64910000000003	1.0203009328007244
417.64910000000003	1.0203009328007244
418.64910000000003	1.0203009328007244
419.64910000000003	1.0203009328007244
420.64910000000003	1.0203009328007244
421.64910000000003	1.0203009328007244
422.64910000000003	1.0203009328007244
423.64910000000003	1.0203009328007244
424.64910000000003	1.0203009328007244
425.64910000000003	1.0203009328007244
426.64910000000003	1.0203009328007244
427.64910000000003	1.0203009328007244
428.64910000000003	1.0203009328007244
429.64910000000003	1.0203009328007244
430.64910000000003	1.0203009328007244
431.64910000000003	1.0203009328007244
432.64910000000003	1.0203009328007244
433.64910000000003	1.0203009328007244
434.64910000000003	1.0203009328007244
435.64910000000003	1.0203009328007244
436.64910000000003	1.0203009328007244
437.64910000000003	1.0203009328007244
438.64910000000003	1.0203009328007244
439.64910000000003	1.0203009328007244
440.64910000000003	1.0203009328007244
441.64910000000003	1.0203009328007244
442.64910000000003	1.0203009328007244
443.64910000000003	1.0203009328007244
444.64910000000003	1.0203009328007244
445.64910000000003	1.0203009328007244
446.64910000000003	1.0203009328007244
447.64910000000003	1.0203009328007244
448.64910000000003	1.0203009328007244
449.64910000000003	1.0203009328007244
450.64910000000003	1.0203009328007244
451.64910000000003	1.0203009328007244
452.64910000000003	1.0203009328007244
453.64910000000003	1.0203009328007244
454.64910000000003	1.0203009328007244
455.64910000000003	1.0203009328007244
456.64910000000003	1.0203009328007244
457.64910000000003	1.0203009328007244
458.64910000000003	1.0203009328007244
459.64910000000003	1.0203009328007244
460.64910000000003	1.0203009328007244
461.64910000000003	1.0203009328007244
462.64910000000003	1.0203009328007244
463.64910000000003	1.0203009328007244
464.64910000000003	1.0203009328007244
465.64910000000003	1.0203009328007244
466.64910000000003	1.0203009328007244
467.64910000000003	1.0203009328007244
468.64910000000003	1.0203009328007244
469.64910000000003	1.0203009328007244
470.64910000000003	1.0203009328007244
471.64910000000003	1.0203009328007244
472.64910000000003	1.0203009328007244
473.64910000000003	1.0203009328007244
474.64910000000003	1.0203009328007244
475.64910000000003	1.0203009328007244
476.64910000000003	1.0203009328007244
477.64910000000003	1.0203009328007244
478.64910000000003	1.0203009328007244
479.64910000000003	1.0203009328007244
480.64910000000003	1.0203009328007244
481.64910000000003	1.0203009328007244
482.64910000000003	1.0203009328007244
483.64910000000003	1.0203009328007244
484.64910000000003	1.0203009328007244
485.64910000000003	1.0203009328007244
486.64910000000003	1.0203009328007244
487.64910000000003	1.0203009328007244
488.64910000000003	1.0203009328007244
489.64910000000003	1.0203009328007244
490.64910000000003	1.0203009328007244
491.64910000000003	1.0203009328007244
492.64910000000003	1.0203009328007244
493.64910000000003	1.0203009328007244
494.64910000000003	1.0203009328007244
495.64910000000003	1.0203009328007244
496.64910000000003	1.0203009328007244
497.64910000000003	1.0203009328007244
498.64910000000003	1.0203009328007244
499.64910000000003	1.0203009328007244
500.64910000000003	1.0203009328007244
501.64910000000003	1.0203009328007244
502.64910000000003	1.0203009328007244
503.64910000000003	1.0203009328007244
504.64910000000003	1.0203009328007244
505.64910000000003	1.0203009328007244
506.64910000000003	1.0203009328007244
507.64910000000003	1.0203009328007244
508.64910000000003	1.0203009328007244
509.64910000000003	1.0203009328007244
510.64910000000003	1.0203009328007244
511.64910000000003	1.0203009328007244
512.6491	1.0203009328007244
513.6491	1.0203009328007244
514.6491	1.0203009328007244
515.6491	1.0203009328007244
516.6491	1.0203009328007244
517.6491	1.0203009328007244
518.6491	1.0203009328007244
519.6491	1.0203009328007244
520.6491	1.0203009328007244
521.6491	1.0203009328007244
522.6491	1.0203009328007244
523.6491	1.0203009328007244
524.6491	1.0203009328007244
525.6491	1.0203009328007244
526.6491	1.0203009328007244
527.6491	1.0203009328007244
528.6491	1.0203009328007244
529.6491	1.0203009328007244
530.6491	1.0203009328007244
531.6491	1.0203009328007244
532.6491	1.0203009328007244
533.6491	1.0203009328007244
534.6491	1.0203009328007244
535.6491	1.0203009328007244
536.6491	1.0203009328007244
537.6491	1.0203009328007244
538.6491	1.0203009328007244
539.6491	1.0203009328007244
540.6491	1.0203009328007244
541.6491	1.0203009328007244
542.6491	1.0203009328007244
543.6491	1.0203009328007244
544.6491	1.0203009328007244
545.6491	1.0203009328007244
546.6491	1.0203009328007244
547.6491	1.0203009328007244
548.6491	1.0203009328007244
549.6491	1.0203009328007244
550.6491	1.0203009328007244
551.6491	1.0203009328007244
552.6491	1.0203009328007244
553.6491	1.0203009328007244
554.6491	1.0203009328007244
555.6491	1.0203009328007244
556.6491	1.0203009328007244
557.6491	1.0203009328007244
558.6491	1.0203009328007244
559.6491	1.0203009328007244
560.6491	1.0203009328007244
561.6491	1.0203009328007244
562.6491	1.0203009328007244
563.6491	1.0203009328007244
564.6491	1.0203009328007244
565.6491	1.0203009328007244
566.6491	1.0203009328007244
567.6491	1.0203009328007244
568.6491	1.0203009328007244
569.6491	1.0203009328007244
570.6491	1.0203009328007244
571.6491	1.0203009328007244
572.6491	1.0203009328007244
573.6491	1.0203009328007244
574.6491	1.0203009328007244
575.6491	1.0203009328007244
576.6491	1.0203009328007244
577.6491	1.0203009328007244
578.6491	1.0203009328007244
579.6491	1.0203009328007244
580.6491	1.0203009328007244
581.6491	1.0203009328007244
582.6491	1.0203009328007244
583.6491	1.0203009328007244
584.6491	1.0203009328007244
585.6491	1.0203009328007244
586.6491	1.0203009328007244
587.6491	1.0203009328007244
588.6491	1.0203009328007244
589.6491	1.0203009328007244
590.6491	1.0203009328007244
591.6491	1.0203009328007244
592.6491	1.0203009328007244
593.6491	1.0203009328007244
594.6491	1.0203009328007244
595.6491	1.0203009328007244
596.6491	1.0203009328007244
597.6491	1.0203009328007244
598.6491	1.0203009328007244
599.6491	1.0203009328007244
600.6491	1.0203009328007244
601.6491	1.0203009328007244
602.6491	1.0203009328007244
603.6491	1.0203009328007244
604.6491	1.0203009328007244
605.6491	1.0203009328007244
606.6491	1.0203009328007244
607.6491	1.0203009328007244
608.6491	1.0203009328007244
609.6491	1.0203009328007244
610.6491	1.0203009328007244
611.6491	1.0203009328007244
612.6491	1.0203009328007244
613.6491	1.0203009328007244
614.6491	1.0203009328007244
615.6491	1.0203009328007244
616.6491	1.0203009328007244
617.6491	1.0203009328007244
618.6491	1.0203009328007244
619.6491	1.0203009328007244
620.6491	1.0203009328007244
621.6491	1.0203009328007244
622.6491	1.0203009328007244
623.6491	1.0203009328007244
624.6491	1.0203009328007244
625.6491	1.0203009328007244
626.6491	1.0203009328007244
627.6491	1.0203009328007244
628.6491	1.0203009328007244
629.6491	1.0203009328007244
630.6491	1.0203009328007244
631.6491	1.0203009328007244
632.6491	1.0203009328007244
633.6491	1.0203009328007244
634.6491	1.0203009328007244
635.6491	1.0203009328007244
636.6491	1.0203009328007244
637.6491	1.0203009328007244
638.6491	1.0203009328007244
639.6491	1.0203009328007244
640.6491	1.0203009328007244
641.6491	1.0203009328007244
642.6491	1.0203009328007244
643.6491	1.0203009328007244
644.6491	1.0203009328007244
645.6491	1.0203009328007244
646.6491	1.0203009328007244
647.6491	1.0203009328007244
648.6491	1.0203009328007244
649.6491	1.0203009328007244
650.6491	1.0203009328007244
651.6491	1.0203009328007244
652.6491	1.0203009328007244
653.6491	1.0203009328007244
654.6491	1.0203009328007244
655.6491	1.0203009328007244
656.6491	1.0203009328007244
657.6491	1.0203009328007244
658.6491	1.0203009328007244
659.6491	1.0203009328007244
660.6491	1.0203009328007244
661.6491	1.0203009328007244
662.6491	1.0203009328007244
663.6491	1.0203009328007244
664.6491	1.0203009328007244
665.6491	1.0203009328007244
666.6491	1.0203009328007244
667.6491	1.0203009328007244
668.6491	1.0203009328007244
669.6491	1.0203009328007244
670.6491	1.0203009328007244
671.6491	1.0203009328007244
672.6491	1.0203009328007244
673.6491	1.0203009328007244
674.6491	1.0203009328007244
675.6491	1.0203009328007244
676.6491	1.0203009328007244
677.6491	1.0203009328007244
678.6491	1.0203009328007244
679.6491	1.0203009328007244
680.6491	1.0203009328007244
681.6491000000001	1.0203009328007244
682.6491000000001	1.0203009328007244
683.6491000000001	1.0203009328007244
684.6491000000001	1.0203009328007244
685.6491000000001	1.0203009328007244
686.6491000000001	1.0203009328007244
687.6491000000001	1.0203009328007244
688.6491000000001	1.0203009328007244
689.6491000000001	1.0203009328007244
690.6491000000001	1.0203009328007244
691.6491000000001	1.0203009328007244
692.6491000000001	1.0203009328007244
693.6491000000001	1.0203009328007244
694.6491000000001	1.0203009328007244
695.6491000000001	1.0203009328007244
696.6491000000001	1.0203009328007244
697.6491000000001	1.0203009328007244
698.6491000000001	1.0203009328007244
699.6491000000001	1.0203009328007244
700.6491000000001	1.0203009328007244
701.6491000000001	1.0203009328007244
702.6491000000001	1.0203009328007244
703.6491000000001	1.0203009328007244
704.6491000000001	1.0203009328007244
705.6491000000001	1.0203009328007244
706.6491000000001	1.0203009328007244
707.6491000000001	1.0203009328007244
708.6491000000001	1.0203009328007244
709.6491000000001	1.0203009328007244
710.6491000000001	1.0203009328007244
711.6491000000001	1.0203009328007244
712.6491000000001	1.0203009328007244
713.6491000000001	1.0203009328007244
714.6491000000001	1.0203009328007244
715.6491000000001	1.0203009328007244
716.6491000000001	1.0203009328007244
717.6491000000001	1.0203009328007244
718.6491000000001	1.0203009328007244
719.6491000000001	1.0203009328007244
720.6491000000001	1.0203009328007244
721.6491000000001	1.0203009328007244
722.6491000000001	1.0203009328007244
723.6491000000001	1.0203009328007244
724.6491000000001	1.0203009328007244
725.6491000000001	1.0203009328007244
726.6491000000001	1.0203009328007244
727.6491000000001	1.0203009328007244
728.6491000000001	1.0203009328007244
729.6491000000001	1.0203009328007244
730.6491000000001	1.0203009328007244
731.6491000000001	1.0203009328007244
732.6491000000001	1.0203009328007244
733.6491000000001	1.0203009328007244
734.6491000000001	1.0203009328007244
735.6491000000001	1.0203009328007244
736.6491000000001	1.0203009328007244
737.6491000000001	1.0203009328007244
738.6491000000001	1.0203009328007244
739.6491000000001	1.0203009328007244
740.6491000000001	1.0203009328007244
741.6491000000001	1.0203009328007244
742.6491000000001	1.0203009328007244
743.6491000000001	1.0203009328007244
744.6491000000001	1.0203009328007244
745.6491000000001	1.0203009328007244
746.6491000000001	1.0203009328007244
747.6491000000001	1.0203009328007244
748.6491000000001	1.0203009328007244
749.6491000000001	1.0203009328007244
750.6491000000001	1.0203009328007244
751.6491000000001	1.0203009328007244
752.6491000000001	1.0203009328007244
753.6491000000001	1.0203009328007244
754.6491000000001	1.0203009328007244
755.6491000000001	1.0203009328007244
756.6491000000001	1.0203009328007244
757.6491000000001	1.0203009328007244
758.6491000000001	1.0203009328007244
759.6491000000001	1.0203009328007244
760.6491000000001	1.0203009328007244
761.6491000000001	1.0203009328007244
762.6491000000001	1.0203009328007244
763.6491000000001	1.0203009328007244
764.6491000000001	1.0203009328007244
765.6491000000001	1.0203009328007244
766.6491000000001	1.0203009328007244
767.6491000000001	1.0203009328007244
768.6491000000001	1.0203009328007244
769.6491000000001	1.0203009328007244
770.6491000000001	1.0203009328007244
771.6491000000001	1.0203009328007244
772.6491000000001	1.0203009328007244
773.6491000000001	1.0203009328007244
774.6491000000001	1.0203009328007244
775.6491000000001	1.0203009328007244
776.6491000000001	1.0203009328007244
777.6491000000001	1.0203009328007244
778.6491000000001	1.0203009328007244
779.6491000000001	1.0203009328007244
780.6491000000001	1.0203009328007244
781.6491000000001	1.0203009328007244
782.6491000000001	1.0203009328007244
783.6491000000001	1.0203009328007244
784.6491000000001	1.0203009328007244
785.6491000000001	1.0203009328007244
786.6491000000001	1.0203009328007244
787.6491000000001	1.0203009328007244
788.6491000000001	1.0203009328007244
789.6491000000001	1.0203009328007244
790.6491000000001	1.0203009328007244
791.6491000000001	1.0203009328007244
792.6491000000001	1.0203009328007244
793.6491000000001	1.0203009328007244
794.6491000000001	1.0203009328007244
795.6491000000001	1.0203009328007244
796.6491000000001	1.0203009328007244
797.6491000000001	1.0203009328007244
798.6491000000001	1.0203009328007244
799.6491000000001	1.0203009328007244
800.6491000000001	1.0203009328007244
801.6491000000001	1.0203009328007244
802.6491000000001	1.0203009328007244
803.6491000000001	1.0203009328007244
804.6491000000001	1.0203009328007244
805.6491000000001	1.0203009328007244
806.6491000000001	1.0203009328007244
807.6491000000001	1.0203009328007244
808.6491000000001	1.0203009328007244
809.6491000000001	1.0203009328007244
810.6491000000001	1.0203009328007244
811.6491000000001	1.0203009328007244
812.6491000000001	1.0203009328007244
813.6491000000001	1.0203009328007244
814.6491000000001	1.0203009328007244
815.6491000000001	1.0203009328007244
816.6491000000001	1.0203009328007244
817.6491000000001	1.0203009328007244
818.6491000000001	1.0203009328007244
819.6491000000001	1.0203009328007244
820.6491000000001	1.0203009328007244
821.6491000000001	1.0203009328007244
822.6491000000001	1.0203009328007244
823.6491000000001	1.0203009328007244
824.6491000000001	1.0203009328007244
825.6491000000001	1.0203009328007244
826.6491000000001	1.0203009328007244
827.6491000000001	1.0203009328007244
828.6491000000001	1.0203009328007244
829.6491000000001	1.0203009328007244
830.6491000000001	1.0203009328007244
831.6491000000001	1.0203009328007244
832.6491000000001	1.0203009328007244
833.6491000000001	1.0203009328007244
834.6491000000001	1.0203009328007244
835.6491000000001	1.0203009328007244
836.6491000000001	1.0203009328007244
837.6491000000001	1.0203009328007244
838.6491000000001	1.0203009328007244
839.6491000000001	1.0203009328007244
840.6491000000001	1.0203009328007244
841.6491000000001	1.0203009328007244
842.6491000000001	1.0203009328007244
843.6491000000001	1.0203009328007244
844.6491000000001	1.0203009328007244
845.6491000000001	1.0203009328007244
846.6491000000001	1.0203009328007244
847.6491000000001	1.0203009328007244
848.6491000000001	1.0203009328007244
849.6491000000001	1.0203009328007244
850.6491000000001	1.0203009328007244
851.6491000000001	1.0203009328007244
852.6491000000001	1.0203009328007244
853.6491000000001	1.0203009328007244
854.6491000000001	1.0203009328007244
855.6491000000001	1.0203009328007244
856.6491000000001	1.0203009328007244
857.6491000000001	1.0203009328007244
858.6491000000001	1.0203009328007244
859.6491000000001	1.0203009328007244
860.6491000000001	1.0203009328007244
861.6491000000001	1.0203009328007244
862.6491000000001	1.0203009328007244
863.6491000000001	1.0203009328007244
864.6491000000001	1.0203009328007244
865.6491000000001	1.0203009328007244
866.6491000000001	1.0203009328007244
867.6491000000001	1.0203009328007244
868.6491000000001	1.0203009328007244
869.6491000000001	1.0203009328007244
870.6491000000001	1.0203009328007244
871.6491000000001	1.0203009328007244
872.6491000000001	1.0203009328007244
873.6491000000001	1.0203009328007244
874.6491000000001	1.0203009328007244
875.6491000000001	1.0203009328007244
876.6491000000001	1.0203009328007244
877.6491000000001	1.0203009328007244
878.6491000000001	1.0203009328007244
879.6491000000001	1.0203009328007244
880.6491000000001	1.0203009328007244
881.6491000000001	1.0203009328007244
882.6491000000001	1.0203009328007244
883.6491000000001	1.0203009328007244
884.6491000000001	1.0203009328007244
885.6491000000001	1.0203009328007244
886.6491000000001	1.0203009328007244
887.6491000000001	1.0203009328007244
888.6491000000001	1.0203009328007244
889.6491000000001	1.0203009328007244
890.6491000000001	1.0203009328007244
891.6491000000001	1.0203009328007244
892.6491000000001	1.0203009328007244
893.6491000000001	1.0203009328007244
894.6491000000001	1.0203009328007244
895.6491000000001	1.0203009328007244
896.6491000000001	1.0203009328007244
897.6491000000001	1.0203009328007244
898.6491000000001	1.0203009328007244
899.6491000000001	1.0203009328007244
900.6491000000001	1.0203009328007244
901.6491000000001	1.0203009328007244
902.6491000000001	1.0203009328007244
903.6491000000001	1.0203009328007244
904.6491000000001	1.0203009328007244
905.6491000000001	1.0203009328007244
906.6491000000001	1.0203009328007244
907.6491000000001	1.0203009328007244
908.6491000000001	1.0203009328007244
909.6491000000001	1.0203009328007244
910.6491000000001	1.0203009328007244
911.6491000000001	1.0203009328007244
912.6491000000001	1.0203009328007244
913.6491000000001	1.0203009328007244
914.6491000000001	1.0203009328007244
915.6491000000001	1.0203009328007244
916.6491000000001	1.0203009328007244
917.6491000000001	1.0203009328007244
918.6491000000001	1.0203009328007244
919.6491000000001	1.0203009328007244
920.6491000000001	1.0203009328007244
921.6491000000001	1.0203009328007244
922.6491000000001	1.0203009328007244
923.6491000000001	1.0203009328007244
924.6491000000001	1.0203009328007244
925.6491000000001	1.0203009328007244
926.6491000000001	1.0203009328007244
927.6491000000001	1.0203009328007244
928.6491000000001	1.0203009328007244
929.6491000000001	1.0203009328007244
930.6491000000001	1.0203009328007244
931.6491000000001	1.0203009328007244
932.6491000000001	1.0203009328007244
933.6491000000001	1.0203009328007244
934.6491000000001	1.0203009328007244
935.6491000000001	1.0203009328007244
936.6491000000001	1.0203009328007244
937.6491000000001	1.0203009328007244
938.6491000000001	1.0203009328007244
939.6491000000001	1.0203009328007244
940.6491000000001	1.0203009328007244
941.6491000000001	1.0203009328007244
942.6491000000001	1.0203009328007244
943.6491000000001	1.0203009328007244
944.6491000000001	1.0203009328007244
945.6491000000001	1.0203009328007244
946.6491000000001	1.0203009328007244
947.6491000000001	1.0203009328007244
948.6491000000001	1.0203009328007244
949.6491000000001	1.0203009328007244
950.6491000000001	1.0203009328007244
951.6491000000001	1.0203009328007244
952.6491000000001	1.0203009328007244
953.6491000000001	1.0203009328007244
954.6491000000001	1.0203009328007244
955.6491000000001	1.0203009328007244
956.6491000000001	1.0203009328007244
957.6491000000001	1.0203009328007244
958.6491000000001	1.0203009328007244
959.6491000000001	1.0203009328007244
960.6491000000001	1.0203009328007244
961.6491000000001	1.0203009328007244
962.6491000000001	1.0203009328007244
963.6491000000001	1.0203009328007244
964.6491000000001	1.0203009328007244
965.6491000000001	1.0203009328007244
966.6491000000001	1.0203009328007244
967.6491000000001	1.0203009328007244
968.6491000000001	1.0203009328007244
969.6491000000001	1.0203009328007244
970.6491000000001	1.0203009328007244
971.6491000000001	1.0203009328007244
972.6491000000001	1.0203009328007244
973.6491000000001	1.0203009328007244
974.6491000000001	1.0203009328007244
975.6491000000001	1.0203009328007244
976.6491000000001	1.0203009328007244
977.6491000000001	1.0203009328007244
978.6491000000001	1.0203009328007244
979.6491000000001	1.0203009328007244
980.6491000000001	1.0203009328007244
981.6491000000001	1.0203009328007244
982.6491000000001	1.0203009328007244
983.6491000000001	1.0203009328007244
984.6491000000001	1.0203009328007244
985.6491000000001	1.0203009328007244
986.6491000000001	1.0203009328007244
987.6491000000001	1.0203009328007244
988.6491000000001	1.0203009328007244
989.6491000000001	1.0203009328007244
990.6491000000001	1.0203009328007244
991.6491000000001	1.0203009328007244
992.6491000000001	1.0203009328007244
993.6491000000001	1.0203009328007244
994.6491000000001	1.0203009328007244
995.6491000000001	1.0203009328007244
996.6491000000001	1.0203009328007244
997.6491000000001	1.0203009328007244
998.6491000000001	1.0203009328007244
999.6491000000001	1.0203009328007244
