0.4592	0.505332300525293
1.4284000000000001	0.505683201195172
2.3976	0.5085533014602315
3.3668	0.5091287346381249
4.3359000000000005	0.5107816625036697
5.305000000000001	0.513564219629369
6.274	0.5165840494051646
7.242900000000001	0.5177163707494477
8.2118	0.5200633056358179
9.1807	0.5241229676340483
10.149600000000001	0.5226561294644944
11.118400000000001	0.5214598258572496
12.087200000000001	0.5243872477596295
13.056000000000001	0.5272976656123554
14.022200000000002	0.5243465400478602
14.9885	0.5233063159155154
15.955200000000001	0.5277796860243894
16.9223	0.5239705966881905
17.8897	0.5233488390458153
18.857300000000002	0.5198831272040279
19.8246	0.5176323205120222
20.791600000000003	0.5165599980340015
21.758300000000002	0.5138607752869305
22.724600000000002	0.5146359218895296
23.6905	0.5161108078072376
24.655900000000003	0.5180412703115899
25.625500000000002	0.5249018553870286
26.5953	0.5239405947229602
27.5655	0.5254486628962434
28.5361	0.524186925396577
29.5071	0.5216360916871071
30.481	0.5208054353375988
31.455000000000002	0.5173080411635111
32.429	0.5121468710418782
33.403	0.5122780004588146
34.377	0.5124367919202826
35.351	0.5072089005234014
36.325	0.5018180801677672
37.299	0.4987105124244662
38.273	0.495717554789725
39.2472	0.4904124258926432
40.2215	0.48428072238139175
41.196000000000005	0.4789938452816471
42.1706	0.4733791646366997
43.1454	0.46779445045865675
44.1203	0.466310585024146
45.095400000000005	0.4639388516497067
46.0706	0.45721758777911325
47.046	0.45416227262334763
48.0216	0.4514121933720714
48.9973	0.4424562187654154
49.9733	0.4325702088621811
50.949600000000004	0.4201688177442382
51.926300000000005	0.4152641151070612
52.9033	0.4057053356914877
53.880700000000004	0.3942490946644688
54.8585	0.3735775524686583
55.836800000000004	0.35650893266813877
56.8156	0.3503077602253908
57.794900000000005	0.34346638925814665
58.7747	0.33830028729896167
59.755	0.3348921844430134
60.735800000000005	0.3330145712502127
61.717200000000005	0.33530611429274804
62.699200000000005	0.3346465426916301
63.6818	0.34267578772401963
64.665	0.3497106136592284
65.6489	0.35887358329513497
66.6335	0.36763648214763445
67.61880000000001	0.389165509087273
68.6048	0.4084204230490348
69.59140000000001	0.4275644268455341
70.5781	0.45531113772557463
71.5651	0.46786063764354746
72.5471	0.49159614352586634
73.5271	0.49632113542981426
74.5077	0.5041973627975957
75.489	0.5074185178553621
76.471	0.5251344995704624
77.4534	0.5428543511004329
78.43610000000001	0.5469441138724137
79.4192	0.5514246696981262
80.40270000000001	0.5641862568119441
81.3866	0.5739622503420553
82.37100000000001	0.5751181834934318
83.3559	0.5802574916586211
84.3413	0.5899446967010482
85.32730000000001	0.5951434456013458
86.31400000000001	0.6060127506485429
87.3014	0.6183478335330185
88.28960000000001	0.6287971412049358
89.27850000000001	0.6574854860806674
90.26820000000001	0.7325983646043559
91.2587	0.7939230346121514
92.23610000000001	0.7762952542372008
93.2119	0.7637293063893931
94.1902	0.7511564784361341
95.17060000000001	0.7251456497721644
96.1513	0.7496212252364441
97.13390000000001	0.8566322343726979
98.1162	0.8580880946291713
99.0989	0.8612086885975094
100.0813	0.7860713349115723
101.0634	0.8608678237285052
102.04610000000001	0.8681379984717257
103.02940000000001	0.8648283496685556
104.013	0.8191382656372279
104.9961	0.841361554783838
105.9791	0.850871182335498
106.9619	0.8643419661229599
107.94460000000001	0.8828034557948495
108.9272	0.8909817975261825
109.90960000000001	0.8859816899740051
110.8926	0.8959917967729143
111.8768	0.8582821683137593
112.8609	0.8614065630586927
113.84490000000001	0.8645549984559726
114.8288	0.86811490181779
115.8126	0.8652567826664423
116.7964	0.880786070000364
117.78020000000001	0.8913027434543648
118.76530000000001	0.9124126918195659
119.75110000000001	0.7799413568872737
120.7365	0.7637720603429843
121.7219	0.7512334102673313
122.7072	0.7565603327729177
123.69250000000001	0.7622180014222824
124.6777	0.7763307157617031
125.66290000000001	0.7720632597727337
126.64710000000001	0.9110918505259442
127.63080000000001	0.9276821640464132
128.6146	0.9334238116261478
129.59820000000002	0.9345527574546892
130.5817	0.9358632433784564
131.5652	0.9369064450153435
132.5486	0.9383139678695013
133.5319	0.9329422863864683
134.5154	0.8478404705706384
135.4986	0.8415107966574121
136.48170000000002	0.8418085185158566
137.4647	0.8420875717186682
138.4476	0.8423484899711066
139.4305	0.8426593156418062
140.41330000000002	0.8489231630250841
141.39600000000002	0.8421262149867204
142.3786	0.8332244973917808
143.3611	0.7742988566898601
144.3432	0.9324067714978826
145.32580000000002	0.8407649831962452
146.30800000000002	0.8467233068554145
147.2901	0.8459878406759109
148.27200000000002	0.8451163582067577
149.2538	0.8440145665647422
150.2355	0.8791407327564188
151.2173	0.8833677751486437
152.19920000000002	0.8779334339882074
153.18120000000002	0.8767138908814436
154.16320000000002	0.8753913528582816
155.14530000000002	0.873829702300883
156.1274	0.8499842048301534
157.10930000000002	0.8243818829180235
158.09120000000001	0.885493418444139
159.0728	0.9430562320613268
160.0542	0.9466920773823857
161.0355	0.9464446307435067
162.0166	0.9547923815870207
162.9975	0.954651660831721
163.97830000000002	0.9546235561141434
164.9589	0.9546042617195432
165.9393	0.9581186558983331
166.9263	0.9724290174033282
167.9163	0.9816929405785906
168.90640000000002	0.9824749685044274
169.8976	0.8242812838199461
170.88840000000002	0.827901875883963
171.8792	0.8316520840410186
172.87	0.8056021465309932
173.8608	0.8127061686475349
174.85160000000002	0.8202322141345924
175.8423	0.8123945027063986
176.833	0.7715210362582015
177.8237	0.7835285644197598
178.8143	0.7963976466564591
179.8048	0.783870496519955
180.7953	0.7986942140221487
181.78570000000002	0.8145745167555962
182.776	0.7802856031091036
183.7662	0.7904352082694719
184.7564	0.8011474524959228
185.7478	0.9940443001920218
186.7401	0.8808362258730602
187.732	0.8836699580511337
188.7238	0.8866976073088109
189.71550000000002	0.8897532428414338
190.7072	0.8929442087412898
191.6988	0.8961310646310137
192.6903	0.8993698830312999
193.6818	0.9027442672142811
194.6732	0.9061150545458243
195.6645	0.9086979058754667
196.6557	0.911277439337757
197.64690000000002	0.914008822099272
198.638	0.9165013580401952
199.62900000000002	0.9184118387421197
200.6199	0.9203587070229997
201.6107	0.92235785326075
202.60150000000002	0.924509006520879
203.59220000000002	0.9266570360990312
204.58280000000002	0.9288511574229543
205.57330000000002	0.9227091698067859
206.5637	0.9225453893219099
207.554	0.922352894046062
208.54420000000002	0.9221390344997279
209.53490000000002	1.001440649960226
210.52530000000002	1.0009693601762832
211.5156	1.0009358123660703
212.50580000000002	1.0009022304112511
213.4975	0.9699603366370818
214.4889	0.9697773931603134
215.4802	0.9697910820732857
216.47140000000002	0.969793810358774
217.4626	0.9698866932736538
218.4537	0.9698851533476528
219.4447	0.9698726527941678
220.4357	0.969941480348335
221.4266	0.9699158850616213
222.41740000000001	0.9698837643648148
223.40810000000002	0.9698381367545881
224.39880000000002	0.9698782285563617
225.38940000000002	0.9698238975172546
226.37990000000002	0.9697590180308547
227.37030000000001	0.9696850229353823
228.3606	0.9695971526593421
229.35080000000002	0.9694942987186179
230.3433	0.989780106309181
231.3358	0.9894748633871037
232.3283	0.9895228508497987
233.32080000000002	0.9895721989974253
234.3133	0.989621990114463
235.3058	0.9896726761173452
236.2983	0.9897293071307636
237.29080000000002	0.9897863718428122
238.28330000000003	0.9898447834954999
239.2758	0.9899040900340325
240.2683	0.9899642914584097
241.26080000000002	0.9900253877686318
242.25330000000002	0.990086917777484
243.2458	0.9901497901151033
244.2382	0.9865466860156255
245.2306	0.9863244679173355
246.223	0.9863981841330302
247.21540000000002	0.986445115774755
248.20780000000002	0.9864707452425668
249.20020000000002	0.9864959486669004
250.1926	0.9865269654639047
251.185	0.9865575431304743
252.1774	0.9865881207970438
253.1698	0.9866186984636134
254.1622	0.9866492762619264
255.15460000000002	0.9866852283024755
256.147	0.9867211803430246
257.1394	0.9867571323835735
258.1318	0.9867930844241226
259.1241	0.9820674630447842
260.1164	0.9821646131073848
261.1087	0.9822621954843959
262.101	0.9823664999501805
263.0933	0.9824708044159653
264.0856	0.98257510888175
265.0779	0.9826851450831888
266.0702	0.9827966038198389
267.0625	0.982908062556489
268.0547	0.9829316712083529
269.0469	0.9830565741225503
270.0391	0.9831872087724018
271.0313	0.9833178434222534
272.0235	0.9834499006073161
273.01570000000004	0.983587689528033
274.0079	0.9837254784487499
275.0	0.9837764075054812
275.9921	0.9839276406037455
276.9842	0.9840846054376637
277.97630000000004	0.9842487245424474
278.96840000000003	0.9844128436472311
279.9604	0.9844886803528181
280.9524	0.9846658113207386
281.94440000000003	0.9848486740243132
282.9364	0.9850391233131637
283.92830000000004	0.9851355584671633
284.9202	0.9853380292660311
285.9121	0.9855472221536724
286.904	0.9857621467769679
287.8958	0.985890211536278
288.8876	0.9861243119404561
289.87940000000003	0.9863641440802884
290.8711	0.986517116488454
291.8628	0.9867761245414877
292.85450000000003	0.9870422868653868
293.84610000000004	0.9872201667900891
294.83770000000004	0.987505072712779
295.8292	0.9873966791451221
296.8207	0.9877043624214517
297.8122	0.988023683881764
298.8036	0.9882563436011056
299.795	0.9885955309074472
300.78630000000004	0.9888538599510788
301.7776	0.9892178558438888
302.7688	0.9895009934739887
303.76	0.9898902282563061
304.7511	0.9901981744728744
305.7421	0.9905241132435464
306.73310000000004	0.9909633955018395
307.724	0.9913213891943837
308.7149	0.9917912835174061
309.70570000000004	0.9921798892746793
310.69640000000004	0.9925879304431992
311.687	0.9930139641658228
312.67760000000004	0.9935529110730283
313.66810000000004	0.9940168031957848
314.6585	0.9944982575696059
315.6488	0.9902236274674414
316.639	0.9908358296767696
317.6317	1.017611587085777
318.624	1.0171762116079763
319.6163	1.0172402397463254
320.6085	1.017203035445349
321.6007	1.0172685412728257
322.5928	1.0172328146609768
323.58480000000003	1.0171987999135346
324.5768	1.017266924673077
325.56870000000004	1.0172338169932937
326.5605	1.017202187002638
327.5523	1.0172726965189671
328.54400000000004	1.017242544217439
329.5356	1.0172092749998303
330.5272	1.0172709021184743
331.5187	1.017231867419261
332.5101	1.0171945445844552
333.5015	1.0172607366748507
334.4928	1.0172256963259203
335.48400000000004	1.0171923678413965
336.4751	1.0171613218427487
337.4662	1.0172332201478336
338.4572	1.0172044566350613
339.4481	1.0171774049866957
340.4389	1.017152635824206
341.4296	1.017129578526123
342.4202	1.017108803713916
343.4107	1.0170891701446465
344.4012	1.0171736221220475
345.39160000000004	1.0171574122815916
346.38190000000003	1.0171429143055428
347.3721	1.0171306988153694
348.3662	1.0092606388879994
349.35990000000004	1.0089311374401881
350.3535	1.0088393260597166
351.3471	1.0088491880125787
352.3407	1.0088590499654406
353.33430000000004	1.0088692519856426
354.3278	1.0087781207398514
355.3213	1.0087886628273934
356.3148	1.0087995449822755
357.3082	1.0087090938711645
358.3016	1.0087203160933866
359.295	1.008731878382949
360.2883	1.008642107406518
361.2816	1.0086540097634205
362.2749	1.0086662521876628
363.2681	1.008577161345912
364.2613	1.0085897438374944
365.25440000000003	1.0085013331304238
366.2475	1.0085145957566863
367.24060000000003	1.0085281984502892
368.2336	1.0084404678778986
369.2266	1.0084544106388413
370.21950000000004	1.008367360201131
371.2124	1.0083819830967538
372.2053	1.0083969460597169
373.1981	1.0083105757566864
374.1909	1.0083262188543296
375.1836	1.0082405286859795
376.1763	1.0082565118509625
377.1689	1.0081715018172923
378.16150000000005	1.0081881651169557
379.154	1.0081038352179659
380.1465	1.0081211786523094
381.13890000000004	1.0080375288879997
382.1313	1.0080555524570232
383.1236	1.0079725828273935
384.1159	1.0079916265984372
385.10810000000004	1.007909337103488
386.10020000000003	1.0078277277432186
387.0923	1.0078477917162825
388.08430000000004	1.0077668624906932
389.0763	1.0077876065984372
390.06820000000005	1.0077073575075284
391.06	1.0076277885512994
392.0518	1.0076498929284037
393.0435	1.0075710041068549
394.0351	1.0074927954199862
395.0267	1.007516260066451
396.01820000000004	1.007438731514262
397.00960000000003	1.007361883096754
398.00100000000003	1.007386708012579
398.9923	1.0073105397297506
399.9835	1.0072350515816022
400.9746	1.0071602435681344
401.9656	1.0070861156893467
402.95660000000004	1.007113661143892
403.94750000000005	1.0070402133997842
404.9383	1.0069674457903568
405.92900000000003	1.006895358315609
406.9196	1.006823950975542
407.9101	1.0067532237701546
408.9005	1.0066831766994475
409.89090000000004	1.0067148029620738
410.88120000000004	1.006645436026047
411.8714	1.0065767492247002
412.8693	1.0144127373055074
413.8693	1.0165478773055072
414.8693	1.0165478773055072
415.8693	1.0165478773055072
416.8693	1.0165478773055072
417.8693	1.0165478773055072
418.8693	1.0165478773055072
419.8693	1.0165478773055072
420.8693	1.0165478773055072
421.8693	1.0165478773055072
422.8693	1.0165478773055072
423.8693	1.0165478773055072
424.8693	1.0165478773055072
425.8693	1.0165478773055072
426.8693	1.0165478773055072
427.8693	1.0165478773055072
428.8693	1.0165478773055072
429.8693	1.0165478773055072
430.8693	1.0165478773055072
431.8693	1.0165478773055072
432.8693	1.0165478773055072
433.8693	1.0165478773055072
434.8693	1.0165478773055072
435.8693	1.0165478773055072
436.8693	1.0165478773055072
437.8693	1.0165478773055072
438.8693	1.0165478773055072
439.8693	1.0165478773055072
440.8693	1.0165478773055072
441.8693	1.0165478773055072
442.8693	1.0165478773055072
443.8693	1.0165478773055072
444.8693	1.0165478773055072
445.8693	1.0165478773055072
446.8693	1.0165478773055072
447.8693	1.0165478773055072
448.8693	1.0165478773055072
449.8693	1.0165478773055072
450.8693	1.0165478773055072
451.8693	1.0165478773055072
452.8693	1.0165478773055072
453.8693	1.0165478773055072
454.8693	1.0165478773055072
455.8693	1.0165478773055072
456.8693	1.0165478773055072
457.8693	1.0165478773055072
458.8693	1.0165478773055072
459.8693	1.0165478773055072
460.8693	1.0165478773055072
461.8693	1.0165478773055072
462.8693	1.0165478773055072
463.8693	1.0165478773055072
464.8693	1.0165478773055072
465.8693	1.0165478773055072
466.8693	1.0165478773055072
467.8693	1.0165478773055072
468.8693	1.0165478773055072
469.8693	1.0165478773055072
470.8693	1.0165478773055072
471.8693	1.0165478773055072
472.8693	1.0165478773055072
473.8693	1.0165478773055072
474.8693	1.0165478773055072
475.8693	1.0165478773055072
476.8693	1.0165478773055072
477.8693	1.0165478773055072
478.8693	1.0165478773055072
479.8693	1.0165478773055072
480.8693	1.0165478773055072
481.8693	1.0165478773055072
482.8693	1.0165478773055072
483.8693	1.0165478773055072
484.8693	1.0165478773055072
485.8693	1.0165478773055072
486.8693	1.0165478773055072
487.8693	1.0165478773055072
488.8693	1.0165478773055072
489.8693	1.0165478773055072
490.8693	1.0165478773055072
491.8693	1.0165478773055072
492.8693	1.0165478773055072
493.8693	1.0165478773055072
494.8693	1.0165478773055072
495.8693	1.0165478773055072
496.8693	1.0165478773055072
497.8693	1.0165478773055072
498.8693	1.0165478773055072
499.8693	1.0165478773055072
500.8693	1.0165478773055072
501.8693	1.0165478773055072
502.8693	1.0165478773055072
503.8693	1.0165478773055072
504.8693	1.0165478773055072
505.8693	1.0165478773055072
506.8693	1.0165478773055072
507.8693	1.0165478773055072
508.8693	1.0165478773055072
509.8693	1.0165478773055072
510.8693	1.0165478773055072
511.8693	1.0165478773055072
512.8693000000001	1.0165478773055072
513.8693000000001	1.0165478773055072
514.8693000000001	1.0165478773055072
515.8693000000001	1.0165478773055072
516.8693000000001	1.0165478773055072
517.8693000000001	1.0165478773055072
518.8693000000001	1.0165478773055072
519.8693000000001	1.0165478773055072
520.8693000000001	1.0165478773055072
521.8693000000001	1.0165478773055072
522.8693000000001	1.0165478773055072
523.8693000000001	1.0165478773055072
524.8693000000001	1.0165478773055072
525.8693000000001	1.0165478773055072
526.8693000000001	1.0165478773055072
527.8693000000001	1.0165478773055072
528.8693000000001	1.0165478773055072
529.8693000000001	1.0165478773055072
530.8693000000001	1.0165478773055072
531.8693000000001	1.0165478773055072
532.8693000000001	1.0165478773055072
533.8693000000001	1.0165478773055072
534.8693000000001	1.0165478773055072
535.8693000000001	1.0165478773055072
536.8693000000001	1.0165478773055072
537.8693000000001	1.0165478773055072
538.8693000000001	1.0165478773055072
539.8693000000001	1.0165478773055072
540.8693000000001	1.0165478773055072
541.8693000000001	1.0165478773055072
542.8693000000001	1.0165478773055072
543.8693000000001	1.0165478773055072
544.8693000000001	1.0165478773055072
545.8693000000001	1.0165478773055072
546.8693000000001	1.0165478773055072
547.8693000000001	1.0165478773055072
548.8693000000001	1.0165478773055072
549.8693000000001	1.0165478773055072
550.8693000000001	1.0165478773055072
551.8693000000001	1.0165478773055072
552.8693000000001	1.0165478773055072
553.8693000000001	1.0165478773055072
554.8693000000001	1.0165478773055072
555.8693000000001	1.0165478773055072
556.8693000000001	1.0165478773055072
557.8693000000001	1.0165478773055072
558.8693000000001	1.0165478773055072
559.8693000000001	1.0165478773055072
560.8693000000001	1.0165478773055072
561.8693000000001	1.0165478773055072
562.8693000000001	1.0165478773055072
563.8693000000001	1.0165478773055072
564.8693000000001	1.0165478773055072
565.8693000000001	1.0165478773055072
566.8693000000001	1.0165478773055072
567.8693000000001	1.0165478773055072
568.8693000000001	1.0165478773055072
569.8693000000001	1.0165478773055072
570.8693000000001	1.0165478773055072
571.8693000000001	1.0165478773055072
572.8693000000001	1.0165478773055072
573.8693000000001	1.0165478773055072
574.8693000000001	1.0165478773055072
575.8693000000001	1.0165478773055072
576.8693000000001	1.0165478773055072
577.8693000000001	1.0165478773055072
578.8693000000001	1.0165478773055072
579.8693000000001	1.0165478773055072
580.8693000000001	1.0165478773055072
581.8693000000001	1.0165478773055072
582.8693000000001	1.0165478773055072
583.8693000000001	1.0165478773055072
584.8693000000001	1.0165478773055072
585.8693000000001	1.0165478773055072
586.8693000000001	1.0165478773055072
587.8693000000001	1.0165478773055072
588.8693000000001	1.0165478773055072
589.8693000000001	1.0165478773055072
590.8693000000001	1.0165478773055072
591.8693000000001	1.0165478773055072
592.8693000000001	1.0165478773055072
593.8693000000001	1.0165478773055072
594.8693000000001	1.0165478773055072
595.8693000000001	1.0165478773055072
596.8693000000001	1.0165478773055072
597.8693000000001	1.0165478773055072
598.8693000000001	1.0165478773055072
599.8693000000001	1.0165478773055072
600.8693000000001	1.0165478773055072
601.8693000000001	1.0165478773055072
602.8693000000001	1.0165478773055072
603.8693000000001	1.0165478773055072
604.8693000000001	1.0165478773055072
605.8693000000001	1.0165478773055072
606.8693000000001	1.0165478773055072
607.8693000000001	1.0165478773055072
608.8693000000001	1.0165478773055072
609.8693000000001	1.0165478773055072
610.8693000000001	1.0165478773055072
611.8693000000001	1.0165478773055072
612.8693000000001	1.0165478773055072
613.8693000000001	1.0165478773055072
614.8693000000001	1.0165478773055072
615.8693000000001	1.0165478773055072
616.8693000000001	1.0165478773055072
617.8693000000001	1.0165478773055072
618.8693000000001	1.0165478773055072
619.8693000000001	1.0165478773055072
620.8693000000001	1.0165478773055072
621.8693000000001	1.0165478773055072
622.8693000000001	1.0165478773055072
623.8693000000001	1.0165478773055072
624.8693000000001	1.0165478773055072
625.8693000000001	1.0165478773055072
626.8693000000001	1.0165478773055072
627.8693000000001	1.0165478773055072
628.8693000000001	1.0165478773055072
629.8693000000001	1.0165478773055072
630.8693000000001	1.0165478773055072
631.8693000000001	1.0165478773055072
632.8693000000001	1.0165478773055072
633.8693000000001	1.0165478773055072
634.8693000000001	1.0165478773055072
635.8693000000001	1.0165478773055072
636.8693000000001	1.0165478773055072
637.8693000000001	1.0165478773055072
638.8693000000001	1.0165478773055072
639.8693000000001	1.0165478773055072
640.8693000000001	1.0165478773055072
641.8693000000001	1.0165478773055072
642.8693000000001	1.0165478773055072
643.8693000000001	1.0165478773055072
644.8693000000001	1.0165478773055072
645.8693000000001	1.0165478773055072
646.8693000000001	1.0165478773055072
647.8693000000001	1.0165478773055072
648.8693000000001	1.0165478773055072
649.8693000000001	1.0165478773055072
650.8693000000001	1.0165478773055072
651.8693000000001	1.0165478773055072
652.8693000000001	1.0165478773055072
653.8693000000001	1.0165478773055072
654.8693000000001	1.0165478773055072
655.8693000000001	1.0165478773055072
656.8693000000001	1.0165478773055072
657.8693000000001	1.0165478773055072
658.8693000000001	1.0165478773055072
659.8693000000001	1.0165478773055072
660.8693000000001	1.0165478773055072
661.8693000000001	1.0165478773055072
662.8693000000001	1.0165478773055072
663.8693000000001	1.0165478773055072
664.8693000000001	1.0165478773055072
665.8693000000001	1.0165478773055072
666.8693000000001	1.0165478773055072
667.8693000000001	1.0165478773055072
668.8693000000001	1.0165478773055072
669.8693000000001	1.0165478773055072
670.8693000000001	1.0165478773055072
671.8693000000001	1.0165478773055072
672.8693000000001	1.0165478773055072
673.8693000000001	1.0165478773055072
674.8693000000001	1.0165478773055072
675.8693000000001	1.0165478773055072
676.8693000000001	1.0165478773055072
677.8693000000001	1.0165478773055072
678.8693000000001	1.0165478773055072
679.8693000000001	1.0165478773055072
680.8693000000001	1.0165478773055072
681.8693000000001	1.0165478773055072
682.8693000000001	1.0165478773055072
683.8693000000001	1.0165478773055072
684.8693000000001	1.0165478773055072
685.8693000000001	1.0165478773055072
686.8693000000001	1.0165478773055072
687.8693000000001	1.0165478773055072
688.8693000000001	1.0165478773055072
689.8693000000001	1.0165478773055072
690.8693000000001	1.0165478773055072
691.8693000000001	1.0165478773055072
692.8693000000001	1.0165478773055072
693.8693000000001	1.0165478773055072
694.8693000000001	1.0165478773055072
695.8693000000001	1.0165478773055072
696.8693000000001	1.0165478773055072
697.8693000000001	1.0165478773055072
698.8693000000001	1.0165478773055072
699.8693000000001	1.0165478773055072
700.8693000000001	1.0165478773055072
701.8693000000001	1.0165478773055072
702.8693000000001	1.0165478773055072
703.8693000000001	1.0165478773055072
704.8693000000001	1.0165478773055072
705.8693000000001	1.0165478773055072
706.8693000000001	1.0165478773055072
707.8693000000001	1.0165478773055072
708.8693000000001	1.0165478773055072
709.8693000000001	1.0165478773055072
710.8693000000001	1.0165478773055072
711.8693000000001	1.0165478773055072
712.8693000000001	1.0165478773055072
713.8693000000001	1.0165478773055072
714.8693000000001	1.0165478773055072
715.8693000000001	1.0165478773055072
716.8693000000001	1.0165478773055072
717.8693000000001	1.0165478773055072
718.8693000000001	1.0165478773055072
719.8693000000001	1.0165478773055072
720.8693000000001	1.0165478773055072
721.8693000000001	1.0165478773055072
722.8693000000001	1.0165478773055072
723.8693000000001	1.0165478773055072
724.8693000000001	1.0165478773055072
725.8693000000001	1.0165478773055072
726.8693000000001	1.0165478773055072
727.8693000000001	1.0165478773055072
728.8693000000001	1.0165478773055072
729.8693000000001	1.0165478773055072
730.8693000000001	1.0165478773055072
731.8693000000001	1.0165478773055072
732.8693000000001	1.0165478773055072
733.8693000000001	1.0165478773055072
734.8693000000001	1.0165478773055072
735.8693000000001	1.0165478773055072
736.8693000000001	1.0165478773055072
737.8693000000001	1.0165478773055072
738.8693000000001	1.0165478773055072
739.8693000000001	1.0165478773055072
740.8693000000001	1.0165478773055072
741.8693000000001	1.0165478773055072
742.8693000000001	1.0165478773055072
743.8693000000001	1.0165478773055072
744.8693000000001	1.0165478773055072
745.8693000000001	1.0165478773055072
746.8693000000001	1.0165478773055072
747.8693000000001	1.0165478773055072
748.8693000000001	1.0165478773055072
749.8693000000001	1.0165478773055072
750.8693000000001	1.0165478773055072
751.8693000000001	1.0165478773055072
752.8693000000001	1.0165478773055072
753.8693000000001	1.0165478773055072
754.8693000000001	1.0165478773055072
755.8693000000001	1.0165478773055072
756.8693000000001	1.0165478773055072
757.8693000000001	1.0165478773055072
758.8693000000001	1.0165478773055072
759.8693000000001	1.0165478773055072
760.8693000000001	1.0165478773055072
761.8693000000001	1.0165478773055072
762.8693000000001	1.0165478773055072
763.8693000000001	1.0165478773055072
764.8693000000001	1.0165478773055072
765.8693000000001	1.0165478773055072
766.8693000000001	1.0165478773055072
767.8693000000001	1.0165478773055072
768.8693000000001	1.0165478773055072
769.8693000000001	1.0165478773055072
770.8693000000001	1.0165478773055072
771.8693000000001	1.0165478773055072
772.8693000000001	1.0165478773055072
773.8693000000001	1.0165478773055072
774.8693000000001	1.0165478773055072
775.8693000000001	1.0165478773055072
776.8693000000001	1.0165478773055072
777.8693000000001	1.0165478773055072
778.8693000000001	1.0165478773055072
779.8693000000001	1.0165478773055072
780.8693000000001	1.0165478773055072
781.8693000000001	1.0165478773055072
782.8693000000001	1.0165478773055072
783.8693000000001	1.0165478773055072
784.8693000000001	1.0165478773055072
785.8693000000001	1.0165478773055072
786.8693000000001	1.0165478773055072
787.8693000000001	1.0165478773055072
788.8693000000001	1.0165478773055072
789.8693000000001	1.0165478773055072
790.8693000000001	1.0165478773055072
791.8693000000001	1.0165478773055072
792.8693000000001	1.0165478773055072
793.8693000000001	1.0165478773055072
794.8693000000001	1.0165478773055072
795.8693000000001	1.0165478773055072
796.8693000000001	1.0165478773055072
797.8693000000001	1.0165478773055072
798.8693000000001	1.0165478773055072
799.8693000000001	1.0165478773055072
800.8693000000001	1.0165478773055072
801.8693000000001	1.0165478773055072
802.8693000000001	1.0165478773055072
803.8693000000001	1.0165478773055072
804.8693000000001	1.0165478773055072
805.8693000000001	1.0165478773055072
806.8693000000001	1.0165478773055072
807.8693000000001	1.0165478773055072
808.8693000000001	1.0165478773055072
809.8693000000001	1.0165478773055072
810.8693000000001	1.0165478773055072
811.8693000000001	1.0165478773055072
812.8693000000001	1.0165478773055072
813.8693000000001	1.0165478773055072
814.8693000000001	1.0165478773055072
815.8693000000001	1.0165478773055072
816.8693000000001	1.0165478773055072
817.8693000000001	1.0165478773055072
818.8693000000001	1.0165478773055072
819.8693000000001	1.0165478773055072
820.8693000000001	1.0165478773055072
821.8693000000001	1.0165478773055072
822.8693000000001	1.0165478773055072
823.8693000000001	1.0165478773055072
824.8693000000001	1.0165478773055072
825.8693000000001	1.0165478773055072
826.8693000000001	1.0165478773055072
827.8693000000001	1.0165478773055072
828.8693000000001	1.0165478773055072
829.8693000000001	1.0165478773055072
830.8693000000001	1.0165478773055072
831.8693000000001	1.0165478773055072
832.8693000000001	1.0165478773055072
833.8693000000001	1.0165478773055072
834.8693000000001	1.0165478773055072
835.8693000000001	1.0165478773055072
836.8693000000001	1.0165478773055072
837.8693000000001	1.0165478773055072
838.8693000000001	1.0165478773055072
839.8693000000001	1.0165478773055072
840.8693000000001	1.0165478773055072
841.8693000000001	1.0165478773055072
842.8693000000001	1.0165478773055072
843.8693000000001	1.0165478773055072
844.8693000000001	1.0165478773055072
845.8693000000001	1.0165478773055072
846.8693000000001	1.0165478773055072
847.8693000000001	1.0165478773055072
848.8693000000001	1.0165478773055072
849.8693000000001	1.0165478773055072
850.8693000000001	1.0165478773055072
851.8693000000001	1.0165478773055072
852.8693000000001	1.0165478773055072
853.8693000000001	1.0165478773055072
854.8693000000001	1.0165478773055072
855.8693000000001	1.0165478773055072
856.8693000000001	1.0165478773055072
857.8693000000001	1.0165478773055072
858.8693000000001	1.0165478773055072
859.8693000000001	1.0165478773055072
860.8693000000001	1.0165478773055072
861.8693000000001	1.0165478773055072
862.8693000000001	1.0165478773055072
863.8693000000001	1.0165478773055072
864.8693000000001	1.0165478773055072
865.8693000000001	1.0165478773055072
866.8693000000001	1.0165478773055072
867.8693000000001	1.0165478773055072
868.8693000000001	1.0165478773055072
869.8693000000001	1.0165478773055072
870.8693000000001	1.0165478773055072
871.8693000000001	1.0165478773055072
872.8693000000001	1.0165478773055072
873.8693000000001	1.0165478773055072
874.8693000000001	1.0165478773055072
875.8693000000001	1.0165478773055072
876.8693000000001	1.0165478773055072
877.8693000000001	1.0165478773055072
878.8693000000001	1.0165478773055072
879.8693000000001	1.0165478773055072
880.8693000000001	1.0165478773055072
881.8693000000001	1.0165478773055072
882.8693000000001	1.0165478773055072
883.8693000000001	1.0165478773055072
884.8693000000001	1.0165478773055072
885.8693000000001	1.0165478773055072
886.8693000000001	1.0165478773055072
887.8693000000001	1.0165478773055072
888.8693000000001	1.0165478773055072
889.8693000000001	1.0165478773055072
890.8693000000001	1.0165478773055072
891.8693000000001	1.0165478773055072
892.8693000000001	1.0165478773055072
893.8693000000001	1.0165478773055072
894.8693000000001	1.0165478773055072
895.8693000000001	1.0165478773055072
896.8693000000001	1.0165478773055072
897.8693000000001	1.0165478773055072
898.8693000000001	1.0165478773055072
899.8693000000001	1.0165478773055072
900.8693000000001	1.0165478773055072
901.8693000000001	1.0165478773055072
902.8693000000001	1.0165478773055072
903.8693000000001	1.0165478773055072
904.8693000000001	1.0165478773055072
905.8693000000001	1.0165478773055072
906.8693000000001	1.0165478773055072
907.8693000000001	1.0165478773055072
908.8693000000001	1.0165478773055072
909.8693000000001	1.0165478773055072
910.8693000000001	1.0165478773055072
911.8693000000001	1.0165478773055072
912.8693000000001	1.0165478773055072
913.8693000000001	1.0165478773055072
914.8693000000001	1.0165478773055072
915.8693000000001	1.0165478773055072
916.8693000000001	1.0165478773055072
917.8693000000001	1.0165478773055072
918.8693000000001	1.0165478773055072
919.8693000000001	1.0165478773055072
920.8693000000001	1.0165478773055072
921.8693000000001	1.0165478773055072
922.8693000000001	1.0165478773055072
923.8693000000001	1.0165478773055072
924.8693000000001	1.0165478773055072
925.8693000000001	1.0165478773055072
926.8693000000001	1.0165478773055072
927.8693000000001	1.0165478773055072
928.8693000000001	1.0165478773055072
929.8693000000001	1.0165478773055072
930.8693000000001	1.0165478773055072
931.8693000000001	1.0165478773055072
932.8693000000001	1.0165478773055072
933.8693000000001	1.0165478773055072
934.8693000000001	1.0165478773055072
935.8693000000001	1.0165478773055072
936.8693000000001	1.0165478773055072
937.8693000000001	1.0165478773055072
938.8693000000001	1.0165478773055072
939.8693000000001	1.0165478773055072
940.8693000000001	1.0165478773055072
941.8693000000001	1.0165478773055072
942.8693000000001	1.0165478773055072
943.8693000000001	1.0165478773055072
944.8693000000001	1.0165478773055072
945.8693000000001	1.0165478773055072
946.8693000000001	1.0165478773055072
947.8693000000001	1.0165478773055072
948.8693000000001	1.0165478773055072
949.8693000000001	1.0165478773055072
950.8693000000001	1.0165478773055072
951.8693000000001	1.0165478773055072
952.8693000000001	1.0165478773055072
953.8693000000001	1.0165478773055072
954.8693000000001	1.0165478773055072
955.8693000000001	1.0165478773055072
956.8693000000001	1.0165478773055072
957.8693000000001	1.0165478773055072
958.8693000000001	1.0165478773055072
959.8693000000001	1.0165478773055072
960.8693000000001	1.0165478773055072
961.8693000000001	1.0165478773055072
962.8693000000001	1.0165478773055072
963.8693000000001	1.0165478773055072
964.8693000000001	1.0165478773055072
965.8693000000001	1.0165478773055072
966.8693000000001	1.0165478773055072
967.8693000000001	1.0165478773055072
968.8693000000001	1.0165478773055072
969.8693000000001	1.0165478773055072
970.8693000000001	1.0165478773055072
971.8693000000001	1.0165478773055072
972.8693000000001	1.0165478773055072
973.8693000000001	1.0165478773055072
974.8693000000001	1.0165478773055072
975.8693000000001	1.0165478773055072
976.8693000000001	1.0165478773055072
977.8693000000001	1.0165478773055072
978.8693000000001	1.0165478773055072
979.8693000000001	1.0165478773055072
980.8693000000001	1.0165478773055072
981.8693000000001	1.0165478773055072
982.8693000000001	1.0165478773055072
983.8693000000001	1.0165478773055072
984.8693000000001	1.0165478773055072
985.8693000000001	1.0165478773055072
986.8693000000001	1.0165478773055072
987.8693000000001	1.0165478773055072
988.8693000000001	1.0165478773055072
989.8693000000001	1.0165478773055072
990.8693000000001	1.0165478773055072
991.8693000000001	1.0165478773055072
992.8693000000001	1.0165478773055072
993.8693000000001	1.0165478773055072
994.8693000000001	1.0165478773055072
995.8693000000001	1.0165478773055072
996.8693000000001	1.0165478773055072
997.8693000000001	1.0165478773055072
998.8693000000001	1.0165478773055072
999.8693000000001	1.0165478773055072
