0.1696	0.520008547560782
1.1379000000000001	0.520279812489004
2.1067	0.5213243389027079
3.0759000000000003	0.521590342391377
4.0457	0.5216015846393656
5.016100000000001	0.5226914665090965
5.9873	0.5240555023616489
6.9592	0.5228584493830031
7.922000000000001	0.5215721804367093
8.8849	0.5210432231944842
9.848	0.521276754410304
10.811300000000001	0.519429843624625
11.7748	0.5173418380930643
12.7385	0.5146024389774856
13.7024	0.5128222246021957
14.666400000000001	0.5092271940892098
15.632200000000001	0.5069740910495472
16.5969	0.5022934375359303
17.5603	0.4988930997434452
18.523400000000002	0.495653733697076
19.4863	0.4950245843460983
20.4491	0.4943159842343916
21.4117	0.49084202783498576
22.374100000000002	0.4924093878257987
23.336100000000002	0.49450566389241923
24.297700000000003	0.4969200616964198
25.2589	0.4987117164044613
26.223200000000002	0.49997183859896255
27.1905	0.5009518622363173
28.1581	0.5005144346780643
29.126	0.4996139176422282
30.0941	0.4991322063855552
31.0624	0.49893386271777573
32.0309	0.49764423662804413
32.995400000000004	0.497095613983636
33.9576	0.5073767162024372
34.9193	0.5113669735250144
35.8804	0.5178765486851997
36.840900000000005	0.5396509800203226
37.8095	0.5406054525659972
38.778200000000005	0.5432742012259104
39.7471	0.5426755813505217
40.716300000000004	0.543494433159432
41.685700000000004	0.5439108455359237
42.654900000000005	0.5436244585885497
43.6195	0.5499337093482544
44.583400000000005	0.5503745710000469
45.546800000000005	0.5513706437159066
46.5096	0.555617995487804
47.471700000000006	0.5594411133561809
48.4331	0.560823266316563
49.3938	0.5602572720370149
50.3538	0.5625350788555928
51.318200000000004	0.5618689860331357
52.283	0.5600693866735316
53.2472	0.5617528636066456
54.2111	0.561755634143815
55.174600000000005	0.5638649759618697
56.137600000000006	0.5624096835584345
57.1041	0.5599473649335359
58.0711	0.5554199964153095
59.0399	0.5523121750410744
60.008900000000004	0.5478771305969026
60.9782	0.5432587247691503
61.9478	0.538598021441612
62.9179	0.5339595729993022
63.888400000000004	0.5290180270123188
64.8593	0.5245226383610828
65.83070000000001	0.5192001145470084
66.8024	0.5106844262537893
67.7744	0.5072148092238471
68.74680000000001	0.5033071136098891
69.71390000000001	0.4989255430378725
70.6802	0.497576123796183
71.6482	0.4958499978903489
72.6185	0.49275780706437233
73.58890000000001	0.4911149615128403
74.5592	0.4868475835970013
75.5293	0.48458190774674925
76.4992	0.4824840250124931
77.46900000000001	0.4802461250763944
78.4387	0.4762165636362894
79.4084	0.4724347161845689
80.3779	0.4667488670123533
81.3473	0.46342072528311373
82.31660000000001	0.45941632905918883
83.2856	0.4571192242712272
84.2544	0.45391304553054446
85.2231	0.45133577410980585
86.1918	0.4469788587167456
87.1601	0.4440567805084745
88.1281	0.442186044486391
89.09580000000001	0.43987565934820805
90.06370000000001	0.43780222156975057
91.0318	0.4358275652594181
92.0001	0.43344305766210667
92.9687	0.43084127113194004
93.9375	0.42863285072172785
94.9064	0.4301640627552774
95.8755	0.4290912621281757
96.8447	0.4258206720430511
97.81410000000001	0.4223147951119819
98.7836	0.4188146100156167
99.753	0.41532969186900837
100.72240000000001	0.41326675892212705
101.6919	0.41034286511129847
102.6615	0.40764670690592086
103.63130000000001	0.40520899680060807
104.6012	0.4003830738252099
105.57130000000001	0.39573526495422806
106.5416	0.39131986147985565
107.5121	0.3878763217820367
108.48270000000001	0.3857208126077414
109.4535	0.38483061602817603
110.42450000000001	0.38596604566980397
111.3957	0.3830497869873204
112.36720000000001	0.3814613609241486
113.33890000000001	0.3809768509311804
114.3109	0.38111665261584726
115.28320000000001	0.3771294224137076
116.25590000000001	0.37503705622945405
117.229	0.37438273332873384
118.2025	0.3742124115508101
119.1764	0.37184285132441885
120.1508	0.37059423528233126
121.12570000000001	0.37077838129527163
122.1011	0.3702032444373934
123.07700000000001	0.3725541457245656
124.0535	0.380185768896143
125.0305	0.38370476458434255
126.00800000000001	0.38347663987327296
126.986	0.3841942649565341
127.96050000000001	0.3848867165904075
128.935	0.39397230063497723
129.90970000000002	0.39828297156828185
130.8847	0.4005825849664906
131.8599	0.39762764640173953
132.8354	0.40141444933553383
133.8111	0.4109554018051734
134.7871	0.41621229428296236
135.76340000000002	0.42531007411933064
136.74	0.42441681951138954
137.717	0.43009854921732615
138.6943	0.43504151489329346
139.6719	0.44676666126295994
140.6499	0.45318171566025667
141.6283	0.4565654689327828
142.6072	0.42745654716057135
143.5866	0.3555481899195292
144.56640000000002	0.3945722028305
145.53300000000002	0.3752850942994941
146.4986	0.45777816680178396
147.464	0.5082134777324859
148.4292	0.5134177025248176
149.3942	0.5233385046108037
150.3589	0.5355743857861375
151.32340000000002	0.5347064390754408
152.2876	0.5320205395388958
153.25150000000002	0.5433290815773195
154.2151	0.5618364629728899
155.1783	0.5661837222863575
156.1412	0.574270962123709
157.1038	0.5779765317166927
158.0661	0.5830362056871816
159.02800000000002	0.5910304420826583
159.9896	0.5900826396176446
160.95080000000002	0.6047821739136409
161.91160000000002	0.6163590316966977
162.872	0.6285156180567545
163.83200000000002	0.6273392060074012
164.7915	0.6343227460413345
165.75050000000002	0.6369204405831514
166.70850000000002	0.6487311408304857
167.6656	0.6517620458709059
168.6218	0.654064667873735
169.577	0.68411742841848
170.5311	0.706224642558607
171.484	0.7301064818780751
172.43540000000002	0.7556815079014613
173.41500000000002	0.8389979793626259
174.39600000000002	0.7817650108966634
175.3769	0.8257581506373333
176.3574	0.8226915474179048
177.33790000000002	0.82160133244517
178.3189	0.8273741869807413
179.3013	0.8692857294054805
180.28400000000002	0.7762229467993921
181.26670000000001	0.8448292788937766
182.2499	0.8405561089283371
183.2331	0.7372333783075082
184.2169	0.8512141100944862
185.2003	0.8656527123254932
186.1842	0.8608605275462131
187.16830000000002	0.8611030288258272
188.1527	0.8537415506589027
189.1373	0.8722875611722345
190.1219	0.8827723255555648
191.1061	0.8852180857799166
192.0911	0.8872644545686551
193.07770000000002	0.9015801331619036
194.0641	0.9036657563387589
195.05100000000002	0.9064428452819424
196.0384	0.904202433980859
197.0264	0.8652305956771567
198.01500000000001	0.7551202492421027
199.0042	0.7616851210251874
199.9941	0.763076894019258
200.98440000000002	0.9290620187415124
201.9759	0.933301062992772
202.9677	0.8533169169616396
203.9592	0.8656203284170798
204.9506	0.878410084821207
205.942	0.8916855895978096
206.9333	0.8997250343449323
207.92450000000002	0.9092903572651496
208.91570000000002	0.9217777507410845
209.9068	0.9345960827737414
210.89780000000002	0.9416639465825076
211.8888	0.9496438499029959
212.8797	0.9571663012682561
213.87050000000002	0.9563616282477672
214.8612	0.959326126838619
215.8519	0.9648856276350989
216.8425	0.967510269048482
217.833	0.9712340433632759
218.82340000000002	0.9611878800008521
219.8137	0.9635482894599587
220.8039	0.9658273615190348
221.7965	0.9843063474929448
222.78900000000002	0.988899959137638
223.78130000000002	0.989067919298218
224.7735	0.9893805118251202
225.7657	0.9897998259960614
226.7578	0.990034977238109
227.74990000000003	0.9903251511762087
228.74190000000002	0.9917549499614058
229.7339	0.9921549776606366
230.72580000000002	0.9924632236069052
231.7176	0.9927819657208639
232.70940000000002	0.9932099419477444
233.70110000000003	0.9935475891900094
234.6927	0.9938951827242122
235.6843	0.9943537584668422
236.6758	0.9947219969719556
237.6672	0.9951011278441513
238.6585	0.9954925148453629
239.6498	0.9959929560294924
240.64100000000002	0.996408183364962
241.6321	0.9968362859980434
242.62310000000002	0.9972764792747012
243.614	0.9977295766192238
244.60490000000001	0.9982450301550021
245.59570000000002	0.9985311066418705
246.58640000000003	0.9988257582877373
247.577	0.9991281598024946
248.56750000000002	0.9994385747346771
249.55790000000002	0.9997564413994539
250.5482	1.0000820579331207
251.53840000000002	1.0004162322594603
252.5294	1.0018110619649914
253.5224	1.0068082134024694
254.5148	1.006335597933458
255.5072	1.0065015926151437
256.4995	1.0065707659314898
257.4918	1.006746345674804
258.48400000000004	1.006823768212843
259.4762	1.0070069216379853
260.4683	1.007093285373428
261.4603	1.0071844381934014
262.45230000000004	1.007380657426794
263.4442	1.007481447593496
264.43600000000004	1.0075863513048633
265.4278	1.007797693118839
266.4195	1.007913605866124
267.41110000000003	1.0080349996736508
268.40270000000004	1.0082967122521107
269.3942	1.0082802293061206
270.3856	1.0082657336917433
271.377	1.0083541949384953
272.36830000000003	1.008342379856304
273.3595	1.0083332322410996
274.3506	1.0083260719575078
275.3417	1.0084211883996714
276.3327	1.0084173757184405
277.3236	1.0084155503688224
278.31440000000003	1.0084157254160162
279.30510000000004	1.0084178877948224
280.2957	1.008422717640616
281.2862	1.008239413309887
282.2767	1.0083545991442042
283.2671	1.0083695282590923
284.2574	1.008385786321349
285.24760000000003	1.008402697791109
286.2429	1.0150168038141516
287.23810000000003	1.0149765510819735
288.2333	1.0150967605432637
289.22860000000003	1.015321899413124
290.2239	1.0154485077086077
291.21930000000003	1.015680703541694
292.2147	1.0158143688004035
293.2102	1.016016935827038
294.2058	1.016160773043995
295.20140000000004	1.016204209560124
296.19710000000003	1.01635067929321
297.1929	1.0164984652843605
298.18870000000004	1.0165458505746832
299.1846	1.016696269081963
300.1806	1.016848661976339
301.17670000000004	1.0170023711287801
302.1728	1.017055679580393
303.16900000000004	1.017212021248963
304.1653	1.0173703373046294
305.1617	1.0175306277473932
306.1582	1.0176928925772533
307.1548	1.0178564736651778
308.1515	1.0180220291401996
309.1483	1.018189559002318
310.1452	1.018359063251533
311.1422	1.018530541887845
312.1393	1.0187039949112535
313.1365	1.0188800804507911
314.1338	1.0190581403774255
315.13120000000004	1.0192381746911567
316.1288	1.0195232166089419
317.1265	1.019708515954931
318.1243	1.0198964478170494
319.1222	1.0200863540662646
320.12030000000004	1.0203812679195334
321.11850000000004	1.0205770973300388
322.11690000000004	1.020877934344598
323.1154	1.0210796869163936
324.1141	1.0213864470922431
325.1129	1.0215941228253291
326.1119	1.021906806162469
327.1111	1.02222278014477
328.1104	1.02244032781334
329.10990000000004	1.0227628830859639
330.1096	1.023089387132781
331.1095	1.023534479167776
332.1095	1.023635501178608
333.1095	1.023635501178608
334.1095	1.023635501178608
335.1095	1.023635501178608
336.1095	1.023635501178608
337.1095	1.023635501178608
338.1095	1.023635501178608
339.1095	1.023635501178608
340.1095	1.023635501178608
341.1095	1.023635501178608
342.1095	1.023635501178608
343.1095	1.023635501178608
344.1095	1.023635501178608
345.1095	1.023635501178608
346.1095	1.023635501178608
347.1095	1.023635501178608
348.1095	1.023635501178608
349.1095	1.023635501178608
350.1095	1.023635501178608
351.1095	1.023635501178608
352.1095	1.023635501178608
353.1095	1.023635501178608
354.1095	1.023635501178608
355.1095	1.023635501178608
356.1095	1.023635501178608
357.1095	1.023635501178608
358.1095	1.023635501178608
359.1095	1.023635501178608
360.1095	1.023635501178608
361.1095	1.023635501178608
362.1095	1.023635501178608
363.1095	1.023635501178608
364.1095	1.023635501178608
365.1095	1.023635501178608
366.1095	1.023635501178608
367.1095	1.023635501178608
368.1095	1.023635501178608
369.1095	1.023635501178608
370.1095	1.023635501178608
371.1095	1.023635501178608
372.1095	1.023635501178608
373.1095	1.023635501178608
374.1095	1.023635501178608
375.1095	1.023635501178608
376.1095	1.023635501178608
377.1095	1.023635501178608
378.1095	1.023635501178608
379.1095	1.023635501178608
380.1095	1.023635501178608
381.1095	1.023635501178608
382.1095	1.023635501178608
383.1095	1.023635501178608
384.1095	1.023635501178608
385.1095	1.023635501178608
386.1095	1.023635501178608
387.1095	1.023635501178608
388.1095	1.023635501178608
389.1095	1.023635501178608
390.1095	1.023635501178608
391.1095	1.023635501178608
392.1095	1.023635501178608
393.1095	1.023635501178608
394.1095	1.023635501178608
395.1095	1.023635501178608
396.1095	1.023635501178608
397.1095	1.023635501178608
398.1095	1.023635501178608
399.1095	1.023635501178608
400.1095	1.023635501178608
401.1095	1.023635501178608
402.1095	1.023635501178608
403.1095	1.023635501178608
404.1095	1.023635501178608
405.1095	1.023635501178608
406.1095	1.023635501178608
407.1095	1.023635501178608
408.1095	1.023635501178608
409.1095	1.023635501178608
410.1095	1.023635501178608
411.1095	1.023635501178608
412.1095	1.023635501178608
413.1095	1.023635501178608
414.1095	1.023635501178608
415.1095	1.023635501178608
416.1095	1.023635501178608
417.1095	1.023635501178608
418.1095	1.023635501178608
419.1095	1.023635501178608
420.1095	1.023635501178608
421.1095	1.023635501178608
422.1095	1.023635501178608
423.1095	1.023635501178608
424.1095	1.023635501178608
425.1095	1.023635501178608
426.1095	1.023635501178608
427.1095	1.023635501178608
428.1095	1.023635501178608
429.1095	1.023635501178608
430.1095	1.023635501178608
431.1095	1.023635501178608
432.1095	1.023635501178608
433.1095	1.023635501178608
434.1095	1.023635501178608
435.1095	1.023635501178608
436.1095	1.023635501178608
437.1095	1.023635501178608
438.1095	1.023635501178608
439.1095	1.023635501178608
440.1095	1.023635501178608
441.1095	1.023635501178608
442.1095	1.023635501178608
443.1095	1.023635501178608
444.1095	1.023635501178608
445.1095	1.023635501178608
446.1095	1.023635501178608
447.1095	1.023635501178608
448.1095	1.023635501178608
449.1095	1.023635501178608
450.1095	1.023635501178608
451.1095	1.023635501178608
452.1095	1.023635501178608
453.1095	1.023635501178608
454.1095	1.023635501178608
455.1095	1.023635501178608
456.1095	1.023635501178608
457.1095	1.023635501178608
458.1095	1.023635501178608
459.1095	1.023635501178608
460.1095	1.023635501178608
461.1095	1.023635501178608
462.1095	1.023635501178608
463.1095	1.023635501178608
464.1095	1.023635501178608
465.1095	1.023635501178608
466.1095	1.023635501178608
467.1095	1.023635501178608
468.1095	1.023635501178608
469.1095	1.023635501178608
470.1095	1.023635501178608
471.1095	1.023635501178608
472.1095	1.023635501178608
473.1095	1.023635501178608
474.1095	1.023635501178608
475.1095	1.023635501178608
476.1095	1.023635501178608
477.1095	1.023635501178608
478.1095	1.023635501178608
479.1095	1.023635501178608
480.1095	1.023635501178608
481.1095	1.023635501178608
482.1095	1.023635501178608
483.1095	1.023635501178608
484.1095	1.023635501178608
485.1095	1.023635501178608
486.1095	1.023635501178608
487.1095	1.023635501178608
488.1095	1.023635501178608
489.1095	1.023635501178608
490.1095	1.023635501178608
491.1095	1.023635501178608
492.1095	1.023635501178608
493.1095	1.023635501178608
494.1095	1.023635501178608
495.1095	1.023635501178608
496.1095	1.023635501178608
497.1095	1.023635501178608
498.1095	1.023635501178608
499.1095	1.023635501178608
500.1095	1.023635501178608
501.1095	1.023635501178608
502.1095	1.023635501178608
503.1095	1.023635501178608
504.1095	1.023635501178608
505.1095	1.023635501178608
506.1095	1.023635501178608
507.1095	1.023635501178608
508.1095	1.023635501178608
509.1095	1.023635501178608
510.1095	1.023635501178608
511.1095	1.023635501178608
512.1095	1.023635501178608
513.1095	1.023635501178608
514.1095	1.023635501178608
515.1095	1.023635501178608
516.1095	1.023635501178608
517.1095	1.023635501178608
518.1095	1.023635501178608
519.1095	1.023635501178608
520.1095	1.023635501178608
521.1095	1.023635501178608
522.1095	1.023635501178608
523.1095	1.023635501178608
524.1095	1.023635501178608
525.1095	1.023635501178608
526.1095	1.023635501178608
527.1095	1.023635501178608
528.1095	1.023635501178608
529.1095	1.023635501178608
530.1095	1.023635501178608
531.1095	1.023635501178608
532.1095	1.023635501178608
533.1095	1.023635501178608
534.1095	1.023635501178608
535.1095	1.023635501178608
536.1095	1.023635501178608
537.1095	1.023635501178608
538.1095	1.023635501178608
539.1095	1.023635501178608
540.1095	1.023635501178608
541.1095	1.023635501178608
542.1095	1.023635501178608
543.1095	1.023635501178608
544.1095	1.023635501178608
545.1095	1.023635501178608
546.1095	1.023635501178608
547.1095	1.023635501178608
548.1095	1.023635501178608
549.1095	1.023635501178608
550.1095	1.023635501178608
551.1095	1.023635501178608
552.1095	1.023635501178608
553.1095	1.023635501178608
554.1095	1.023635501178608
555.1095	1.023635501178608
556.1095	1.023635501178608
557.1095	1.023635501178608
558.1095	1.023635501178608
559.1095	1.023635501178608
560.1095	1.023635501178608
561.1095	1.023635501178608
562.1095	1.023635501178608
563.1095	1.023635501178608
564.1095	1.023635501178608
565.1095	1.023635501178608
566.1095	1.023635501178608
567.1095	1.023635501178608
568.1095	1.023635501178608
569.1095	1.023635501178608
570.1095	1.023635501178608
571.1095	1.023635501178608
572.1095	1.023635501178608
573.1095	1.023635501178608
574.1095	1.023635501178608
575.1095	1.023635501178608
576.1095	1.023635501178608
577.1095	1.023635501178608
578.1095	1.023635501178608
579.1095	1.023635501178608
580.1095	1.023635501178608
581.1095	1.023635501178608
582.1095	1.023635501178608
583.1095	1.023635501178608
584.1095	1.023635501178608
585.1095	1.023635501178608
586.1095	1.023635501178608
587.1095	1.023635501178608
588.1095	1.023635501178608
589.1095	1.023635501178608
590.1095	1.023635501178608
591.1095	1.023635501178608
592.1095	1.023635501178608
593.1095	1.023635501178608
594.1095	1.023635501178608
595.1095	1.023635501178608
596.1095	1.023635501178608
597.1095	1.023635501178608
598.1095	1.023635501178608
599.1095	1.023635501178608
600.1095	1.023635501178608
601.1095	1.023635501178608
602.1095	1.023635501178608
603.1095	1.023635501178608
604.1095	1.023635501178608
605.1095	1.023635501178608
606.1095	1.023635501178608
607.1095	1.023635501178608
608.1095	1.023635501178608
609.1095	1.023635501178608
610.1095	1.023635501178608
611.1095	1.023635501178608
612.1095	1.023635501178608
613.1095	1.023635501178608
614.1095	1.023635501178608
615.1095	1.023635501178608
616.1095	1.023635501178608
617.1095	1.023635501178608
618.1095	1.023635501178608
619.1095	1.023635501178608
620.1095	1.023635501178608
621.1095	1.023635501178608
622.1095	1.023635501178608
623.1095	1.023635501178608
624.1095	1.023635501178608
625.1095	1.023635501178608
626.1095	1.023635501178608
627.1095	1.023635501178608
628.1095	1.023635501178608
629.1095	1.023635501178608
630.1095	1.023635501178608
631.1095	1.023635501178608
632.1095	1.023635501178608
633.1095	1.023635501178608
634.1095	1.023635501178608
635.1095	1.023635501178608
636.1095	1.023635501178608
637.1095	1.023635501178608
638.1095	1.023635501178608
639.1095	1.023635501178608
640.1095	1.023635501178608
641.1095	1.023635501178608
642.1095	1.023635501178608
643.1095	1.023635501178608
644.1095	1.023635501178608
645.1095	1.023635501178608
646.1095	1.023635501178608
647.1095	1.023635501178608
648.1095	1.023635501178608
649.1095	1.023635501178608
650.1095	1.023635501178608
651.1095	1.023635501178608
652.1095	1.023635501178608
653.1095	1.023635501178608
654.1095	1.023635501178608
655.1095	1.023635501178608
656.1095	1.023635501178608
657.1095	1.023635501178608
658.1095	1.023635501178608
659.1095	1.023635501178608
660.1095	1.023635501178608
661.1095	1.023635501178608
662.1095	1.023635501178608
663.1095	1.023635501178608
664.1095	1.023635501178608
665.1095	1.023635501178608
666.1095	1.023635501178608
667.1095	1.023635501178608
668.1095	1.023635501178608
669.1095	1.023635501178608
670.1095	1.023635501178608
671.1095	1.023635501178608
672.1095	1.023635501178608
673.1095	1.023635501178608
674.1095	1.023635501178608
675.1095	1.023635501178608
676.1095	1.023635501178608
677.1095	1.023635501178608
678.1095	1.023635501178608
679.1095	1.023635501178608
680.1095	1.023635501178608
681.1095	1.023635501178608
682.1095	1.023635501178608
683.1095	1.023635501178608
684.1095	1.023635501178608
685.1095	1.023635501178608
686.1095	1.023635501178608
687.1095	1.023635501178608
688.1095	1.023635501178608
689.1095	1.023635501178608
690.1095	1.023635501178608
691.1095	1.023635501178608
692.1095	1.023635501178608
693.1095	1.023635501178608
694.1095	1.023635501178608
695.1095	1.023635501178608
696.1095	1.023635501178608
697.1095	1.023635501178608
698.1095	1.023635501178608
699.1095	1.023635501178608
700.1095	1.023635501178608
701.1095	1.023635501178608
702.1095	1.023635501178608
703.1095	1.023635501178608
704.1095	1.023635501178608
705.1095	1.023635501178608
706.1095	1.023635501178608
707.1095	1.023635501178608
708.1095	1.023635501178608
709.1095	1.023635501178608
710.1095	1.023635501178608
711.1095	1.023635501178608
712.1095	1.023635501178608
713.1095	1.023635501178608
714.1095	1.023635501178608
715.1095	1.023635501178608
716.1095	1.023635501178608
717.1095	1.023635501178608
718.1095	1.023635501178608
719.1095	1.023635501178608
720.1095	1.023635501178608
721.1095	1.023635501178608
722.1095	1.023635501178608
723.1095	1.023635501178608
724.1095	1.023635501178608
725.1095	1.023635501178608
726.1095	1.023635501178608
727.1095	1.023635501178608
728.1095	1.023635501178608
729.1095	1.023635501178608
730.1095	1.023635501178608
731.1095	1.023635501178608
732.1095	1.023635501178608
733.1095	1.023635501178608
734.1095	1.023635501178608
735.1095	1.023635501178608
736.1095	1.023635501178608
737.1095	1.023635501178608
738.1095	1.023635501178608
739.1095	1.023635501178608
740.1095	1.023635501178608
741.1095	1.023635501178608
742.1095	1.023635501178608
743.1095	1.023635501178608
744.1095	1.023635501178608
745.1095	1.023635501178608
746.1095	1.023635501178608
747.1095	1.023635501178608
748.1095	1.023635501178608
749.1095	1.023635501178608
750.1095	1.023635501178608
751.1095	1.023635501178608
752.1095	1.023635501178608
753.1095	1.023635501178608
754.1095	1.023635501178608
755.1095	1.023635501178608
756.1095	1.023635501178608
757.1095	1.023635501178608
758.1095	1.023635501178608
759.1095	1.023635501178608
760.1095	1.023635501178608
761.1095	1.023635501178608
762.1095	1.023635501178608
763.1095	1.023635501178608
764.1095	1.023635501178608
765.1095	1.023635501178608
766.1095	1.023635501178608
767.1095	1.023635501178608
768.1095	1.023635501178608
769.1095	1.023635501178608
770.1095	1.023635501178608
771.1095	1.023635501178608
772.1095	1.023635501178608
773.1095	1.023635501178608
774.1095	1.023635501178608
775.1095	1.023635501178608
776.1095	1.023635501178608
777.1095	1.023635501178608
778.1095	1.023635501178608
779.1095	1.023635501178608
780.1095	1.023635501178608
781.1095	1.023635501178608
782.1095	1.023635501178608
783.1095	1.023635501178608
784.1095	1.023635501178608
785.1095	1.023635501178608
786.1095	1.023635501178608
787.1095	1.023635501178608
788.1095	1.023635501178608
789.1095	1.023635501178608
790.1095	1.023635501178608
791.1095	1.023635501178608
792.1095	1.023635501178608
793.1095	1.023635501178608
794.1095	1.023635501178608
795.1095	1.023635501178608
796.1095	1.023635501178608
797.1095	1.023635501178608
798.1095	1.023635501178608
799.1095	1.023635501178608
800.1095	1.023635501178608
801.1095	1.023635501178608
802.1095	1.023635501178608
803.1095	1.023635501178608
804.1095	1.023635501178608
805.1095	1.023635501178608
806.1095	1.023635501178608
807.1095	1.023635501178608
808.1095	1.023635501178608
809.1095	1.023635501178608
810.1095	1.023635501178608
811.1095	1.023635501178608
812.1095	1.023635501178608
813.1095	1.023635501178608
814.1095	1.023635501178608
815.1095	1.023635501178608
816.1095	1.023635501178608
817.1095	1.023635501178608
818.1095	1.023635501178608
819.1095	1.023635501178608
820.1095	1.023635501178608
821.1095	1.023635501178608
822.1095	1.023635501178608
823.1095	1.023635501178608
824.1095	1.023635501178608
825.1095	1.023635501178608
826.1095	1.023635501178608
827.1095	1.023635501178608
828.1095	1.023635501178608
829.1095	1.023635501178608
830.1095	1.023635501178608
831.1095	1.023635501178608
832.1095	1.023635501178608
833.1095	1.023635501178608
834.1095	1.023635501178608
835.1095	1.023635501178608
836.1095	1.023635501178608
837.1095	1.023635501178608
838.1095	1.023635501178608
839.1095	1.023635501178608
840.1095	1.023635501178608
841.1095	1.023635501178608
842.1095	1.023635501178608
843.1095	1.023635501178608
844.1095	1.023635501178608
845.1095	1.023635501178608
846.1095	1.023635501178608
847.1095	1.023635501178608
848.1095	1.023635501178608
849.1095	1.023635501178608
850.1095	1.023635501178608
851.1095	1.023635501178608
852.1095	1.023635501178608
853.1095	1.023635501178608
854.1095	1.023635501178608
855.1095	1.023635501178608
856.1095	1.023635501178608
857.1095	1.023635501178608
858.1095	1.023635501178608
859.1095	1.023635501178608
860.1095	1.023635501178608
861.1095	1.023635501178608
862.1095	1.023635501178608
863.1095	1.023635501178608
864.1095	1.023635501178608
865.1095	1.023635501178608
866.1095	1.023635501178608
867.1095	1.023635501178608
868.1095	1.023635501178608
869.1095	1.023635501178608
870.1095	1.023635501178608
871.1095	1.023635501178608
872.1095	1.023635501178608
873.1095	1.023635501178608
874.1095	1.023635501178608
875.1095	1.023635501178608
876.1095	1.023635501178608
877.1095	1.023635501178608
878.1095	1.023635501178608
879.1095	1.023635501178608
880.1095	1.023635501178608
881.1095	1.023635501178608
882.1095	1.023635501178608
883.1095	1.023635501178608
884.1095	1.023635501178608
885.1095	1.023635501178608
886.1095	1.023635501178608
887.1095	1.023635501178608
888.1095	1.023635501178608
889.1095	1.023635501178608
890.1095	1.023635501178608
891.1095	1.023635501178608
892.1095	1.023635501178608
893.1095	1.023635501178608
894.1095	1.023635501178608
895.1095	1.023635501178608
896.1095	1.023635501178608
897.1095	1.023635501178608
898.1095	1.023635501178608
899.1095	1.023635501178608
900.1095	1.023635501178608
901.1095	1.023635501178608
902.1095	1.023635501178608
903.1095	1.023635501178608
904.1095	1.023635501178608
905.1095	1.023635501178608
906.1095	1.023635501178608
907.1095	1.023635501178608
908.1095	1.023635501178608
909.1095	1.023635501178608
910.1095	1.023635501178608
911.1095	1.023635501178608
912.1095	1.023635501178608
913.1095	1.023635501178608
914.1095	1.023635501178608
915.1095	1.023635501178608
916.1095	1.023635501178608
917.1095	1.023635501178608
918.1095	1.023635501178608
919.1095	1.023635501178608
920.1095	1.023635501178608
921.1095	1.023635501178608
922.1095	1.023635501178608
923.1095	1.023635501178608
924.1095	1.023635501178608
925.1095	1.023635501178608
926.1095	1.023635501178608
927.1095	1.023635501178608
928.1095	1.023635501178608
929.1095	1.023635501178608
930.1095	1.023635501178608
931.1095	1.023635501178608
932.1095	1.023635501178608
933.1095	1.023635501178608
934.1095	1.023635501178608
935.1095	1.023635501178608
936.1095	1.023635501178608
937.1095	1.023635501178608
938.1095	1.023635501178608
939.1095	1.023635501178608
940.1095	1.023635501178608
941.1095	1.023635501178608
942.1095	1.023635501178608
943.1095	1.023635501178608
944.1095	1.023635501178608
945.1095	1.023635501178608
946.1095	1.023635501178608
947.1095	1.023635501178608
948.1095	1.023635501178608
949.1095	1.023635501178608
950.1095	1.023635501178608
951.1095	1.023635501178608
952.1095	1.023635501178608
953.1095	1.023635501178608
954.1095	1.023635501178608
955.1095	1.023635501178608
956.1095	1.023635501178608
957.1095	1.023635501178608
958.1095	1.023635501178608
959.1095	1.023635501178608
960.1095	1.023635501178608
961.1095	1.023635501178608
962.1095	1.023635501178608
963.1095	1.023635501178608
964.1095	1.023635501178608
965.1095	1.023635501178608
966.1095	1.023635501178608
967.1095	1.023635501178608
968.1095	1.023635501178608
969.1095	1.023635501178608
970.1095	1.023635501178608
971.1095	1.023635501178608
972.1095	1.023635501178608
973.1095	1.023635501178608
974.1095	1.023635501178608
975.1095	1.023635501178608
976.1095	1.023635501178608
977.1095	1.023635501178608
978.1095	1.023635501178608
979.1095	1.023635501178608
980.1095	1.023635501178608
981.1095	1.023635501178608
982.1095	1.023635501178608
983.1095	1.023635501178608
984.1095	1.023635501178608
985.1095	1.023635501178608
986.1095	1.023635501178608
987.1095	1.023635501178608
988.1095	1.023635501178608
989.1095	1.023635501178608
990.1095	1.023635501178608
991.1095	1.023635501178608
992.1095	1.023635501178608
993.1095	1.023635501178608
994.1095	1.023635501178608
995.1095	1.023635501178608
996.1095	1.023635501178608
997.1095	1.023635501178608
998.1095	1.023635501178608
999.1095	1.023635501178608
