0.28	0.526991291476214
1.2473	0.5260775360489922
2.2144	0.5244113398861762
3.1814	0.5210626609281899
4.1491	0.5173984062972835
5.117500000000001	0.5127276908384686
6.0865	0.50915115529518
7.0571	0.5083966328508676
8.026900000000001	0.5085128472753455
8.999600000000001	0.507633916984762
9.9704	0.5059941600533276
10.9417	0.5100549603384166
11.9137	0.5132556847773384
12.8863	0.5193932057686973
13.8602	0.5263399078641939
14.8397	0.5314226018994475
15.8148	0.5335225993443077
16.787300000000002	0.5345874745464454
17.759700000000002	0.5367887600642015
18.732200000000002	0.5358913713601365
19.705000000000002	0.5414571984227702
20.6779	0.5439721816213167
21.6512	0.5500664621805847
22.625	0.5530063791883018
23.5993	0.5544949001190181
24.5718	0.560939812734127
25.5439	0.5662797137165192
26.5162	0.5753265403845973
27.488400000000002	0.5796784606541237
28.461000000000002	0.5833264387039145
29.4342	0.5886455708272466
30.407	0.5944560616358499
31.380200000000002	0.6013299841038782
32.3537	0.6056396129144225
33.3275	0.6096532737754744
34.3016	0.6143954258800515
35.2761	0.6218887912236903
36.2511	0.6319877634879316
37.2267	0.6501089715431891
38.2028	0.659248625767783
39.174600000000005	0.6647131254466124
40.1417	0.6678235550111766
41.107400000000005	0.6719309927125829
42.0741	0.6751582552384358
43.0401	0.6764167342501995
44.0031	0.6786933292541861
44.9709	0.6796344079985684
45.9382	0.6802514580366168
46.904	0.6845690287956228
47.8694	0.6848006146755895
48.8355	0.6973005574617814
49.801700000000004	0.7006024361934169
50.7683	0.7054611842026564
51.735	0.7075461287015179
52.7012	0.7093449287628062
53.669700000000006	0.713890593194469
54.6379	0.7165680054192524
55.605900000000005	0.7186335260510202
56.574000000000005	0.7097283420575471
57.541700000000006	0.7102057068384675
58.5093	0.7083212811205992
59.4767	0.7107461161616307
60.4438	0.7179158518091528
61.4119	0.7386484887276921
62.3797	0.7427846018403348
63.3468	0.7488773043769454
64.3141	0.7536753178475959
65.2808	0.7607949772133674
66.2474	0.7583779765556683
67.2137	0.7617554261567605
68.18390000000001	0.7821585539416189
69.1538	0.7888436232462765
70.12700000000001	0.7936128426030256
71.10040000000001	0.8013217134838981
72.074	0.806481531399107
73.0464	0.8065765829061035
74.0222	0.7689045395929655
74.9971	0.7966010282578608
75.97330000000001	0.8184814868886345
76.949	0.8187857354834058
77.92540000000001	0.7996933201914914
78.9013	0.786242521356368
79.87700000000001	0.7921425664032535
80.8549	0.8034870180245506
81.8324	0.7645634674085665
82.80940000000001	0.8374703705191643
83.7863	0.8313105939496421
84.7634	0.8358912301843757
85.7406	0.8213690095305763
86.7174	0.8499417379148434
87.69420000000001	0.8429230545321219
88.6708	0.855549905376039
89.64760000000001	0.8627412716474869
90.6243	0.8654021183654064
91.6011	0.8702930221400706
92.57950000000001	0.8708145653393307
93.55760000000001	0.8697677461019431
94.5381	0.889949216076044
95.5198	0.7583601593646859
96.5018	0.8858522061730305
97.4839	0.8569987613365414
98.4658	0.8730572376895723
99.44770000000001	0.8811768630182821
100.4294	0.834488395363824
101.411	0.8042811164504015
102.3925	0.778537591561602
103.3758	0.9134979444446495
104.3585	0.9172923813131761
105.34140000000001	0.9224367769284396
106.32430000000001	0.9223374661631506
107.3071	0.923977512600536
108.2898	0.9260946677288193
109.27250000000001	0.8848742259470835
110.25500000000001	0.9305389987590834
111.23750000000001	0.930697458345505
112.2197	0.9349189347750585
113.2018	0.93804578621705
114.1838	0.9409466344721545
115.16560000000001	0.9428533882951141
116.1473	0.9441078002429277
117.1289	0.9452462432906534
118.1102	0.9461976973986272
119.0913	0.9467126173836479
120.0728	0.8560532544827898
121.054	0.8490297051355937
122.0351	0.8250490767347235
123.01610000000001	0.8308079265456835
123.9983	0.955628808132556
124.9816	0.9565754203069196
125.9646	0.9515681491676884
126.94730000000001	0.9498927459096317
127.9299	0.9514820504564272
128.9137	0.9551121248800905
129.89870000000002	0.8927171605713846
130.883	0.8877116753989678
131.8675	0.8893850710199469
132.8521	0.8811322655113413
133.8369	0.8769526959143878
134.8244	0.9432231075402608
135.8112	0.9639831699162398
136.79770000000002	0.8836830111211014
137.7834	0.8916727565458757
138.76940000000002	0.893882652631632
139.75570000000002	0.895813843564287
140.7423	0.8976311676053135
141.72910000000002	0.8800809878787694
142.7156	0.904814292590625
143.702	0.9065947954197973
144.6882	0.9083993445077873
145.6742	0.9102951867777125
146.6601	0.9535074554619952
147.6458	0.9809138311463822
148.6313	0.9843789822520731
149.6167	0.9837679630999727
150.6023	0.99149520144398
151.5875	0.9914667343046766
152.5726	0.9919767603531287
153.5576	0.9925108781212043
154.54250000000002	0.9929938784876807
155.5273	0.9935111530249108
156.5119	0.9935010341329115
157.5016	0.9995217389693325
158.4922	0.9812804399142723
159.48260000000002	0.9968844095693107
160.4728	0.9968645198975005
161.4634	0.9815420874589886
162.4538	0.9814180191691967
163.44410000000002	0.9815335995980752
164.4343	0.9816621288872834
165.4254	0.9920450855553213
166.4177	0.983626550523262
167.40980000000002	0.9832882063454913
168.4019	0.983203131522901
169.3939	0.9830196546177035
170.38590000000002	0.9829329525778955
171.3779	0.9828440405805802
172.3699	0.9827507328890535
173.36180000000002	0.9706855884219031
174.3537	0.9707576942045241
175.34560000000002	0.9708689769057202
176.3375	0.9709823579685516
177.32930000000002	0.9710065503971302
178.3211	0.9711358961244806
179.3129	0.9712644686848498
180.30460000000002	0.9713058855549443
181.2963	0.9714516618949504
182.288	0.9716031909316104
183.27960000000002	0.9716679758733695
184.27120000000002	0.9718391936562205
185.2628	0.9720165757310996
186.2543	0.9721055923624737
187.2458	0.9723014130031113
188.2372	0.9724109415289874
189.2286	0.9726256527155229
190.2199	0.9727544429979054
191.21120000000002	0.9729921106607317
192.2024	0.9731434414950351
193.1936	0.9734020283611784
194.18470000000002	0.973576767694349
195.1758	0.9738595458229048
196.16680000000002	0.974058476418488
197.1577	0.9742746107937079
198.14860000000002	0.9746020671311604
199.13940000000002	0.9747493082653732
200.1301	0.9748828916654341
201.1208	0.9751216399483156
202.1114	0.9752740865202916
203.1019	0.9754392093227905
204.09230000000002	0.9756186701316192
205.0826	0.9758136339858261
206.0728	0.9760261785860074
207.0636	0.9976715612190581
208.0558	0.9733903893672048
209.0474	0.9726881800906046
210.03900000000002	0.9725378893423053
211.03050000000002	0.9722696349576181
212.02200000000002	0.9720877593793869
213.01340000000002	0.9718047534981015
214.00480000000002	0.9716084733960606
214.9961	0.9713110629909654
215.9873	0.9709985541164823
216.9785	0.9707731179940333
217.9696	0.9704468985413193
218.9606	0.9700887472858839
219.9516	0.9698173218096934
220.94250000000002	0.9694447660304486
221.9333	0.9690574587546051
222.924	0.9686550530093736
223.9146	0.968221756379789
224.9052	0.967875185529449
225.8957	0.9674278313488435
226.8861	0.9669657256716392
227.87640000000002	0.9664727291100816
228.8666	0.9659649810519253
229.86100000000002	0.9161811627710592
230.85520000000002	0.9163563657951
231.8494	0.9167346056940899
232.8436	0.9171125021250663
233.83790000000002	0.9175906911479619
234.8322	0.9180338601041909
235.8265	0.9184759986563793
236.82080000000002	0.9189181372085679
237.8152	0.9194605683526755
238.80960000000002	0.9199339692954365
239.804	0.9204066833021703
240.79850000000002	0.9209803768368506
241.793	0.9215180199008236
242.78750000000002	0.9220549760287697
243.7821	0.9226929116846617
244.7767	0.9232611302031802
245.77130000000002	0.9238283183176582
246.76600000000002	0.9244957990240555
247.7607	0.9251282596637861
248.7554	0.820043386554554
249.7502	0.8217700070775268
250.745	0.8234699257937428
251.7399	0.8252962360464452
252.7348	0.8271217837491478
253.7297	1.0012217616343138
254.7247	0.9745983954701821
255.71970000000002	0.9822645008792481
256.7148	0.9828313487659471
257.7099	0.9849350597342262
258.7051	0.9855293815571357
259.7003	1.0051300492609598
260.6956	1.005453310736133
261.69100000000003	1.0058377072204259
262.6864	1.0061324521537591
263.6819	1.0065358635713852
264.67740000000003	1.009195511858616
265.673	1.0095644087484463
266.6687	1.0099576620729922
267.6644	1.010257275602404
268.66020000000003	1.0106637183387148
269.65610000000004	1.011083338604438
270.6521	1.011511347811337
271.6481	1.0118481174583958
272.6442	1.012294104665295
273.6404	1.012752081166312
274.6367	1.0132232351967405
275.6331	1.0137027781683456
276.62960000000004	1.0141943104340685
277.62620000000004	1.0146990202292026
278.6229	1.015215719318455
279.6197	1.0157467960547661
280.6166	1.0162898620851943
281.6136	1.016846105645035
282.6107	1.0174143384989929
283.60790000000003	1.0179969490000098
284.6052	1.0185951372657325
285.6026	1.01920651494322
286.6001	1.0198310701501192
287.5978	1.020574443858035
288.5956	1.0212337549472876
289.5935	1.0219098439188925
290.5916	1.0227047513915146
291.5898	1.0234155962454725
292.5881	1.0241432189817834
293.58660000000003	1.0249908484544052
294.5852	1.0257556273083634
295.584	1.0266416130162794
296.583	1.027549165194784
297.5821	1.0283786553428593
298.58140000000003	1.0293281522272462
299.58090000000004	1.030074805464574
300.5806	1.0308322241136665
301.58050000000003	1.0318871175035518
302.58050000000003	1.0328716334167882
303.58050000000003	1.0328716334167882
304.58050000000003	1.0328716334167882
305.58050000000003	1.0328716334167882
306.58050000000003	1.0328716334167882
307.58050000000003	1.0328716334167882
308.58050000000003	1.0328716334167882
309.58050000000003	1.0328716334167882
310.58050000000003	1.0328716334167882
311.58050000000003	1.0328716334167882
312.58050000000003	1.0328716334167882
313.58050000000003	1.0328716334167882
314.58050000000003	1.0328716334167882
315.58050000000003	1.0328716334167882
316.58050000000003	1.0328716334167882
317.58050000000003	1.0328716334167882
318.58050000000003	1.0328716334167882
319.58050000000003	1.0328716334167882
320.58050000000003	1.0328716334167882
321.58050000000003	1.0328716334167882
322.58050000000003	1.0328716334167882
323.58050000000003	1.0328716334167882
324.58050000000003	1.0328716334167882
325.58050000000003	1.0328716334167882
326.58050000000003	1.0328716334167882
327.58050000000003	1.0328716334167882
328.58050000000003	1.0328716334167882
329.58050000000003	1.0328716334167882
330.58050000000003	1.0328716334167882
331.58050000000003	1.0328716334167882
332.58050000000003	1.0328716334167882
333.58050000000003	1.0328716334167882
334.58050000000003	1.0328716334167882
335.58050000000003	1.0328716334167882
336.58050000000003	1.0328716334167882
337.58050000000003	1.0328716334167882
338.58050000000003	1.0328716334167882
339.58050000000003	1.0328716334167882
340.58050000000003	1.0328716334167882
341.58050000000003	1.0328716334167882
342.58050000000003	1.0328716334167882
343.58050000000003	1.0328716334167882
344.58050000000003	1.0328716334167882
345.58050000000003	1.0328716334167882
346.58050000000003	1.0328716334167882
347.58050000000003	1.0328716334167882
348.58050000000003	1.0328716334167882
349.58050000000003	1.0328716334167882
350.58050000000003	1.0328716334167882
351.58050000000003	1.0328716334167882
352.58050000000003	1.0328716334167882
353.58050000000003	1.0328716334167882
354.58050000000003	1.0328716334167882
355.58050000000003	1.0328716334167882
356.58050000000003	1.0328716334167882
357.58050000000003	1.0328716334167882
358.58050000000003	1.0328716334167882
359.58050000000003	1.0328716334167882
360.58050000000003	1.0328716334167882
361.58050000000003	1.0328716334167882
362.58050000000003	1.0328716334167882
363.58050000000003	1.0328716334167882
364.58050000000003	1.0328716334167882
365.58050000000003	1.0328716334167882
366.58050000000003	1.0328716334167882
367.58050000000003	1.0328716334167882
368.58050000000003	1.0328716334167882
369.58050000000003	1.0328716334167882
370.58050000000003	1.0328716334167882
371.58050000000003	1.0328716334167882
372.58050000000003	1.0328716334167882
373.58050000000003	1.0328716334167882
374.58050000000003	1.0328716334167882
375.58050000000003	1.0328716334167882
376.58050000000003	1.0328716334167882
377.58050000000003	1.0328716334167882
378.58050000000003	1.0328716334167882
379.58050000000003	1.0328716334167882
380.58050000000003	1.0328716334167882
381.58050000000003	1.0328716334167882
382.58050000000003	1.0328716334167882
383.58050000000003	1.0328716334167882
384.58050000000003	1.0328716334167882
385.58050000000003	1.0328716334167882
386.58050000000003	1.0328716334167882
387.58050000000003	1.0328716334167882
388.58050000000003	1.0328716334167882
389.58050000000003	1.0328716334167882
390.58050000000003	1.0328716334167882
391.58050000000003	1.0328716334167882
392.58050000000003	1.0328716334167882
393.58050000000003	1.0328716334167882
394.58050000000003	1.0328716334167882
395.58050000000003	1.0328716334167882
396.58050000000003	1.0328716334167882
397.58050000000003	1.0328716334167882
398.58050000000003	1.0328716334167882
399.58050000000003	1.0328716334167882
400.58050000000003	1.0328716334167882
401.58050000000003	1.0328716334167882
402.58050000000003	1.0328716334167882
403.58050000000003	1.0328716334167882
404.58050000000003	1.0328716334167882
405.58050000000003	1.0328716334167882
406.58050000000003	1.0328716334167882
407.58050000000003	1.0328716334167882
408.58050000000003	1.0328716334167882
409.58050000000003	1.0328716334167882
410.58050000000003	1.0328716334167882
411.58050000000003	1.0328716334167882
412.58050000000003	1.0328716334167882
413.58050000000003	1.0328716334167882
414.58050000000003	1.0328716334167882
415.58050000000003	1.0328716334167882
416.58050000000003	1.0328716334167882
417.58050000000003	1.0328716334167882
418.58050000000003	1.0328716334167882
419.58050000000003	1.0328716334167882
420.58050000000003	1.0328716334167882
421.58050000000003	1.0328716334167882
422.58050000000003	1.0328716334167882
423.58050000000003	1.0328716334167882
424.58050000000003	1.0328716334167882
425.58050000000003	1.0328716334167882
426.58050000000003	1.0328716334167882
427.58050000000003	1.0328716334167882
428.58050000000003	1.0328716334167882
429.58050000000003	1.0328716334167882
430.58050000000003	1.0328716334167882
431.58050000000003	1.0328716334167882
432.58050000000003	1.0328716334167882
433.58050000000003	1.0328716334167882
434.58050000000003	1.0328716334167882
435.58050000000003	1.0328716334167882
436.58050000000003	1.0328716334167882
437.58050000000003	1.0328716334167882
438.58050000000003	1.0328716334167882
439.58050000000003	1.0328716334167882
440.58050000000003	1.0328716334167882
441.58050000000003	1.0328716334167882
442.58050000000003	1.0328716334167882
443.58050000000003	1.0328716334167882
444.58050000000003	1.0328716334167882
445.58050000000003	1.0328716334167882
446.58050000000003	1.0328716334167882
447.58050000000003	1.0328716334167882
448.58050000000003	1.0328716334167882
449.58050000000003	1.0328716334167882
450.58050000000003	1.0328716334167882
451.58050000000003	1.0328716334167882
452.58050000000003	1.0328716334167882
453.58050000000003	1.0328716334167882
454.58050000000003	1.0328716334167882
455.58050000000003	1.0328716334167882
456.58050000000003	1.0328716334167882
457.58050000000003	1.0328716334167882
458.58050000000003	1.0328716334167882
459.58050000000003	1.0328716334167882
460.58050000000003	1.0328716334167882
461.58050000000003	1.0328716334167882
462.58050000000003	1.0328716334167882
463.58050000000003	1.0328716334167882
464.58050000000003	1.0328716334167882
465.58050000000003	1.0328716334167882
466.58050000000003	1.0328716334167882
467.58050000000003	1.0328716334167882
468.58050000000003	1.0328716334167882
469.58050000000003	1.0328716334167882
470.58050000000003	1.0328716334167882
471.58050000000003	1.0328716334167882
472.58050000000003	1.0328716334167882
473.58050000000003	1.0328716334167882
474.58050000000003	1.0328716334167882
475.58050000000003	1.0328716334167882
476.58050000000003	1.0328716334167882
477.58050000000003	1.0328716334167882
478.58050000000003	1.0328716334167882
479.58050000000003	1.0328716334167882
480.58050000000003	1.0328716334167882
481.58050000000003	1.0328716334167882
482.58050000000003	1.0328716334167882
483.58050000000003	1.0328716334167882
484.58050000000003	1.0328716334167882
485.58050000000003	1.0328716334167882
486.58050000000003	1.0328716334167882
487.58050000000003	1.0328716334167882
488.58050000000003	1.0328716334167882
489.58050000000003	1.0328716334167882
490.58050000000003	1.0328716334167882
491.58050000000003	1.0328716334167882
492.58050000000003	1.0328716334167882
493.58050000000003	1.0328716334167882
494.58050000000003	1.0328716334167882
495.58050000000003	1.0328716334167882
496.58050000000003	1.0328716334167882
497.58050000000003	1.0328716334167882
498.58050000000003	1.0328716334167882
499.58050000000003	1.0328716334167882
500.58050000000003	1.0328716334167882
501.58050000000003	1.0328716334167882
502.58050000000003	1.0328716334167882
503.58050000000003	1.0328716334167882
504.58050000000003	1.0328716334167882
505.58050000000003	1.0328716334167882
506.58050000000003	1.0328716334167882
507.58050000000003	1.0328716334167882
508.58050000000003	1.0328716334167882
509.58050000000003	1.0328716334167882
510.58050000000003	1.0328716334167882
511.58050000000003	1.0328716334167882
512.5805	1.0328716334167882
513.5805	1.0328716334167882
514.5805	1.0328716334167882
515.5805	1.0328716334167882
516.5805	1.0328716334167882
517.5805	1.0328716334167882
518.5805	1.0328716334167882
519.5805	1.0328716334167882
520.5805	1.0328716334167882
521.5805	1.0328716334167882
522.5805	1.0328716334167882
523.5805	1.0328716334167882
524.5805	1.0328716334167882
525.5805	1.0328716334167882
526.5805	1.0328716334167882
527.5805	1.0328716334167882
528.5805	1.0328716334167882
529.5805	1.0328716334167882
530.5805	1.0328716334167882
531.5805	1.0328716334167882
532.5805	1.0328716334167882
533.5805	1.0328716334167882
534.5805	1.0328716334167882
535.5805	1.0328716334167882
536.5805	1.0328716334167882
537.5805	1.0328716334167882
538.5805	1.0328716334167882
539.5805	1.0328716334167882
540.5805	1.0328716334167882
541.5805	1.0328716334167882
542.5805	1.0328716334167882
543.5805	1.0328716334167882
544.5805	1.0328716334167882
545.5805	1.0328716334167882
546.5805	1.0328716334167882
547.5805	1.0328716334167882
548.5805	1.0328716334167882
549.5805	1.0328716334167882
550.5805	1.0328716334167882
551.5805	1.0328716334167882
552.5805	1.0328716334167882
553.5805	1.0328716334167882
554.5805	1.0328716334167882
555.5805	1.0328716334167882
556.5805	1.0328716334167882
557.5805	1.0328716334167882
558.5805	1.0328716334167882
559.5805	1.0328716334167882
560.5805	1.0328716334167882
561.5805	1.0328716334167882
562.5805	1.0328716334167882
563.5805	1.0328716334167882
564.5805	1.0328716334167882
565.5805	1.0328716334167882
566.5805	1.0328716334167882
567.5805	1.0328716334167882
568.5805	1.0328716334167882
569.5805	1.0328716334167882
570.5805	1.0328716334167882
571.5805	1.0328716334167882
572.5805	1.0328716334167882
573.5805	1.0328716334167882
574.5805	1.0328716334167882
575.5805	1.0328716334167882
576.5805	1.0328716334167882
577.5805	1.0328716334167882
578.5805	1.0328716334167882
579.5805	1.0328716334167882
580.5805	1.0328716334167882
581.5805	1.0328716334167882
582.5805	1.0328716334167882
583.5805	1.0328716334167882
584.5805	1.0328716334167882
585.5805	1.0328716334167882
586.5805	1.0328716334167882
587.5805	1.0328716334167882
588.5805	1.0328716334167882
589.5805	1.0328716334167882
590.5805	1.0328716334167882
591.5805	1.0328716334167882
592.5805	1.0328716334167882
593.5805	1.0328716334167882
594.5805	1.0328716334167882
595.5805	1.0328716334167882
596.5805	1.0328716334167882
597.5805	1.0328716334167882
598.5805	1.0328716334167882
599.5805	1.0328716334167882
600.5805	1.0328716334167882
601.5805	1.0328716334167882
602.5805	1.0328716334167882
603.5805	1.0328716334167882
604.5805	1.0328716334167882
605.5805	1.0328716334167882
606.5805	1.0328716334167882
607.5805	1.0328716334167882
608.5805	1.0328716334167882
609.5805	1.0328716334167882
610.5805	1.0328716334167882
611.5805	1.0328716334167882
612.5805	1.0328716334167882
613.5805	1.0328716334167882
614.5805	1.0328716334167882
615.5805	1.0328716334167882
616.5805	1.0328716334167882
617.5805	1.0328716334167882
618.5805	1.0328716334167882
619.5805	1.0328716334167882
620.5805	1.0328716334167882
621.5805	1.0328716334167882
622.5805	1.0328716334167882
623.5805	1.0328716334167882
624.5805	1.0328716334167882
625.5805	1.0328716334167882
626.5805	1.0328716334167882
627.5805	1.0328716334167882
628.5805	1.0328716334167882
629.5805	1.0328716334167882
630.5805	1.0328716334167882
631.5805	1.0328716334167882
632.5805	1.0328716334167882
633.5805	1.0328716334167882
634.5805	1.0328716334167882
635.5805	1.0328716334167882
636.5805	1.0328716334167882
637.5805	1.0328716334167882
638.5805	1.0328716334167882
639.5805	1.0328716334167882
640.5805	1.0328716334167882
641.5805	1.0328716334167882
642.5805	1.0328716334167882
643.5805	1.0328716334167882
644.5805	1.0328716334167882
645.5805	1.0328716334167882
646.5805	1.0328716334167882
647.5805	1.0328716334167882
648.5805	1.0328716334167882
649.5805	1.0328716334167882
650.5805	1.0328716334167882
651.5805	1.0328716334167882
652.5805	1.0328716334167882
653.5805	1.0328716334167882
654.5805	1.0328716334167882
655.5805	1.0328716334167882
656.5805	1.0328716334167882
657.5805	1.0328716334167882
658.5805	1.0328716334167882
659.5805	1.0328716334167882
660.5805	1.0328716334167882
661.5805	1.0328716334167882
662.5805	1.0328716334167882
663.5805	1.0328716334167882
664.5805	1.0328716334167882
665.5805	1.0328716334167882
666.5805	1.0328716334167882
667.5805	1.0328716334167882
668.5805	1.0328716334167882
669.5805	1.0328716334167882
670.5805	1.0328716334167882
671.5805	1.0328716334167882
672.5805	1.0328716334167882
673.5805	1.0328716334167882
674.5805	1.0328716334167882
675.5805	1.0328716334167882
676.5805	1.0328716334167882
677.5805	1.0328716334167882
678.5805	1.0328716334167882
679.5805	1.0328716334167882
680.5805	1.0328716334167882
681.5805	1.0328716334167882
682.5805	1.0328716334167882
683.5805	1.0328716334167882
684.5805	1.0328716334167882
685.5805	1.0328716334167882
686.5805	1.0328716334167882
687.5805	1.0328716334167882
688.5805	1.0328716334167882
689.5805	1.0328716334167882
690.5805	1.0328716334167882
691.5805	1.0328716334167882
692.5805	1.0328716334167882
693.5805	1.0328716334167882
694.5805	1.0328716334167882
695.5805	1.0328716334167882
696.5805	1.0328716334167882
697.5805	1.0328716334167882
698.5805	1.0328716334167882
699.5805	1.0328716334167882
700.5805	1.0328716334167882
701.5805	1.0328716334167882
702.5805	1.0328716334167882
703.5805	1.0328716334167882
704.5805	1.0328716334167882
705.5805	1.0328716334167882
706.5805	1.0328716334167882
707.5805	1.0328716334167882
708.5805	1.0328716334167882
709.5805	1.0328716334167882
710.5805	1.0328716334167882
711.5805	1.0328716334167882
712.5805	1.0328716334167882
713.5805	1.0328716334167882
714.5805	1.0328716334167882
715.5805	1.0328716334167882
716.5805	1.0328716334167882
717.5805	1.0328716334167882
718.5805	1.0328716334167882
719.5805	1.0328716334167882
720.5805	1.0328716334167882
721.5805	1.0328716334167882
722.5805	1.0328716334167882
723.5805	1.0328716334167882
724.5805	1.0328716334167882
725.5805	1.0328716334167882
726.5805	1.0328716334167882
727.5805	1.0328716334167882
728.5805	1.0328716334167882
729.5805	1.0328716334167882
730.5805	1.0328716334167882
731.5805	1.0328716334167882
732.5805	1.0328716334167882
733.5805	1.0328716334167882
734.5805	1.0328716334167882
735.5805	1.0328716334167882
736.5805	1.0328716334167882
737.5805	1.0328716334167882
738.5805	1.0328716334167882
739.5805	1.0328716334167882
740.5805	1.0328716334167882
741.5805	1.0328716334167882
742.5805	1.0328716334167882
743.5805	1.0328716334167882
744.5805	1.0328716334167882
745.5805	1.0328716334167882
746.5805	1.0328716334167882
747.5805	1.0328716334167882
748.5805	1.0328716334167882
749.5805	1.0328716334167882
750.5805	1.0328716334167882
751.5805	1.0328716334167882
752.5805	1.0328716334167882
753.5805	1.0328716334167882
754.5805	1.0328716334167882
755.5805	1.0328716334167882
756.5805	1.0328716334167882
757.5805	1.0328716334167882
758.5805	1.0328716334167882
759.5805	1.0328716334167882
760.5805	1.0328716334167882
761.5805	1.0328716334167882
762.5805	1.0328716334167882
763.5805	1.0328716334167882
764.5805	1.0328716334167882
765.5805	1.0328716334167882
766.5805	1.0328716334167882
767.5805	1.0328716334167882
768.5805	1.0328716334167882
769.5805	1.0328716334167882
770.5805	1.0328716334167882
771.5805	1.0328716334167882
772.5805	1.0328716334167882
773.5805	1.0328716334167882
774.5805	1.0328716334167882
775.5805	1.0328716334167882
776.5805	1.0328716334167882
777.5805	1.0328716334167882
778.5805	1.0328716334167882
779.5805	1.0328716334167882
780.5805	1.0328716334167882
781.5805	1.0328716334167882
782.5805	1.0328716334167882
783.5805	1.0328716334167882
784.5805	1.0328716334167882
785.5805	1.0328716334167882
786.5805	1.0328716334167882
787.5805	1.0328716334167882
788.5805	1.0328716334167882
789.5805	1.0328716334167882
790.5805	1.0328716334167882
791.5805	1.0328716334167882
792.5805	1.0328716334167882
793.5805	1.0328716334167882
794.5805	1.0328716334167882
795.5805	1.0328716334167882
796.5805	1.0328716334167882
797.5805	1.0328716334167882
798.5805	1.0328716334167882
799.5805	1.0328716334167882
800.5805	1.0328716334167882
801.5805	1.0328716334167882
802.5805	1.0328716334167882
803.5805	1.0328716334167882
804.5805	1.0328716334167882
805.5805	1.0328716334167882
806.5805	1.0328716334167882
807.5805	1.0328716334167882
808.5805	1.0328716334167882
809.5805	1.0328716334167882
810.5805	1.0328716334167882
811.5805	1.0328716334167882
812.5805	1.0328716334167882
813.5805	1.0328716334167882
814.5805	1.0328716334167882
815.5805	1.0328716334167882
816.5805	1.0328716334167882
817.5805	1.0328716334167882
818.5805	1.0328716334167882
819.5805	1.0328716334167882
820.5805	1.0328716334167882
821.5805	1.0328716334167882
822.5805	1.0328716334167882
823.5805	1.0328716334167882
824.5805	1.0328716334167882
825.5805	1.0328716334167882
826.5805	1.0328716334167882
827.5805	1.0328716334167882
828.5805	1.0328716334167882
829.5805	1.0328716334167882
830.5805	1.0328716334167882
831.5805	1.0328716334167882
832.5805	1.0328716334167882
833.5805	1.0328716334167882
834.5805	1.0328716334167882
835.5805	1.0328716334167882
836.5805	1.0328716334167882
837.5805	1.0328716334167882
838.5805	1.0328716334167882
839.5805	1.0328716334167882
840.5805	1.0328716334167882
841.5805	1.0328716334167882
842.5805	1.0328716334167882
843.5805	1.0328716334167882
844.5805	1.0328716334167882
845.5805	1.0328716334167882
846.5805	1.0328716334167882
847.5805	1.0328716334167882
848.5805	1.0328716334167882
849.5805	1.0328716334167882
850.5805	1.0328716334167882
851.5805	1.0328716334167882
852.5805	1.0328716334167882
853.5805	1.0328716334167882
854.5805	1.0328716334167882
855.5805	1.0328716334167882
856.5805	1.0328716334167882
857.5805	1.0328716334167882
858.5805	1.0328716334167882
859.5805	1.0328716334167882
860.5805	1.0328716334167882
861.5805	1.0328716334167882
862.5805	1.0328716334167882
863.5805	1.0328716334167882
864.5805	1.0328716334167882
865.5805	1.0328716334167882
866.5805	1.0328716334167882
867.5805	1.0328716334167882
868.5805	1.0328716334167882
869.5805	1.0328716334167882
870.5805	1.0328716334167882
871.5805	1.0328716334167882
872.5805	1.0328716334167882
873.5805	1.0328716334167882
874.5805	1.0328716334167882
875.5805	1.0328716334167882
876.5805	1.0328716334167882
877.5805	1.0328716334167882
878.5805	1.0328716334167882
879.5805	1.0328716334167882
880.5805	1.0328716334167882
881.5805	1.0328716334167882
882.5805	1.0328716334167882
883.5805	1.0328716334167882
884.5805	1.0328716334167882
885.5805	1.0328716334167882
886.5805	1.0328716334167882
887.5805	1.0328716334167882
888.5805	1.0328716334167882
889.5805	1.0328716334167882
890.5805	1.0328716334167882
891.5805	1.0328716334167882
892.5805	1.0328716334167882
893.5805	1.0328716334167882
894.5805	1.0328716334167882
895.5805	1.0328716334167882
896.5805	1.0328716334167882
897.5805	1.0328716334167882
898.5805	1.0328716334167882
899.5805	1.0328716334167882
900.5805	1.0328716334167882
901.5805	1.0328716334167882
902.5805	1.0328716334167882
903.5805	1.0328716334167882
904.5805	1.0328716334167882
905.5805	1.0328716334167882
906.5805	1.0328716334167882
907.5805	1.0328716334167882
908.5805	1.0328716334167882
909.5805	1.0328716334167882
910.5805	1.0328716334167882
911.5805	1.0328716334167882
912.5805	1.0328716334167882
913.5805	1.0328716334167882
914.5805	1.0328716334167882
915.5805	1.0328716334167882
916.5805	1.0328716334167882
917.5805	1.0328716334167882
918.5805	1.0328716334167882
919.5805	1.0328716334167882
920.5805	1.0328716334167882
921.5805	1.0328716334167882
922.5805	1.0328716334167882
923.5805	1.0328716334167882
924.5805	1.0328716334167882
925.5805	1.0328716334167882
926.5805	1.0328716334167882
927.5805	1.0328716334167882
928.5805	1.0328716334167882
929.5805	1.0328716334167882
930.5805	1.0328716334167882
931.5805	1.0328716334167882
932.5805	1.0328716334167882
933.5805	1.0328716334167882
934.5805	1.0328716334167882
935.5805	1.0328716334167882
936.5805	1.0328716334167882
937.5805	1.0328716334167882
938.5805	1.0328716334167882
939.5805	1.0328716334167882
940.5805	1.0328716334167882
941.5805	1.0328716334167882
942.5805	1.0328716334167882
943.5805	1.0328716334167882
944.5805	1.0328716334167882
945.5805	1.0328716334167882
946.5805	1.0328716334167882
947.5805	1.0328716334167882
948.5805	1.0328716334167882
949.5805	1.0328716334167882
950.5805	1.0328716334167882
951.5805	1.0328716334167882
952.5805	1.0328716334167882
953.5805	1.0328716334167882
954.5805	1.0328716334167882
955.5805	1.0328716334167882
956.5805	1.0328716334167882
957.5805	1.0328716334167882
958.5805	1.0328716334167882
959.5805	1.0328716334167882
960.5805	1.0328716334167882
961.5805	1.0328716334167882
962.5805	1.0328716334167882
963.5805	1.0328716334167882
964.5805	1.0328716334167882
965.5805	1.0328716334167882
966.5805	1.0328716334167882
967.5805	1.0328716334167882
968.5805	1.0328716334167882
969.5805	1.0328716334167882
970.5805	1.0328716334167882
971.5805	1.0328716334167882
972.5805	1.0328716334167882
973.5805	1.0328716334167882
974.5805	1.0328716334167882
975.5805	1.0328716334167882
976.5805	1.0328716334167882
977.5805	1.0328716334167882
978.5805	1.0328716334167882
979.5805	1.0328716334167882
980.5805	1.0328716334167882
981.5805	1.0328716334167882
982.5805	1.0328716334167882
983.5805	1.0328716334167882
984.5805	1.0328716334167882
985.5805	1.0328716334167882
986.5805	1.0328716334167882
987.5805	1.0328716334167882
988.5805	1.0328716334167882
989.5805	1.0328716334167882
990.5805	1.0328716334167882
991.5805	1.0328716334167882
992.5805	1.0328716334167882
993.5805	1.0328716334167882
994.5805	1.0328716334167882
995.5805	1.0328716334167882
996.5805	1.0328716334167882
997.5805	1.0328716334167882
998.5805	1.0328716334167882
999.5805	1.0328716334167882
