0.7445	0.5225449920377242
1.7253	0.5202523782465962
2.7064	0.5164753860421729
3.6877	0.5131058337271179
4.6692	0.5102471520415566
5.651000000000001	0.5051956934771935
6.633	0.5020952974869864
7.6154	0.4964177583915448
8.5981	0.49251704619257275
9.581100000000001	0.48836659620742795
10.564400000000001	0.48335868632313184
11.5481	0.4800292090817593
12.532300000000001	0.47606349652536994
13.516900000000001	0.4725427338710826
14.501900000000001	0.46721245122384114
15.487400000000001	0.46134551518524913
16.4734	0.4562032492306154
17.4599	0.45099127800192884
18.4469	0.4468676246381831
19.4345	0.44264567589698545
20.422600000000003	0.4409179273810522
21.4113	0.43660722240079397
22.4007	0.4335166888364159
23.390800000000002	0.4348057841536952
24.381600000000002	0.4423192645245644
25.3731	0.45436167544869166
26.3653	0.4705652078512015
27.3583	0.4923155964105371
28.3521	0.49810763024988525
29.3468	0.5155326748221526
30.3425	0.535698309324631
31.334500000000002	0.5551717855079784
32.3221	0.5553926290976172
33.3037	0.5599927935781029
34.2856	0.5682662104446125
35.268100000000004	0.5787724900532222
36.2473	0.5805959625257997
37.2267	0.5840201413432882
38.2063	0.5850241839292271
39.1861	0.5877971237958859
40.166000000000004	0.5924993535204721
41.146100000000004	0.5944573268984944
42.126400000000004	0.6014298158582067
43.1069	0.6072226185643991
44.0876	0.6118975718328041
45.0685	0.6155438788722423
46.049600000000005	0.622570772306436
47.028800000000004	0.6293802881356036
48.008300000000006	0.6370957989976426
48.9883	0.6420859673472323
49.968900000000005	0.6478999368928271
50.9409	0.6513926156640922
51.913000000000004	0.6545985603035627
52.8851	0.6547915913389152
53.857200000000006	0.6568231660018731
54.8293	0.6589918706385446
55.801500000000004	0.6627727394124048
56.7738	0.6650772388382166
57.746300000000005	0.668836770501993
58.7188	0.6694772516654536
59.6914	0.6687115966894706
60.664100000000005	0.6679015049324004
61.636900000000004	0.6711076095094202
62.609700000000004	0.6747197809568977
63.582600000000006	0.676714779416282
64.5557	0.6849359993800562
65.52890000000001	0.6895614124957107
66.5021	0.6934487821973527
67.47540000000001	0.6905009536913057
68.4487	0.6876150331264539
69.422	0.6816059791032951
70.39540000000001	0.6777689564870814
71.3689	0.6808077290845997
72.3424	0.6780422010449901
73.3159	0.6801187687927366
74.2893	0.6794268721388315
75.2626	0.6720777795320325
76.2359	0.6777888601923373
77.209	0.687660206982152
78.182	0.6918339079668668
79.15480000000001	0.689382154653978
80.12740000000001	0.6978247750521542
81.0998	0.6969497255522722
82.0719	0.7062529345284599
83.0438	0.718705561523715
84.0155	0.7299783929251225
84.9869	0.7478595372254246
85.9581	0.7645266601053419
86.929	0.7740422141005987
87.89970000000001	0.7739948129618257
88.87780000000001	0.7912591940556424
89.8576	0.7862853685396355
90.8371	0.8033013077557641
91.8165	0.7873609285654894
92.7967	0.7926392731456916
93.7775	0.8176089329767717
94.75800000000001	0.7903959482254557
95.7384	0.8008402614352865
96.7189	0.881540453688767
97.69930000000001	0.855371586751323
98.68050000000001	0.7826294032351806
99.662	0.8486660931134115
100.6436	0.8379437002759775
101.6252	0.8463895113943017
102.6066	0.8655184284984088
103.58800000000001	0.8819964366550628
104.57000000000001	0.82964227418571
105.5527	0.8081768233220062
106.53460000000001	0.8922430319317556
107.518	0.8435689211748643
108.501	0.8568017493829438
109.4842	0.885543109552103
110.4667	0.7700740499490233
111.44810000000001	0.8781989833743737
112.43010000000001	0.960493299237809
113.4124	0.9519762590842222
114.3943	0.9585087377048608
115.37620000000001	0.9497382509851323
116.35810000000001	0.8771964861413662
117.3399	0.9509745071395197
118.3217	0.9529278069461441
119.3078	0.9076489784756143
120.29350000000001	0.8370087404019125
121.2792	0.879068736325201
122.26480000000001	0.879221111308849
123.2506	0.8834957718764505
124.2364	0.8716900145141833
125.2223	0.8721851700711353
126.2082	0.886501498465213
127.1941	0.9040177060923315
128.18040000000002	0.7928293227666791
129.1664	0.7989970233727177
130.1525	0.8059893765627356
131.1388	0.8130454328499319
132.1249	0.821483144202044
133.11100000000002	0.8303741581076701
134.0984	0.9174929508164156
135.0849	0.9229666876606506
136.07160000000002	0.8758418774027312
137.0583	0.8409896315312463
138.04510000000002	0.8415066371637197
139.032	0.8421058968742913
140.019	0.8427878912185892
141.0061	0.8435674326182163
141.9933	0.8444524560783304
142.9806	0.8454531058579445
143.96800000000002	0.8465492617741451
144.9555	0.8363057806010393
145.94320000000002	0.8297775908407032
146.931	0.833886225083271
147.9189	0.8264577333619945
148.9068	0.8946779233045984
149.895	0.7732980866037401
150.88330000000002	0.7832101052385841
151.8731	0.8350068055867144
152.8632	0.8373269412531645
153.85330000000002	0.8204150577965719
154.8434	0.8233267425667631
155.83350000000002	0.8263292190786193
156.8236	0.8609141084487675
157.81380000000001	0.9172805434756918
158.8041	0.8747884511669334
159.7944	0.8616231575707171
160.78470000000002	0.8647042183607652
161.775	0.8678749920452181
162.7653	0.8711335029065239
163.75560000000002	0.8745137556987292
164.7459	0.8779512092926472
165.7363	0.8815855380016335
166.7267	0.8771807043898183
167.71710000000002	0.8798356426191005
168.7075	0.8661948856707271
169.6979	0.8728827787565027
170.6882	0.8800522121322556
171.6785	0.887811601543768
172.6688	0.8957917267315908
173.6591	0.8856170550662308
174.6494	0.8868438720432655
175.6396	0.8916129570973833
176.62980000000002	0.8966501791780446
177.6206	0.9223504132553448
178.6115	0.9273513767200747
179.6026	0.9324638827080158
180.59400000000002	0.9334630107085227
181.5857	0.9330711000116394
182.57760000000002	0.9367258275099994
183.5696	0.9972548930310348
184.5617	0.9997018450042024
185.5539	0.9997178980253646
186.5462	0.9997909444469237
187.5367	0.7885366078534661
188.5269	0.7874069607025671
189.5172	0.7863515083673938
190.50750000000002	0.7852666438763225
191.49790000000002	0.7443153079788407
192.4883	0.7519830759548668
193.4788	0.7609342333968716
194.4693	0.7712378963848838
195.4598	0.8302649539528655
196.4503	0.847740016794995
197.4408	0.8675696646852686
198.43120000000002	0.9592422772508835
199.4216	0.9846892627245782
200.4121	0.9998555597845913
201.4027	0.9997884158454236
202.3934	0.9995093936931669
203.3843	0.9735934175444405
204.3753	0.8514805142879014
205.3664	0.8504221631618399
206.35760000000002	0.8494189026787042
207.34890000000001	0.8484383985031729
208.34040000000002	0.8476026333359847
209.33200000000002	0.7479804460297345
210.3238	0.6843234539105651
211.31570000000002	0.6956899370384364
212.30780000000001	0.6771856546608012
213.30010000000001	0.6907064889063432
214.29260000000002	0.7050498438473238
215.2853	0.7202043709193857
216.2782	0.7212342106684551
217.2713	0.742539829199971
218.2646	0.7655665001791104
219.2581	0.7896375316719365
220.2519	0.8164069772674909
221.2459	0.8449413701941382
222.24020000000002	0.8606596188678252
223.2331	1.0022756907551007
224.22660000000002	1.0027809802337795
225.22060000000002	0.8728487149549845
226.21460000000002	0.8814141924791823
227.2089	0.8798295749091252
228.20340000000002	0.8865522561171899
229.1982	0.8937845586571105
230.19330000000002	0.9010705761479579
231.18880000000001	0.9093172911961988
232.18470000000002	0.9181095536822471
233.181	0.927465746029893
234.17770000000002	0.9374123272966843
235.1748	0.9282098683810539
236.1715	0.9650886196692479
237.16830000000002	0.9705096003249262
238.16510000000002	0.9760657507443037
239.1619	0.9765649685609565
240.1588	0.9806070411574904
241.15570000000002	0.9846825976352678
242.1527	0.9876316381572117
243.14970000000002	0.9916568944371735
244.1467	0.9911287864974937
245.1438	0.9923030917897419
246.14090000000002	0.9927735121792034
247.1381	0.9933465238288399
248.1353	0.993827822797912
249.13250000000002	0.9943203439892064
250.12980000000002	0.9949154564406757
251.1271	0.9954300784338028
252.1245	0.9960472916871048
253.1219	0.9965840144820647
254.1194	0.9972233285371995
255.11690000000002	0.9977709299117699
256.1145	0.9984323447687375
257.1121	0.9990020469451407
258.1098	0.999685562603941
259.1075	1.0002773655821768
260.1053	1.0009829820428102
261.10310000000004	1.0016081080451011
262.101	1.002335825307567
263.0989	1.0029830521116905
264.0969	1.003732870175989
265.095	1.0045047890421206
266.0931	1.0051849952276875
267.0913	1.0059790148956516
268.0895	1.0066925441052734
269.0878	1.0075086645750704
270.0862	1.0083468858467
271.0846	1.0091046166599875
272.0831	1.0099649387334497
273.0817	1.010847361608745
274.0803	1.011649294025698
275.079	1.012553817702826
276.0778	1.0134804421817865
277.0767	1.01442916746258
278.0756	1.0152974022850312
279.07460000000003	1.0162682283676574
280.07370000000003	1.0172611552521165
281.0729	1.0182761829384082
282.0722	1.0193133114265327
283.0715	1.020269949456315
284.0709	1.021329178746272
285.0704	1.0224105088380622
286.07	1.023513939731685
287.0697	1.0246394714271403
288.0695	1.0257871039244286
289.06940000000003	1.0269568372235496
290.06940000000003	1.0312510419641385
291.06940000000003	1.031251384429892
292.06940000000003	1.0312517268956454
293.06940000000003	1.031252069361399
294.06940000000003	1.0312524118271522
295.06940000000003	1.0312527542929057
296.06940000000003	1.031253096758659
297.06940000000003	1.0312534392244126
298.06940000000003	1.031253781690166
299.06940000000003	1.0312541241559194
300.06940000000003	1.0312544666216727
301.06940000000003	1.0312548090874263
302.06940000000003	1.0312551515531796
303.06940000000003	1.0312554940189331
304.06940000000003	1.0312558364846864
305.06940000000003	1.03125617895044
306.06940000000003	1.0312565214161933
307.06940000000003	1.0312568638819468
308.06940000000003	1.0312572063477001
309.06940000000003	1.0312575488134537
310.06940000000003	1.031257891279207
311.06940000000003	1.0312582337449605
312.06940000000003	1.0312585762107138
313.06940000000003	1.0312589186764674
314.06940000000003	1.0312592611422207
315.06940000000003	1.0312596036079742
316.06940000000003	1.0312599460737275
317.06940000000003	1.031260288539481
318.06940000000003	1.0312606310052344
319.06940000000003	1.0312609734709879
320.06940000000003	1.0312613159367412
321.06940000000003	1.0312616584024947
322.06940000000003	1.031262000868248
323.06940000000003	1.0312623433340016
324.06940000000003	1.0312626857997549
325.06940000000003	1.0312630282655084
326.06940000000003	1.0312633707312617
327.06940000000003	1.0312637131970153
328.06940000000003	1.0312640556627688
329.06940000000003	1.031264398128522
330.06940000000003	1.0312647405942756
331.06940000000003	1.031265083060029
332.06940000000003	1.0312654255257825
333.06940000000003	1.0312657679915358
334.06940000000003	1.0312661104572893
335.06940000000003	1.0312664529230426
336.06940000000003	1.0312667953887962
337.06940000000003	1.0312671378545495
338.06940000000003	1.031267480320303
339.06940000000003	1.0312678227860563
340.06940000000003	1.0312681652518099
341.06940000000003	1.0312685077175632
342.06940000000003	1.0312688501833167
343.06940000000003	1.03126919264907
344.06940000000003	1.0312695351148236
345.06940000000003	1.0312698775805769
346.06940000000003	1.0312702200463304
347.06940000000003	1.0312705625120837
348.06940000000003	1.0312709049778372
349.06940000000003	1.0312712474435906
350.06940000000003	1.031271589909344
351.06940000000003	1.0312719323750974
352.06940000000003	1.031272274840851
353.06940000000003	1.0312726173066042
354.06940000000003	1.0312729597723578
355.06940000000003	1.031273302238111
356.06940000000003	1.0312736447038646
357.06940000000003	1.031273987169618
358.06940000000003	1.0312743296353715
359.06940000000003	1.0312746721011248
360.06940000000003	1.0312750145668783
361.06940000000003	1.0312753570326316
362.06940000000003	1.0312756994983852
363.06940000000003	1.0312760419641385
364.06940000000003	1.031276384429892
365.06940000000003	1.0312767268956453
366.06940000000003	1.0312770693613988
367.06940000000003	1.0312774118271522
368.06940000000003	1.0312777542929057
369.06940000000003	1.031278096758659
370.06940000000003	1.0312784392244125
371.06940000000003	1.0312787816901658
372.06940000000003	1.0312791241559194
373.06940000000003	1.0312794666216727
374.06940000000003	1.0312798090874262
375.06940000000003	1.0312801515531795
376.06940000000003	1.031280494018933
377.06940000000003	1.0312808364846866
378.06940000000003	1.03128117895044
379.06940000000003	1.0312815214161934
380.06940000000003	1.0312818638819468
381.06940000000003	1.0312822063477003
382.06940000000003	1.0312825488134536
383.06940000000003	1.0312828912792071
384.06940000000003	1.0312832337449604
385.06940000000003	1.031283576210714
386.06940000000003	1.0312839186764673
387.06940000000003	1.0312842611422208
388.06940000000003	1.0312846036079741
389.06940000000003	1.0312849460737277
390.06940000000003	1.031285288539481
391.06940000000003	1.0312856310052345
392.06940000000003	1.0312859734709878
393.06940000000003	1.0312863159367414
394.06940000000003	1.0312866584024947
395.06940000000003	1.0312870008682482
396.06940000000003	1.0312873433340015
397.06940000000003	1.031287685799755
398.06940000000003	1.0312880282655084
399.06940000000003	1.031288370731262
400.06940000000003	1.0312887131970152
401.06940000000003	1.0312890556627687
402.06940000000003	1.031289398128522
403.06940000000003	1.0312897405942756
404.06940000000003	1.031290083060029
405.06940000000003	1.0312904255257824
406.06940000000003	1.0312907679915357
407.06940000000003	1.0312911104572893
408.06940000000003	1.0312914529230426
409.06940000000003	1.0312917953887961
410.06940000000003	1.0312921378545494
411.06940000000003	1.031292480320303
412.06940000000003	1.0312928227860563
413.06940000000003	1.0312931652518098
414.06940000000003	1.0312935077175631
415.06940000000003	1.0312938501833167
416.06940000000003	1.03129419264907
417.06940000000003	1.0312945351148235
418.06940000000003	1.0312948775805768
419.06940000000003	1.0312952200463303
420.06940000000003	1.0312955625120837
421.06940000000003	1.0312959049778372
422.06940000000003	1.0312962474435907
423.06940000000003	1.031296589909344
424.06940000000003	1.0312969323750973
425.06940000000003	1.0312972748408509
426.06940000000003	1.0312976173066044
427.06940000000003	1.0312979597723577
428.06940000000003	1.0312983022381113
429.06940000000003	1.0312986447038646
430.06940000000003	1.031298987169618
431.06940000000003	1.0312993296353714
432.06940000000003	1.031299672101125
433.06940000000003	1.0313000145668783
434.06940000000003	1.0313003570326318
435.06940000000003	1.031300699498385
436.06940000000003	1.0313010419641386
437.06940000000003	1.031301384429892
438.06940000000003	1.0313017268956455
439.06940000000003	1.0313020693613988
440.06940000000003	1.0313024118271523
441.06940000000003	1.0313027542929056
442.06940000000003	1.0313030967586592
443.06940000000003	1.0313034392244125
444.06940000000003	1.031303781690166
445.06940000000003	1.0313041241559193
446.06940000000003	1.0313044666216729
447.06940000000003	1.0313048090874262
448.06940000000003	1.0313051515531797
449.06940000000003	1.031305494018933
450.06940000000003	1.0313058364846865
451.06940000000003	1.0313061789504399
452.06940000000003	1.0313065214161934
453.06940000000003	1.0313068638819467
454.06940000000003	1.0313072063477002
455.06940000000003	1.0313075488134535
456.06940000000003	1.031307891279207
457.06940000000003	1.0313082337449604
458.06940000000003	1.031308576210714
459.06940000000003	1.0313089186764672
460.06940000000003	1.0313092611422208
461.06940000000003	1.031309603607974
462.06940000000003	1.0313099460737276
463.06940000000003	1.031310288539481
464.06940000000003	1.0313106310052345
465.06940000000003	1.0313109734709878
466.06940000000003	1.0313113159367413
467.06940000000003	1.0313116584024946
468.06940000000003	1.0313120008682481
469.06940000000003	1.0313123433340015
470.06940000000003	1.031312685799755
471.06940000000003	1.0313130282655085
472.06940000000003	1.0313133707312618
473.06940000000003	1.0313137131970154
474.06940000000003	1.0313140556627687
475.06940000000003	1.0313143981285222
476.06940000000003	1.0313147405942755
477.06940000000003	1.031315083060029
478.06940000000003	1.0313154255257824
479.06940000000003	1.031315767991536
480.06940000000003	1.0313161104572892
481.06940000000003	1.0313164529230427
482.06940000000003	1.031316795388796
483.06940000000003	1.0313171378545496
484.06940000000003	1.031317480320303
485.06940000000003	1.0313178227860564
486.06940000000003	1.0313181652518097
487.06940000000003	1.0313185077175633
488.06940000000003	1.0313188501833166
489.06940000000003	1.0313191926490701
490.06940000000003	1.0313195351148234
491.06940000000003	1.031319877580577
492.06940000000003	1.0313202200463303
493.06940000000003	1.0313205625120838
494.06940000000003	1.0313209049778371
495.06940000000003	1.0313212474435907
496.06940000000003	1.031321589909344
497.06940000000003	1.0313219323750975
498.06940000000003	1.0313222748408508
499.06940000000003	1.0313226173066044
500.06940000000003	1.0313229597723577
501.06940000000003	1.0313233022381112
502.06940000000003	1.0313236447038645
503.06940000000003	1.031323987169618
504.06940000000003	1.0313243296353714
505.06940000000003	1.0313246721011249
506.06940000000003	1.0313250145668782
507.06940000000003	1.0313253570326317
508.06940000000003	1.031325699498385
509.06940000000003	1.0313260419641386
510.06940000000003	1.0313263844298919
511.06940000000003	1.0313267268956454
512.0694	1.0313270693613987
513.0694	1.0313274118271523
514.0694	1.0313277542929056
515.0694	1.031328096758659
516.0694	1.0313284392244124
517.0694	1.031328781690166
518.0694	1.0313291241559193
519.0694	1.0313294666216728
520.0694	1.0313298090874263
521.0694	1.0313301515531796
522.0694	1.0313304940189332
523.0694	1.0313308364846865
524.0694	1.03133117895044
525.0694	1.0313315214161933
526.0694	1.0313318638819469
527.0694	1.0313322063477002
528.0694	1.0313325488134537
529.0694	1.031332891279207
530.0694	1.0313332337449606
531.0694	1.0313335762107139
532.0694	1.0313339186764674
533.0694	1.0313342611422207
534.0694	1.0313346036079742
535.0694	1.0313349460737276
536.0694	1.031335288539481
537.0694	1.0313356310052344
538.0694	1.031335973470988
539.0694	1.0313363159367412
540.0694	1.0313366584024948
541.0694	1.031337000868248
542.0694	1.0313373433340016
543.0694	1.031337685799755
544.0694	1.0313380282655085
545.0694	1.0313383707312618
546.0694	1.0313387131970153
547.0694	1.0313390556627686
548.0694	1.0313393981285222
549.0694	1.0313397405942755
550.0694	1.031340083060029
551.0694	1.0313404255257823
552.0694	1.0313407679915358
553.0694	1.0313411104572892
554.0694	1.0313414529230427
555.0694	1.031341795388796
556.0694	1.0313421378545495
557.0694	1.0313424803203028
558.0694	1.0313428227860564
559.0694	1.0313431652518097
560.0694	1.0313435077175632
561.0694	1.0313438501833165
562.0694	1.03134419264907
563.0694	1.0313445351148234
564.0694	1.031344877580577
565.0694	1.0313452200463304
566.0694	1.0313455625120838
567.0694	1.031345904977837
568.0694	1.0313462474435906
569.0694	1.0313465899093441
570.0694	1.0313469323750974
571.0694	1.031347274840851
572.0694	1.0313476173066043
573.0694	1.0313479597723578
574.0694	1.0313483022381111
575.0694	1.0313486447038647
576.0694	1.031348987169618
577.0694	1.0313493296353715
578.0694	1.0313496721011248
579.0694	1.0313500145668784
580.0694	1.0313503570326317
581.0694	1.0313506994983852
582.0694	1.0313510419641385
583.0694	1.031351384429892
584.0694	1.0313517268956454
585.0694	1.031352069361399
586.0694	1.0313524118271522
587.0694	1.0313527542929057
588.0694	1.031353096758659
589.0694	1.0313534392244126
590.0694	1.031353781690166
591.0694	1.0313541241559194
592.0694	1.0313544666216727
593.0694	1.0313548090874263
594.0694	1.0313551515531796
595.0694	1.0313554940189331
596.0694	1.0313558364846864
597.0694	1.03135617895044
598.0694	1.0313565214161933
599.0694	1.0313568638819468
600.0694	1.0313572063477001
601.0694	1.0313575488134537
602.0694	1.031357891279207
603.0694	1.0313582337449605
604.0694	1.0313585762107138
605.0694	1.0313589186764673
606.0694	1.0313592611422207
607.0694	1.0313596036079742
608.0694	1.0313599460737275
609.0694	1.031360288539481
610.0694	1.0313606310052343
611.0694	1.0313609734709879
612.0694	1.0313613159367412
613.0694	1.0313616584024947
614.0694	1.0313620008682483
615.0694	1.0313623433340016
616.0694	1.031362685799755
617.0694	1.0313630282655084
618.0694	1.031363370731262
619.0694	1.0313637131970153
620.0694	1.0313640556627688
621.0694	1.031364398128522
622.0694	1.0313647405942756
623.0694	1.031365083060029
624.0694	1.0313654255257825
625.0694	1.0313657679915358
626.0694	1.0313661104572893
627.0694	1.0313664529230426
628.0694	1.0313667953887962
629.0694000000001	1.0313671378545495
630.0694000000001	1.031367480320303
631.0694000000001	1.0313678227860563
632.0694000000001	1.0313681652518099
633.0694000000001	1.0313685077175632
634.0694000000001	1.0313688501833167
635.0694000000001	1.03136919264907
636.0694000000001	1.0313695351148235
637.0694000000001	1.0313698775805769
638.0694000000001	1.0313702200463304
639.0694000000001	1.0313705625120837
640.0694000000001	1.0313709049778372
641.0694000000001	1.0313712474435905
642.0694000000001	1.031371589909344
643.0694000000001	1.0313719323750974
644.0694000000001	1.031372274840851
645.0694000000001	1.0313726173066042
646.0694000000001	1.0313729597723578
647.0694000000001	1.031373302238111
648.0694000000001	1.0313736447038646
649.0694000000001	1.031373987169618
650.0694000000001	1.0313743296353715
651.0694000000001	1.0313746721011248
652.0694000000001	1.0313750145668783
653.0694000000001	1.0313753570326316
654.0694000000001	1.0313756994983851
655.0694000000001	1.0313760419641385
656.0694000000001	1.031376384429892
657.0694000000001	1.0313767268956453
658.0694000000001	1.0313770693613988
659.0694000000001	1.0313774118271521
660.0694000000001	1.0313777542929057
661.0694000000001	1.031378096758659
662.0694000000001	1.0313784392244125
663.0694000000001	1.031378781690166
664.0694000000001	1.0313791241559194
665.0694000000001	1.031379466621673
666.0694000000001	1.0313798090874262
667.0694000000001	1.0313801515531797
668.0694000000001	1.031380494018933
669.0694000000001	1.0313808364846866
670.0694000000001	1.03138117895044
671.0694000000001	1.0313815214161934
672.0694000000001	1.0313818638819467
673.0694000000001	1.0313822063477003
674.0694000000001	1.0313825488134536
675.0694000000001	1.0313828912792071
676.0694000000001	1.0313832337449604
677.0694000000001	1.031383576210714
678.0694000000001	1.0313839186764673
679.0694000000001	1.0313842611422208
680.0694000000001	1.0313846036079741
681.0694000000001	1.0313849460737277
682.0694000000001	1.031385288539481
683.0694000000001	1.0313856310052345
684.0694000000001	1.0313859734709878
685.0694000000001	1.0313863159367413
686.0694000000001	1.0313866584024947
687.0694000000001	1.0313870008682482
688.0694000000001	1.0313873433340015
689.0694000000001	1.031387685799755
690.0694000000001	1.0313880282655083
691.0694000000001	1.0313883707312619
692.0694000000001	1.0313887131970152
693.0694000000001	1.0313890556627687
694.0694000000001	1.031389398128522
695.0694000000001	1.0313897405942756
696.0694000000001	1.0313900830600289
697.0694000000001	1.0313904255257824
698.0694000000001	1.0313907679915357
699.0694000000001	1.0313911104572893
700.0694000000001	1.0313914529230426
701.0694000000001	1.031391795388796
702.0694000000001	1.0313921378545494
703.0694000000001	1.031392480320303
704.0694000000001	1.0313928227860563
705.0694000000001	1.0313931652518098
706.0694000000001	1.031393507717563
707.0694000000001	1.0313938501833166
708.0694000000001	1.0313941926490702
709.0694000000001	1.0313945351148235
710.0694000000001	1.0313948775805768
711.0694000000001	1.0313952200463303
712.0694000000001	1.0313955625120839
713.0694000000001	1.0313959049778372
714.0694000000001	1.0313962474435907
715.0694000000001	1.031396589909344
716.0694000000001	1.0313969323750976
717.0694000000001	1.0313972748408509
718.0694000000001	1.0313976173066044
719.0694000000001	1.0313979597723577
720.0694000000001	1.0313983022381112
721.0694000000001	1.0313986447038646
722.0694000000001	1.031398987169618
723.0694000000001	1.0313993296353714
724.0694000000001	1.031399672101125
725.0694000000001	1.0314000145668782
726.0694000000001	1.0314003570326318
727.0694000000001	1.031400699498385
728.0694000000001	1.0314010419641386
729.0694000000001	1.031401384429892
730.0694000000001	1.0314017268956455
731.0694000000001	1.0314020693613988
732.0694000000001	1.0314024118271523
733.0694000000001	1.0314027542929056
734.0694000000001	1.0314030967586592
735.0694000000001	1.0314034392244125
736.0694000000001	1.031403781690166
737.0694000000001	1.0314041241559193
738.0694000000001	1.0314044666216728
739.0694000000001	1.0314048090874262
740.0694000000001	1.0314051515531797
741.0694000000001	1.031405494018933
742.0694000000001	1.0314058364846865
743.0694000000001	1.0314061789504398
744.0694000000001	1.0314065214161934
745.0694000000001	1.0314068638819467
746.0694000000001	1.0314072063477002
747.0694000000001	1.0314075488134535
748.0694000000001	1.031407891279207
749.0694000000001	1.0314082337449604
750.0694000000001	1.031408576210714
751.0694000000001	1.0314089186764672
752.0694000000001	1.0314092611422208
753.0694000000001	1.031409603607974
754.0694000000001	1.0314099460737276
755.0694000000001	1.031410288539481
756.0694000000001	1.0314106310052344
757.0694000000001	1.031410973470988
758.0694000000001	1.0314113159367413
759.0694000000001	1.0314116584024948
760.0694000000001	1.0314120008682481
761.0694000000001	1.0314123433340017
762.0694000000001	1.031412685799755
763.0694000000001	1.0314130282655085
764.0694000000001	1.0314133707312618
765.0694000000001	1.0314137131970154
766.0694000000001	1.0314140556627687
767.0694000000001	1.0314143981285222
768.0694000000001	1.0314147405942755
769.0694000000001	1.031415083060029
770.0694000000001	1.0314154255257824
771.0694000000001	1.031415767991536
772.0694000000001	1.0314161104572892
773.0694000000001	1.0314164529230427
774.0694000000001	1.031416795388796
775.0694000000001	1.0314171378545496
776.0694000000001	1.031417480320303
777.0694000000001	1.0314178227860564
778.0694000000001	1.0314181652518097
779.0694000000001	1.0314185077175633
780.0694000000001	1.0314188501833166
781.0694000000001	1.0314191926490701
782.0694000000001	1.0314195351148234
783.0694000000001	1.031419877580577
784.0694000000001	1.0314202200463303
785.0694000000001	1.0314205625120838
786.0694000000001	1.0314209049778371
787.0694000000001	1.0314212474435906
788.0694000000001	1.031421589909344
789.0694000000001	1.0314219323750975
790.0694000000001	1.0314222748408508
791.0694000000001	1.0314226173066043
792.0694000000001	1.0314229597723577
793.0694000000001	1.0314233022381112
794.0694000000001	1.0314236447038645
795.0694000000001	1.031423987169618
796.0694000000001	1.0314243296353713
797.0694000000001	1.0314246721011249
798.0694000000001	1.0314250145668782
799.0694000000001	1.0314253570326317
800.0694000000001	1.031425699498385
801.0694000000001	1.0314260419641386
802.0694000000001	1.0314263844298919
803.0694000000001	1.0314267268956454
804.0694000000001	1.0314270693613987
805.0694000000001	1.0314274118271523
806.0694000000001	1.0314277542929058
807.0694000000001	1.031428096758659
808.0694000000001	1.0314284392244126
809.0694000000001	1.031428781690166
810.0694000000001	1.0314291241559195
811.0694000000001	1.0314294666216728
812.0694000000001	1.0314298090874263
813.0694000000001	1.0314301515531796
814.0694000000001	1.0314304940189332
815.0694000000001	1.0314308364846865
816.0694000000001	1.03143117895044
817.0694000000001	1.0314315214161933
818.0694000000001	1.0314318638819469
819.0694000000001	1.0314322063477002
820.0694000000001	1.0314325488134537
821.0694000000001	1.031432891279207
822.0694000000001	1.0314332337449605
823.0694000000001	1.0314335762107139
824.0694000000001	1.0314339186764674
825.0694000000001	1.0314342611422207
826.0694000000001	1.0314346036079742
827.0694000000001	1.0314349460737275
828.0694000000001	1.031435288539481
829.0694000000001	1.0314356310052344
830.0694000000001	1.031435973470988
831.0694000000001	1.0314363159367412
832.0694000000001	1.0314366584024948
833.0694000000001	1.031437000868248
834.0694000000001	1.0314373433340016
835.0694000000001	1.031437685799755
836.0694000000001	1.0314380282655085
837.0694000000001	1.0314383707312618
838.0694000000001	1.0314387131970153
839.0694000000001	1.0314390556627686
840.0694000000001	1.0314393981285221
841.0694000000001	1.0314397405942755
842.0694000000001	1.031440083060029
843.0694000000001	1.0314404255257823
844.0694000000001	1.0314407679915358
845.0694000000001	1.0314411104572891
846.0694000000001	1.0314414529230427
847.0694000000001	1.031441795388796
848.0694000000001	1.0314421378545495
849.0694000000001	1.0314424803203028
850.0694000000001	1.0314428227860564
851.0694000000001	1.03144316525181
852.0694000000001	1.0314435077175632
853.0694000000001	1.0314438501833165
854.0694000000001	1.03144419264907
855.0694000000001	1.0314445351148236
856.0694000000001	1.031444877580577
857.0694000000001	1.0314452200463304
858.0694000000001	1.0314455625120837
859.0694000000001	1.0314459049778373
860.0694000000001	1.0314462474435906
861.0694000000001	1.0314465899093441
862.0694000000001	1.0314469323750974
863.0694000000001	1.031447274840851
864.0694000000001	1.0314476173066043
865.0694000000001	1.0314479597723578
866.0694000000001	1.0314483022381111
867.0694000000001	1.0314486447038647
868.0694000000001	1.031448987169618
869.0694000000001	1.0314493296353715
870.0694000000001	1.0314496721011248
871.0694000000001	1.0314500145668783
872.0694000000001	1.0314503570326317
873.0694000000001	1.0314506994983852
874.0694000000001	1.0314510419641385
875.0694000000001	1.031451384429892
876.0694000000001	1.0314517268956453
877.0694000000001	1.0314520693613989
878.0694000000001	1.0314524118271522
879.0694000000001	1.0314527542929057
880.0694000000001	1.031453096758659
881.0694000000001	1.0314534392244126
882.0694000000001	1.0314537816901659
883.0694000000001	1.0314541241559194
884.0694000000001	1.0314544666216727
885.0694000000001	1.0314548090874263
886.0694000000001	1.0314551515531796
887.0694000000001	1.031455494018933
888.0694000000001	1.0314558364846864
889.0694000000001	1.03145617895044
890.0694000000001	1.0314565214161933
891.0694000000001	1.0314568638819468
892.0694000000001	1.0314572063477
893.0694000000001	1.0314575488134536
894.0694000000001	1.031457891279207
895.0694000000001	1.0314582337449605
896.0694000000001	1.0314585762107138
897.0694000000001	1.0314589186764673
898.0694000000001	1.0314592611422206
899.0694000000001	1.0314596036079742
900.0694000000001	1.0314599460737277
901.0694000000001	1.031460288539481
902.0694000000001	1.0314606310052346
903.0694000000001	1.0314609734709879
904.0694000000001	1.0314613159367414
905.0694000000001	1.0314616584024947
906.0694000000001	1.0314620008682482
907.0694000000001	1.0314623433340016
908.0694000000001	1.031462685799755
909.0694000000001	1.0314630282655084
910.0694000000001	1.031463370731262
911.0694000000001	1.0314637131970152
912.0694000000001	1.0314640556627688
913.0694000000001	1.031464398128522
914.0694000000001	1.0314647405942756
915.0694000000001	1.031465083060029
916.0694000000001	1.0314654255257825
917.0694000000001	1.0314657679915358
918.0694000000001	1.0314661104572893
919.0694000000001	1.0314664529230426
920.0694000000001	1.0314667953887962
921.0694000000001	1.0314671378545495
922.0694000000001	1.031467480320303
923.0694000000001	1.0314678227860563
924.0694000000001	1.0314681652518098
925.0694000000001	1.0314685077175632
926.0694000000001	1.0314688501833167
927.0694000000001	1.03146919264907
928.0694000000001	1.0314695351148235
929.0694000000001	1.0314698775805768
930.0694000000001	1.0314702200463304
931.0694000000001	1.0314705625120837
932.0694000000001	1.0314709049778372
933.0694000000001	1.0314712474435905
934.0694000000001	1.031471589909344
935.0694000000001	1.0314719323750974
936.0694000000001	1.031472274840851
937.0694000000001	1.0314726173066042
938.0694000000001	1.0314729597723578
939.0694000000001	1.031473302238111
940.0694000000001	1.0314736447038646
941.0694000000001	1.031473987169618
942.0694000000001	1.0314743296353714
943.0694000000001	1.0314746721011248
944.0694000000001	1.0314750145668783
945.0694000000001	1.0314753570326316
946.0694000000001	1.0314756994983851
947.0694000000001	1.0314760419641384
948.0694000000001	1.031476384429892
949.0694000000001	1.0314767268956455
950.0694000000001	1.0314770693613988
951.0694000000001	1.0314774118271524
952.0694000000001	1.0314777542929057
953.0694000000001	1.0314780967586592
954.0694000000001	1.0314784392244125
955.0694000000001	1.031478781690166
956.0694000000001	1.0314791241559194
957.0694000000001	1.031479466621673
958.0694000000001	1.0314798090874262
959.0694000000001	1.0314801515531797
960.0694000000001	1.031480494018933
961.0694000000001	1.0314808364846866
962.0694000000001	1.03148117895044
963.0694000000001	1.0314815214161934
964.0694000000001	1.0314818638819467
965.0694000000001	1.0314822063477003
966.0694000000001	1.0314825488134536
967.0694000000001	1.0314828912792071
968.0694000000001	1.0314832337449604
969.0694000000001	1.031483576210714
970.0694000000001	1.0314839186764673
971.0694000000001	1.0314842611422208
972.0694000000001	1.0314846036079741
973.0694000000001	1.0314849460737276
974.0694000000001	1.031485288539481
975.0694000000001	1.0314856310052345
976.0694000000001	1.0314859734709878
977.0694000000001	1.0314863159367413
978.0694000000001	1.0314866584024946
979.0694000000001	1.0314870008682482
980.0694000000001	1.0314873433340015
981.0694000000001	1.031487685799755
982.0694000000001	1.0314880282655083
983.0694000000001	1.0314883707312619
984.0694000000001	1.0314887131970152
985.0694000000001	1.0314890556627687
986.0694000000001	1.031489398128522
987.0694000000001	1.0314897405942756
988.0694000000001	1.0314900830600289
989.0694000000001	1.0314904255257824
990.0694000000001	1.0314907679915357
991.0694000000001	1.0314911104572893
992.0694000000001	1.0314914529230426
993.0694000000001	1.031491795388796
994.0694000000001	1.0314921378545496
995.0694000000001	1.031492480320303
996.0694000000001	1.0314928227860563
997.0694000000001	1.0314931652518098
998.0694000000001	1.0314935077175633
999.0694000000001	1.0314938501833166
