0.1778	0.5208355096406814
1.1283	0.5241622921310317
2.0786000000000002	0.527354841701433
3.0367	0.5258709363907145
3.994	0.5243428991460505
4.9504	0.5242084830013574
5.9057	0.5235021829838932
6.8597	0.522720742943431
7.8167	0.5209856976794054
8.7734	0.5188993049504748
9.729700000000001	0.5169766592031966
10.685400000000001	0.5150172623685944
11.64	0.5121007161404252
12.5935	0.509419386044114
13.545900000000001	0.508579061044399
14.498800000000001	0.5080316745579246
15.450800000000001	0.5054510755982631
16.402	0.5051675955957585
17.3593	0.5055079839614017
18.3164	0.5053542184925637
19.2823	0.5041922609366299
20.2483	0.5043187048551121
21.209400000000002	0.5046744487586899
22.1718	0.5040126849064823
23.1343	0.5058713950271922
24.096	0.5081147469450691
25.0578	0.5079199501229698
26.0197	0.510703660458057
26.9818	0.5140596801211714
27.944000000000003	0.5146299727213797
28.9063	0.5149751298569659
29.8687	0.514874168463417
30.831200000000003	0.5161383723385327
31.7938	0.5166459038579165
32.7563	0.5166442157727269
33.7187	0.5199975563342676
34.681000000000004	0.5219108370063205
35.6432	0.5251649356914657
36.6053	0.5266466514399004
37.5735	0.5257346837445097
38.5414	0.5262563644003989
39.5078	0.5256628291818356
40.4745	0.5254176398843686
41.4414	0.5243256154082256
42.4086	0.5236437738081928
43.3756	0.5280920535455903
44.3423	0.5309508536606276
45.3087	0.5336423126601927
46.2749	0.5313652759477443
47.2408	0.5329196256929772
48.2066	0.534710416154746
49.1723	0.533657698657642
50.138200000000005	0.536135217782842
51.104	0.5406984234400661
52.069700000000005	0.5416431635911594
53.0368	0.5460006877688317
54.0046	0.5431734471198012
54.9635	0.5402427123001765
55.927600000000005	0.535957088883815
56.891400000000004	0.5328044434992737
57.854800000000004	0.5329753027653152
58.817800000000005	0.5300811445479078
59.7804	0.5190422050123813
60.7424	0.518124112471461
61.703300000000006	0.5171349779106164
62.6629	0.5179005541774798
63.6216	0.5212488554635147
64.5801	0.502167495674591
65.5383	0.4853030054971743
66.5034	0.48471603441838895
67.4705	0.4896162240291819
68.4375	0.4908770963839896
69.4045	0.49187237304080345
70.3715	0.49559637774915155
71.33850000000001	0.4988253379624247
72.3056	0.5024090957272069
73.27300000000001	0.5032690399632829
74.2433	0.5054633723990952
75.21430000000001	0.5148345004644466
76.18560000000001	0.5191316229005379
77.1568	0.5254559206492055
78.128	0.5306285978440957
79.09270000000001	0.5364391047062175
80.0577	0.540804762504512
81.02130000000001	0.5441243880634559
81.9901	0.5472051138898989
82.9598	0.549400163984413
83.92960000000001	0.5540632779501018
84.8995	0.5553027428922845
85.87020000000001	0.560395902881286
86.8413	0.5629707034400901
87.8126	0.5411997364097765
88.7842	0.5448473863432209
89.756	0.5469546739614196
90.72800000000001	0.5506681716759686
91.70020000000001	0.5460965078919142
92.67280000000001	0.5395640891377932
93.6453	0.5428743520615067
94.61670000000001	0.5346398683170852
95.59140000000001	0.5437691781593834
96.5687	0.6211512969859931
97.5389	0.5834295514733934
98.5113	0.5953840060888781
99.4839	0.5977813264742005
100.459	0.6090669930403032
101.43	0.6077140022435079
102.4038	0.615118533523414
103.3769	0.6402892131791499
104.3499	0.645780348219035
105.3232	0.654129130908153
106.29690000000001	0.6779593603719397
107.2703	0.6854461654880171
108.2437	0.684067899821789
109.2168	0.6863368250564588
110.18990000000001	0.69003816565676
111.16290000000001	0.6922534076321527
112.1358	0.6958800311028397
113.1102	0.685035608408642
114.0841	0.6812359698624249
115.0578	0.6949650005163523
116.0313	0.6925343797312682
117.00460000000001	0.6955241809183695
117.9779	0.7050084098847034
118.95110000000001	0.702714188260585
119.92370000000001	0.7131458305960201
120.89580000000001	0.7164690340148228
121.8678	0.7305390599383538
122.8401	0.7337038404213561
123.8118	0.7299177463431499
124.78330000000001	0.7408567301241704
125.75630000000001	0.7322167072487433
126.7286	0.7479646710571657
127.70110000000001	0.768325274043455
128.6765	0.7753512051043571
129.6515	0.7821713071558526
130.6265	0.7631308192771444
131.60070000000002	0.7963985032829426
132.5748	0.7996924192652869
133.5531	0.8096447804287437
134.53130000000002	0.8205605621840287
135.5113	0.7989075523722945
136.4914	0.8223176403945922
137.47140000000002	0.8378904027312907
138.4515	0.8332454670742662
139.43210000000002	0.8356012538565487
140.4134	0.857303909209602
141.39440000000002	0.8539149662617784
142.3754	0.8562298520117381
143.3565	0.8184108518079147
144.3376	0.8675868800451352
145.3186	0.8778902719150256
146.2996	0.8858971412488953
147.28060000000002	0.8951540602300972
148.26170000000002	0.9000537751206394
149.24290000000002	0.8989801069722635
150.22410000000002	0.9110581587120459
151.2053	0.915379308071334
152.1866	0.9112095084164696
153.1678	0.9137335674089138
154.1485	0.8510337383455744
155.1309	0.9287011342036008
156.11260000000001	0.910819686513723
157.0944	0.9007356138133684
158.0763	0.8886334255572979
159.0583	0.9115930755609287
160.0403	0.9155533179491996
161.0223	0.9351231880898514
162.0043	0.9206591746601406
162.9863	0.9207747221664954
163.96890000000002	0.871456388797378
164.9511	0.8596063582068725
165.9334	0.8616175209945856
166.91580000000002	0.8633399233035992
167.8982	0.8832466180382322
168.88060000000002	0.8867373275742859
169.8631	0.9165072080787475
170.8454	0.9375469080267326
171.8273	0.9333686924105483
172.8091	0.9295592662216717
173.791	0.9432819778144654
174.7742	0.9440333423630158
175.7576	0.9499173879065493
176.7413	0.9491772821372806
177.7252	0.9504608242136313
178.70940000000002	0.9473680989039377
179.6939	0.9492280171205281
180.67870000000002	0.9545884825589581
181.6639	0.9584458673677787
182.64950000000002	0.960312179021277
183.6356	0.9608067242950509
184.62220000000002	0.9677578347256824
185.60930000000002	0.9705958756305303
186.5968	0.9682867515417587
187.57850000000002	0.9749428442186828
188.5595	0.9743488335453829
189.5427	0.9750286721642986
190.5327	0.9879301453982433
191.52290000000002	0.9859771534098186
192.5131	0.9600094115771873
193.50320000000002	0.9924807314251642
194.4934	0.9928955315864979
195.4836	0.9933154593494088
196.4738	0.9933246254901698
197.4641	0.9968380107460653
198.45440000000002	0.9979599560047936
199.4447	0.9983549430696592
200.435	0.9987967669717573
201.4254	0.9995107665698657
202.41580000000002	0.9999219478529341
203.4062	1.0002662571361387
204.3967	1.0005822770405215
205.3872	1.0007919717424132
206.3777	1.0009884553241788
207.3683	1.001269403404716
208.3589	1.0014367348854332
209.3496	0.9998348192822646
210.3402	0.9779228505118519
211.3306	0.9475955533149567
212.32090000000002	0.9478661641609235
213.3111	0.9482494194721081
214.3022	0.9264093906363842
215.2931	0.9254306917273435
216.28400000000002	0.9246199412960828
217.2749	0.9237559371097184
218.2658	0.9227964031177912
219.25670000000002	0.9214167054809866
220.2476	0.9198423528878421
221.23850000000002	0.918038105997301
222.2294	0.9159015594098318
223.2203	0.9134926121851833
224.21120000000002	0.8916931757993856
225.2021	0.8890604460851003
226.193	0.8864515041665292
227.18390000000002	0.8831204447272438
228.1748	0.8793797895886729
229.16570000000002	0.8751638341793877
230.1566	0.8704572501829598
231.1475	0.9300042996209488
232.13840000000002	0.9320655070270804
233.1292	0.93417486498607
234.12	0.9327357828958469
235.1108	0.9347557967021848
236.10150000000002	0.9369011238331706
237.09220000000002	0.9393451573811459
238.08280000000002	0.9416666190777127
239.07330000000002	0.9438734461529767
240.0637	0.9463226416427655
241.0541	0.9845370709398638
242.04440000000002	0.9851498348332813
243.03470000000002	0.9855416280194246
244.025	0.9859293745920246
245.01530000000002	1.0021742147898172
246.00560000000002	1.0091851059242594
246.9958	1.0094173997361255
247.98600000000002	1.009934791505704
248.9762	1.0096904985957291
249.96640000000002	1.0091128706229093
250.9567	1.0089378814359156
251.947	1.0086677012873853
252.93730000000002	1.0083978466147594
253.9276	1.0081261146476277
254.9179	1.0078542519464808
255.90820000000002	1.0075826454844985
256.8985	1.0073091617280108
257.8888	1.0070614821702129
258.879	1.0068018609292855
259.8724	1.0167178327610615
260.8655	1.0162247131292714
261.8586	1.0161356336340437
262.8516	1.0159440844584422
263.8446	1.0158513644533176
264.8376	1.015759077924588
265.83050000000003	1.0155638882390896
266.8234	1.0154690351867548
267.81620000000004	1.0152717124540462
268.809	1.015174726354501
269.80170000000004	1.014975270574582
270.7944	1.0148761514278264
271.78700000000003	1.014674562600697
272.7796	1.0145733104067312
273.7721	1.014369588532392
274.76460000000003	1.0142662032912158
275.757	1.014060348369666
276.74940000000004	1.0139548300812795
277.74170000000004	1.0137468421125193
278.73400000000004	1.0136391907769227
279.7262	1.0134275622982658
280.71840000000003	1.0133162704527723
281.7105	1.013102508926905
282.7025	1.0128866143538273
283.6945	1.0127710564139132
284.6864	1.0125530287936253
285.67830000000004	1.0124357712828955
286.6701	1.0122156106153974
287.6618	1.0119918094380023
288.6535	1.0118683448937706
289.6451	1.0116424106691653
290.6366	1.0114143433973495
291.628	1.016913255984239
292.61940000000004	1.0169482773517604
293.6107	1.016881202129361
294.6019	1.0168138872022219
295.593	1.016746332570343
296.58410000000003	1.016779104520615
297.5751	1.0167097798809661
298.56600000000003	1.0166402155365777
299.5568	1.0165704114874494
300.5475	1.0164988374305508
301.53810000000004	1.0164265920449815
302.5287	1.0164566351685247
303.5192	1.0163830513991168
304.50960000000003	1.0163092279249688
305.4999	1.0162351647460817
306.49010000000004	1.0161593315594242
307.485	1.021004612932943
308.4812	0.9966504476305243
309.4774	0.9966057688501231
310.47360000000003	0.9966926568501231
311.4698	0.9967799488501231
312.466	0.9968672408501231
313.4623	0.997053432619735
314.4586	0.997139128619735
315.4549	0.9972252286197351
316.45120000000003	0.997311328619735
317.4476	0.997496328389347
318.444	0.9975808323893469
319.4404	0.997665740389347
320.43690000000004	0.997849548158959
321.4334	0.997932860158959
322.42990000000003	0.9980165761589589
323.4264	0.9981002921589589
324.423	0.9982829079285709
325.4196	0.9983650279285708
326.4162	0.9984475519285709
327.41290000000004	0.9986289756981829
328.4096	0.9987099036981828
329.4063	0.9987912356981828
330.4031	0.9989714674677949
331.3999	0.9990512034677949
332.3967	0.9991313434677949
333.3936	0.9993103832374067
334.39050000000003	0.9993889272374068
335.3874	0.9994678752374068
336.3844	0.9996457230070188
337.38140000000004	0.9997230750070187
338.3784	0.9998008310070188
339.3755	0.9999774867766307
340.37260000000003	1.0000540507766307
341.3698	1.0002295145462428
342.367	1.0003044825462426
343.3643	1.0004787543158546
344.3616	1.0005525303158547
345.3589	1.0006267103158546
346.35630000000003	1.0007997900854666
347.3537	1.0008727780854667
348.3512	1.0010446658550787
349.3487	1.0011164618550785
350.34630000000004	1.0012871576246907
351.3439	1.0013577616246905
352.3416	1.0015272653943026
353.33930000000004	1.0015966773943026
354.3371	1.0017649891639144
355.3349	1.0018332091639146
356.3328	1.0020003289335264
357.3308	1.0021662567031384
358.3288	1.0022316887031384
359.3269	1.0023964244727503
360.32500000000005	1.0024610684727504
361.32320000000004	1.0026246122423625
362.3215	1.0027869640119744
363.31980000000004	1.0028488200119743
364.3182	1.0030099797815863
365.3167	1.0031699475511984
366.3152	1.0032294195511984
367.3138	1.0033881953208104
368.3125	1.0035457790904223
369.31120000000004	1.0036032710904224
370.31	1.0037596628600343
371.3089	1.0039148626296464
372.3079	1.0040688703992582
373.30690000000004	1.0041227863992583
374.30600000000004	1.0042756021688701
375.3052	1.0044272259384823
376.3045	1.0045776577080943
377.3039	1.0047268974777062
378.3034	1.0048749452473182
379.3029	1.0049229012473182
380.3025	1.0050697570169302
381.3022	1.0052154207865422
382.302	1.0053598925561542
383.30190000000005	1.0055031723257661
384.30190000000005	1.0057155688681867
385.30190000000005	1.0057175296525003
386.30190000000005	1.005719490436814
387.30190000000005	1.0057214512211279
388.30190000000005	1.0057234120054415
389.30190000000005	1.0057253727897553
390.30190000000005	1.005727333574069
391.30190000000005	1.0057292943583827
392.30190000000005	1.0057312551426965
393.30190000000005	1.00573321592701
394.30190000000005	1.0057351767113238
395.30190000000005	1.0057371374956376
396.30190000000005	1.0057390982799512
397.30190000000005	1.005741059064265
398.30190000000005	1.0057430198485788
399.30190000000005	1.0057449806328924
400.30190000000005	1.0057469414172062
401.30190000000005	1.00574890220152
402.30190000000005	1.0057508629858336
403.30190000000005	1.0057528237701474
404.30190000000005	1.0057547845544612
405.30190000000005	1.0057567453387748
406.30190000000005	1.0057587061230886
407.30190000000005	1.0057606669074022
408.30190000000005	1.005762627691716
409.30190000000005	1.0057645884760298
410.30190000000005	1.0057665492603434
411.30190000000005	1.0057685100446572
412.30190000000005	1.005770470828971
413.30190000000005	1.0057724316132846
414.30190000000005	1.0057743923975984
415.30190000000005	1.0057763531819122
416.30190000000005	1.0057783139662257
417.30190000000005	1.0057802747505395
418.30190000000005	1.0057822355348534
419.30190000000005	1.005784196319167
420.30190000000005	1.0057861571034807
421.30190000000005	1.0057881178877945
422.30190000000005	1.0057900786721081
423.30190000000005	1.005792039456422
424.30190000000005	1.0057940002407357
425.30190000000005	1.0057959610250493
426.30190000000005	1.0057979218093631
427.30190000000005	1.0057998825936767
428.30190000000005	1.0058018433779905
429.30190000000005	1.0058038041623043
430.30190000000005	1.0058057649466179
431.30190000000005	1.0058077257309317
432.30190000000005	1.0058096865152455
433.30190000000005	1.005811647299559
434.30190000000005	1.0058136080838729
435.30190000000005	1.0058155688681867
436.30190000000005	1.0058175296525003
437.30190000000005	1.005819490436814
438.30190000000005	1.0058214512211279
439.30190000000005	1.0058234120054415
440.30190000000005	1.0058253727897553
441.30190000000005	1.0058273335740688
442.30190000000005	1.0058292943583826
443.30190000000005	1.0058312551426964
444.30190000000005	1.00583321592701
445.30190000000005	1.0058351767113238
446.30190000000005	1.0058371374956376
447.30190000000005	1.0058390982799512
448.30190000000005	1.005841059064265
449.30190000000005	1.0058430198485788
450.30190000000005	1.0058449806328924
451.30190000000005	1.0058469414172062
452.30190000000005	1.00584890220152
453.30190000000005	1.0058508629858336
454.30190000000005	1.0058528237701474
455.30190000000005	1.0058547845544612
456.30190000000005	1.0058567453387748
457.30190000000005	1.0058587061230886
458.30190000000005	1.0058606669074024
459.30190000000005	1.005862627691716
460.30190000000005	1.0058645884760298
461.30190000000005	1.0058665492603434
462.30190000000005	1.0058685100446572
463.30190000000005	1.005870470828971
464.30190000000005	1.0058724316132845
465.30190000000005	1.0058743923975983
466.30190000000005	1.0058763531819122
467.30190000000005	1.0058783139662257
468.30190000000005	1.0058802747505395
469.30190000000005	1.0058822355348533
470.30190000000005	1.005884196319167
471.30190000000005	1.0058861571034807
472.30190000000005	1.0058881178877945
473.30190000000005	1.0058900786721081
474.30190000000005	1.005892039456422
475.30190000000005	1.0058940002407355
476.30190000000005	1.0058959610250493
477.30190000000005	1.005897921809363
478.30190000000005	1.0058998825936767
479.30190000000005	1.0059018433779905
480.30190000000005	1.0059038041623043
481.30190000000005	1.0059057649466179
482.30190000000005	1.0059077257309317
483.30190000000005	1.0059096865152455
484.30190000000005	1.005911647299559
485.30190000000005	1.0059136080838729
486.30190000000005	1.0059155688681867
487.30190000000005	1.0059175296525003
488.30190000000005	1.005919490436814
489.30190000000005	1.0059214512211279
490.30190000000005	1.0059234120054414
491.30190000000005	1.0059253727897552
492.30190000000005	1.005927333574069
493.30190000000005	1.0059292943583826
494.30190000000005	1.0059312551426964
495.30190000000005	1.00593321592701
496.30190000000005	1.0059351767113238
497.30190000000005	1.0059371374956376
498.30190000000005	1.0059390982799512
499.30190000000005	1.005941059064265
500.30190000000005	1.0059430198485788
501.30190000000005	1.0059449806328924
502.30190000000005	1.0059469414172062
503.30190000000005	1.00594890220152
504.30190000000005	1.0059508629858336
505.30190000000005	1.0059528237701474
506.30190000000005	1.0059547845544612
507.30190000000005	1.0059567453387748
508.30190000000005	1.0059587061230886
509.30190000000005	1.0059606669074022
510.30190000000005	1.005962627691716
511.30190000000005	1.0059645884760298
512.3019	1.0059665492603433
513.3019	1.0059685100446571
514.3019	1.005970470828971
515.3019	1.0059724316132845
516.3019	1.0059743923975983
517.3019	1.0059763531819121
518.3019	1.0059783139662257
519.3019	1.0059802747505395
520.3019	1.0059822355348533
521.3019	1.005984196319167
522.3019	1.0059861571034807
523.3019	1.0059881178877945
524.3019	1.005990078672108
525.3019	1.005992039456422
526.3019	1.0059940002407357
527.3019	1.0059959610250493
528.3019	1.005997921809363
529.3019	1.0059998825936767
530.3019	1.0060018433779905
531.3019	1.0060038041623043
532.3019	1.0060057649466179
533.3019	1.0060077257309317
534.3019	1.0060096865152455
535.3019	1.006011647299559
536.3019	1.0060136080838729
537.3019	1.0060155688681867
538.3019	1.0060175296525002
539.3019	1.006019490436814
540.3019	1.0060214512211278
541.3019	1.0060234120054414
542.3019	1.0060253727897552
543.3019	1.0060273335740688
544.3019	1.0060292943583826
545.3019	1.0060312551426964
546.3019	1.00603321592701
547.3019	1.0060351767113238
548.3019	1.0060371374956376
549.3019	1.0060390982799512
550.3019	1.006041059064265
551.3019	1.0060430198485788
552.3019	1.0060449806328924
553.3019	1.0060469414172062
554.3019	1.00604890220152
555.3019	1.0060508629858336
556.3019	1.0060528237701474
557.3019	1.0060547845544612
558.3019	1.0060567453387748
559.3019	1.0060587061230886
560.3019	1.0060606669074024
561.3019	1.006062627691716
562.3019	1.0060645884760298
563.3019	1.0060665492603433
564.3019	1.0060685100446571
565.3019	1.006070470828971
566.3019	1.0060724316132845
567.3019	1.0060743923975983
568.3019	1.0060763531819121
569.3019	1.0060783139662257
570.3019	1.0060802747505395
571.3019	1.0060822355348533
572.3019	1.006084196319167
573.3019	1.0060861571034807
574.3019	1.0060881178877945
575.3019	1.006090078672108
576.3019	1.006092039456422
577.3019	1.0060940002407355
578.3019	1.0060959610250493
579.3019	1.006097921809363
580.3019	1.0060998825936767
581.3019	1.0061018433779905
582.3019	1.0061038041623043
583.3019	1.0061057649466179
584.3019	1.0061077257309317
585.3019	1.0061096865152455
586.3019	1.006111647299559
587.3019	1.0061136080838728
588.3019	1.0061155688681866
589.3019	1.0061175296525002
590.3019	1.006119490436814
591.3019	1.0061214512211278
592.3019	1.0061234120054414
593.3019	1.0061253727897552
594.3019	1.006127333574069
595.3019	1.0061292943583826
596.3019	1.0061312551426964
597.3019	1.00613321592701
598.3019	1.0061351767113238
599.3019	1.0061371374956376
600.3019	1.0061390982799512
601.3019	1.006141059064265
602.3019	1.0061430198485788
603.3019	1.0061449806328924
604.3019	1.0061469414172062
605.3019	1.00614890220152
606.3019	1.0061508629858336
607.3019	1.0061528237701474
608.3019	1.0061547845544612
609.3019	1.0061567453387747
610.3019	1.0061587061230886
611.3019	1.0061606669074021
612.3019	1.006162627691716
613.3019	1.0061645884760297
614.3019	1.0061665492603433
615.3019	1.0061685100446571
616.3019	1.006170470828971
617.3019	1.0061724316132845
618.3019	1.0061743923975983
619.3019	1.0061763531819121
620.3019	1.0061783139662257
621.3019	1.0061802747505395
622.3019	1.0061822355348533
623.3019	1.006184196319167
624.3019	1.0061861571034807
625.3019	1.0061881178877945
626.3019	1.006190078672108
627.3019	1.0061920394564219
628.3019	1.0061940002407357
629.3019	1.0061959610250493
630.3019	1.006197921809363
631.3019	1.0061998825936767
632.3019	1.0062018433779905
633.3019	1.0062038041623043
634.3019	1.0062057649466178
635.3019	1.0062077257309316
636.3019	1.0062096865152454
637.3019	1.006211647299559
638.3019	1.0062136080838728
639.3019	1.0062155688681866
640.3019	1.0062175296525002
641.3019	1.006219490436814
642.3019	1.0062214512211278
643.3019	1.0062234120054414
644.3019	1.0062253727897552
645.3019	1.0062273335740688
646.3019	1.0062292943583826
647.3019	1.0062312551426964
648.3019	1.00623321592701
649.3019	1.0062351767113238
650.3019	1.0062371374956376
651.3019	1.0062390982799512
652.3019	1.006241059064265
653.3019	1.0062430198485788
654.3019	1.0062449806328924
655.3019	1.0062469414172062
656.3019	1.00624890220152
657.3019	1.0062508629858335
658.3019	1.0062528237701474
659.3019	1.0062547845544612
660.3019	1.0062567453387747
661.3019	1.0062587061230885
662.3019	1.0062606669074023
663.3019	1.006262627691716
664.3019	1.0062645884760297
665.3019	1.0062665492603433
666.3019	1.0062685100446571
667.3019	1.006270470828971
668.3019	1.0062724316132845
669.3019	1.0062743923975983
670.3019	1.006276353181912
671.3019	1.0062783139662257
672.3019	1.0062802747505395
673.3019	1.0062822355348533
674.3019	1.0062841963191669
675.3019	1.0062861571034807
676.3019	1.0062881178877945
677.3019	1.006290078672108
678.3019	1.0062920394564219
679.3019	1.0062940002407355
680.3019	1.0062959610250493
681.3019	1.006297921809363
682.3019	1.0062998825936766
683.3019	1.0063018433779904
684.3019	1.0063038041623042
685.3019	1.0063057649466178
686.3019	1.0063077257309316
687.3019	1.0063096865152454
688.3019	1.006311647299559
689.3019	1.0063136080838728
690.3019	1.0063155688681866
691.3019	1.0063175296525002
692.3019	1.006319490436814
693.3019	1.0063214512211278
694.3019	1.0063234120054414
695.3019	1.0063253727897552
696.3019	1.006327333574069
697.3019	1.0063292943583826
698.3019	1.0063312551426964
699.3019	1.00633321592701
700.3019	1.0063351767113238
701.3019	1.0063371374956376
702.3019	1.0063390982799512
703.3019	1.006341059064265
704.3019	1.0063430198485788
705.3019	1.0063449806328923
706.3019	1.0063469414172062
707.3019	1.00634890220152
708.3019	1.0063508629858335
709.3019	1.0063528237701473
710.3019	1.0063547845544611
711.3019	1.0063567453387747
712.3019	1.0063587061230885
713.3019	1.0063606669074021
714.3019	1.006362627691716
715.3019	1.0063645884760297
716.3019	1.0063665492603433
717.3019	1.006368510044657
718.3019	1.006370470828971
719.3019	1.0063724316132845
720.3019	1.0063743923975983
721.3019	1.006376353181912
722.3019	1.0063783139662257
723.3019	1.0063802747505395
724.3019	1.0063822355348533
725.3019	1.0063841963191669
726.3019	1.0063861571034807
727.3019	1.0063881178877945
728.3019	1.006390078672108
729.3019	1.0063920394564219
730.3019	1.0063940002407357
731.3019	1.0063959610250492
732.3019	1.006397921809363
733.3019	1.0063998825936766
734.3019	1.0064018433779904
735.3019	1.0064038041623042
736.3019	1.0064057649466178
737.3019	1.0064077257309316
738.3019	1.0064096865152454
739.3019	1.006411647299559
740.3019	1.0064136080838728
741.3019	1.0064155688681866
742.3019	1.0064175296525002
743.3019	1.006419490436814
744.3019	1.0064214512211278
745.3019	1.0064234120054414
746.3019	1.0064253727897552
747.3019	1.006427333574069
748.3019	1.0064292943583826
749.3019	1.0064312551426964
750.3019	1.00643321592701
751.3019	1.0064351767113238
752.3019	1.0064371374956376
753.3019	1.0064390982799511
754.3019	1.006441059064265
755.3019	1.0064430198485788
756.3019	1.0064449806328923
757.3019	1.0064469414172061
758.3019	1.00644890220152
759.3019	1.0064508629858335
760.3019	1.0064528237701473
761.3019	1.0064547845544611
762.3019	1.0064567453387747
763.3019	1.0064587061230885
764.3019	1.0064606669074023
765.3019	1.006462627691716
766.3019	1.0064645884760297
767.3019	1.0064665492603433
768.3019	1.006468510044657
769.3019	1.006470470828971
770.3019	1.0064724316132845
771.3019	1.0064743923975983
772.3019	1.006476353181912
773.3019	1.0064783139662257
774.3019	1.0064802747505395
775.3019	1.0064822355348533
776.3019	1.0064841963191669
777.3019	1.0064861571034807
778.3019	1.0064881178877945
779.3019	1.006490078672108
780.3019	1.0064920394564218
781.3019	1.0064940002407357
782.3019	1.0064959610250492
783.3019	1.006497921809363
784.3019	1.0064998825936768
785.3019	1.0065018433779904
786.3019	1.0065038041623042
787.3019	1.0065057649466178
788.3019	1.0065077257309316
789.3019	1.0065096865152454
790.3019	1.006511647299559
791.3019	1.0065136080838728
792.3019	1.0065155688681866
793.3019	1.0065175296525002
794.3019	1.006519490436814
795.3019	1.0065214512211278
796.3019	1.0065234120054414
797.3019	1.0065253727897552
798.3019	1.006527333574069
799.3019	1.0065292943583826
800.3019	1.0065312551426964
801.3019	1.0065332159270102
802.3019	1.0065351767113238
803.3019	1.0065371374956376
804.3019	1.0065390982799511
805.3019	1.006541059064265
806.3019	1.0065430198485787
807.3019	1.0065449806328923
808.3019	1.0065469414172061
809.3019	1.00654890220152
810.3019	1.0065508629858335
811.3019	1.0065528237701473
812.3019	1.0065547845544611
813.3019	1.0065567453387747
814.3019	1.0065587061230885
815.3019	1.0065606669074023
816.3019	1.006562627691716
817.3019	1.0065645884760297
818.3019	1.0065665492603435
819.3019	1.006568510044657
820.3019	1.0065704708289709
821.3019	1.0065724316132845
822.3019	1.0065743923975983
823.3019	1.006576353181912
824.3019	1.0065783139662257
825.3019	1.0065802747505395
826.3019	1.0065822355348533
827.3019	1.0065841963191668
828.3019	1.0065861571034806
829.3019	1.0065881178877945
830.3019	1.006590078672108
831.3019	1.0065920394564218
832.3019	1.0065940002407356
833.3019	1.0065959610250492
834.3019	1.006597921809363
835.3019	1.0065998825936768
836.3019	1.0066018433779904
837.3019	1.0066038041623042
838.3019	1.006605764946618
839.3019	1.0066077257309316
840.3019	1.0066096865152454
841.3019	1.006611647299559
842.3019	1.0066136080838728
843.3019	1.0066155688681866
844.3019	1.0066175296525002
845.3019	1.006619490436814
846.3019	1.0066214512211278
847.3019	1.0066234120054414
848.3019	1.0066253727897552
849.3019	1.006627333574069
850.3019	1.0066292943583826
851.3019	1.0066312551426964
852.3019	1.0066332159270102
853.3019	1.0066351767113237
854.3019	1.0066371374956375
855.3019	1.0066390982799513
856.3019	1.006641059064265
857.3019	1.0066430198485787
858.3019	1.0066449806328923
859.3019	1.0066469414172061
860.3019	1.00664890220152
861.3019	1.0066508629858335
862.3019	1.0066528237701473
863.3019	1.0066547845544611
864.3019	1.0066567453387747
865.3019	1.0066587061230885
866.3019	1.0066606669074023
867.3019	1.0066626276917159
868.3019	1.0066645884760297
869.3019	1.0066665492603435
870.3019	1.006668510044657
871.3019	1.0066704708289709
872.3019	1.0066724316132847
873.3019	1.0066743923975983
874.3019	1.006676353181912
875.3019	1.0066783139662259
876.3019	1.0066802747505394
877.3019	1.0066822355348533
878.3019	1.0066841963191668
879.3019	1.0066861571034806
880.3019	1.0066881178877944
881.3019	1.006690078672108
882.3019	1.0066920394564218
883.3019	1.0066940002407356
884.3019	1.0066959610250492
885.3019	1.006697921809363
886.3019	1.0066998825936768
887.3019	1.0067018433779904
888.3019	1.0067038041623042
889.3019	1.006705764946618
890.3019	1.0067077257309316
891.3019	1.0067096865152454
892.3019	1.0067116472995592
893.3019	1.0067136080838728
894.3019	1.0067155688681866
895.3019	1.0067175296525002
896.3019	1.006719490436814
897.3019	1.0067214512211278
898.3019	1.0067234120054414
899.3019	1.0067253727897552
900.3019	1.006727333574069
901.3019	1.0067292943583825
902.3019	1.0067312551426963
903.3019	1.0067332159270101
904.3019	1.0067351767113237
905.3019	1.0067371374956375
906.3019	1.0067390982799513
907.3019	1.006741059064265
908.3019	1.0067430198485787
909.3019	1.0067449806328925
910.3019	1.006746941417206
911.3019	1.00674890220152
912.3019	1.0067508629858335
913.3019	1.0067528237701473
914.3019	1.006754784554461
915.3019	1.0067567453387747
916.3019	1.0067587061230885
917.3019	1.0067606669074023
918.3019	1.0067626276917159
919.3019	1.0067645884760297
920.3019	1.0067665492603435
921.3019	1.006768510044657
922.3019	1.0067704708289709
923.3019	1.0067724316132847
924.3019	1.0067743923975983
925.3019	1.006776353181912
926.3019	1.0067783139662259
927.3019	1.0067802747505394
928.3019	1.0067822355348532
929.3019	1.006784196319167
930.3019	1.0067861571034806
931.3019	1.0067881178877944
932.3019	1.006790078672108
933.3019	1.0067920394564218
934.3019	1.0067940002407356
935.3019	1.0067959610250492
936.3019	1.006797921809363
937.3019	1.0067998825936768
938.3019	1.0068018433779904
939.3019	1.0068038041623042
940.3019	1.006805764946618
941.3019	1.0068077257309316
942.3019	1.0068096865152454
943.3019	1.0068116472995592
944.3019	1.0068136080838728
945.3019	1.0068155688681866
946.3019	1.0068175296525004
947.3019	1.006819490436814
948.3019	1.0068214512211278
949.3019	1.0068234120054413
950.3019	1.0068253727897551
951.3019	1.006827333574069
952.3019	1.0068292943583825
953.3019	1.0068312551426963
954.3019	1.0068332159270101
955.3019	1.0068351767113237
956.3019	1.0068371374956375
957.3019	1.0068390982799513
958.3019	1.006841059064265
959.3019	1.0068430198485787
960.3019	1.0068449806328925
961.3019	1.006846941417206
962.3019	1.00684890220152
963.3019	1.0068508629858337
964.3019	1.0068528237701473
965.3019	1.006854784554461
966.3019	1.0068567453387747
967.3019	1.0068587061230885
968.3019	1.0068606669074023
969.3019	1.0068626276917159
970.3019	1.0068645884760297
971.3019	1.0068665492603435
972.3019	1.006868510044657
973.3019	1.0068704708289709
974.3019	1.0068724316132847
975.3019	1.0068743923975982
976.3019	1.006876353181912
977.3019	1.0068783139662258
978.3019	1.0068802747505394
979.3019	1.0068822355348532
980.3019	1.006884196319167
981.3019	1.0068861571034806
982.3019	1.0068881178877944
983.3019	1.0068900786721082
984.3019	1.0068920394564218
985.3019	1.0068940002407356
986.3019	1.0068959610250492
987.3019	1.006897921809363
988.3019	1.0068998825936768
989.3019	1.0069018433779904
990.3019	1.0069038041623042
991.3019	1.006905764946618
992.3019	1.0069077257309316
993.3019	1.0069096865152454
994.3019	1.0069116472995592
995.3019	1.0069136080838728
996.3019	1.0069155688681866
997.3019	1.0069175296525004
998.3019	1.006919490436814
999.3019	1.0069214512211278
