0.17	0.5184365744732375
1.1337000000000002	0.5183693455684134
2.0971	0.5178539260455747
3.0602	0.518236331652312
4.0231	0.5170930257192681
4.9857000000000005	0.5130763646862442
5.948	0.5071101493835433
6.9101	0.503382413104004
7.8718	0.49815651585128773
8.8431	0.49802804549154844
9.8145	0.4977467327835463
10.786100000000001	0.496760592944135
11.757900000000001	0.4939815753024218
12.7299	0.49411023515323826
13.702	0.49572913517731254
14.6742	0.49456438475990383
15.646500000000001	0.49591308480288576
16.619	0.4930121418184257
17.5916	0.49006666154684286
18.5643	0.48814695032862465
19.537200000000002	0.4863916952055387
20.5102	0.484658341530422
21.4832	0.48381485955256476
22.456200000000003	0.48325458820429845
23.429100000000002	0.48207253011440754
24.402	0.4796975857857717
25.3749	0.47781430931343283
26.347800000000003	0.4742437017822424
27.320600000000002	0.473151275682005
28.293400000000002	0.47134850484347013
29.2661	0.4680196663278928
30.2387	0.4661135642049945
31.2189	0.4703282203559558
32.2017	0.476518110076791
33.185	0.4821813431428077
34.1689	0.4856321561133289
35.1533	0.490590206132145
36.138200000000005	0.5043480211955462
37.1236	0.5106474784745019
38.1096	0.5121491639337308
39.0962	0.522810190307954
40.083400000000005	0.5388949834006878
41.0632	0.5471764031356194
42.0414	0.5676528914384775
43.0199	0.5674950188449894
43.9987	0.5688481653359354
44.9778	0.5727821315138035
45.957100000000004	0.576665404781044
46.936600000000006	0.5795441471160373
47.9078	0.5829800681586845
48.878800000000005	0.5851339475228133
49.8496	0.5865225646387989
50.8202	0.5879694504786956
51.790600000000005	0.5889527311752972
52.7608	0.5891417651932049
53.730700000000006	0.589445298198071
54.7004	0.5893777443331059
55.669900000000005	0.5886113099827482
56.639100000000006	0.5856635388242479
57.6105	0.5837002422220153
58.5842	0.5795339766125991
59.5581	0.574852445142875
60.5321	0.5707805655785558
61.5063	0.569476836633302
62.480700000000006	0.5677471506466191
63.455200000000005	0.563187957131455
64.4299	0.5637457291649162
65.40480000000001	0.5658650399845895
66.3798	0.5664845329345527
67.3589	0.5614080458296622
68.33840000000001	0.5591547040617597
69.31830000000001	0.5544647156697822
70.2984	0.5534571217840268
71.2788	0.5479207761615423
72.2595	0.5424259062129358
73.2405	0.539984953712069
74.2218	0.5378800909032908
75.2035	0.5296074816127008
76.18560000000001	0.5264489470982489
77.168	0.5242250523522562
78.1507	0.5243488004549468
79.13380000000001	0.5224198944232195
80.1173	0.5218885316419573
81.1012	0.5171918732410882
82.08550000000001	0.5138857735475645
83.0661	0.508051549240411
84.0436	0.5048995272165416
85.0193	0.5017303289081105
85.99510000000001	0.49721695884957506
86.9709	0.4921381143196999
87.94680000000001	0.48857631237441757
88.9218	0.48106851682348084
89.8965	0.4753758932338956
90.8711	0.46969914547390235
91.8455	0.4634443197696214
92.8197	0.4598829770103583
93.7937	0.4561524437705262
94.7698	0.45158812693214934
95.74600000000001	0.44620277194931623
96.7223	0.440983623322878
97.6988	0.4375612813665265
98.67540000000001	0.4329542634861878
99.65220000000001	0.42627161467986063
100.62920000000001	0.4202157780964111
101.60640000000001	0.41214875596625944
102.58380000000001	0.40565398419365517
103.5614	0.40089516216397614
104.53920000000001	0.39434514473531923
105.5173	0.38699314624079073
106.4958	0.3865105494477339
107.47460000000001	0.38343436109366236
108.45370000000001	0.37857265352795066
109.4332	0.37132227680476304
110.4131	0.3590419014730787
111.3935	0.3475044136658023
112.3743	0.34011857943162793
113.35560000000001	0.31232230961782537
114.3375	0.2976132908324587
115.32000000000001	0.3307918048561205
116.30300000000001	0.3376310505122653
117.2865	0.35968548401197675
118.27050000000001	0.3663148700718264
119.2552	0.37821977000824547
120.24050000000001	0.3869868629248603
121.22640000000001	0.4020617486866791
122.21300000000001	0.4384903681362263
123.20030000000001	0.45536333737343415
124.18830000000001	0.47637534239313384
125.17710000000001	0.5418652940045728
126.16600000000001	0.5454331349212317
127.15530000000001	0.5707149063762211
128.1449	0.581745311343355
129.13490000000002	0.5960103624584938
130.1253	0.6183372338502438
131.1125	0.6542357074282621
132.1001	0.6706804916131228
133.088	0.6880569053789365
134.0763	0.7031001603536311
135.0651	0.7135612157983282
136.05440000000002	0.7539714149102423
137.0443	0.7766647502640279
138.0342	0.8259949230476381
139.0085	0.779522528293699
139.98170000000002	0.7832273156907488
140.9548	0.7768939883456913
141.9323	0.7683480297631955
142.9101	0.7570227351762442
143.8877	0.7496941658503995
144.8651	0.7377323735582134
145.8424	0.7399200764897089
146.8196	0.7421261901704461
147.797	0.7596899927042929
148.77450000000002	0.775010896125869
149.7516	0.7684003899190802
150.73160000000001	0.7693624416390705
151.7124	0.7563482537596912
152.6938	0.7509874588800913
153.67440000000002	0.8337875159473349
154.65640000000002	0.8131394882043398
155.6408	0.770688863879123
156.6248	0.7813371410023773
157.6089	0.8002687527006133
158.59300000000002	0.8505473294995889
159.5772	0.8848436409510785
160.56140000000002	0.8939092863008733
161.5456	0.8930139930231572
162.5298	0.893581543284955
163.514	0.8795010725521196
164.4982	0.8813436782478958
165.4824	0.8905005263069103
166.4666	0.9105562462568219
167.45090000000002	0.8904145645697401
168.435	0.9030606643785729
169.41910000000001	0.9101738997694462
170.4041	0.886121884676276
171.387	0.9396895635764017
172.3708	0.9393721968048974
173.3544	0.9414283661712918
174.33790000000002	0.9434192826748065
175.32150000000001	0.8942555233900213
176.3047	0.8967717090959676
177.2877	0.8993467599612467
178.2706	0.9019804137525088
179.2533	0.9045661320347593
180.2363	0.9075889087273793
181.2204	0.9130236152926235
182.2046	0.9580136330098713
183.18990000000002	0.9685370719791101
184.1782	0.9703916689525284
185.1662	0.9720574069667156
186.1542	0.9740061301081647
187.1423	0.9746226993933731
188.13060000000002	0.9752953474051592
189.119	0.975864158066261
190.10750000000002	0.9765718183473937
191.0962	0.9774283689113399
192.085	0.9781918366715008
193.074	0.9791496775608001
194.06310000000002	0.9800369543097238
195.0523	0.9809171838932139
196.0413	0.9814033478762814
197.03040000000001	0.9518144838729965
198.0192	0.9532061847177229
199.008	0.9558963852674653
199.9967	0.9573995415909244
200.9854	0.9590435515098111
201.97400000000002	0.9588068162336851
202.9625	0.9779640741142271
203.95100000000002	0.9832702061311026
204.9394	0.9833623904154645
205.92770000000002	0.9834998109321443
206.916	0.983753352686582
207.9042	0.9839383393687569
208.8947	0.8207179768510215
209.88830000000002	0.825546435393997
210.882	0.8093700787989413
211.87570000000002	0.8115738296376581
212.86950000000002	0.8139334708526635
213.8633	0.8163246579772909
214.8572	0.8188717354782071
215.8511	0.8214503588887452
216.8451	0.8242187649089052
217.8391	0.8270187168386872
218.8332	0.82998449486068
219.8274	0.8330934300859947
220.82160000000002	0.8362466455161204
221.8159	0.8169394778938639
222.8102	0.8176172477847884
223.80460000000002	0.8184156881347884
224.7991	0.8641558506094571
225.7937	0.8653066091831283
226.78840000000002	0.8665245611756685
227.78310000000002	0.8677084727112606
228.77790000000002	0.8689890133942932
229.77280000000002	0.8703496411581643
230.76780000000002	0.7635717457572073
231.7629	0.7455124433956876
232.7581	0.7241303356410609
233.75320000000002	0.658688682909832
234.7482	0.7041405289736893
235.7432	0.7103306398427264
236.7382	0.716657448634319
237.7332	0.7231435120151339
238.72820000000002	0.7297888299851709
239.72320000000002	0.7365703936109858
240.71820000000002	0.7435342207594673
241.7132	0.7506685247193932
242.7082	0.757950975524208
243.7032	0.7654156898516894
244.6982	0.7730621032128374
245.69320000000002	0.7808796723523188
246.68820000000002	0.7889019494589112
247.6832	0.7971519434660592
248.6782	0.8055843154737629
249.6732	0.8142556266042441
250.6682	0.8231435468909476
251.66320000000002	0.811357149292635
252.65820000000002	0.8212498818555449
253.6532	0.8314121847693298
254.6482	0.8418693080339896
255.6432	0.8525960016495243
256.63820000000004	0.8636434006660592
257.6332	0.8749353878100976
258.6282	0.8864343115475519
259.6232	0.8982035860381363
260.6182	0.8981103427493434
261.6132	0.8605869296694244
262.6082	0.8647924464151867
263.6032	0.869058967160949
264.5982	0.8734068939067112
265.5932	0.8778158246524734
266.58820000000003	0.8531253214200846
267.58320000000003	0.8575770738525165
268.57820000000004	0.8621305837849484
269.5732	0.8667350987173803
270.5682	0.8714413711498122
271.5632	0.8762241510822442
272.5582	0.880805688514676
273.5532	0.8845294834471081
274.5482	0.8871056658795402
275.5432	0.8871315983119726
276.5382	0.8871575307444051
277.5332	0.8871834631768375
278.5282	0.8872093956092699
279.5231	0.8871341642579186
280.51800000000003	0.8871351879065673
281.5129	0.8871362115552159
282.50780000000003	0.8871372352038646
283.5027	0.8871382588525132
284.49760000000003	0.8871392825011619
285.4925	0.8871403061498105
286.48740000000004	0.8871413297984592
287.4823	0.8871423534471078
288.47720000000004	0.8871433770957564
289.4721	0.8871444007444051
290.46700000000004	0.8871454243930538
291.4619	0.8871464480417024
292.4568	0.887147471690351
293.4517	0.8871484953389996
294.4466	0.8871495189876484
295.4415	0.887150542636297
296.4364	0.8871515662849456
297.4313	0.8871525899335942
298.4262	0.887153613582243
299.4211	0.8871549784471078
300.416	0.8871563433119727
301.4109	0.8871577081768376
302.4058	0.8871590730417024
303.40070000000003	0.8871604379065673
304.3956	0.8871618027714321
305.39050000000003	0.887163167636297
306.3854	0.8871645325011619
307.38030000000003	0.8871658973660267
308.3752	0.8871672622308916
309.37	0.8870674633119728
310.3648	0.8870439193930539
311.3596	0.887020375474135
312.3544	0.886996831555216
313.3492	0.8869732876362971
314.344	0.8869497437173782
315.3388	0.8869261997984593
316.3336	0.8869026558795404
317.3284	0.8868791119606214
318.32320000000004	0.8868555680417026
319.31800000000004	0.8868320241227836
320.31280000000004	0.8868084802038647
321.30760000000004	0.8867852775011621
322.30240000000003	0.8867620747984594
323.29720000000003	0.8867388720957566
324.29200000000003	0.8867156693930539
325.2868	0.8866924666903513
326.2816	0.8866692639876486
327.2764	0.8866460612849458
328.2711	0.8865216947984592
329.2658	0.8864735833119728
330.26050000000004	0.8864254718254863
331.2552	0.8863773603389997
332.2499	0.8863292488525133
333.2446	0.8862811373660268
334.2393	0.8862330258795403
335.23400000000004	0.8861849143930538
336.2287	0.8861371441227835
337.2234	0.8860893738525133
338.2181	0.886041603582243
339.2128	0.8859938333119728
340.20750000000004	0.8859460630417025
341.20210000000003	0.8857971289876485
342.1967	0.8857244499335944
343.1913	0.8856517708795404
344.1859	0.8855790918254863
345.1805	0.8855064127714323
346.17510000000004	0.8854084837173783
347.16970000000003	0.8853105546633242
348.1643	0.8852129668254864
349.1589	0.8851153789876486
350.1535	0.8850177911498107
351.1481	0.884920203311973
352.1426	0.8847214516903514
353.13710000000003	0.8845989550687299
354.1316	0.8844764584471082
355.1261	0.8843539618254866
356.1206	0.884231465203865
357.11510000000004	0.8841089685822434
358.1096	0.883986813176838
359.1041	0.8838646577714326
360.09860000000003	0.8837425023660272
361.093	0.883519183176838
362.0874	0.8833721189876488
363.08180000000004	0.8832250547984596
364.07620000000003	0.8830779906092704
365.0706	0.8829309264200812
366.065	0.8827589534471083
367.05940000000004	0.8825869804741353
368.0537	0.8823138437173786
369.048	0.882116961960622
370.0423	0.8819200802038651
371.0366	0.8817231984471084
372.03090000000003	1.0076466691593935
373.02520000000004	1.007654830775555
374.0195	1.0076629923917169
375.01370000000003	1.0075701608092251
376.0079	1.0075790025600668
377.00210000000004	1.0075878443109088
377.9963	1.0075966860617505
378.9905	1.0076062079472723
379.98470000000003	1.0076157298327941
380.97880000000004	1.0075242585196629
381.97290000000004	1.0075344605398648
382.96700000000004	1.007544662560067
383.96110000000004	1.007555204647609
384.9552	1.007565746735151
385.9492	1.00747529562404
386.9432	1.0074865178462622
387.9372	1.0074980801358246
388.93120000000005	1.007509982492727
389.92510000000004	1.0074208916509761
390.91900000000004	1.0074334741425586
391.91290000000004	1.007446056634141
392.90680000000003	1.0074589791930635
393.90070000000003	1.0074719017519862
394.8945	1.0073841711795957
395.8883	1.0073981139405384
396.88210000000004	1.007412056701481
397.8759	1.007426339529764
398.8696	1.0073396291593937
399.86330000000004	1.0073545921223568
400.857	1.0073698951526597
401.85060000000004	1.0072845450516494
402.8442	1.0073008682839728
403.8378	1.007317191516296
404.83140000000003	1.0073338548159592
405.8249	1.0072495249169693
406.8184	1.007267208418653
407.81190000000004	1.0072852319876764
408.80530000000005	1.0072022623580468
409.7987	1.0072209660617504
410.7921	1.0072400098327943
411.78540000000004	1.007158400472525
412.7787	1.0071784644455888
413.77200000000005	1.007198868485993
414.7652	1.0071182793277438
415.7584	1.0071397035701681
416.7516	1.0071614678799323
417.7447	1.0070822389910434
418.7378	1.007104683435488
419.73080000000004	1.0070268148159593
420.72380000000004	1.007050619529764
421.71680000000003	1.0070747643109088
422.7097	1.0069982559607404
423.7026	1.0070237610112456
424.6954	1.0069482728630974
425.6882	1.0069747981156225
426.6809	1.0069006702368348
427.6736	1.0069282156913801
428.6662	1.0068554480819525
429.65880000000004	1.006884353805858
430.65130000000005	1.0068126063984508
431.6438	1.0068428723917169
432.63620000000003	1.0067724852536697
433.6286	1.006803771448956
434.6209	1.006734744580269
435.6132	1.0067673910449155
436.60540000000003	1.006699724445589
437.5976	1.0067340712469357
438.5897	1.0066674248496295
439.5817	1.0066021387216832
440.57370000000003	1.0066385259270705
441.5656	1.0065746000684845
442.5575	1.006612687610572
443.5493	1.0065501220213466
444.541	1.0064885766341412
445.53270000000003	1.0065293847149492
446.52430000000004	1.0064691995971042
447.5158	1.006410374748619
448.5072	1.0063525701021547
449.4986	1.0063967788563635
450.48990000000003	1.0063406745465993
451.4811	1.0062855904388548
452.47220000000004	1.0062318666004713
453.4633	1.0062798160954207
454.45430000000005	1.0062274525263972
455.4452	1.0061764492267338
456.43600000000004	1.0061264661290907
457.42670000000004	1.0060778433008077
458.4173	1.0060305807418854
459.40790000000004	1.0060849915162962
460.39840000000004	1.006039089226734
461.3888	1.0059945472065317
462.3791	1.0059513654556902
463.3693	1.0059092039068687
464.3616	1.0179922146482954
465.3535	1.0175098156737836
466.34540000000004	1.0175318329748215
467.3372	1.017451885446342
468.32890000000003	1.0173726368798
469.3206	1.0173960521047134
470.3122	1.0173175025001093
471.30370000000005	1.0172396518574425
472.2952	1.0172644650062315
473.2866	1.017187313325503
474.27790000000005	1.0171108606067119
475.2692	1.017137421160345
476.2604	1.0170616674034916
477.2515	1.016986612608576
478.2425	1.0169122567755982
479.2334	1.016838599904558
480.2243	1.0168676068249731
481.2151	1.0167946489158706
482.2058	1.0167223899687055
483.19640000000004	1.0166508299834789
484.18690000000004	1.0165799689601895
485.1773	1.0165098068988376
486.16760000000005	1.0164403437994238
487.1578	1.0163715796619477
488.1498	1.0182474863856543
489.1498	1.0264605897020895
490.1498	1.0264605897020895
491.1498	1.0264605897020895
492.1498	1.0264605897020895
493.1498	1.0264605897020895
494.1498	1.0264605897020895
495.1498	1.0264605897020895
496.1498	1.0264605897020895
497.1498	1.0264605897020895
498.1498	1.0264605897020895
499.1498	1.0264605897020895
500.1498	1.0264605897020895
501.1498	1.0264605897020895
502.1498	1.0264605897020895
503.1498	1.0264605897020895
504.1498	1.0264605897020895
505.1498	1.0264605897020895
506.1498	1.0264605897020895
507.1498	1.0264605897020895
508.1498	1.0264605897020895
509.1498	1.0264605897020895
510.1498	1.0264605897020895
511.1498	1.0264605897020895
512.1498	1.0264605897020895
513.1498	1.0264605897020895
514.1498	1.0264605897020895
515.1498	1.0264605897020895
516.1498	1.0264605897020895
517.1498	1.0264605897020895
518.1498	1.0264605897020895
519.1498	1.0264605897020895
520.1498	1.0264605897020895
521.1498	1.0264605897020895
522.1498	1.0264605897020895
523.1498	1.0264605897020895
524.1498	1.0264605897020895
525.1498	1.0264605897020895
526.1498	1.0264605897020895
527.1498	1.0264605897020895
528.1498	1.0264605897020895
529.1498	1.0264605897020895
530.1498	1.0264605897020895
531.1498	1.0264605897020895
532.1498	1.0264605897020895
533.1498	1.0264605897020895
534.1498	1.0264605897020895
535.1498	1.0264605897020895
536.1498	1.0264605897020895
537.1498	1.0264605897020895
538.1498	1.0264605897020895
539.1498	1.0264605897020895
540.1498	1.0264605897020895
541.1498	1.0264605897020895
542.1498	1.0264605897020895
543.1498	1.0264605897020895
544.1498	1.0264605897020895
545.1498	1.0264605897020895
546.1498	1.0264605897020895
547.1498	1.0264605897020895
548.1498	1.0264605897020895
549.1498	1.0264605897020895
550.1498	1.0264605897020895
551.1498	1.0264605897020895
552.1498	1.0264605897020895
553.1498	1.0264605897020895
554.1498	1.0264605897020895
555.1498	1.0264605897020895
556.1498	1.0264605897020895
557.1498	1.0264605897020895
558.1498	1.0264605897020895
559.1498	1.0264605897020895
560.1498	1.0264605897020895
561.1498	1.0264605897020895
562.1498	1.0264605897020895
563.1498	1.0264605897020895
564.1498	1.0264605897020895
565.1498	1.0264605897020895
566.1498	1.0264605897020895
567.1498	1.0264605897020895
568.1498	1.0264605897020895
569.1498	1.0264605897020895
570.1498	1.0264605897020895
571.1498	1.0264605897020895
572.1498	1.0264605897020895
573.1498	1.0264605897020895
574.1498	1.0264605897020895
575.1498	1.0264605897020895
576.1498	1.0264605897020895
577.1498	1.0264605897020895
578.1498	1.0264605897020895
579.1498	1.0264605897020895
580.1498	1.0264605897020895
581.1498	1.0264605897020895
582.1498	1.0264605897020895
583.1498	1.0264605897020895
584.1498	1.0264605897020895
585.1498	1.0264605897020895
586.1498	1.0264605897020895
587.1498	1.0264605897020895
588.1498	1.0264605897020895
589.1498	1.0264605897020895
590.1498	1.0264605897020895
591.1498	1.0264605897020895
592.1498	1.0264605897020895
593.1498	1.0264605897020895
594.1498	1.0264605897020895
595.1498	1.0264605897020895
596.1498	1.0264605897020895
597.1498	1.0264605897020895
598.1498	1.0264605897020895
599.1498	1.0264605897020895
600.1498	1.0264605897020895
601.1498	1.0264605897020895
602.1498	1.0264605897020895
603.1498	1.0264605897020895
604.1498	1.0264605897020895
605.1498	1.0264605897020895
606.1498	1.0264605897020895
607.1498	1.0264605897020895
608.1498	1.0264605897020895
609.1498	1.0264605897020895
610.1498	1.0264605897020895
611.1498	1.0264605897020895
612.1498	1.0264605897020895
613.1498	1.0264605897020895
614.1498	1.0264605897020895
615.1498	1.0264605897020895
616.1498	1.0264605897020895
617.1498	1.0264605897020895
618.1498	1.0264605897020895
619.1498	1.0264605897020895
620.1498	1.0264605897020895
621.1498	1.0264605897020895
622.1498	1.0264605897020895
623.1498	1.0264605897020895
624.1498	1.0264605897020895
625.1498	1.0264605897020895
626.1498	1.0264605897020895
627.1498	1.0264605897020895
628.1498	1.0264605897020895
629.1498	1.0264605897020895
630.1498	1.0264605897020895
631.1498	1.0264605897020895
632.1498	1.0264605897020895
633.1498	1.0264605897020895
634.1498	1.0264605897020895
635.1498	1.0264605897020895
636.1498	1.0264605897020895
637.1498	1.0264605897020895
638.1498	1.0264605897020895
639.1498	1.0264605897020895
640.1498	1.0264605897020895
641.1498	1.0264605897020895
642.1498	1.0264605897020895
643.1498	1.0264605897020895
644.1498	1.0264605897020895
645.1498	1.0264605897020895
646.1498	1.0264605897020895
647.1498	1.0264605897020895
648.1498	1.0264605897020895
649.1498	1.0264605897020895
650.1498	1.0264605897020895
651.1498	1.0264605897020895
652.1498	1.0264605897020895
653.1498	1.0264605897020895
654.1498	1.0264605897020895
655.1498	1.0264605897020895
656.1498	1.0264605897020895
657.1498	1.0264605897020895
658.1498	1.0264605897020895
659.1498	1.0264605897020895
660.1498	1.0264605897020895
661.1498	1.0264605897020895
662.1498	1.0264605897020895
663.1498	1.0264605897020895
664.1498	1.0264605897020895
665.1498	1.0264605897020895
666.1498	1.0264605897020895
667.1498	1.0264605897020895
668.1498	1.0264605897020895
669.1498	1.0264605897020895
670.1498	1.0264605897020895
671.1498	1.0264605897020895
672.1498	1.0264605897020895
673.1498	1.0264605897020895
674.1498	1.0264605897020895
675.1498	1.0264605897020895
676.1498	1.0264605897020895
677.1498	1.0264605897020895
678.1498	1.0264605897020895
679.1498	1.0264605897020895
680.1498	1.0264605897020895
681.1498	1.0264605897020895
682.1498	1.0264605897020895
683.1498	1.0264605897020895
684.1498	1.0264605897020895
685.1498	1.0264605897020895
686.1498	1.0264605897020895
687.1498	1.0264605897020895
688.1498	1.0264605897020895
689.1498	1.0264605897020895
690.1498	1.0264605897020895
691.1498	1.0264605897020895
692.1498	1.0264605897020895
693.1498	1.0264605897020895
694.1498	1.0264605897020895
695.1498	1.0264605897020895
696.1498	1.0264605897020895
697.1498	1.0264605897020895
698.1498	1.0264605897020895
699.1498	1.0264605897020895
700.1498	1.0264605897020895
701.1498	1.0264605897020895
702.1498	1.0264605897020895
703.1498	1.0264605897020895
704.1498	1.0264605897020895
705.1498	1.0264605897020895
706.1498	1.0264605897020895
707.1498	1.0264605897020895
708.1498	1.0264605897020895
709.1498	1.0264605897020895
710.1498	1.0264605897020895
711.1498	1.0264605897020895
712.1498	1.0264605897020895
713.1498	1.0264605897020895
714.1498	1.0264605897020895
715.1498	1.0264605897020895
716.1498	1.0264605897020895
717.1498	1.0264605897020895
718.1498	1.0264605897020895
719.1498	1.0264605897020895
720.1498	1.0264605897020895
721.1498	1.0264605897020895
722.1498	1.0264605897020895
723.1498	1.0264605897020895
724.1498	1.0264605897020895
725.1498	1.0264605897020895
726.1498	1.0264605897020895
727.1498	1.0264605897020895
728.1498	1.0264605897020895
729.1498	1.0264605897020895
730.1498	1.0264605897020895
731.1498	1.0264605897020895
732.1498	1.0264605897020895
733.1498	1.0264605897020895
734.1498	1.0264605897020895
735.1498	1.0264605897020895
736.1498	1.0264605897020895
737.1498	1.0264605897020895
738.1498	1.0264605897020895
739.1498	1.0264605897020895
740.1498	1.0264605897020895
741.1498	1.0264605897020895
742.1498	1.0264605897020895
743.1498	1.0264605897020895
744.1498	1.0264605897020895
745.1498	1.0264605897020895
746.1498	1.0264605897020895
747.1498	1.0264605897020895
748.1498	1.0264605897020895
749.1498	1.0264605897020895
750.1498	1.0264605897020895
751.1498	1.0264605897020895
752.1498	1.0264605897020895
753.1498	1.0264605897020895
754.1498	1.0264605897020895
755.1498	1.0264605897020895
756.1498	1.0264605897020895
757.1498	1.0264605897020895
758.1498	1.0264605897020895
759.1498	1.0264605897020895
760.1498	1.0264605897020895
761.1498	1.0264605897020895
762.1498	1.0264605897020895
763.1498	1.0264605897020895
764.1498	1.0264605897020895
765.1498	1.0264605897020895
766.1498	1.0264605897020895
767.1498	1.0264605897020895
768.1498	1.0264605897020895
769.1498	1.0264605897020895
770.1498	1.0264605897020895
771.1498	1.0264605897020895
772.1498	1.0264605897020895
773.1498	1.0264605897020895
774.1498	1.0264605897020895
775.1498	1.0264605897020895
776.1498	1.0264605897020895
777.1498	1.0264605897020895
778.1498	1.0264605897020895
779.1498	1.0264605897020895
780.1498	1.0264605897020895
781.1498	1.0264605897020895
782.1498	1.0264605897020895
783.1498	1.0264605897020895
784.1498	1.0264605897020895
785.1498	1.0264605897020895
786.1498	1.0264605897020895
787.1498	1.0264605897020895
788.1498	1.0264605897020895
789.1498	1.0264605897020895
790.1498	1.0264605897020895
791.1498	1.0264605897020895
792.1498	1.0264605897020895
793.1498	1.0264605897020895
794.1498	1.0264605897020895
795.1498	1.0264605897020895
796.1498	1.0264605897020895
797.1498	1.0264605897020895
798.1498	1.0264605897020895
799.1498	1.0264605897020895
800.1498	1.0264605897020895
801.1498	1.0264605897020895
802.1498	1.0264605897020895
803.1498	1.0264605897020895
804.1498	1.0264605897020895
805.1498	1.0264605897020895
806.1498	1.0264605897020895
807.1498	1.0264605897020895
808.1498	1.0264605897020895
809.1498	1.0264605897020895
810.1498	1.0264605897020895
811.1498	1.0264605897020895
812.1498	1.0264605897020895
813.1498	1.0264605897020895
814.1498	1.0264605897020895
815.1498	1.0264605897020895
816.1498	1.0264605897020895
817.1498	1.0264605897020895
818.1498	1.0264605897020895
819.1498	1.0264605897020895
820.1498	1.0264605897020895
821.1498	1.0264605897020895
822.1498	1.0264605897020895
823.1498	1.0264605897020895
824.1498	1.0264605897020895
825.1498	1.0264605897020895
826.1498	1.0264605897020895
827.1498	1.0264605897020895
828.1498	1.0264605897020895
829.1498	1.0264605897020895
830.1498	1.0264605897020895
831.1498	1.0264605897020895
832.1498	1.0264605897020895
833.1498	1.0264605897020895
834.1498	1.0264605897020895
835.1498	1.0264605897020895
836.1498	1.0264605897020895
837.1498	1.0264605897020895
838.1498	1.0264605897020895
839.1498	1.0264605897020895
840.1498	1.0264605897020895
841.1498	1.0264605897020895
842.1498	1.0264605897020895
843.1498	1.0264605897020895
844.1498	1.0264605897020895
845.1498	1.0264605897020895
846.1498	1.0264605897020895
847.1498	1.0264605897020895
848.1498	1.0264605897020895
849.1498	1.0264605897020895
850.1498	1.0264605897020895
851.1498	1.0264605897020895
852.1498	1.0264605897020895
853.1498	1.0264605897020895
854.1498	1.0264605897020895
855.1498	1.0264605897020895
856.1498	1.0264605897020895
857.1498	1.0264605897020895
858.1498	1.0264605897020895
859.1498	1.0264605897020895
860.1498	1.0264605897020895
861.1498	1.0264605897020895
862.1498	1.0264605897020895
863.1498	1.0264605897020895
864.1498	1.0264605897020895
865.1498	1.0264605897020895
866.1498	1.0264605897020895
867.1498	1.0264605897020895
868.1498	1.0264605897020895
869.1498	1.0264605897020895
870.1498	1.0264605897020895
871.1498	1.0264605897020895
872.1498	1.0264605897020895
873.1498	1.0264605897020895
874.1498	1.0264605897020895
875.1498	1.0264605897020895
876.1498	1.0264605897020895
877.1498	1.0264605897020895
878.1498	1.0264605897020895
879.1498	1.0264605897020895
880.1498	1.0264605897020895
881.1498	1.0264605897020895
882.1498	1.0264605897020895
883.1498	1.0264605897020895
884.1498	1.0264605897020895
885.1498	1.0264605897020895
886.1498	1.0264605897020895
887.1498	1.0264605897020895
888.1498	1.0264605897020895
889.1498	1.0264605897020895
890.1498	1.0264605897020895
891.1498	1.0264605897020895
892.1498	1.0264605897020895
893.1498	1.0264605897020895
894.1498	1.0264605897020895
895.1498	1.0264605897020895
896.1498	1.0264605897020895
897.1498	1.0264605897020895
898.1498	1.0264605897020895
899.1498	1.0264605897020895
900.1498	1.0264605897020895
901.1498	1.0264605897020895
902.1498	1.0264605897020895
903.1498	1.0264605897020895
904.1498	1.0264605897020895
905.1498	1.0264605897020895
906.1498	1.0264605897020895
907.1498	1.0264605897020895
908.1498	1.0264605897020895
909.1498	1.0264605897020895
910.1498	1.0264605897020895
911.1498	1.0264605897020895
912.1498	1.0264605897020895
913.1498	1.0264605897020895
914.1498	1.0264605897020895
915.1498	1.0264605897020895
916.1498	1.0264605897020895
917.1498	1.0264605897020895
918.1498	1.0264605897020895
919.1498	1.0264605897020895
920.1498	1.0264605897020895
921.1498	1.0264605897020895
922.1498	1.0264605897020895
923.1498	1.0264605897020895
924.1498	1.0264605897020895
925.1498	1.0264605897020895
926.1498	1.0264605897020895
927.1498	1.0264605897020895
928.1498	1.0264605897020895
929.1498	1.0264605897020895
930.1498	1.0264605897020895
931.1498	1.0264605897020895
932.1498	1.0264605897020895
933.1498	1.0264605897020895
934.1498	1.0264605897020895
935.1498	1.0264605897020895
936.1498	1.0264605897020895
937.1498	1.0264605897020895
938.1498	1.0264605897020895
939.1498	1.0264605897020895
940.1498	1.0264605897020895
941.1498	1.0264605897020895
942.1498	1.0264605897020895
943.1498	1.0264605897020895
944.1498	1.0264605897020895
945.1498	1.0264605897020895
946.1498	1.0264605897020895
947.1498	1.0264605897020895
948.1498	1.0264605897020895
949.1498	1.0264605897020895
950.1498	1.0264605897020895
951.1498	1.0264605897020895
952.1498	1.0264605897020895
953.1498	1.0264605897020895
954.1498	1.0264605897020895
955.1498	1.0264605897020895
956.1498	1.0264605897020895
957.1498	1.0264605897020895
958.1498	1.0264605897020895
959.1498	1.0264605897020895
960.1498	1.0264605897020895
961.1498	1.0264605897020895
962.1498	1.0264605897020895
963.1498	1.0264605897020895
964.1498	1.0264605897020895
965.1498	1.0264605897020895
966.1498	1.0264605897020895
967.1498	1.0264605897020895
968.1498	1.0264605897020895
969.1498	1.0264605897020895
970.1498	1.0264605897020895
971.1498	1.0264605897020895
972.1498	1.0264605897020895
973.1498	1.0264605897020895
974.1498	1.0264605897020895
975.1498	1.0264605897020895
976.1498	1.0264605897020895
977.1498	1.0264605897020895
978.1498	1.0264605897020895
979.1498	1.0264605897020895
980.1498	1.0264605897020895
981.1498	1.0264605897020895
982.1498	1.0264605897020895
983.1498	1.0264605897020895
984.1498	1.0264605897020895
985.1498	1.0264605897020895
986.1498	1.0264605897020895
987.1498	1.0264605897020895
988.1498	1.0264605897020895
989.1498	1.0264605897020895
990.1498	1.0264605897020895
991.1498	1.0264605897020895
992.1498	1.0264605897020895
993.1498	1.0264605897020895
994.1498	1.0264605897020895
995.1498	1.0264605897020895
996.1498	1.0264605897020895
997.1498	1.0264605897020895
998.1498	1.0264605897020895
999.1498	1.0264605897020895
