0.4576	0.5095266788894717
1.4153	0.5150655453585855
2.3716	0.5221573670852467
3.3264	0.5266952385594041
4.2896	0.5298778760126641
5.2519	0.5315370853995545
6.2132000000000005	0.5336030732296357
7.173500000000001	0.5342250817654908
8.133700000000001	0.533285326454114
9.1012	0.5335443865284945
10.068800000000001	0.5345354979350645
11.036100000000001	0.5360628975799173
12.0028	0.5384101085668606
12.968900000000001	0.5416386939398661
13.9344	0.5432333273593732
14.8992	0.540444433251079
15.8633	0.5411113238567175
16.8266	0.5427841082496312
17.7889	0.5422552888310014
18.750400000000003	0.5388766917614489
19.7178	0.5383139201096152
20.688100000000002	0.5383310834037716
21.6572	0.5409490933468302
22.6266	0.5364728137195167
23.596400000000003	0.5376419195933676
24.566100000000002	0.538921231397319
25.535800000000002	0.5396019264577934
26.5055	0.5410942709864351
27.475	0.539330360290707
28.444300000000002	0.5363803954611468
29.413300000000003	0.5339621758551181
30.378200000000003	0.530987973746767
31.3427	0.529814634115376
32.3069	0.5277086494753462
33.270700000000005	0.5258422811558663
34.2342	0.5224570176068217
35.1973	0.5215035489048543
36.160000000000004	0.5221195525557238
37.1223	0.5184307106143693
38.0841	0.5181636802637417
39.0454	0.5183818485488084
40.0062	0.5170078914749647
40.970400000000005	0.5170909288356994
41.9405	0.5200383652090234
42.9102	0.5201636478787495
43.8795	0.5171428102526616
44.8485	0.516624531116662
45.8171	0.5176009046579497
46.7855	0.5198994908172622
47.753600000000006	0.5220713671665007
48.7214	0.523429052510179
49.688900000000004	0.5264127185280263
50.6561	0.5293319430981163
51.6229	0.5324260701123222
52.589400000000005	0.5348833349928493
53.5555	0.5382417381573954
54.521100000000004	0.5394480916019522
55.486200000000004	0.5436549517248224
56.4564	0.5442862572447599
57.426	0.5439595328917246
58.395700000000005	0.544432787691842
59.3656	0.5486658276781069
60.3308	0.5459717198191476
61.297900000000006	0.5442627954880127
62.271300000000004	0.5457187769723189
63.2445	0.5473933022980068
64.2133	0.5479933893017748
65.1821	0.5480576109468038
66.151	0.5483521458747993
67.12010000000001	0.5469724247670714
68.08930000000001	0.5506090179781999
69.0588	0.5531424633640255
70.02850000000001	0.5548336686014689
70.99860000000001	0.5553186791569535
71.9689	0.5551669557929985
72.93950000000001	0.5572744569365816
73.9105	0.5580826880015992
74.882	0.5586336405312737
75.854	0.5583574557992896
76.8224	0.5572722199883675
77.7908	0.5555450674390141
78.7592	0.5551778812266144
79.72710000000001	0.5566000971758926
80.6947	0.5556248275339417
81.6619	0.5515096037861396
82.6323	0.5504045214670962
83.6027	0.5512756232946707
84.57300000000001	0.5526259137999654
85.5432	0.5540908341685234
86.5134	0.5561617602893633
87.4835	0.5580896346655612
88.4535	0.5616428429354339
89.4234	0.5633136993202209
90.3931	0.5648533410307779
91.3627	0.5662299618766881
92.3322	0.5653946143496751
93.30160000000001	0.5657218456666242
94.2709	0.5673760284322367
95.24000000000001	0.5676896085346937
96.2001	0.570963939302513
97.1593	0.5730713677553071
98.1269	0.5739707092199906
99.09140000000001	0.5724617046505149
100.05850000000001	0.5775308606042818
101.0254	0.5798787371112191
101.992	0.5887201376584625
102.95830000000001	0.5912070975417903
103.9244	0.5909139641374328
104.8901	0.595003113057742
105.8554	0.601250992472811
106.8267	0.6030736317831866
107.7992	0.6005321839445548
108.7728	0.6030853043247763
109.741	0.6050572110727845
110.712	0.6056874651569681
111.68700000000001	0.615062383736134
112.6567	0.6284125684877644
113.62530000000001	0.6283726794659521
114.5946	0.6324659028675887
115.56400000000001	0.6346206891177939
116.5335	0.6331480901953334
117.498	0.6358958945153046
118.46640000000001	0.6392250499169443
119.43530000000001	0.6386148225085035
120.40530000000001	0.6388369022302957
121.37480000000001	0.6398749390228333
122.34440000000001	0.6391104242106673
123.31200000000001	0.6379137202557762
124.2801	0.6392134501838216
125.2483	0.638650644275869
126.2163	0.6396862647946026
127.18660000000001	0.6405476774181352
128.1566	0.6507514615085295
129.1262	0.657661647359221
130.09550000000002	0.6549017956675751
131.0644	0.6579182540251268
132.0328	0.657184900613675
133.0008	0.6583831293240355
133.9684	0.6579508096053218
134.93550000000002	0.6575367408059092
135.90200000000002	0.6570274393331677
136.871	0.658534666307963
137.84040000000002	0.6574087478492051
138.8099	0.6585462587413533
139.77960000000002	0.6581560331632902
140.7493	0.6575223818958871
141.7191	0.6572498628928058
142.68890000000002	0.6569943744450291
143.65890000000002	0.6551651420177629
144.6287	0.6507366865745371
145.5985	0.6465085721731162
146.5683	0.6466293481567392
147.53810000000001	0.6450576812756971
148.508	0.646460273040808
149.478	0.6438269858243931
150.4479	0.6376923339592777
151.4177	0.638295336713453
152.3874	0.6415846288014388
153.35670000000002	0.6452362778211308
154.3256	0.653066522277793
155.2955	0.6689124918462028
156.2653	0.6752618041802703
157.2353	0.6825225790119052
158.2056	0.690860156188368
159.1773	0.7020864326243883
160.1506	0.706975948350586
161.1226	0.7112208733134618
162.09720000000002	0.7164179177332618
163.07170000000002	0.7218611846231098
164.0464	0.7282922805217953
165.02120000000002	0.7387725576428017
165.9961	0.7379872777990875
166.9711	0.740124981076572
167.9463	0.7464259275553484
168.92170000000002	0.7527777632160879
169.8974	0.7576022563693992
170.8714	0.7461227397943155
171.84220000000002	0.7550379839865895
172.811	0.7698031372358239
173.788	0.7586274315001921
174.7656	0.7908654719173704
175.7424	0.7856174743201153
176.71970000000002	0.7889376166163928
177.69740000000002	0.7966519008397248
178.6713	0.8108280059414509
179.64450000000002	0.7872765187386299
180.62120000000002	0.8060647226091755
181.5984	0.754964294103682
182.5755	0.7521902830698727
183.5523	0.7694026433431118
184.5292	0.7624943434214908
185.5059	0.7567706252023825
186.48260000000002	0.7558050618978451
187.4592	0.7537796393725184
188.4357	0.7579984342952115
189.41330000000002	0.7695721290712857
190.39180000000002	0.7690634388087848
191.37050000000002	0.8340930930391501
192.3485	0.8327247522220513
193.3265	0.831117658130831
194.30450000000002	0.8487140504694103
195.2826	0.8526366693082754
196.2607	0.8540941571833376
197.2388	0.8539118742569989
198.2169	0.8573357060726943
199.19500000000002	0.8615192009270007
200.1731	0.8641277567493596
201.1511	0.865737552134403
202.1286	0.8592578903856798
203.1052	0.8846650195606152
204.08370000000002	0.8187781573318516
205.0624	0.8217566214645091
206.041	0.8210186183727726
207.01950000000002	0.8181653827747564
207.99800000000002	0.8180608884030254
208.9764	0.8227584982951808
209.9547	0.8070727206542723
210.9351	0.8213108202082957
211.9154	0.8258555863874683
212.8993	0.9085577556085953
213.883	0.8948392226161592
214.8668	0.9127207996371265
215.84980000000002	0.845871181977032
216.83280000000002	0.8503680489431531
217.8161	0.8520783128667191
218.7997	0.8864659252286461
219.78300000000002	0.8717742414171665
220.7662	0.8728716947983035
221.7493	0.870340865954366
222.7323	0.8634685817148744
223.71540000000002	0.8922826201169206
224.69830000000002	0.8815214621054757
225.681	0.8660293229913794
226.6636	0.9237755068614112
227.6468	0.9251284945730116
228.62990000000002	0.9231735352737864
229.61460000000002	0.9023911701746188
230.5993	0.9014953574436768
231.58440000000002	0.9174568440763862
232.5694	0.9044580064546239
233.55440000000002	0.908956696174699
234.5395	0.9109271021919876
235.5249	0.8947266205944949
236.5102	0.8919068499796803
237.49560000000002	0.9185416611984866
238.477	0.8035933516982835
239.46390000000002	0.8404222478110946
240.4506	0.8279518565015023
241.4349	0.9496246719946266
242.4186	0.9554893437423014
243.40230000000003	0.9576061106266854
244.38600000000002	0.9602039721412565
245.3698	0.9424207160199248
246.35350000000003	0.9489946843143735
247.33710000000002	0.9643814259848258
248.32070000000002	0.9662997862219492
249.3043	0.9672055525803662
250.2878	0.9682957602841376
251.27120000000002	0.9682229786284166
252.2545	0.9688797362519441
253.23760000000001	0.9694724567683197
254.22060000000002	0.9699498106176773
255.20340000000002	0.9732943629605797
256.1931	0.9820006709078276
257.1834	0.9162214776837387
258.1736	0.8683950784174796
259.1644	0.8117726505549012
260.1549	0.8154290736256925
261.1453	0.8192294744029698
262.1357	0.8232037913909833
263.12600000000003	0.8272027442049273
264.1162	0.8312861839101631
265.1071	0.9368704654812662
266.09770000000003	0.9376920495632527
267.08820000000003	0.9390071225636304
268.0786	0.9403505087506785
269.0689	0.941739857605508
270.0591	0.943182969017008
271.0493	0.9447511808396265
272.0403	0.9840881776992836
273.0306	0.9838895796021988
274.0208	0.9842644579749746
275.0118	0.9912780870777185
276.0024	0.9911229122509773
276.9929	0.9913694834796609
277.9833	0.9916267806424016
278.97360000000003	0.9918947955783997
279.9638	0.9921738849038775
280.9544	0.9929553707466857
281.9465	0.9019912725208048
282.9383	0.9047572805014801
283.93010000000004	0.9077509142423719
284.9218	0.9107552606943949
285.9135	0.9138991305124875
286.90520000000004	0.9171465099074672
287.89680000000004	0.9204038921884035
288.8884	0.923823439081941
289.8799	0.9938273430766665
290.8714	0.9949310632893693
291.8629	0.9961442554916078
292.8543	0.9972991315804759
293.8457	0.9985792100589658
294.837	0.9997991295193848
295.8283	1.0011446498459882
296.8195	1.0024318619892991
297.8107	1.0042120072157479
298.8018	1.0044046368138972
299.7928	1.016174577938811
300.78380000000004	1.0162821837255933
301.7747	1.016295772512529
302.76550000000003	1.015380175058894
303.7563	1.0154754980094904
304.747	1.0154983322735478
305.7376	1.01552220478729
306.72810000000004	1.0155475322017262
307.71860000000004	1.015675850417736
308.709	1.015705552058434
309.6993	1.0157371322770956
310.6895	1.0157705767738485
311.6816	1.0151101330335421
312.6732	1.0146787156024193
313.6648	1.0147917172024192
314.6563	1.0148033091430835
315.64770000000004	1.0148090720655665
316.63910000000004	1.01491041930193
317.6304	1.0149103568789581
318.6216	1.014904465437804
319.6127	1.0148923777057415
320.60380000000004	1.0149762415602868
321.5948	1.0149586957554966
322.58570000000003	1.0149353209325247
323.5765	1.0149057498186436
324.5672	1.014870720632035
325.55780000000004	1.014829495154518
326.54830000000004	1.0147824406588188
327.53880000000004	1.0148317086951824
328.5292	1.0147795670722102
329.5195	1.0147219673765113
330.5097	1.0146581713899028
331.5007	0.9492586609286591
332.4916	0.9502201477257889
333.4825	0.9515756237257889
334.4733	0.9528713498982027
335.464	0.9542069963464784
336.4546	0.9555823655188922
337.4451	0.9570076584154439
338.4355	0.9584728715878577
339.4259	0.9600577617602714
340.4162	0.9615830996568231
341.4064	0.9631583612775126
342.3999	1.0140691391347356
343.3927	1.013614770520603
344.3854	1.0137025311165675
345.3781	1.0138840612015902
346.37080000000003	1.0140750909596021
347.3634	1.0141635781742715
348.356	1.014346198187352
349.3485	1.0144262756570905
350.341	1.0146004859252398
351.33340000000004	1.0146721536500467
352.32570000000004	1.0147445479935586
353.31800000000004	1.014910711826129
354.3102	1.01497469642471
355.30240000000003	1.015132450512349
356.2945	1.0151880253659984
357.2866	1.0153377330180584
358.27860000000004	1.0153940344904129
359.2705	1.015441926217836
360.2624	1.0155835874343173
361.2542	1.0156230694168091
362.2459	1.0156541416543696
363.23760000000004	1.0157789833809883
364.2292	1.0158016458736174
365.2207	1.015815898621315
366.2122	1.015923920858071
367.2036	1.0159389002244743
368.1949	1.0159454698459458
369.1861	1.015943629722486
370.1773	1.0160355590880843
371.1684	1.0160253092196934
372.1594	1.0160066496063709
373.1503	1.015979580248117
374.1411	1.015944101144932
375.13190000000003	1.0160023915308052
376.12260000000003	1.0159585026826885
377.1132	1.0159062040896412
378.1037	1.015845495751662
379.0941	1.0157763776687514
380.0844	1.0156988498409099
381.07460000000003	1.0156129122681368
382.0677	1.018594841250694
383.0677	1.0145351961757532
384.0675	1.0291943417335294
385.0674	1.0317516643693163
386.0674	1.034151667131394
387.0674	1.034151667131394
388.0674	1.034151667131394
389.0674	1.034151667131394
390.0674	1.034151667131394
391.0674	1.034151667131394
392.0674	1.034151667131394
393.0674	1.034151667131394
394.0674	1.034151667131394
395.0674	1.034151667131394
396.0674	1.034151667131394
397.0674	1.034151667131394
398.0674	1.034151667131394
399.0674	1.034151667131394
400.0674	1.034151667131394
401.0674	1.034151667131394
402.0674	1.034151667131394
403.0674	1.034151667131394
404.0674	1.034151667131394
405.0674	1.034151667131394
406.0674	1.034151667131394
407.0674	1.034151667131394
408.0674	1.034151667131394
409.0674	1.034151667131394
410.0674	1.034151667131394
411.0674	1.034151667131394
412.0674	1.034151667131394
413.0674	1.034151667131394
414.0674	1.034151667131394
415.0674	1.034151667131394
416.0674	1.034151667131394
417.0674	1.034151667131394
418.0674	1.034151667131394
419.0674	1.034151667131394
420.0674	1.034151667131394
421.0674	1.034151667131394
422.0674	1.034151667131394
423.0674	1.034151667131394
424.0674	1.034151667131394
425.0674	1.034151667131394
426.0674	1.034151667131394
427.0674	1.034151667131394
428.0674	1.034151667131394
429.0674	1.034151667131394
430.0674	1.034151667131394
431.0674	1.034151667131394
432.0674	1.034151667131394
433.0674	1.034151667131394
434.0674	1.034151667131394
435.0674	1.034151667131394
436.0674	1.034151667131394
437.0674	1.034151667131394
438.0674	1.034151667131394
439.0674	1.034151667131394
440.0674	1.034151667131394
441.0674	1.034151667131394
442.0674	1.034151667131394
443.0674	1.034151667131394
444.0674	1.034151667131394
445.0674	1.034151667131394
446.0674	1.034151667131394
447.0674	1.034151667131394
448.0674	1.034151667131394
449.0674	1.034151667131394
450.0674	1.034151667131394
451.0674	1.034151667131394
452.0674	1.034151667131394
453.0674	1.034151667131394
454.0674	1.034151667131394
455.0674	1.034151667131394
456.0674	1.034151667131394
457.0674	1.034151667131394
458.0674	1.034151667131394
459.0674	1.034151667131394
460.0674	1.034151667131394
461.0674	1.034151667131394
462.0674	1.034151667131394
463.0674	1.034151667131394
464.0674	1.034151667131394
465.0674	1.034151667131394
466.0674	1.034151667131394
467.0674	1.034151667131394
468.0674	1.034151667131394
469.0674	1.034151667131394
470.0674	1.034151667131394
471.0674	1.034151667131394
472.0674	1.034151667131394
473.0674	1.034151667131394
474.0674	1.034151667131394
475.0674	1.034151667131394
476.0674	1.034151667131394
477.0674	1.034151667131394
478.0674	1.034151667131394
479.0674	1.034151667131394
480.0674	1.034151667131394
481.0674	1.034151667131394
482.0674	1.034151667131394
483.0674	1.034151667131394
484.0674	1.034151667131394
485.0674	1.034151667131394
486.0674	1.034151667131394
487.0674	1.034151667131394
488.0674	1.034151667131394
489.0674	1.034151667131394
490.0674	1.034151667131394
491.0674	1.034151667131394
492.0674	1.034151667131394
493.0674	1.034151667131394
494.0674	1.034151667131394
495.0674	1.034151667131394
496.0674	1.034151667131394
497.0674	1.034151667131394
498.0674	1.034151667131394
499.0674	1.034151667131394
500.0674	1.034151667131394
501.0674	1.034151667131394
502.0674	1.034151667131394
503.0674	1.034151667131394
504.0674	1.034151667131394
505.0674	1.034151667131394
506.0674	1.034151667131394
507.0674	1.034151667131394
508.0674	1.034151667131394
509.0674	1.034151667131394
510.0674	1.034151667131394
511.0674	1.034151667131394
512.0674	1.034151667131394
513.0674	1.034151667131394
514.0674	1.034151667131394
515.0674	1.034151667131394
516.0674	1.034151667131394
517.0674	1.034151667131394
518.0674	1.034151667131394
519.0674	1.034151667131394
520.0674	1.034151667131394
521.0674	1.034151667131394
522.0674	1.034151667131394
523.0674	1.034151667131394
524.0674	1.034151667131394
525.0674	1.034151667131394
526.0674	1.034151667131394
527.0674	1.034151667131394
528.0674	1.034151667131394
529.0674	1.034151667131394
530.0674	1.034151667131394
531.0674	1.034151667131394
532.0674	1.034151667131394
533.0674	1.034151667131394
534.0674	1.034151667131394
535.0674	1.034151667131394
536.0674	1.034151667131394
537.0674	1.034151667131394
538.0674	1.034151667131394
539.0674	1.034151667131394
540.0674	1.034151667131394
541.0674	1.034151667131394
542.0674	1.034151667131394
543.0674	1.034151667131394
544.0674	1.034151667131394
545.0674	1.034151667131394
546.0674	1.034151667131394
547.0674	1.034151667131394
548.0674	1.034151667131394
549.0674	1.034151667131394
550.0674	1.034151667131394
551.0674	1.034151667131394
552.0674	1.034151667131394
553.0674	1.034151667131394
554.0674	1.034151667131394
555.0674	1.034151667131394
556.0674	1.034151667131394
557.0674	1.034151667131394
558.0674	1.034151667131394
559.0674	1.034151667131394
560.0674	1.034151667131394
561.0674	1.034151667131394
562.0674	1.034151667131394
563.0674	1.034151667131394
564.0674	1.034151667131394
565.0674	1.034151667131394
566.0674	1.034151667131394
567.0674	1.034151667131394
568.0674	1.034151667131394
569.0674	1.034151667131394
570.0674	1.034151667131394
571.0674	1.034151667131394
572.0674	1.034151667131394
573.0674	1.034151667131394
574.0674	1.034151667131394
575.0674	1.034151667131394
576.0674	1.034151667131394
577.0674	1.034151667131394
578.0674	1.034151667131394
579.0674	1.034151667131394
580.0674	1.034151667131394
581.0674	1.034151667131394
582.0674	1.034151667131394
583.0674	1.034151667131394
584.0674	1.034151667131394
585.0674	1.034151667131394
586.0674	1.034151667131394
587.0674	1.034151667131394
588.0674	1.034151667131394
589.0674	1.034151667131394
590.0674	1.034151667131394
591.0674	1.034151667131394
592.0674	1.034151667131394
593.0674	1.034151667131394
594.0674	1.034151667131394
595.0674	1.034151667131394
596.0674	1.034151667131394
597.0674	1.034151667131394
598.0674	1.034151667131394
599.0674	1.034151667131394
600.0674	1.034151667131394
601.0674	1.034151667131394
602.0674	1.034151667131394
603.0674	1.034151667131394
604.0674	1.034151667131394
605.0674	1.034151667131394
606.0674	1.034151667131394
607.0674	1.034151667131394
608.0674	1.034151667131394
609.0674	1.034151667131394
610.0674	1.034151667131394
611.0674	1.034151667131394
612.0674	1.034151667131394
613.0674	1.034151667131394
614.0674	1.034151667131394
615.0674	1.034151667131394
616.0674	1.034151667131394
617.0674	1.034151667131394
618.0674	1.034151667131394
619.0674	1.034151667131394
620.0674	1.034151667131394
621.0674	1.034151667131394
622.0674	1.034151667131394
623.0674	1.034151667131394
624.0674	1.034151667131394
625.0674	1.034151667131394
626.0674	1.034151667131394
627.0674	1.034151667131394
628.0674	1.034151667131394
629.0674	1.034151667131394
630.0674	1.034151667131394
631.0674	1.034151667131394
632.0674	1.034151667131394
633.0674	1.034151667131394
634.0674	1.034151667131394
635.0674	1.034151667131394
636.0674	1.034151667131394
637.0674	1.034151667131394
638.0674	1.034151667131394
639.0674	1.034151667131394
640.0674	1.034151667131394
641.0674	1.034151667131394
642.0674	1.034151667131394
643.0674	1.034151667131394
644.0674	1.034151667131394
645.0674	1.034151667131394
646.0674	1.034151667131394
647.0674	1.034151667131394
648.0674	1.034151667131394
649.0674	1.034151667131394
650.0674	1.034151667131394
651.0674	1.034151667131394
652.0674	1.034151667131394
653.0674	1.034151667131394
654.0674	1.034151667131394
655.0674	1.034151667131394
656.0674	1.034151667131394
657.0674	1.034151667131394
658.0674	1.034151667131394
659.0674	1.034151667131394
660.0674	1.034151667131394
661.0674	1.034151667131394
662.0674	1.034151667131394
663.0674	1.034151667131394
664.0674	1.034151667131394
665.0674	1.034151667131394
666.0674	1.034151667131394
667.0674	1.034151667131394
668.0674	1.034151667131394
669.0674	1.034151667131394
670.0674	1.034151667131394
671.0674	1.034151667131394
672.0674	1.034151667131394
673.0674	1.034151667131394
674.0674	1.034151667131394
675.0674	1.034151667131394
676.0674	1.034151667131394
677.0674	1.034151667131394
678.0674	1.034151667131394
679.0674	1.034151667131394
680.0674	1.034151667131394
681.0674	1.034151667131394
682.0674	1.034151667131394
683.0674	1.034151667131394
684.0674	1.034151667131394
685.0674	1.034151667131394
686.0674	1.034151667131394
687.0674	1.034151667131394
688.0674	1.034151667131394
689.0674	1.034151667131394
690.0674	1.034151667131394
691.0674	1.034151667131394
692.0674	1.034151667131394
693.0674	1.034151667131394
694.0674	1.034151667131394
695.0674	1.034151667131394
696.0674	1.034151667131394
697.0674	1.034151667131394
698.0674	1.034151667131394
699.0674	1.034151667131394
700.0674	1.034151667131394
701.0674	1.034151667131394
702.0674	1.034151667131394
703.0674	1.034151667131394
704.0674	1.034151667131394
705.0674	1.034151667131394
706.0674	1.034151667131394
707.0674	1.034151667131394
708.0674	1.034151667131394
709.0674	1.034151667131394
710.0674	1.034151667131394
711.0674	1.034151667131394
712.0674	1.034151667131394
713.0674	1.034151667131394
714.0674	1.034151667131394
715.0674	1.034151667131394
716.0674	1.034151667131394
717.0674	1.034151667131394
718.0674	1.034151667131394
719.0674	1.034151667131394
720.0674	1.034151667131394
721.0674	1.034151667131394
722.0674	1.034151667131394
723.0674	1.034151667131394
724.0674	1.034151667131394
725.0674	1.034151667131394
726.0674	1.034151667131394
727.0674	1.034151667131394
728.0674	1.034151667131394
729.0674	1.034151667131394
730.0674	1.034151667131394
731.0674	1.034151667131394
732.0674	1.034151667131394
733.0674	1.034151667131394
734.0674	1.034151667131394
735.0674	1.034151667131394
736.0674	1.034151667131394
737.0674	1.034151667131394
738.0674	1.034151667131394
739.0674	1.034151667131394
740.0674	1.034151667131394
741.0674	1.034151667131394
742.0674	1.034151667131394
743.0674	1.034151667131394
744.0674	1.034151667131394
745.0674	1.034151667131394
746.0674	1.034151667131394
747.0674	1.034151667131394
748.0674	1.034151667131394
749.0674	1.034151667131394
750.0674	1.034151667131394
751.0674	1.034151667131394
752.0674	1.034151667131394
753.0674	1.034151667131394
754.0674	1.034151667131394
755.0674	1.034151667131394
756.0674	1.034151667131394
757.0674	1.034151667131394
758.0674	1.034151667131394
759.0674	1.034151667131394
760.0674	1.034151667131394
761.0674	1.034151667131394
762.0674	1.034151667131394
763.0674	1.034151667131394
764.0674	1.034151667131394
765.0674	1.034151667131394
766.0674	1.034151667131394
767.0674	1.034151667131394
768.0674	1.034151667131394
769.0674	1.034151667131394
770.0674	1.034151667131394
771.0674	1.034151667131394
772.0674	1.034151667131394
773.0674	1.034151667131394
774.0674	1.034151667131394
775.0674	1.034151667131394
776.0674	1.034151667131394
777.0674	1.034151667131394
778.0674	1.034151667131394
779.0674	1.034151667131394
780.0674	1.034151667131394
781.0674	1.034151667131394
782.0674	1.034151667131394
783.0674	1.034151667131394
784.0674	1.034151667131394
785.0674	1.034151667131394
786.0674	1.034151667131394
787.0674	1.034151667131394
788.0674	1.034151667131394
789.0674	1.034151667131394
790.0674	1.034151667131394
791.0674	1.034151667131394
792.0674	1.034151667131394
793.0674	1.034151667131394
794.0674	1.034151667131394
795.0674	1.034151667131394
796.0674	1.034151667131394
797.0674	1.034151667131394
798.0674	1.034151667131394
799.0674	1.034151667131394
800.0674	1.034151667131394
801.0674	1.034151667131394
802.0674	1.034151667131394
803.0674	1.034151667131394
804.0674	1.034151667131394
805.0674	1.034151667131394
806.0674	1.034151667131394
807.0674	1.034151667131394
808.0674	1.034151667131394
809.0674	1.034151667131394
810.0674	1.034151667131394
811.0674	1.034151667131394
812.0674	1.034151667131394
813.0674	1.034151667131394
814.0674	1.034151667131394
815.0674	1.034151667131394
816.0674	1.034151667131394
817.0674	1.034151667131394
818.0674	1.034151667131394
819.0674	1.034151667131394
820.0674	1.034151667131394
821.0674	1.034151667131394
822.0674	1.034151667131394
823.0674	1.034151667131394
824.0674	1.034151667131394
825.0674	1.034151667131394
826.0674	1.034151667131394
827.0674	1.034151667131394
828.0674	1.034151667131394
829.0674	1.034151667131394
830.0674	1.034151667131394
831.0674	1.034151667131394
832.0674	1.034151667131394
833.0674	1.034151667131394
834.0674	1.034151667131394
835.0674	1.034151667131394
836.0674	1.034151667131394
837.0674	1.034151667131394
838.0674	1.034151667131394
839.0674	1.034151667131394
840.0674	1.034151667131394
841.0674	1.034151667131394
842.0674	1.034151667131394
843.0674	1.034151667131394
844.0674	1.034151667131394
845.0674	1.034151667131394
846.0674	1.034151667131394
847.0674	1.034151667131394
848.0674	1.034151667131394
849.0674	1.034151667131394
850.0674	1.034151667131394
851.0674	1.034151667131394
852.0674	1.034151667131394
853.0674	1.034151667131394
854.0674	1.034151667131394
855.0674	1.034151667131394
856.0674	1.034151667131394
857.0674	1.034151667131394
858.0674	1.034151667131394
859.0674	1.034151667131394
860.0674	1.034151667131394
861.0674	1.034151667131394
862.0674	1.034151667131394
863.0674	1.034151667131394
864.0674	1.034151667131394
865.0674	1.034151667131394
866.0674	1.034151667131394
867.0674	1.034151667131394
868.0674	1.034151667131394
869.0674	1.034151667131394
870.0674	1.034151667131394
871.0674	1.034151667131394
872.0674	1.034151667131394
873.0674	1.034151667131394
874.0674	1.034151667131394
875.0674	1.034151667131394
876.0674	1.034151667131394
877.0674	1.034151667131394
878.0674	1.034151667131394
879.0674	1.034151667131394
880.0674	1.034151667131394
881.0674	1.034151667131394
882.0674	1.034151667131394
883.0674	1.034151667131394
884.0674	1.034151667131394
885.0674	1.034151667131394
886.0674	1.034151667131394
887.0674	1.034151667131394
888.0674	1.034151667131394
889.0674	1.034151667131394
890.0674	1.034151667131394
891.0674	1.034151667131394
892.0674	1.034151667131394
893.0674	1.034151667131394
894.0674	1.034151667131394
895.0674	1.034151667131394
896.0674	1.034151667131394
897.0674	1.034151667131394
898.0674	1.034151667131394
899.0674	1.034151667131394
900.0674	1.034151667131394
901.0674	1.034151667131394
902.0674	1.034151667131394
903.0674	1.034151667131394
904.0674	1.034151667131394
905.0674	1.034151667131394
906.0674	1.034151667131394
907.0674	1.034151667131394
908.0674	1.034151667131394
909.0674	1.034151667131394
910.0674	1.034151667131394
911.0674	1.034151667131394
912.0674	1.034151667131394
913.0674	1.034151667131394
914.0674	1.034151667131394
915.0674	1.034151667131394
916.0674	1.034151667131394
917.0674	1.034151667131394
918.0674	1.034151667131394
919.0674	1.034151667131394
920.0674	1.034151667131394
921.0674	1.034151667131394
922.0674	1.034151667131394
923.0674	1.034151667131394
924.0674	1.034151667131394
925.0674	1.034151667131394
926.0674	1.034151667131394
927.0674	1.034151667131394
928.0674	1.034151667131394
929.0674	1.034151667131394
930.0674	1.034151667131394
931.0674	1.034151667131394
932.0674	1.034151667131394
933.0674	1.034151667131394
934.0674	1.034151667131394
935.0674	1.034151667131394
936.0674	1.034151667131394
937.0674	1.034151667131394
938.0674	1.034151667131394
939.0674	1.034151667131394
940.0674	1.034151667131394
941.0674	1.034151667131394
942.0674	1.034151667131394
943.0674	1.034151667131394
944.0674	1.034151667131394
945.0674	1.034151667131394
946.0674	1.034151667131394
947.0674	1.034151667131394
948.0674	1.034151667131394
949.0674	1.034151667131394
950.0674	1.034151667131394
951.0674	1.034151667131394
952.0674	1.034151667131394
953.0674	1.034151667131394
954.0674	1.034151667131394
955.0674	1.034151667131394
956.0674	1.034151667131394
957.0674	1.034151667131394
958.0674	1.034151667131394
959.0674	1.034151667131394
960.0674	1.034151667131394
961.0674	1.034151667131394
962.0674	1.034151667131394
963.0674	1.034151667131394
964.0674	1.034151667131394
965.0674	1.034151667131394
966.0674	1.034151667131394
967.0674	1.034151667131394
968.0674	1.034151667131394
969.0674	1.034151667131394
970.0674	1.034151667131394
971.0674	1.034151667131394
972.0674	1.034151667131394
973.0674	1.034151667131394
974.0674	1.034151667131394
975.0674	1.034151667131394
976.0674	1.034151667131394
977.0674	1.034151667131394
978.0674	1.034151667131394
979.0674	1.034151667131394
980.0674	1.034151667131394
981.0674	1.034151667131394
982.0674	1.034151667131394
983.0674	1.034151667131394
984.0674	1.034151667131394
985.0674	1.034151667131394
986.0674	1.034151667131394
987.0674	1.034151667131394
988.0674	1.034151667131394
989.0674	1.034151667131394
990.0674	1.034151667131394
991.0674	1.034151667131394
992.0674	1.034151667131394
993.0674	1.034151667131394
994.0674	1.034151667131394
995.0674	1.034151667131394
996.0674	1.034151667131394
997.0674	1.034151667131394
998.0674	1.034151667131394
999.0674	1.034151667131394
