0.2937	0.5477807449728679
1.2586000000000002	0.5532838206607513
2.2241	0.5584623423784096
3.1903	0.5676777580988782
4.1572000000000005	0.5743058848799252
5.123200000000001	0.5798798079652494
6.0913	0.5854057430202633
7.059900000000001	0.5893176074044687
8.0291	0.5923409209902101
8.9989	0.5965118534488039
9.969100000000001	0.5997364529331644
10.939200000000001	0.604437922984371
11.9094	0.6082223875035548
12.879800000000001	0.6131205295814023
13.8504	0.6162950814662254
14.819700000000001	0.6199101729742601
15.789100000000001	0.6200609151481208
16.7589	0.6212717921875348
17.729100000000003	0.6240526627976626
18.6915	0.6289714617946599
19.6536	0.6312167036648808
20.6156	0.6277538979923031
21.5775	0.6378190063395464
22.5391	0.6407572219705295
23.500600000000002	0.6530047309086915
24.462200000000003	0.6630041950359856
25.4267	0.6630822017736776
26.393600000000003	0.6634747521571485
27.3607	0.6659664684297351
28.329900000000002	0.6651986600796388
29.2997	0.6648178266520648
30.2665	0.665654598588423
31.23	0.6653573366185427
32.1935	0.6657100829056035
33.159400000000005	0.6657452042247621
34.1227	0.66533428683954
35.085300000000004	0.6648364407515308
36.0474	0.6656028296596923
37.013200000000005	0.6659976272568866
37.9791	0.6676350174969491
38.9452	0.6694228068548135
39.911500000000004	0.6733646574615479
40.8778	0.6765728522959512
41.8431	0.680179687010528
42.808	0.683532923264748
43.772400000000005	0.6868022661101358
44.7385	0.6912580744254395
45.7045	0.694306902780214
46.6715	0.6982048962043997
47.6391	0.7003927474043492
48.6068	0.7025632242398778
49.575	0.7038872663595837
50.5426	0.7050019931438446
51.5099	0.7071684353259959
52.4769	0.707357681776811
53.4436	0.7085142757059426
54.4103	0.7100850576286089
55.377100000000006	0.7109371776110899
56.344	0.7106786940315749
57.311	0.7117975259498264
58.2796	0.7048188316184655
59.2501	0.709593882595957
60.220600000000005	0.7178994802325389
61.190400000000004	0.720820604496422
62.1606	0.722227745826339
63.133500000000005	0.7190507754752147
64.1053	0.7062954882309815
65.0772	0.7080781401831499
66.0494	0.7205522861728803
67.0222	0.7318353306307941
67.9969	0.7446756260055938
68.9715	0.7546932308037605
69.9465	0.7567710950709134
70.921	0.7598729419979755
71.8959	0.764337420586585
72.87060000000001	0.7689137910579966
73.84490000000001	0.753217395480672
74.819	0.7653196966462071
75.7929	0.768285333061277
76.7667	0.7748409346305859
77.73830000000001	0.7841919737303763
78.7094	0.7797286001859831
79.6811	0.7932099032118768
80.6528	0.8005994914154115
81.6246	0.807916354105926
82.59620000000001	0.8177906884561398
83.5682	0.811276039233655
84.53970000000001	0.8019521499541256
85.5159	0.7948426677390099
86.4954	0.7873890911564632
87.47420000000001	0.8275439708276247
88.45270000000001	0.8397586706351223
89.4312	0.8078455973533183
90.40950000000001	0.844541943404554
91.3876	0.8533976692914681
92.36550000000001	0.8562218830967538
93.3433	0.8584652102950928
94.3208	0.8620816160322384
95.29820000000001	0.8577257844962246
96.2762	0.8716790391878669
97.25670000000001	0.8267666069163468
98.2371	0.8069999791833327
99.2185	0.7945360843611362
100.1995	0.8007744604591485
101.18050000000001	0.8074070070718763
102.16250000000001	0.8954368077270871
103.1439	0.8972401315009232
104.125	0.9002659634863507
105.1059	0.9031231125672383
106.0866	0.9022726331304692
107.0676	0.9106170295332541
108.0481	0.9098729812700159
109.031	0.9193824806764938
110.01360000000001	0.9216674041244299
110.9944	0.9235083076298874
111.97500000000001	0.9153167376335808
112.9555	0.907635503098063
113.936	0.9096735351368617
114.9165	0.9114089643182302
115.897	0.9079695856804865
116.87750000000001	0.9053017159508359
117.85860000000001	0.9297915127407183
118.84	0.9357088397720799
119.82130000000001	0.9396749473874737
120.80260000000001	0.9399704871511034
121.78370000000001	0.9437353119219272
122.7654	0.9425652408749431
123.7492	0.9501398173210409
124.73240000000001	0.9472269733715166
125.7155	0.947835388945606
126.6984	0.9485037265924922
127.6812	0.9470659959402923
128.6639	0.9478811415082803
129.6481	0.922757896813214
130.6312	0.9221236609189691
131.6142	0.9243951511329698
132.5985	0.9195187769584803
133.5846	0.9390467852572416
134.5709	0.895426096518241
135.5565	0.8846784474687694
136.542	0.8916521640119254
137.5274	0.8945266920901455
138.5144	0.9091456358134516
139.5015	0.9096555211725184
140.4887	0.9182270203979667
141.4761	0.9241033927031129
142.46370000000002	0.925911549356507
143.4515	0.9275886332666208
144.4395	0.9292041525848522
145.42770000000002	0.9307603293872693
146.4161	0.9322632109723457
147.4048	0.9274738434162576
148.3937	0.929512035521431
149.3827	0.9312404135129356
150.3719	0.9330298763530143
151.3613	0.9348682834812871
152.351	0.9364962307416093
153.3409	0.9379895480001406
154.33110000000002	0.9658572137663227
155.3213	0.9873482129643717
156.311	0.9820502593484584
157.3007	0.9823800212289151
158.2904	0.9828232201929202
159.2801	0.9833216053110814
160.2697	0.9838119858905564
161.25920000000002	0.9843856002306988
162.2486	0.9851073762033438
163.2379	0.9858594012776566
164.2271	0.9860775941953154
165.21620000000001	0.9867543315845856
166.20520000000002	0.9875288851284728
167.19400000000002	0.9815098389531702
168.1827	0.9825114140219069
169.1713	0.9835852728196053
170.16140000000001	0.9924012577330539
171.1515	0.9943211072143839
172.1416	0.9945517535706964
173.13240000000002	1.002837632587155
174.1234	1.0033416783389133
175.11430000000001	1.0035305022638303
176.1052	1.003823653004629
177.096	1.0040253104896981
178.0867	1.0042340200712734
179.0774	1.0045508040745112
180.068	1.0047760948220201
181.0585	1.005009605073128
182.0489	1.005249962577102
183.0393	1.0055991928898353
184.02960000000002	1.005857555991103
185.0198	1.0061264617703904
186.011	1.0074276944656946
187.0019	1.0130364469250606
187.9927	1.0133697095468333
188.98350000000002	1.0138234312501273
189.9742	1.0141890284028674
190.9648	1.014562926367841
191.95530000000002	1.0149475271326536
192.94570000000002	1.0153419585490322
193.936	1.0158314723458566
194.92620000000002	1.0159270932133044
195.91680000000002	1.0180598503562843
196.9071	1.0175810633752422
197.8974	1.0177072181206943
198.88760000000002	1.0177440071372852
199.88230000000001	0.9544953524920522
200.8768	0.9521649253666724
201.87130000000002	0.9522886256618032
202.8658	0.9524148202937291
203.86030000000002	0.952541372326377
204.8547	0.9525763417558858
205.84910000000002	0.9527069204719429
206.8435	0.9528331441416965
207.83790000000002	0.9720481673850904
208.8323	0.9723917062994134
209.82670000000002	0.972740188640813
210.8211	0.9730886709822126
211.81550000000001	0.9734375058415978
212.80980000000002	0.9736958723156985
213.8041	0.9740541960567057
214.79840000000002	0.9744128723156986
215.7927	0.974771901092677
216.787	0.9751362294118399
217.78130000000002	0.9755009102489883
218.77550000000002	0.9757747665857444
219.7697	0.9751996648027454
220.7639	0.9752884733024895
221.7581	0.9753776330567137
222.75230000000002	0.9754723048437081
223.7465	0.9755676827238924
224.7406	0.9755679091235852
225.7347	0.9756677345204106
226.7288	0.9757679111717162
227.7229	0.9758736034400214
228.717	0.9759799982172871
229.711	0.9759912415140612
230.705	0.976102083807968
231.699	0.9762139834495451
232.693	0.9763310438694119
233.687	0.9764484555437591
234.6809	0.9764710669920951
235.6748	0.9765936322762732
236.6687	0.9767165488149316
237.6626	0.9768449773863602
238.65640000000002	0.9768786093160069
239.6502	0.9770121914972665
240.644	0.9771461249330063
241.6378	0.9772855704015163
242.63150000000002	0.9773302192282445
243.6252	0.9774748183065854
244.61890000000002	0.9776197686394067
245.61260000000001	0.9777702310049982
246.6062	0.9778262479832879
247.59980000000002	0.9779818639587103
248.5934	0.9781429919669028
249.5869	0.9782096745877937
250.58040000000003	0.9783763074602976
251.5739	0.9785484523655715
252.56730000000002	0.9786254457903539
253.56070000000003	0.9788027443054589
254.5541	0.9789807453295244
255.5474	0.9790687556513882
256.5407	0.9792567162248649
257.534	0.9794505436698213
258.5272	0.9795495708887665
259.5204	0.9797485483593246
260.5136	0.9799530378626528
261.5067	0.9800630819786794
262.4998	0.9802730763463189
263.4928	0.9803934312662369
264.48580000000004	0.980613736437768
265.47880000000004	0.9808399084807786
266.4717	0.9809712802977781
267.4646	0.9812029536208707
268.4574	0.9813446362417617
269.4502	0.9815869752074554
270.4429	0.9817305421089403
271.4356	0.9819385825595291
272.4282	0.9820559297989556
273.4208	0.9822732308742245
274.4134	0.9824953414733028
275.40590000000003	0.9826219493374092
276.3983	0.982757462987486
277.39070000000004	0.9829893820863084
278.38300000000004	0.9831259950707425
279.37530000000004	0.983362561891019
280.3675	0.9835084355001331
281.35970000000003	0.9837542629450896
282.3518	0.9839093971788837
283.3439	0.9841692947723297
284.33590000000004	0.9843336896308038
285.3278	0.984507345113958
286.3197	0.9847809544329543
287.3115	0.9849638705407884
288.3032	0.9851560472733024
289.29490000000004	0.9854481778416588
290.2865	0.9856496151988529
291.278	0.9652185573969285
292.2695	0.9659354210332921
293.2609	0.9665656985603686
294.2522	0.9672097033601723
295.2434	0.9678674354327034
296.2346	0.9686254808872488
297.2257	0.9692969402325071
298.2167	0.9699821268504927
299.2076	0.9706810407412055
300.1984	0.9713936819046457
301.1892	0.9722066364501002
302.17990000000003	0.9729330048862675
303.1705	0.9736731005951622
304.161	0.9744269235767842
305.1514	0.9751944738311334
306.1417	0.9759757513582099
307.13190000000003	0.9767707561580137
308.1254	0.9806795068553972
309.1254	0.9872044221408771
310.1254	0.9872089675954226
311.1254	0.9872135130499681
312.1254	0.9872180585045135
313.1254	0.987222603959059
314.1254	0.9872271494136045
315.1254	0.9872316948681499
316.1254	0.9872362403226953
317.1254	0.9872407857772408
318.1254	0.9872453312317863
319.1254	0.9872498766863317
320.1254	0.9872544221408771
321.1254	0.9872589675954226
322.1254	0.9872635130499681
323.1254	0.9872680585045135
324.1254	0.987272603959059
325.1254	0.9872771494136044
326.1254	0.9872816948681499
327.1254	0.9872862403226953
328.1254	0.9872907857772408
329.1254	0.9872953312317863
330.1254	0.9872998766863317
331.1254	0.9873044221408771
332.1254	0.9873089675954226
333.1254	0.9873135130499681
334.1254	0.9873180585045135
335.1254	0.987322603959059
336.1254	0.9873271494136044
337.1254	0.9873316948681499
338.1254	0.9873362403226953
339.1254	0.9873407857772408
340.1254	0.9873453312317862
341.1254	0.9873498766863317
342.1254	0.9873544221408771
343.1254	0.9873589675954226
344.1254	0.9873635130499681
345.1254	0.9873680585045135
346.1254	0.987372603959059
347.1254	0.9873771494136044
348.1254	0.9873816948681499
349.1254	0.9873862403226953
350.1254	0.9873907857772408
351.1254	0.9873953312317862
352.1254	0.9873998766863317
353.1254	0.9874044221408771
354.1254	0.9874089675954226
355.1254	0.987413513049968
356.1254	0.9874180585045135
357.1254	0.987422603959059
358.1254	0.9874271494136044
359.1254	0.9874316948681499
360.1254	0.9874362403226953
361.1254	0.9874407857772408
362.1254	0.9874453312317862
363.1254	0.9874498766863317
364.1254	0.9874544221408771
365.1254	0.9874589675954226
366.1254	0.987463513049968
367.1254	0.9874680585045135
368.1254	0.987472603959059
369.1254	0.9874771494136044
370.1254	0.9874816948681499
371.1254	0.9874862403226953
372.1254	0.9874907857772408
373.1254	0.9874953312317862
374.1254	0.9874998766863317
375.1254	0.9875044221408771
376.1254	0.9875089675954226
377.1254	0.987513513049968
378.1254	0.9875180585045135
379.1254	0.987522603959059
380.1254	0.9875271494136044
381.1254	0.9875316948681498
382.1254	0.9875362403226953
383.1254	0.9875407857772408
384.1254	0.9875453312317862
385.1254	0.9875498766863317
386.1254	0.9875544221408771
387.1254	0.9875589675954226
388.1254	0.987563513049968
389.1254	0.9875680585045135
390.1254	0.987572603959059
391.1254	0.9875771494136044
392.1254	0.9875816948681498
393.1254	0.9875862403226953
394.1254	0.9875907857772408
395.1254	0.9875953312317862
396.1254	0.9875998766863316
397.1254	0.9876044221408771
398.1254	0.9876089675954226
399.1254	0.987613513049968
400.1254	0.9876180585045135
401.1254	0.987622603959059
402.1254	0.9876271494136044
403.1254	0.9876316948681498
404.1254	0.9876362403226953
405.1254	0.9876407857772408
406.1254	0.9876453312317862
407.1254	0.9876498766863316
408.1254	0.9876544221408771
409.1254	0.9876589675954226
410.1254	0.987663513049968
411.1254	0.9876680585045134
412.1254	0.987672603959059
413.1254	0.9876771494136044
414.1254	0.9876816948681498
415.1254	0.9876862403226953
416.1254	0.9876907857772408
417.1254	0.9876953312317862
418.1254	0.9876998766863316
419.1254	0.9877044221408771
420.1254	0.9877089675954226
421.1254	0.987713513049968
422.1254	0.9877180585045134
423.1254	0.987722603959059
424.1254	0.9877271494136044
425.1254	0.9877316948681498
426.1254	0.9877362403226952
427.1254	0.9877407857772408
428.1254	0.9877453312317862
429.1254	0.9877498766863316
430.1254	0.987754422140877
431.1254	0.9877589675954226
432.1254	0.987763513049968
433.1254	0.9877680585045134
434.1254	0.987772603959059
435.1254	0.9877771494136044
436.1254	0.9877816948681498
437.1254	0.9877862403226952
438.1254	0.9877907857772408
439.1254	0.9877953312317862
440.1254	0.9877998766863316
441.1254	0.987804422140877
442.1254	0.9878089675954226
443.1254	0.987813513049968
444.1254	0.9878180585045134
445.1254	0.987822603959059
446.1254	0.9878271494136044
447.1254	0.9878316948681498
448.1254	0.9878362403226952
449.1254	0.9878407857772408
450.1254	0.9878453312317862
451.1254	0.9878498766863316
452.1254	0.987854422140877
453.1254	0.9878589675954226
454.1254	0.987863513049968
455.1254	0.9878680585045134
456.1254	0.987872603959059
457.1254	0.9878771494136044
458.1254	0.9878816948681498
459.1254	0.9878862403226952
460.1254	0.9878907857772408
461.1254	0.9878953312317862
462.1254	0.9878998766863316
463.1254	0.987904422140877
464.1254	0.9879089675954226
465.1254	0.987913513049968
466.1254	0.9879180585045134
467.1254	0.987922603959059
468.1254	0.9879271494136044
469.1254	0.9879316948681498
470.1254	0.9879362403226952
471.1254	0.9879407857772408
472.1254	0.9879453312317862
473.1254	0.9879498766863316
474.1254	0.987954422140877
475.1254	0.9879589675954226
476.1254	0.987963513049968
477.1254	0.9879680585045134
478.1254	0.987972603959059
479.1254	0.9879771494136044
480.1254	0.9879816948681498
481.1254	0.9879862403226952
482.1254	0.9879907857772408
483.1254	0.9879953312317862
484.1254	0.9879998766863316
485.1254	0.988004422140877
486.1254	0.9880089675954226
487.1254	0.988013513049968
488.1254	0.9880180585045134
489.1254	0.9880226039590589
490.1254	0.9880271494136044
491.1254	0.9880316948681498
492.1254	0.9880362403226952
493.1254	0.9880407857772407
494.1254	0.9880453312317862
495.1254	0.9880498766863316
496.1254	0.988054422140877
497.1254	0.9880589675954226
498.1254	0.988063513049968
499.1254	0.9880680585045134
500.1254	0.9880726039590589
501.1254	0.9880771494136044
502.1254	0.9880816948681498
503.1254	0.9880862403226952
504.1254	0.9880907857772407
505.1254	0.9880953312317862
506.1254	0.9880998766863316
507.1254	0.988104422140877
508.1254	0.9881089675954225
509.1254	0.988113513049968
510.1254	0.9881180585045134
511.1254	0.9881226039590589
512.1254	0.9881271494136044
513.1254	0.9881316948681498
514.1254	0.9881362403226952
515.1254	0.9881407857772407
516.1254	0.9881453312317862
517.1254	0.9881498766863316
518.1254	0.988154422140877
519.1254	0.9881589675954225
520.1254	0.988163513049968
521.1254	0.9881680585045134
522.1254	0.9881726039590589
523.1254	0.9881771494136043
524.1254	0.9881816948681498
525.1254	0.9881862403226952
526.1254	0.9881907857772407
527.1254	0.9881953312317862
528.1254	0.9881998766863316
529.1254	0.988204422140877
530.1254	0.9882089675954225
531.1254	0.988213513049968
532.1254	0.9882180585045134
533.1254	0.9882226039590589
534.1254	0.9882271494136043
535.1254	0.9882316948681498
536.1254	0.9882362403226952
537.1254	0.9882407857772407
538.1254	0.9882453312317862
539.1254	0.9882498766863316
540.1254	0.988254422140877
541.1254	0.9882589675954225
542.1254	0.988263513049968
543.1254	0.9882680585045134
544.1254	0.9882726039590589
545.1254	0.9882771494136043
546.1254	0.9882816948681498
547.1254	0.9882862403226952
548.1254	0.9882907857772407
549.1254	0.9882953312317861
550.1254	0.9882998766863316
551.1254	0.988304422140877
552.1254	0.9883089675954225
553.1254	0.988313513049968
554.1254	0.9883180585045134
555.1254	0.9883226039590589
556.1254	0.9883271494136043
557.1254	0.9883316948681498
558.1254	0.9883362403226952
559.1254	0.9883407857772407
560.1254	0.9883453312317861
561.1254	0.9883498766863316
562.1254	0.988354422140877
563.1254	0.9883589675954225
564.1254	0.988363513049968
565.1254	0.9883680585045134
566.1254	0.9883726039590589
567.1254	0.9883771494136043
568.1254	0.9883816948681498
569.1254	0.9883862403226952
570.1254	0.9883907857772407
571.1254	0.9883953312317861
572.1254	0.9883998766863316
573.1254	0.988404422140877
574.1254	0.9884089675954225
575.1254	0.9884135130499679
576.1254	0.9884180585045134
577.1254	0.9884226039590589
578.1254	0.9884271494136043
579.1254	0.9884316948681497
580.1254	0.9884362403226952
581.1254	0.9884407857772407
582.1254	0.9884453312317861
583.1254	0.9884498766863316
584.1254	0.988454422140877
585.1254	0.9884589675954225
586.1254	0.9884635130499679
587.1254	0.9884680585045134
588.1254	0.9884726039590589
589.1254	0.9884771494136043
590.1254	0.9884816948681497
591.1254	0.9884862403226952
592.1254	0.9884907857772407
593.1254	0.9884953312317861
594.1254	0.9884998766863315
595.1254	0.988504422140877
596.1254	0.9885089675954225
597.1254	0.9885135130499679
598.1254	0.9885180585045134
599.1254	0.9885226039590589
600.1254	0.9885271494136043
601.1254	0.9885316948681497
602.1254	0.9885362403226952
603.1254	0.9885407857772407
604.1254	0.9885453312317861
605.1254	0.9885498766863315
606.1254	0.988554422140877
607.1254	0.9885589675954225
608.1254	0.9885635130499679
609.1254	0.9885680585045133
610.1254	0.9885726039590589
611.1254	0.9885771494136043
612.1254	0.9885816948681497
613.1254	0.9885862403226952
614.1254	0.9885907857772407
615.1254	0.9885953312317861
616.1254	0.9885998766863315
617.1254	0.988604422140877
618.1254	0.9886089675954225
619.1254	0.9886135130499679
620.1254	0.9886180585045133
621.1254	0.9886226039590589
622.1254	0.9886271494136043
623.1254	0.9886316948681497
624.1254	0.9886362403226951
625.1254	0.9886407857772407
626.1254	0.9886453312317861
627.1254	0.9886498766863315
628.1254	0.988654422140877
629.1254	0.9886589675954225
630.1254	0.9886635130499679
631.1254	0.9886680585045133
632.1254	0.9886726039590589
633.1254	0.9886771494136043
634.1254	0.9886816948681497
635.1254	0.9886862403226951
636.1254	0.9886907857772407
637.1254	0.9886953312317861
638.1254	0.9886998766863315
639.1254	0.988704422140877
640.1254	0.9887089675954225
641.1254	0.9887135130499679
642.1254	0.9887180585045133
643.1254	0.9887226039590589
644.1254	0.9887271494136043
645.1254	0.9887316948681497
646.1254	0.9887362403226951
647.1254	0.9887407857772407
648.1254	0.9887453312317861
649.1254	0.9887498766863315
650.1254	0.9887544221408769
651.1254	0.9887589675954225
652.1254	0.9887635130499679
653.1254	0.9887680585045133
654.1254	0.9887726039590589
655.1254	0.9887771494136043
656.1254	0.9887816948681497
657.1254	0.9887862403226951
658.1254	0.9887907857772407
659.1254	0.9887953312317861
660.1254	0.9887998766863315
661.1254	0.9888044221408769
662.1254	0.9888089675954225
663.1254	0.9888135130499679
664.1254	0.9888180585045133
665.1254	0.9888226039590589
666.1254	0.9888271494136043
667.1254	0.9888316948681497
668.1254	0.9888362403226951
669.1254	0.9888407857772407
670.1254	0.9888453312317861
671.1254	0.9888498766863315
672.1254	0.9888544221408769
673.1254	0.9888589675954225
674.1254	0.9888635130499679
675.1254	0.9888680585045133
676.1254	0.9888726039590588
677.1254	0.9888771494136043
678.1254	0.9888816948681497
679.1254	0.9888862403226951
680.1254	0.9888907857772407
681.1254	0.9888953312317861
682.1254	0.9888998766863315
683.1254	0.9889044221408769
684.1254	0.9889089675954225
685.1254	0.9889135130499679
686.1254	0.9889180585045133
687.1254	0.9889226039590588
688.1254	0.9889271494136043
689.1254	0.9889316948681497
690.1254	0.9889362403226951
691.1254	0.9889407857772406
692.1254	0.9889453312317861
693.1254	0.9889498766863315
694.1254	0.9889544221408769
695.1254	0.9889589675954225
696.1254	0.9889635130499679
697.1254	0.9889680585045133
698.1254	0.9889726039590588
699.1254	0.9889771494136043
700.1254	0.9889816948681497
701.1254	0.9889862403226951
702.1254	0.9889907857772406
703.1254	0.9889953312317861
704.1254	0.9889998766863315
705.1254	0.9890044221408769
706.1254	0.9890089675954225
707.1254	0.9890135130499679
708.1254	0.9890180585045133
709.1254	0.9890226039590588
710.1254	0.9890271494136043
711.1254	0.9890316948681497
712.1254	0.9890362403226951
713.1254	0.9890407857772406
714.1254	0.9890453312317861
715.1254	0.9890498766863315
716.1254	0.9890544221408769
717.1254	0.9890589675954224
718.1254	0.9890635130499679
719.1254	0.9890680585045133
720.1254	0.9890726039590588
721.1254	0.9890771494136043
722.1254	0.9890816948681497
723.1254	0.9890862403226951
724.1254	0.9890907857772406
725.1254	0.9890953312317861
726.1254	0.9890998766863315
727.1254	0.9891044221408769
728.1254	0.9891089675954224
729.1254	0.9891135130499679
730.1254	0.9891180585045133
731.1254	0.9891226039590588
732.1254	0.9891271494136042
733.1254	0.9891316948681497
734.1254	0.9891362403226951
735.1254	0.9891407857772406
736.1254	0.989145331231786
737.1254	0.9891498766863315
738.1254	0.9891544221408769
739.1254	0.9891589675954224
740.1254	0.9891635130499679
741.1254	0.9891680585045133
742.1254	0.9891726039590588
743.1254	0.9891771494136042
744.1254	0.9891816948681497
745.1254	0.9891862403226951
746.1254	0.9891907857772406
747.1254	0.989195331231786
748.1254	0.9891998766863315
749.1254	0.9892044221408769
750.1254	0.9892089675954224
751.1254	0.9892135130499679
752.1254	0.9892180585045133
753.1254	0.9892226039590588
754.1254	0.9892271494136042
755.1254	0.9892316948681497
756.1254	0.9892362403226951
757.1254	0.9892407857772406
758.1254	0.989245331231786
759.1254	0.9892498766863315
760.1254	0.9892544221408769
761.1254	0.9892589675954224
762.1254	0.9892635130499678
763.1254	0.9892680585045133
764.1254	0.9892726039590588
765.1254	0.9892771494136042
766.1254	0.9892816948681497
767.1254	0.9892862403226951
768.1254	0.9892907857772406
769.1254	0.989295331231786
770.1254	0.9892998766863315
771.1254	0.9893044221408769
772.1254	0.9893089675954224
773.1254	0.9893135130499678
774.1254	0.9893180585045133
775.1254	0.9893226039590588
776.1254	0.9893271494136042
777.1254	0.9893316948681496
778.1254	0.9893362403226951
779.1254	0.9893407857772406
780.1254	0.989345331231786
781.1254	0.9893498766863315
782.1254	0.9893544221408769
783.1254	0.9893589675954224
784.1254	0.9893635130499678
785.1254	0.9893680585045133
786.1254	0.9893726039590588
787.1254	0.9893771494136042
788.1254	0.9893816948681496
789.1254	0.9893862403226951
790.1254	0.9893907857772406
791.1254	0.989395331231786
792.1254	0.9893998766863314
793.1254	0.9894044221408769
794.1254	0.9894089675954224
795.1254	0.9894135130499678
796.1254	0.9894180585045133
797.1254	0.9894226039590588
798.1254	0.9894271494136042
799.1254	0.9894316948681496
800.1254	0.9894362403226951
801.1254	0.9894407857772406
802.1254	0.989445331231786
803.1254	0.9894498766863314
804.1254	0.9894544221408769
805.1254	0.9894589675954224
806.1254	0.9894635130499678
807.1254	0.9894680585045132
808.1254	0.9894726039590588
809.1254	0.9894771494136042
810.1254	0.9894816948681496
811.1254	0.989486240322695
812.1254	0.9894907857772406
813.1254	0.989495331231786
814.1254	0.9894998766863314
815.1254	0.9895044221408769
816.1254	0.9895089675954224
817.1254	0.9895135130499678
818.1254	0.9895180585045132
819.1254	0.9895226039590588
820.1254	0.9895271494136042
821.1254	0.9895316948681496
822.1254	0.989536240322695
823.1254	0.9895407857772406
824.1254	0.989545331231786
825.1254	0.9895498766863314
826.1254	0.9895544221408769
827.1254	0.9895589675954224
828.1254	0.9895635130499678
829.1254	0.9895680585045132
830.1254	0.9895726039590588
831.1254	0.9895771494136042
832.1254	0.9895816948681496
833.1254	0.989586240322695
834.1254	0.9895907857772406
835.1254	0.989595331231786
836.1254	0.9895998766863314
837.1254	0.9896044221408768
838.1254	0.9896089675954224
839.1254	0.9896135130499678
840.1254	0.9896180585045132
841.1254	0.9896226039590588
842.1254	0.9896271494136042
843.1254	0.9896316948681496
844.1254	0.989636240322695
845.1254	0.9896407857772406
846.1254	0.989645331231786
847.1254	0.9896498766863314
848.1254	0.9896544221408768
849.1254	0.9896589675954224
850.1254	0.9896635130499678
851.1254	0.9896680585045132
852.1254	0.9896726039590588
853.1254	0.9896771494136042
854.1254	0.9896816948681496
855.1254	0.989686240322695
856.1254	0.9896907857772406
857.1254	0.989695331231786
858.1254	0.9896998766863314
859.1254	0.9897044221408768
860.1254	0.9897089675954224
861.1254	0.9897135130499678
862.1254	0.9897180585045132
863.1254	0.9897226039590588
864.1254	0.9897271494136042
865.1254	0.9897316948681496
866.1254	0.989736240322695
867.1254	0.9897407857772406
868.1254	0.989745331231786
869.1254	0.9897498766863314
870.1254	0.9897544221408768
871.1254	0.9897589675954224
872.1254	0.9897635130499678
873.1254	0.9897680585045132
874.1254	0.9897726039590587
875.1254	0.9897771494136042
876.1254	0.9897816948681496
877.1254	0.989786240322695
878.1254	0.9897907857772406
879.1254	0.989795331231786
880.1254	0.9897998766863314
881.1254	0.9898044221408768
882.1254	0.9898089675954224
883.1254	0.9898135130499678
884.1254	0.9898180585045132
885.1254	0.9898226039590587
886.1254	0.9898271494136042
887.1254	0.9898316948681496
888.1254	0.989836240322695
889.1254	0.9898407857772406
890.1254	0.989845331231786
891.1254	0.9898498766863314
892.1254	0.9898544221408768
893.1254	0.9898589675954224
894.1254	0.9898635130499678
895.1254	0.9898680585045132
896.1254	0.9898726039590587
897.1254	0.9898771494136042
898.1254	0.9898816948681496
899.1254	0.989886240322695
900.1254	0.9898907857772405
901.1254	0.989895331231786
902.1254	0.9898998766863314
903.1254	0.9899044221408768
904.1254	0.9899089675954224
905.1254	0.9899135130499678
906.1254	0.9899180585045132
907.1254	0.9899226039590587
908.1254	0.9899271494136042
909.1254	0.9899316948681496
910.1254	0.989936240322695
911.1254	0.9899407857772405
912.1254	0.989945331231786
913.1254	0.9899498766863314
914.1254	0.9899544221408768
915.1254	0.9899589675954223
916.1254	0.9899635130499678
917.1254	0.9899680585045132
918.1254	0.9899726039590587
919.1254	0.9899771494136042
920.1254	0.9899816948681496
921.1254	0.989986240322695
922.1254	0.9899907857772405
923.1254	0.989995331231786
924.1254	0.9899998766863314
925.1254	0.9900044221408768
926.1254	0.9900089675954223
927.1254	0.9900135130499678
928.1254	0.9900180585045132
929.1254	0.9900226039590587
930.1254	0.9900271494136041
931.1254	0.9900316948681496
932.1254	0.990036240322695
933.1254	0.9900407857772405
934.1254	0.990045331231786
935.1254	0.9900498766863314
936.1254	0.9900544221408768
937.1254	0.9900589675954223
938.1254	0.9900635130499678
939.1254	0.9900680585045132
940.1254	0.9900726039590587
941.1254	0.9900771494136041
942.1254	0.9900816948681496
943.1254	0.990086240322695
944.1254	0.9900907857772405
945.1254	0.990095331231786
946.1254	0.9900998766863314
947.1254	0.9901044221408768
948.1254	0.9901089675954223
949.1254	0.9901135130499678
950.1254	0.9901180585045132
951.1254	0.9901226039590587
952.1254	0.9901271494136041
953.1254	0.9901316948681496
954.1254	0.990136240322695
955.1254	0.9901407857772405
956.1254	0.9901453312317859
957.1254	0.9901498766863314
958.1254	0.9901544221408768
959.1254	0.9901589675954223
960.1254	0.9901635130499677
961.1254	0.9901680585045132
962.1254	0.9901726039590587
963.1254	0.9901771494136041
964.1254	0.9901816948681496
965.1254	0.990186240322695
966.1254	0.9901907857772405
967.1254	0.9901953312317859
968.1254	0.9901998766863314
969.1254	0.9902044221408768
970.1254	0.9902089675954223
971.1254	0.9902135130499677
972.1254	0.9902180585045132
973.1254	0.9902226039590587
974.1254	0.9902271494136041
975.1254	0.9902316948681495
976.1254	0.990236240322695
977.1254	0.9902407857772405
978.1254	0.9902453312317859
979.1254	0.9902498766863314
980.1254	0.9902544221408768
981.1254	0.9902589675954223
982.1254	0.9902635130499677
983.1254	0.9902680585045132
984.1254	0.9902726039590587
985.1254	0.9902771494136041
986.1254	0.9902816948681495
987.1254	0.990286240322695
988.1254	0.9902907857772405
989.1254	0.9902953312317859
990.1254	0.9902998766863313
991.1254	0.9903044221408768
992.1254	0.9903089675954223
993.1254	0.9903135130499677
994.1254	0.9903180585045132
995.1254	0.9903226039590587
996.1254	0.9903271494136041
997.1254	0.9903316948681495
998.1254	0.990336240322695
999.1254	0.9903407857772405
