0.29550000000000004	0.5465785781906582
1.2674	0.5494130383832393
2.2393	0.5521507697229798
3.2112000000000003	0.5558103441114477
4.1831000000000005	0.5594387518708588
5.155200000000001	0.5616988563115337
6.127400000000001	0.563823169728711
7.0997	0.5668492524376223
8.0721	0.5669169724006284
9.044500000000001	0.5684354114790382
10.017000000000001	0.5734302532521076
10.989600000000001	0.5775339605614916
11.962200000000001	0.5816224016874373
12.9349	0.5839302714050274
13.9076	0.5855255688476455
14.8803	0.5884596337136174
15.8489	0.5910488762431768
16.8174	0.5931941085439143
17.786	0.5939120497389068
18.7548	0.5949509930318475
19.717100000000002	0.5967154439498501
20.679000000000002	0.6008019538099428
21.6404	0.6071072446486415
22.601300000000002	0.6093809760404836
23.5658	0.6111655799362373
24.5303	0.6118893971685019
25.494600000000002	0.6145134164675145
26.4586	0.615805876710731
27.4222	0.6198376325878527
28.3853	0.6228613613642668
29.3516	0.6279344048662635
30.317800000000002	0.6319733521610369
31.283800000000003	0.6365958347891052
32.2506	0.6393668537825659
33.2177	0.6416956417545855
34.1846	0.6434604141965218
35.1512	0.6427986860439034
36.1174	0.6422509728381035
37.083200000000005	0.6408116870120316
38.057	0.6406984054076399
39.0324	0.6428901876007623
40.0079	0.6453404179532874
40.9831	0.6551737403425111
41.9592	0.6610955186225351
42.9356	0.6682972712647537
43.9123	0.6718167822611436
44.8872	0.6694454808918581
45.859700000000004	0.6767878903726691
46.8322	0.6854574814012381
47.8051	0.6929309371638425
48.7762	0.7027864602812808
49.748400000000004	0.7147160592973816
50.7246	0.723536360708782
51.7014	0.7258962208532348
52.6781	0.73599511131599
53.6522	0.7454479595384322
54.6281	0.7570602397055923
55.6036	0.7664197742347867
56.5797	0.7752169683899083
57.5559	0.7774917788360477
58.5306	0.7841799627049186
59.5052	0.7923804158051677
60.479600000000005	0.7965914368055443
61.4559	0.783916256806975
62.431400000000004	0.7880650600608905
63.406400000000005	0.8029619669895383
64.3809	0.7803321195877531
65.3552	0.8111673470973124
66.3297	0.815183739067615
67.3011	0.8309028662854607
68.2735	0.8348900497791472
69.2508	0.8360760831269588
70.2291	0.8390121311660406
71.20790000000001	0.8400429063516901
72.187	0.8285889705639409
73.1662	0.8419654817852429
74.14540000000001	0.852916252565947
75.1243	0.8554226176251787
76.1033	0.860984961190432
77.0823	0.8648785174293943
78.0612	0.8642219704231047
79.04	0.8706978093885642
80.0184	0.8741439387721677
80.9983	0.8835546047555976
81.9778	0.8883796984245562
82.95660000000001	0.8882113560916031
83.9353	0.8690772241954653
84.91380000000001	0.8902022165234751
85.89240000000001	0.9018082238687775
86.87100000000001	0.905036651306794
87.8499	0.9039090620813146
88.8284	0.90840510480784
89.8075	0.9124551932690445
90.78790000000001	0.9124070743666468
91.7688	0.9125805367737531
92.74980000000001	0.9244211579925721
93.7307	0.9295180785392618
94.7116	0.9299983369655195
95.6926	0.9084575165684053
96.6734	0.904513461025777
97.6558	0.9345009511843503
98.63940000000001	0.8943250631943244
99.6226	0.8977716569879955
100.60600000000001	0.8999123730867319
101.58970000000001	0.9023817549278872
102.5737	0.8807790290958715
103.5579	0.9347863394148174
104.5424	0.9383329586608112
105.52690000000001	0.9422372278943728
106.5112	0.9355332128396326
107.4955	0.9279405303258107
108.47980000000001	0.9240086791813309
109.4642	0.9273527546301519
110.4486	0.9288917662952175
111.43310000000001	0.9300809180977458
112.41760000000001	0.9370918151619144
113.40220000000001	0.9410114721962674
114.38680000000001	0.9421425411049705
115.37310000000001	0.9092413292040206
116.35910000000001	0.8873644388989697
117.34070000000001	0.9369463858668678
118.3217	0.9406901903816004
119.3024	0.9441182602709415
120.2831	0.9312262932893274
121.2638	0.922184971916989
122.2444	0.9314561766039541
123.23010000000001	0.9406348986685213
124.2149	0.9399901552047941
125.2017	0.9203337909739935
126.1892	0.9486003882109584
127.1765	0.9452288713646213
128.16400000000002	0.9495626432056188
129.1516	0.9677665394822299
130.1396	0.9695331609049428
131.1271	0.9264494362393263
132.1122	0.8741356292581526
133.0966	0.9667379323183497
134.08100000000002	0.957283086219457
135.0687	0.9653411905302277
136.05530000000002	0.9710815445501257
137.042	0.9713139592195464
138.02880000000002	0.971406884709488
139.01680000000002	0.9701057734361822
140.0041	0.9674497374078523
140.9914	0.9670929184460805
141.9787	0.9672495648657666
142.966	0.9676403699283942
143.9533	0.9682056399422113
144.94070000000002	0.9687056912258872
145.9281	0.9691591384674002
146.9159	0.970007865670019
147.904	0.9702274215435384
148.8922	0.9719408222936723
149.88060000000002	0.9706130199989401
150.8691	0.970585675730674
151.8577	0.9718451405403301
152.84650000000002	0.970257743699262
153.83540000000002	0.974888946829279
154.8245	0.9769690729442067
155.8137	0.9161078031297898
156.80280000000002	0.9415509619652648
157.7919	0.9454295706660619
158.7811	0.9512328776016903
159.7704	0.9441845458156171
160.7589	0.9818235139501184
161.7468	0.9812020761739433
162.7348	0.9819679869028753
163.7228	0.9826849007169233
164.711	0.9752067679459191
165.69910000000002	0.9769317308702906
166.68730000000002	0.9797748713249201
167.6755	0.9847553012218773
168.6638	0.9858233188514123
169.65220000000002	0.9871837825328261
170.6406	0.9917060467964788
171.62910000000002	0.9914472979438159
172.6177	0.9924183157160009
173.6064	0.9934102010121987
174.5952	0.9955882388455845
175.584	0.9914700467919659
176.5729	0.9915308248159034
177.5619	0.9916376072448655
178.55100000000002	0.991756125506117
179.5401	0.9914089113819979
180.5293	0.9918110284965145
181.51860000000002	0.9922300287137495
182.5079	0.9925459734487798
183.4973	0.9929393891355556
184.48680000000002	0.9931573018901579
185.4764	0.9933387700271067
186.4661	0.9935542256301726
187.4559	0.9937485795460607
188.44580000000002	0.9939225966373126
189.4358	0.9940746620027306
190.4259	0.9942709104157629
191.416	0.9939118343494624
192.4062	1.004965728975207
193.3964	0.9946096617531258
194.3869	0.9880032441044505
195.3776	0.9886768459784143
196.3684	0.9892681322011868
197.35920000000002	0.9831644378934552
198.35000000000002	0.9831518110920305
199.3408	0.9831384807560606
200.3316	0.9584928250210571
201.3223	0.9614546132791635
202.31300000000002	0.9648592919066328
203.30370000000002	0.968669283349394
204.2944	0.9729231123758743
205.285	0.9775477142703988
206.2756	0.9827925087239564
207.2662	0.9886412008805869
208.25670000000002	0.8012989168875285
209.24720000000002	0.8022946958223921
210.23770000000002	0.8031100552487971
211.22820000000002	0.8039492422883213
212.2187	0.8048181803380374
213.2092	0.916905307105995
214.1997	0.9863281606930016
215.1903	0.981020877673984
216.1808	1.007409801156383
217.1713	0.9931964585813378
218.1618	0.9877933752557121
219.1523	0.9854870716515236
220.14280000000002	0.9853780580024507
221.13330000000002	0.9853221393909142
222.12380000000002	0.986352343349627
223.11440000000002	0.9874843564420127
224.10500000000002	0.9885793029094269
225.09550000000002	0.9897840070043453
226.0859	0.9911120644453778
227.0763	0.9926434204443536
228.06660000000002	0.9942183395620328
229.0568	0.9959374053009856
230.0474	0.9046586290538816
231.04270000000002	1.0094764349614127
232.0378	1.0091113789928836
233.0329	1.009161115263442
234.02810000000002	1.0093364671309797
235.0233	1.0093124977432246
236.01850000000002	1.0092885283554696
237.0137	1.0092645589677145
238.0089	1.0092405895799592
239.00410000000002	1.0092166201922042
239.9993	1.009192650804449
240.99450000000002	1.009168681416694
241.9897	1.009144712028939
242.9849	1.009120742641184
243.98010000000002	1.0090967732534286
244.9753	1.0090728038656736
245.97050000000002	1.0090488344779185
246.9657	1.0090248650901634
247.9609	1.0090008957024084
248.95610000000002	1.0089769263146533
249.9513	1.0089529569268982
250.94650000000001	1.008928987539143
251.94170000000003	1.008905018151388
252.9369	1.0088810487636328
253.93210000000002	1.0088570793758778
254.9273	1.0088331099881227
255.9225	1.0088091406003676
256.9177	1.0087851712126124
257.91290000000004	1.0087617171309797
258.9081	1.008738263049347
259.9033	1.0087148089677145
260.8985	1.0086913548860819
261.8937	1.0086679008044492
262.88890000000004	1.0086444467228166
263.8841	1.0086209926411838
264.8793	1.0085975385595511
265.8745	1.0085740844779185
266.8697	1.008550630396286
267.86490000000003	1.0085271763146533
268.8601	1.0085037222330206
269.8553	1.008480268151388
270.8505	1.0084568140697554
271.8457	1.0084333599881228
272.84090000000003	1.00840990590649
273.8361	1.0083864518248573
274.83140000000003	1.0084646953205985
275.8267	1.0084422667491697
276.822	1.0084198381777412
277.8173	1.0083974096063126
278.81260000000003	1.008374981034884
279.8079	1.0083525524634556
280.8032	1.008330123892027
281.7985	1.0083076953205985
282.79380000000003	1.0082852667491697
283.7891	1.0082628381777412
284.7844	1.0082404096063127
285.7797	1.0082179810348841
286.77500000000003	1.008196067769578
287.7703	1.008174154504272
288.7656	1.0081522412389659
289.7609	1.0081303279736595
290.75620000000004	1.0081084147083534
291.7515	1.0080865014430473
292.7468	1.0080645881777412
293.7421	1.0080426749124352
294.73740000000004	1.008020761647129
295.7327	1.007998848381823
296.728	1.0079769351165169
297.7234	1.0080567194285843
298.7188	1.0080358316734823
299.7142	1.0080149439183803
300.7096	1.0079940561632783
301.70500000000004	1.0079731684081763
302.7004	1.0079522806530743
303.6958	1.0079313928979723
304.69120000000004	1.00791050514287
305.6866	1.0078901326938905
306.682	1.007869760244911
307.67740000000003	1.0078493877959314
308.6728	1.0078290153469518
309.6682	1.0078086428979722
310.66360000000003	1.0077882704489927
311.659	1.007767898000013
312.65450000000004	1.007849223128407
313.65000000000003	1.0078298761896316
314.6455	1.007810529250856
315.641	1.0077911823120804
316.6365	1.007771835373305
317.632	1.0077524884345295
318.6275	1.0077336568018764
319.623	1.0077148251692234
320.61850000000004	1.0076959935365704
321.61400000000003	1.0076771619039173
322.6095	1.0076583302712643
323.605	1.007639498638611
324.60060000000004	1.0077223645833318
325.5962	1.0077045584608828
326.59180000000003	1.0076867523384339
327.5874	1.007668946215985
328.583	1.007651140093536
329.5786	1.0076338492772094
330.5742	1.0076165584608827
331.56980000000004	1.0075992676445562
332.5654	1.0075819768282297
333.5611	1.005509744433904
334.5568	1.0055578645804242
335.5525	1.0056059847269445
336.5482	1.0056541048734646
337.5439	1.0057022250199847
338.5396	1.0057508631152228
339.5353	1.0057995012104608
340.531	1.005848139305699
341.52680000000004	1.0059975313028833
342.5226	1.006045734965887
343.51840000000004	1.0060939386288905
344.5142	1.0061421422918944
345.51	1.006190863903616
346.5058	1.0062395855153374
347.5016	1.0062883071270592
348.4975	1.0064377826407271
349.4934	1.0064860698202143
350.4893	1.0065343569997014
351.4852	1.0065826441791885
352.4811	1.0066314493073938
353.47700000000003	1.0066802544355988
354.473	1.0068298134657503
355.469	1.006878184161721
356.46500000000003	1.0069265548576916
357.461	1.0069754435023803
358.457	1.0070243321470689
359.45300000000003	1.0070732207917574
360.44910000000004	1.0072228633383924
361.4452	1.0072713175508465
362.4413	1.007319771763301
363.4374	1.007368743924473
364.43350000000004	1.007417716085645
365.4297	1.0075674421487637
366.4259	1.0076159798777014
367.4221	1.0076650355553571
368.41830000000004	1.0077140912330127
369.4146	1.0078639008126147
370.4109	1.0079125220580358
371.40720000000005	1.007961143303457
372.4035	1.0080102824975963
373.3999	1.0081601755936818
374.3963	1.0082088803555864
375.3927	1.0082575851174913
376.38910000000004	1.0083068078281139
377.3856	1.008456784440683
378.38210000000004	1.0085055727190713
379.3786	1.0085548789461776
380.37510000000003	1.0086041851732837
381.37170000000003	1.0087542453023361
382.36830000000003	1.0088031170972078
383.36490000000003	1.0088525068407976
384.3616	1.0090026504863336
385.35830000000004	1.009051605797689
386.355	1.0091010790577624
387.3518	1.0092513062197819
388.34860000000003	1.0093003450476208
389.34540000000004	1.0093499018241774
390.3423	1.0095002125026804
391.3392	1.0095493348470026
392.33610000000004	1.009598975140043
393.3331	1.0097493693350297
394.3301	1.0097990931445535
395.3272	1.0099495708560235
396.3243	1.009998860233313
397.32140000000004	1.0100486675593203
398.3186	1.0101992287872739
399.3158	1.0102491196297647
400.3131	1.0103997643742018
401.3104	1.0104492207844582
402.30780000000004	1.0105999490453788
403.3052	1.0106494889721187
404.30260000000004	1.0106995468475766
405.30010000000004	1.0108503586249806
406.29760000000005	1.010900500016922
407.2952	1.0110513953108098
408.2928	1.0111016202192347
409.2905	1.011252599029606
410.2882	1.0113029074545143
411.286	1.0114539697813691
412.2839	1.0116051156247072
413.28180000000003	1.0116550731338647
414.2798	1.0118063024936863
415.2778	1.0118568614680452
416.27590000000004	1.0120081743443508
417.274	1.0120588168351932
418.2722	1.012210213227982
419.2705	1.012361693137254
420.2688	1.0124125026610638
421.2672	1.0125640660868196
422.26570000000004	1.0127157130290587
423.2642	1.0127666895858354
424.2628	1.0129184200445582
425.2615	1.0130702340197646
426.26030000000003	1.0132221315114542
427.25910000000005	1.0132728406689635
428.25800000000004	1.0134248216771369
429.257	1.0135768862017938
430.2561	1.0137290342429341
431.2552	1.0137805118986118
432.25440000000003	1.0139327434562357
433.25370000000004	1.0140850585303434
434.2531	1.0142374571209343
435.25260000000003	1.0143899392280087
436.2522	1.0145425048515666
437.25190000000003	1.0146951539916083
438.2516	1.014747132746187
439.25140000000005	1.014899865402712
440.2513	1.0150526815757204
441.2513	1.0152620700695052
442.2513	1.0152630134657317
443.2513	1.015263956861958
444.2513	1.0152649002581844
445.2513	1.0152658436544109
446.2513	1.0152667870506373
447.2513	1.0152677304468636
448.2513	1.01526867384309
449.2513	1.0152696172393165
450.2513	1.015270560635543
451.2513	1.0152715040317692
452.2513	1.0152724474279957
453.2513	1.0152733908242222
454.2513	1.0152743342204487
455.2513	1.015275277616675
456.2513	1.0152762210129014
457.2513	1.0152771644091279
458.2513	1.0152781078053543
459.2513	1.0152790512015806
460.2513	1.015279994597807
461.2513	1.0152809379940335
462.2513	1.01528188139026
463.2513	1.0152828247864862
464.2513	1.0152837681827127
465.2513	1.0152847115789392
466.2513	1.0152856549751657
467.2513	1.015286598371392
468.2513	1.0152875417676184
469.2513	1.0152884851638448
470.2513	1.0152894285600713
471.2513	1.0152903719562976
472.2513	1.015291315352524
473.2513	1.0152922587487505
474.2513	1.015293202144977
475.2513	1.0152941455412032
476.2513	1.0152950889374297
477.2513	1.0152960323336562
478.2513	1.0152969757298826
479.2513	1.015297919126109
480.2513	1.0152988625223354
481.2513	1.0152998059185618
482.2513	1.0153007493147883
483.2513	1.0153016927110146
484.2513	1.015302636107241
485.2513	1.0153035795034675
486.2513	1.015304522899694
487.2513	1.0153054662959202
488.2513	1.0153064096921467
489.2513	1.0153073530883732
490.2513	1.0153082964845996
491.2513	1.0153092398808259
492.2513	1.0153101832770524
493.2513	1.0153111266732788
494.2513	1.015312070069505
495.2513	1.0153130134657316
496.2513	1.015313956861958
497.2513	1.0153149002581845
498.2513	1.0153158436544107
499.2513	1.0153167870506372
500.2513	1.0153177304468637
501.2513	1.0153186738430902
502.2513	1.0153196172393164
503.2513	1.0153205606355429
504.2513	1.0153215040317694
505.2513	1.0153224474279958
506.2513	1.015323390824222
507.2513	1.0153243342204485
508.2513	1.015325277616675
509.2513	1.0153262210129015
510.2513	1.0153271644091277
511.2513	1.0153281078053542
512.2513	1.0153290512015807
513.2513	1.0153299945978072
514.2513	1.0153309379940334
515.2513	1.0153318813902599
516.2513	1.0153328247864863
517.2513	1.0153337681827128
518.2513	1.015334711578939
519.2513	1.0153356549751655
520.2513	1.015336598371392
521.2513	1.0153375417676185
522.2513	1.0153384851638447
523.2513	1.0153394285600712
524.2513	1.0153403719562977
525.2513	1.0153413153525241
526.2513	1.0153422587487504
527.2513	1.0153432021449769
528.2513	1.0153441455412033
529.2513	1.0153450889374298
530.2513	1.015346032333656
531.2513	1.0153469757298825
532.2513	1.015347919126109
533.2513	1.0153488625223355
534.2513	1.0153498059185617
535.2513	1.0153507493147882
536.2513	1.0153516927110147
537.2513	1.0153526361072411
538.2513	1.0153535795034674
539.2513	1.0153545228996939
540.2513	1.0153554662959203
541.2513	1.0153564096921468
542.2513	1.015357353088373
543.2513	1.0153582964845995
544.2513	1.015359239880826
545.2513	1.0153601832770525
546.2513	1.0153611266732787
547.2513	1.0153620700695052
548.2513	1.0153630134657317
549.2513	1.015363956861958
550.2513	1.0153649002581844
551.2513	1.0153658436544108
552.2513	1.0153667870506373
553.2513	1.0153677304468636
554.2513	1.01536867384309
555.2513	1.0153696172393165
556.2513	1.015370560635543
557.2513	1.0153715040317692
558.2513	1.0153724474279957
559.2513	1.0153733908242222
560.2513	1.0153743342204486
561.2513	1.015375277616675
562.2513	1.0153762210129014
563.2513	1.0153771644091278
564.2513	1.0153781078053543
565.2513	1.0153790512015806
566.2513	1.015379994597807
567.2513	1.0153809379940335
568.2513	1.01538188139026
569.2513	1.0153828247864862
570.2513	1.0153837681827127
571.2513	1.0153847115789392
572.2513	1.0153856549751656
573.2513	1.015386598371392
574.2513	1.0153875417676184
575.2513	1.0153884851638448
576.2513	1.0153894285600713
577.2513	1.0153903719562976
578.2513	1.015391315352524
579.2513	1.0153922587487505
580.2513	1.015393202144977
581.2513	1.0153941455412032
582.2513	1.0153950889374297
583.2513	1.0153960323336562
584.2513	1.0153969757298826
585.2513	1.0153979191261089
586.2513	1.0153988625223354
587.2513	1.0153998059185618
588.2513	1.0154007493147883
589.2513	1.0154016927110145
590.2513	1.015402636107241
591.2513	1.0154035795034675
592.2513	1.015404522899694
593.2513	1.0154054662959202
594.2513	1.0154064096921467
595.2513	1.0154073530883732
596.2513	1.0154082964845996
597.2513	1.0154092398808259
598.2513	1.0154101832770523
599.2513	1.0154111266732788
600.2513	1.0154120700695053
601.2513	1.0154130134657315
602.2513	1.015413956861958
603.2513	1.0154149002581845
604.2513	1.0154158436544107
605.2513	1.0154167870506372
606.2513	1.0154177304468637
607.2513	1.0154186738430901
608.2513	1.0154196172393164
609.2513	1.0154205606355429
610.2513	1.0154215040317693
611.2513	1.0154224474279958
612.2513	1.015423390824222
613.2513	1.0154243342204485
614.2513	1.015425277616675
615.2513	1.0154262210129015
616.2513	1.0154271644091277
617.2513	1.0154281078053542
618.2513	1.0154290512015807
619.2513	1.0154299945978071
620.2513	1.0154309379940334
621.2513	1.0154318813902599
622.2513	1.0154328247864863
623.2513	1.0154337681827128
624.2513	1.015434711578939
625.2513	1.0154356549751655
626.2513	1.015436598371392
627.2513	1.0154375417676185
628.2513	1.0154384851638447
629.2513	1.0154394285600712
630.2513	1.0154403719562977
631.2513	1.0154413153525241
632.2513	1.0154422587487504
633.2513	1.0154432021449769
634.2513	1.0154441455412033
635.2513	1.0154450889374298
636.2513	1.015446032333656
637.2513	1.0154469757298825
638.2513	1.015447919126109
639.2513	1.0154488625223355
640.2513	1.0154498059185617
641.2513	1.0154507493147882
642.2513	1.0154516927110147
643.2513	1.0154526361072411
644.2513	1.0154535795034674
645.2513	1.0154545228996938
646.2513	1.0154554662959203
647.2513	1.0154564096921468
648.2513	1.015457353088373
649.2513	1.0154582964845995
650.2513	1.015459239880826
651.2513	1.0154601832770525
652.2513	1.0154611266732787
653.2513	1.0154620700695052
654.2513	1.0154630134657316
655.2513	1.015463956861958
656.2513	1.0154649002581844
657.2513	1.0154658436544108
658.2513	1.0154667870506373
659.2513	1.0154677304468636
660.2513	1.01546867384309
661.2513	1.0154696172393165
662.2513	1.015470560635543
663.2513	1.0154715040317692
664.2513	1.0154724474279957
665.2513	1.0154733908242222
666.2513	1.0154743342204486
667.2513	1.0154752776166749
668.2513	1.0154762210129014
669.2513	1.0154771644091278
670.2513	1.0154781078053543
671.2513	1.0154790512015806
672.2513	1.015479994597807
673.2513	1.0154809379940335
674.2513	1.01548188139026
675.2513	1.0154828247864862
676.2513	1.0154837681827127
677.2513	1.0154847115789392
678.2513	1.0154856549751656
679.2513	1.0154865983713919
680.2513	1.0154875417676184
681.2513	1.0154884851638448
682.2513	1.0154894285600713
683.2513	1.0154903719562975
684.2513	1.015491315352524
685.2513	1.0154922587487505
686.2513	1.015493202144977
687.2513	1.0154941455412032
688.2513	1.0154950889374297
689.2513	1.0154960323336562
690.2513	1.0154969757298826
691.2513	1.0154979191261089
692.2513	1.0154988625223353
693.2513	1.0154998059185618
694.2513	1.0155007493147883
695.2513	1.0155016927110145
696.2513	1.015502636107241
697.2513	1.0155035795034675
698.2513	1.015504522899694
699.2513	1.0155054662959202
700.2513	1.0155064096921467
701.2513	1.0155073530883731
702.2513	1.0155082964845996
703.2513	1.0155092398808259
704.2513	1.0155101832770523
705.2513	1.0155111266732788
706.2513	1.015512070069505
707.2513	1.0155130134657315
708.2513	1.015513956861958
709.2513	1.0155149002581845
710.2513	1.0155158436544107
711.2513	1.0155167870506372
712.2513	1.0155177304468637
713.2513	1.0155186738430901
714.2513	1.0155196172393164
715.2513	1.0155205606355429
716.2513	1.0155215040317693
717.2513	1.0155224474279958
718.2513	1.015523390824222
719.2513	1.0155243342204485
720.2513	1.015525277616675
721.2513	1.0155262210129015
722.2513	1.0155271644091277
723.2513	1.0155281078053542
724.2513	1.0155290512015807
725.2513	1.0155299945978071
726.2513	1.0155309379940334
727.2513	1.0155318813902598
728.2513	1.0155328247864863
729.2513	1.0155337681827128
730.2513	1.015534711578939
731.2513	1.0155356549751655
732.2513	1.015536598371392
733.2513	1.0155375417676185
734.2513	1.0155384851638447
735.2513	1.0155394285600712
736.2513	1.0155403719562976
737.2513	1.0155413153525241
738.2513	1.0155422587487504
739.2513	1.0155432021449768
740.2513	1.0155441455412033
741.2513	1.0155450889374298
742.2513	1.015546032333656
743.2513	1.0155469757298825
744.2513	1.015547919126109
745.2513	1.0155488625223354
746.2513	1.0155498059185617
747.2513	1.0155507493147882
748.2513	1.0155516927110146
749.2513	1.0155526361072411
750.2513	1.0155535795034674
751.2513	1.0155545228996938
752.2513	1.0155554662959203
753.2513	1.0155564096921468
754.2513	1.015557353088373
755.2513	1.0155582964845995
756.2513	1.015559239880826
757.2513	1.0155601832770524
758.2513	1.0155611266732787
759.2513	1.0155620700695052
760.2513	1.0155630134657316
761.2513	1.0155639568619579
762.2513	1.0155649002581844
763.2513	1.0155658436544108
764.2513	1.0155667870506373
765.2513	1.0155677304468635
766.2513	1.01556867384309
767.2513	1.0155696172393165
768.2513	1.015570560635543
769.2513	1.0155715040317692
770.2513	1.0155724474279957
771.2513	1.0155733908242222
772.2513	1.0155743342204486
773.2513	1.0155752776166749
774.2513	1.0155762210129013
775.2513	1.0155771644091278
776.2513	1.0155781078053543
777.2513	1.0155790512015805
778.2513	1.015579994597807
779.2513	1.0155809379940335
780.2513	1.01558188139026
781.2513	1.0155828247864862
782.2513	1.0155837681827127
783.2513	1.0155847115789391
784.2513	1.0155856549751656
785.2513	1.0155865983713919
786.2513	1.0155875417676183
787.2513	1.0155884851638448
788.2513	1.0155894285600713
789.2513	1.0155903719562975
790.2513	1.015591315352524
791.2513	1.0155922587487505
792.2513	1.015593202144977
793.2513	1.0155941455412032
794.2513	1.0155950889374297
795.2513	1.0155960323336561
796.2513	1.0155969757298826
797.2513	1.0155979191261089
798.2513	1.0155988625223353
799.2513	1.0155998059185618
800.2513	1.0156007493147883
801.2513	1.0156016927110145
802.2513	1.015602636107241
803.2513	1.0156035795034675
804.2513	1.015604522899694
805.2513	1.0156054662959202
806.2513	1.0156064096921467
807.2513	1.0156073530883731
808.2513	1.0156082964845996
809.2513	1.0156092398808259
810.2513	1.0156101832770523
811.2513	1.0156111266732788
812.2513	1.0156120700695053
813.2513	1.0156130134657315
814.2513	1.015613956861958
815.2513	1.0156149002581845
816.2513	1.0156158436544107
817.2513	1.0156167870506372
818.2513	1.0156177304468637
819.2513	1.0156186738430901
820.2513	1.0156196172393164
821.2513	1.0156205606355428
822.2513	1.0156215040317693
823.2513	1.0156224474279958
824.2513	1.015623390824222
825.2513	1.0156243342204485
826.2513	1.015625277616675
827.2513	1.0156262210129015
828.2513	1.0156271644091277
829.2513	1.0156281078053542
830.2513	1.0156290512015806
831.2513	1.0156299945978071
832.2513	1.0156309379940334
833.2513	1.0156318813902598
834.2513	1.0156328247864863
835.2513	1.0156337681827128
836.2513	1.015634711578939
837.2513	1.0156356549751655
838.2513	1.015636598371392
839.2513	1.0156375417676184
840.2513	1.0156384851638447
841.2513	1.0156394285600712
842.2513	1.0156403719562976
843.2513	1.015641315352524
844.2513	1.0156422587487504
845.2513	1.0156432021449768
846.2513	1.0156441455412033
847.2513	1.0156450889374298
848.2513	1.015646032333656
849.2513	1.0156469757298825
850.2513	1.015647919126109
851.2513	1.0156488625223354
852.2513	1.0156498059185617
853.2513	1.0156507493147882
854.2513	1.0156516927110146
855.2513	1.015652636107241
856.2513	1.0156535795034674
857.2513	1.0156545228996938
858.2513	1.0156554662959203
859.2513	1.0156564096921468
860.2513	1.015657353088373
861.2513	1.0156582964845995
862.2513	1.015659239880826
863.2513	1.0156601832770522
864.2513	1.0156611266732787
865.2513	1.0156620700695052
866.2513	1.0156630134657316
867.2513	1.0156639568619579
868.2513	1.0156649002581843
869.2513	1.0156658436544108
870.2513	1.0156667870506373
871.2513	1.0156677304468635
872.2513	1.01566867384309
873.2513	1.0156696172393165
874.2513	1.015670560635543
875.2513	1.0156715040317692
876.2513	1.0156724474279957
877.2513	1.0156733908242221
878.2513	1.0156743342204486
879.2513	1.0156752776166749
880.2513	1.0156762210129013
881.2513	1.0156771644091278
882.2513	1.0156781078053543
883.2513	1.0156790512015805
884.2513	1.015679994597807
885.2513	1.0156809379940335
886.2513	1.01568188139026
887.2513	1.0156828247864862
888.2513	1.0156837681827127
889.2513	1.0156847115789391
890.2513	1.0156856549751656
891.2513	1.0156865983713919
892.2513	1.0156875417676183
893.2513	1.0156884851638448
894.2513	1.0156894285600713
895.2513	1.0156903719562975
896.2513	1.015691315352524
897.2513	1.0156922587487505
898.2513	1.015693202144977
899.2513	1.0156941455412032
900.2513	1.0156950889374297
901.2513	1.0156960323336561
902.2513	1.0156969757298826
903.2513	1.0156979191261089
904.2513	1.0156988625223353
905.2513	1.0156998059185618
906.2513	1.0157007493147883
907.2513	1.0157016927110145
908.2513	1.015702636107241
909.2513	1.0157035795034675
910.2513	1.015704522899694
911.2513	1.0157054662959202
912.2513	1.0157064096921467
913.2513	1.0157073530883731
914.2513	1.0157082964845996
915.2513	1.0157092398808258
916.2513	1.0157101832770523
917.2513	1.0157111266732788
918.2513	1.015712070069505
919.2513	1.0157130134657315
920.2513	1.015713956861958
921.2513	1.0157149002581844
922.2513	1.0157158436544107
923.2513	1.0157167870506372
924.2513	1.0157177304468636
925.2513	1.0157186738430901
926.2513	1.0157196172393164
927.2513	1.0157205606355428
928.2513	1.0157215040317693
929.2513	1.0157224474279958
930.2513	1.015723390824222
931.2513	1.0157243342204485
932.2513	1.015725277616675
933.2513	1.0157262210129014
934.2513	1.0157271644091277
935.2513	1.0157281078053542
936.2513	1.0157290512015806
937.2513	1.015729994597807
938.2513	1.0157309379940334
939.2513	1.0157318813902598
940.2513	1.0157328247864863
941.2513	1.0157337681827128
942.2513	1.015734711578939
943.2513	1.0157356549751655
944.2513	1.015736598371392
945.2513	1.0157375417676184
946.2513	1.0157384851638447
947.2513	1.0157394285600712
948.2513	1.0157403719562976
949.2513	1.015741315352524
950.2513	1.0157422587487503
951.2513	1.0157432021449768
952.2513	1.0157441455412033
953.2513	1.0157450889374298
954.2513	1.015746032333656
955.2513	1.0157469757298825
956.2513	1.015747919126109
957.2513	1.0157488625223354
958.2513	1.0157498059185617
959.2513	1.0157507493147881
960.2513	1.0157516927110146
961.2513	1.015752636107241
962.2513	1.0157535795034673
963.2513	1.0157545228996938
964.2513	1.0157554662959203
965.2513	1.0157564096921468
966.2513	1.015757353088373
967.2513	1.0157582964845995
968.2513	1.015759239880826
969.2513	1.0157601832770524
970.2513	1.0157611266732787
971.2513	1.0157620700695051
972.2513	1.0157630134657316
973.2513	1.0157639568619579
974.2513	1.0157649002581843
975.2513	1.0157658436544108
976.2513	1.0157667870506373
977.2513	1.0157677304468635
978.2513	1.01576867384309
979.2513	1.0157696172393165
980.2513	1.015770560635543
981.2513	1.0157715040317692
982.2513	1.0157724474279957
983.2513	1.0157733908242221
984.2513	1.0157743342204486
985.2513	1.0157752776166749
986.2513	1.0157762210129013
987.2513	1.0157771644091278
988.2513	1.0157781078053543
989.2513	1.0157790512015805
990.2513	1.015779994597807
991.2513	1.0157809379940335
992.2513	1.01578188139026
993.2513	1.0157828247864862
994.2513	1.0157837681827127
995.2513	1.0157847115789391
996.2513	1.0157856549751656
997.2513	1.0157865983713918
998.2513	1.0157875417676183
999.2513	1.0157884851638448
