0.613	0.5297482998610655
1.589	0.5120497177092388
2.565	0.5046298529301995
3.541	0.5176615878064561
4.5200000000000005	0.5082051183072265
5.505	0.5038774488669749
6.49	0.5278776510355363
7.4670000000000005	0.5209056832850476
8.444	0.5036352397927051
9.424	0.5048926352546776
10.413	0.526113138386819
11.402000000000001	0.5285502570184131
12.388	0.5243187965385312
13.377	0.5169489294195735
14.355	0.5118740140231436
15.344000000000001	0.5046923641068851
16.331	0.5101787545333072
17.319	0.502336094605631
18.298000000000002	0.4952238195950594
19.277	0.49824451706956685
20.27	0.48776659135330097
21.249	0.49049846645044803
22.228	0.4938704557192035
23.216	0.4885092267827339
24.195	0.5405146787326034
25.174	0.5343700784794246
26.153000000000002	0.5578032848123307
27.132	0.5327379930694316
28.111	0.537581666179771
29.09	0.5419670039595117
30.069	0.5355145345381915
31.048000000000002	0.5300432131060525
32.027	0.5349552978495056
33.006	0.539764459885082
33.986000000000004	0.5627899511852557
34.965	0.5756912568502036
35.944	0.5602054942190674
36.923	0.5846990526157857
37.902	0.59835237647581
38.881	0.6022341808791366
39.861000000000004	0.596329202709814
40.841	0.601018649174692
41.821	0.6154615453461957
42.801	0.618422547688211
43.781	0.6234642356614879
44.761	0.6164439886679728
45.746	0.6163549167523138
46.735	0.6012004229481527
47.725	0.605714531704906
48.705	0.6094895277268751
49.686	0.6130218429431895
50.667	0.616180482904936
51.648	0.6302427457808782
52.63	0.6335378267237762
53.613	0.6353930080038267
54.596000000000004	0.635316820074244
55.578	0.637299333792216
56.57	0.6296522369342735
57.554	0.6279139999426333
58.546	0.6389298495162721
59.538000000000004	0.6500131822926062
60.537	0.6555110599597195
61.53	0.6681380211512526
62.513	0.6701372755155145
63.504	0.6638986004070648
64.487	0.6656987769311483
65.47	0.6783262839605386
66.453	0.6896605888484948
67.436	0.681336396888654
68.411	0.6909441595759014
69.394	0.6643824009540218
70.377	0.6758063034808566
71.359	0.6788639171606446
72.351	0.6723827140667799
73.343	0.6845871337870818
74.333	0.6808152457054166
75.316	0.6832513898230917
76.301	0.6828619936773137
77.276	0.6831935499905272
78.261	0.7045512220472807
79.25	0.7204787474835946
80.233	0.7235659744687024
81.22200000000001	0.7203579922781218
82.211	0.7156762470791517
83.2	0.7094996472532317
84.18900000000001	0.7052596800011867
85.174	0.6950816252895308
86.158	0.6949014567632775
87.142	0.7059468775004877
88.126	0.7063283347811506
89.11	0.7067410121934148
90.095	0.6867919303808637
91.08500000000001	0.6815844007633935
92.062	0.6823984678529686
93.046	0.6942085994986517
94.037	0.6895329719467536
95.021	0.6914517712566668
96.013	0.6857001208389516
96.997	0.6766528144341847
97.982	0.6760500152898371
98.973	0.6795081928844224
99.961	0.6766206737093463
100.946	0.6781694263656499
101.938	0.6835838577295837
102.931	0.6871544083302777
103.909	0.6866919724333717
104.887	0.7045701057295419
105.872	0.7080244317881469
106.85000000000001	0.7174016709603908
107.828	0.6968082085742957
108.813	0.7001986276747503
109.799	0.6724174437267808
110.784	0.6761958380131888
111.769	0.6900681915334888
112.762	0.7163182792698828
113.747	0.7102616636321918
114.732	0.7139126468258905
115.72500000000001	0.7205899819103665
116.71000000000001	0.7239261426672985
117.687	0.7262001332480997
118.678	0.7256273100779999
119.671	0.7332677401494998
120.664	0.7404958596186998
121.649	0.7342876091651889
122.641	0.7321345974792679
123.633	0.7301051125131828
124.625	0.7284826478859898
125.60900000000001	0.7332489093710629
126.601	0.7305572405961998
127.593	0.7271083444267638
128.579	0.7212725125102998
129.571	0.7157422150386457
130.549	0.7164250646141999
131.535	0.7288004139861968
132.513	0.7398585284144397
133.496	0.7448540335713658
134.473	0.7468846831000978
135.45	0.7474875856435987
136.435	0.7511176310614797
137.411	0.763429472150757
138.395	0.7663407752609968
139.371	0.7787963414503497
140.363	0.7725537373363016
141.347	0.7754871114885888
142.322	0.7877576013655468
143.306	0.7912773984720829
144.29	0.7958298427944906
145.282	0.7922003202160949
146.266	0.7872332486561787
147.25900000000001	0.7840716227291857
148.243	0.7887935703118
149.218	0.8037286214554998
150.218	0.7929389594828469
151.202	0.7971609759196022
152.186	0.8028474142875999
153.161	0.8161035654368978
154.135	0.8200399615865999
155.118	0.8260310960640928
156.099	0.8338909523400168
157.089	0.8313173841272098
158.08100000000002	0.8273899870457158
159.06300000000002	0.8333776902613718
160.036	0.8488832250946998
161.00900000000001	0.8552444996267589
162.0	0.8551657601499998
162.981	0.8532304126598999
163.96200000000002	0.8418049476510489
164.943	0.8004131109012979
165.92000000000002	0.5150574490005365
166.905	0.5203360756390295
167.892	0.3061709193478984
168.882	0.31622580183899945
169.875	0.4624645715354936
170.865	0.40292932863656444
171.862	0.5636065517896998
172.852	0.5732959343959516
173.851	0.8329102376744529
174.841	0.8327104049554999
175.83	0.8042136215055997
176.8	0.5059887318190996
177.781	0.43453441303469253
178.779	0.5941283440599997
179.758	0.41627998068769656
180.738	0.24791662183657945
181.727	0.23753698435188636
182.716	0.1888910761365743
183.705	0.19132341597689934
184.69400000000002	0.2017690488615112
185.683	0.19303735811747935
186.672	0.2041762373615793
187.661	0.16689660447889934
188.65	0.15757980057539508
189.647	0.2792920395265964
190.636	0.23232084617929938
191.633	0.3546296630768936
192.622	0.19933873793729634
193.619	0.3335152829699995
194.608	0.2288484909245964
195.607	0.4900493787699996
196.596	0.3647993705598995
197.588	0.28701546749639645
198.58100000000002	0.24860406250208936
199.574	0.24957220674919942
200.573	0.3824806036197995
201.562	0.2179038109166954
202.554	0.2390578286666974
203.547	0.26002870800889943
204.54	0.2516833350683994
205.53300000000002	0.26077281518995227
206.526	0.29173774356419946
207.519	0.3019432333751574
208.512	0.3005439563845934
209.505	0.3386907306697995
210.494	0.3666839093443835
211.483	0.2689381715795814
212.472	0.27973490846919946
213.471	0.5868033517289988
214.46	0.5073824234890996
215.449	0.5386858603988997
216.43800000000002	0.6372403518853896
217.42000000000002	0.3472710980094995
218.409	0.3775983737084995
219.401	0.40563702848989946
220.39000000000001	0.4073134137874965
221.379	0.4282341315696996
222.368	0.4000301493398995
223.357	0.3431201644638955
224.348	0.33222430766699745
225.339	0.34086031077609646
226.33	0.34128464657809743
227.31900000000002	0.3321158623602995
228.308	0.38320425381919854
229.297	0.3458481013584996
230.286	0.25864913476979945
231.275	0.19228416518909935
232.264	0.19528462697859936
233.25300000000001	0.1978542278585984
234.24200000000002	0.1997998745641954
235.231	0.20260128421479237
236.22	0.19340846083484828
237.21	0.18494949173067204
238.199	0.09796623748842799
239.18800000000002	0.11040733840509928
240.177	0.11261377583748229
241.166	0.11501906163279216
242.155	0.10694645515508767
243.144	0.11799929108347632
244.133	0.11966163419948728
245.122	0.12253853335877414
246.11	0.11626380328360866
247.108	0.13080178921274244
248.106	0.12402009223760498
249.10500000000002	0.1268820690703886
250.094	0.1187190996306461
251.09300000000002	0.23928225104979942
252.082	0.19130706665759833
253.071	0.15417745159054128
254.066	0.1508625275477983
255.065	0.2552428060754854
256.064	0.3025367145592994
257.063	0.5591681858799996
258.062	0.31832539142819644
259.061	0.33678595199999956
260.06	0.33620675199999944
261.059	0.3359424399999994
262.058	0.34572732799999956
263.057	0.34559261499999955
264.056	0.3454876009999995
265.055	0.3453724869999995
266.05400000000003	0.6819523620309776
267.053	0.6577241832934878
268.044	0.4341055089298995
269.044	0.6809321685795
270.043	0.4403620229498996
271.043	0.6385872249899996
272.043	0.8369125628652911
273.043	0.9307861861382999
274.034	0.9363142652036891
275.026	0.2535996511975954
276.02500000000003	0.22251685799999937
277.022	0.044311868592008974
278.019	0.04613740405297689
279.016	0.047859957297896244
280.01300000000003	0.049882402271812856
281.01	0.052155502649111195
282.007	0.05449208818367936
283.004	0.05622444433245789
284.00100000000003	0.056451418446396257
284.998	0.05737346992357523
285.995	0.05968696161684705
286.992	0.0616582285350242
287.98900000000003	0.06299219380349125
288.986	0.06420918311397524
289.983	0.06542279686314317
290.98	0.06627828399999926
291.97700000000003	0.06858909999999929
292.974	0.07117149999999929
293.971	0.07375389999999929
294.968	0.07633629999999929
295.96500000000003	0.07827139999999928
296.962	0.07875156411942856
297.959	0.07740080136909927
298.956	0.07800229999999927
299.95300000000003	0.07849236411942855
300.95	0.07714160136909927
301.947	0.07774309999999927
302.944	0.07831236411942856
303.94100000000003	0.07696160136909927
304.938	0.07756309999999927
305.935	0.07813236411942856
306.932	0.07678160136909928
307.931	0.07519619999999928
308.926	0.0767529653993731
309.924	0.07424207299999928
310.922	0.07245716411942854
311.92	0.07205392823885783
312.918	0.06717020759926318
313.916	0.06544318475939825
314.914	0.06581827687949826
315.91200000000003	0.06655149999999926
316.91	0.06610987311942855
317.908	0.06309970136909926
318.906	0.06120796411942855
319.904	0.05887700136909928
320.902	0.059254499999999266
321.90000000000003	0.060444999999999284
322.898	0.06004596411942852
323.896	0.05771500136909926
324.894	0.05809249999999928
325.892	0.05996199999999927
326.89	0.061153199999999276
327.88800000000003	0.060753464119428544
328.886	0.05842250136909927
329.885	0.057148799999999264
330.884	0.05508496411942852
331.883	0.05371342823885781
332.882	0.04784950759926316
333.88100000000003	0.04514228475939824
334.88	0.04453717687949824
335.879	0.044964999999999256
336.878	0.04512549999999924
337.877	0.043756764119428505
338.87600000000003	0.04044560136909924
339.875	0.03984289999999926
340.874	0.04073219999999926
341.873	0.041621499999999256
342.872	0.04251079999999925
343.871	0.043400099999999255
344.871	0.04233229999999924
345.871	0.13861096539937315
346.871	0.4933594729999996
347.871	0.9108866
348.871	0.9904757000000001
349.871	0.9903848
350.871	0.9902939000000001
351.871	0.9902029999999999
352.871	0.9901121
353.871	0.9900211999999999
354.871	1.0
355.871	1.0
356.871	1.0
357.871	1.0
358.871	1.0
359.871	1.0
360.871	1.0
361.871	1.0
362.871	1.0
363.871	1.0
364.871	1.0
365.871	1.0
366.871	1.0
367.871	1.0
368.871	1.0
369.871	1.0
370.871	1.0
371.871	1.0
372.871	1.0
373.871	1.0
374.871	1.0
375.871	1.0
376.871	1.0
377.871	1.0
378.871	1.0
379.871	1.0
380.871	1.0
381.871	1.0
382.871	1.0
383.871	1.0
384.871	1.0
385.871	1.0
386.871	1.0
387.871	1.0
388.871	1.0
389.871	1.0
390.871	1.0
391.871	1.0
392.871	1.0
393.871	1.0
394.871	1.0
395.871	1.0
396.871	1.0
397.871	1.0
398.871	1.0
399.871	1.0
400.871	1.0
401.871	1.0
402.871	1.0
403.871	1.0
404.871	1.0
405.871	1.0
406.871	1.0
407.871	1.0
408.871	1.0
409.871	1.0
410.871	1.0
411.871	1.0
412.871	1.0
413.871	1.0
414.871	1.0
415.871	1.0
416.871	1.0
417.871	1.0
418.871	1.0
419.871	1.0
420.871	1.0
421.871	1.0
422.871	1.0
423.871	1.0
424.871	1.0
425.871	1.0
426.871	1.0
427.871	1.0
428.871	1.0
429.871	1.0
430.871	1.0
431.871	1.0
432.871	1.0
433.871	1.0
434.871	1.0
435.871	1.0
436.871	1.0
437.871	1.0
438.871	1.0
439.871	1.0
440.871	1.0
441.871	1.0
442.871	1.0
443.871	1.0
444.871	1.0
445.871	1.0
446.871	1.0
447.87100000000004	1.0
448.87100000000004	1.0
449.87100000000004	1.0
450.87100000000004	1.0
451.87100000000004	1.0
452.87100000000004	1.0
453.87100000000004	1.0
454.87100000000004	1.0
455.87100000000004	1.0
456.87100000000004	1.0
457.87100000000004	1.0
458.87100000000004	1.0
459.87100000000004	1.0
460.87100000000004	1.0
461.87100000000004	1.0
462.87100000000004	1.0
463.87100000000004	1.0
464.87100000000004	1.0
465.87100000000004	1.0
466.87100000000004	1.0
467.87100000000004	1.0
468.87100000000004	1.0
469.87100000000004	1.0
470.87100000000004	1.0
471.87100000000004	1.0
472.87100000000004	1.0
473.87100000000004	1.0
474.87100000000004	1.0
475.87100000000004	1.0
476.87100000000004	1.0
477.87100000000004	1.0
478.87100000000004	1.0
479.87100000000004	1.0
480.87100000000004	1.0
481.87100000000004	1.0
482.87100000000004	1.0
483.87100000000004	1.0
484.87100000000004	1.0
485.87100000000004	1.0
486.87100000000004	1.0
487.87100000000004	1.0
488.87100000000004	1.0
489.87100000000004	1.0
490.87100000000004	1.0
491.87100000000004	1.0
492.87100000000004	1.0
493.87100000000004	1.0
494.87100000000004	1.0
495.87100000000004	1.0
496.87100000000004	1.0
497.87100000000004	1.0
498.87100000000004	1.0
499.87100000000004	1.0
500.87100000000004	1.0
501.87100000000004	1.0
502.87100000000004	1.0
503.87100000000004	1.0
504.87100000000004	1.0
505.87100000000004	1.0
506.87100000000004	1.0
507.87100000000004	1.0
508.87100000000004	1.0
509.87100000000004	1.0
510.87100000000004	1.0
511.87100000000004	1.0
512.871	1.0
513.871	1.0
514.871	1.0
515.871	1.0
516.871	1.0
517.871	1.0
518.871	1.0
519.871	1.0
520.871	1.0
521.871	1.0
522.871	1.0
523.871	1.0
524.871	1.0
525.871	1.0
526.871	1.0
527.871	1.0
528.871	1.0
529.871	1.0
530.871	1.0
531.871	1.0
532.871	1.0
533.871	1.0
534.871	1.0
535.871	1.0
536.871	1.0
537.871	1.0
538.871	1.0
539.871	1.0
540.871	1.0
541.871	1.0
542.871	1.0
543.871	1.0
544.871	1.0
545.871	1.0
546.871	1.0
547.871	1.0
548.871	1.0
549.871	1.0
550.871	1.0
551.871	1.0
552.871	1.0
553.871	1.0
554.871	1.0
555.871	1.0
556.871	1.0
557.871	1.0
558.871	1.0
559.871	1.0
560.871	1.0
561.871	1.0
562.871	1.0
563.871	1.0
564.871	1.0
565.871	1.0
566.871	1.0
567.871	1.0
568.871	1.0
569.871	1.0
570.871	1.0
571.871	1.0
572.871	1.0
573.871	1.0
574.871	1.0
575.871	1.0
576.871	1.0
577.871	1.0
578.871	1.0
579.871	1.0
580.871	1.0
581.871	1.0
582.871	1.0
583.871	1.0
584.871	1.0
585.871	1.0
586.871	1.0
587.871	1.0
588.871	1.0
589.871	1.0
590.871	1.0
591.871	1.0
592.871	1.0
593.871	1.0
594.871	1.0
595.871	1.0
596.871	1.0
597.871	1.0
598.871	1.0
599.871	1.0
600.871	1.0
601.871	1.0
602.871	1.0
603.871	1.0
604.871	1.0
605.871	1.0
606.871	1.0
607.871	1.0
608.871	1.0
609.871	1.0
610.871	1.0
611.871	1.0
612.871	1.0
613.871	1.0
614.871	1.0
615.871	1.0
616.871	1.0
617.871	1.0
618.871	1.0
619.871	1.0
620.871	1.0
621.871	1.0
622.871	1.0
623.871	1.0
624.871	1.0
625.871	1.0
626.871	1.0
627.871	1.0
628.871	1.0
629.871	1.0
630.871	1.0
631.871	1.0
632.871	1.0
633.871	1.0
634.871	1.0
635.871	1.0
636.871	1.0
637.871	1.0
638.871	1.0
639.871	1.0
640.871	1.0
641.871	1.0
642.871	1.0
643.871	1.0
644.871	1.0
645.871	1.0
646.871	1.0
647.871	1.0
648.871	1.0
649.871	1.0
650.871	1.0
651.871	1.0
652.871	1.0
653.871	1.0
654.871	1.0
655.871	1.0
656.871	1.0
657.871	1.0
658.871	1.0
659.871	1.0
660.871	1.0
661.871	1.0
662.871	1.0
663.871	1.0
664.871	1.0
665.871	1.0
666.871	1.0
667.871	1.0
668.871	1.0
669.871	1.0
670.871	1.0
671.871	1.0
672.871	1.0
673.871	1.0
674.871	1.0
675.871	1.0
676.871	1.0
677.871	1.0
678.871	1.0
679.871	1.0
680.871	1.0
681.871	1.0
682.871	1.0
683.871	1.0
684.871	1.0
685.871	1.0
686.871	1.0
687.871	1.0
688.871	1.0
689.871	1.0
690.871	1.0
691.871	1.0
692.871	1.0
693.871	1.0
694.871	1.0
695.871	1.0
696.871	1.0
697.871	1.0
698.871	1.0
699.871	1.0
700.871	1.0
701.871	1.0
702.871	1.0
703.871	1.0
704.871	1.0
705.871	1.0
706.871	1.0
707.871	1.0
708.871	1.0
709.871	1.0
710.871	1.0
711.871	1.0
712.871	1.0
713.871	1.0
714.871	1.0
715.871	1.0
716.871	1.0
717.871	1.0
718.871	1.0
719.871	1.0
720.871	1.0
721.871	1.0
722.871	1.0
723.871	1.0
724.871	1.0
725.871	1.0
726.871	1.0
727.871	1.0
728.871	1.0
729.871	1.0
730.871	1.0
731.871	1.0
732.871	1.0
733.871	1.0
734.871	1.0
735.871	1.0
736.871	1.0
737.871	1.0
738.871	1.0
739.871	1.0
740.871	1.0
741.871	1.0
742.871	1.0
743.871	1.0
744.871	1.0
745.871	1.0
746.871	1.0
747.871	1.0
748.871	1.0
749.871	1.0
750.871	1.0
751.871	1.0
752.871	1.0
753.871	1.0
754.871	1.0
755.871	1.0
756.871	1.0
757.871	1.0
758.871	1.0
759.871	1.0
760.871	1.0
761.871	1.0
762.871	1.0
763.871	1.0
764.871	1.0
765.871	1.0
766.871	1.0
767.871	1.0
768.871	1.0
769.871	1.0
770.871	1.0
771.871	1.0
772.871	1.0
773.871	1.0
774.871	1.0
775.871	1.0
776.871	1.0
777.871	1.0
778.871	1.0
779.871	1.0
780.871	1.0
781.871	1.0
782.871	1.0
783.871	1.0
784.871	1.0
785.871	1.0
786.871	1.0
787.871	1.0
788.871	1.0
789.871	1.0
790.871	1.0
791.871	1.0
792.871	1.0
793.871	1.0
794.871	1.0
795.871	1.0
796.871	1.0
797.871	1.0
798.871	1.0
799.871	1.0
800.871	1.0
801.871	1.0
802.871	1.0
803.871	1.0
804.871	1.0
805.871	1.0
806.871	1.0
807.871	1.0
808.871	1.0
809.871	1.0
810.871	1.0
811.871	1.0
812.871	1.0
813.871	1.0
814.871	1.0
815.871	1.0
816.871	1.0
817.871	1.0
818.871	1.0
819.871	1.0
820.871	1.0
821.871	1.0
822.871	1.0
823.871	1.0
824.871	1.0
825.871	1.0
826.871	1.0
827.871	1.0
828.871	1.0
829.871	1.0
830.871	1.0
831.871	1.0
832.871	1.0
833.871	1.0
834.871	1.0
835.871	1.0
836.871	1.0
837.871	1.0
838.871	1.0
839.871	1.0
840.871	1.0
841.871	1.0
842.871	1.0
843.871	1.0
844.871	1.0
845.871	1.0
846.871	1.0
847.871	1.0
848.871	1.0
849.871	1.0
850.871	1.0
851.871	1.0
852.871	1.0
853.871	1.0
854.871	1.0
855.871	1.0
856.871	1.0
857.871	1.0
858.871	1.0
859.871	1.0
860.871	1.0
861.871	1.0
862.871	1.0
863.871	1.0
864.871	1.0
865.871	1.0
866.871	1.0
867.871	1.0
868.871	1.0
869.871	1.0
870.871	1.0
871.871	1.0
872.871	1.0
873.871	1.0
874.871	1.0
875.871	1.0
876.871	1.0
877.871	1.0
878.871	1.0
879.871	1.0
880.871	1.0
881.871	1.0
882.871	1.0
883.871	1.0
884.871	1.0
885.871	1.0
886.871	1.0
887.871	1.0
888.871	1.0
889.871	1.0
890.871	1.0
891.871	1.0
892.871	1.0
893.871	1.0
894.871	1.0
895.871	1.0
896.871	1.0
897.871	1.0
898.871	1.0
899.871	1.0
900.871	1.0
901.871	1.0
902.871	1.0
903.871	1.0
904.871	1.0
905.871	1.0
906.871	1.0
907.871	1.0
908.871	1.0
909.871	1.0
910.871	1.0
911.871	1.0
912.871	1.0
913.871	1.0
914.871	1.0
915.871	1.0
916.871	1.0
917.871	1.0
918.871	1.0
919.871	1.0
920.871	1.0
921.871	1.0
922.871	1.0
923.871	1.0
924.871	1.0
925.871	1.0
926.871	1.0
927.871	1.0
928.871	1.0
929.871	1.0
930.871	1.0
931.871	1.0
932.871	1.0
933.871	1.0
934.871	1.0
935.871	1.0
936.871	1.0
937.871	1.0
938.871	1.0
939.871	1.0
940.871	1.0
941.871	1.0
942.871	1.0
943.871	1.0
944.871	1.0
945.871	1.0
946.871	1.0
947.871	1.0
948.871	1.0
949.871	1.0
950.871	1.0
951.871	1.0
952.871	1.0
953.871	1.0
954.871	1.0
955.871	1.0
956.871	1.0
957.871	1.0
958.871	1.0
959.871	1.0
960.871	1.0
961.871	1.0
962.871	1.0
963.871	1.0
964.871	1.0
965.871	1.0
966.871	1.0
967.871	1.0
968.871	1.0
969.871	1.0
970.871	1.0
971.871	1.0
972.871	1.0
973.871	1.0
974.871	1.0
975.871	1.0
976.871	1.0
977.871	1.0
978.871	1.0
979.871	1.0
980.871	1.0
981.871	1.0
982.871	1.0
983.871	1.0
984.871	1.0
985.871	1.0
986.871	1.0
987.871	1.0
988.871	1.0
989.871	1.0
990.871	1.0
991.871	1.0
992.871	1.0
993.871	1.0
994.871	1.0
995.871	1.0
996.871	1.0
997.871	1.0
998.871	1.0
999.871	1.0
1000.871	1.0
1001.871	1.0
1002.871	1.0
1003.871	1.0
1004.871	1.0
1005.871	1.0
1006.871	1.0
1007.871	1.0
1008.871	1.0
1009.871	1.0
1010.871	1.0
1011.871	1.0
1012.871	1.0
1013.871	1.0
1014.871	1.0
1015.871	1.0
1016.871	1.0
1017.871	1.0
1018.871	1.0
1019.871	1.0
1020.871	1.0
1021.871	1.0
1022.871	1.0
1023.871	1.0
1024.871	1.0
1025.871	1.0
1026.871	1.0
1027.871	1.0
1028.871	1.0
1029.871	1.0
1030.871	1.0
1031.871	1.0
1032.871	1.0
1033.871	1.0
1034.871	1.0
1035.871	1.0
1036.871	1.0
1037.871	1.0
1038.871	1.0
1039.871	1.0
1040.871	1.0
1041.871	1.0
1042.871	1.0
1043.871	1.0
1044.871	1.0
1045.871	1.0
1046.871	1.0
1047.871	1.0
1048.871	1.0
1049.871	1.0
1050.871	1.0
1051.871	1.0
1052.871	1.0
1053.871	1.0
1054.871	1.0
1055.871	1.0
1056.871	1.0
1057.871	1.0
1058.871	1.0
1059.871	1.0
1060.871	1.0
1061.871	1.0
1062.871	1.0
1063.871	1.0
1064.871	1.0
1065.871	1.0
1066.871	1.0
1067.871	1.0
1068.871	1.0
1069.871	1.0
1070.871	1.0
1071.871	1.0
1072.871	1.0
1073.871	1.0
1074.871	1.0
1075.871	1.0
1076.871	1.0
1077.871	1.0
1078.871	1.0
1079.871	1.0
1080.871	1.0
1081.871	1.0
1082.871	1.0
1083.871	1.0
1084.871	1.0
1085.871	1.0
1086.871	1.0
1087.871	1.0
1088.871	1.0
1089.871	1.0
1090.871	1.0
1091.871	1.0
1092.871	1.0
1093.871	1.0
1094.871	1.0
1095.871	1.0
1096.871	1.0
1097.871	1.0
1098.871	1.0
1099.871	1.0
1100.871	1.0
1101.871	1.0
1102.871	1.0
1103.871	1.0
1104.871	1.0
1105.871	1.0
1106.871	1.0
1107.871	1.0
1108.871	1.0
1109.871	1.0
1110.871	1.0
1111.871	1.0
1112.871	1.0
1113.871	1.0
1114.871	1.0
1115.871	1.0
1116.871	1.0
1117.871	1.0
1118.871	1.0
1119.871	1.0
1120.871	1.0
1121.871	1.0
1122.871	1.0
1123.871	1.0
1124.871	1.0
1125.871	1.0
1126.871	1.0
1127.871	1.0
1128.871	1.0
1129.871	1.0
1130.871	1.0
1131.871	1.0
1132.871	1.0
1133.871	1.0
1134.871	1.0
1135.871	1.0
1136.871	1.0
1137.871	1.0
1138.871	1.0
1139.871	1.0
1140.871	1.0
1141.871	1.0
1142.871	1.0
1143.871	1.0
1144.871	1.0
1145.871	1.0
1146.871	1.0
1147.871	1.0
1148.871	1.0
1149.871	1.0
1150.871	1.0
1151.871	1.0
1152.871	1.0
1153.871	1.0
1154.871	1.0
1155.871	1.0
1156.871	1.0
1157.871	1.0
1158.871	1.0
1159.871	1.0
1160.871	1.0
1161.871	1.0
1162.871	1.0
1163.871	1.0
1164.871	1.0
1165.871	1.0
1166.871	1.0
1167.871	1.0
1168.871	1.0
1169.871	1.0
1170.871	1.0
1171.871	1.0
1172.871	1.0
1173.871	1.0
1174.871	1.0
1175.871	1.0
1176.871	1.0
1177.871	1.0
1178.871	1.0
1179.871	1.0
1180.871	1.0
1181.871	1.0
1182.871	1.0
1183.871	1.0
1184.871	1.0
1185.871	1.0
1186.871	1.0
1187.871	1.0
1188.871	1.0
1189.871	1.0
1190.871	1.0
1191.871	1.0
1192.871	1.0
1193.871	1.0
1194.871	1.0
1195.871	1.0
1196.871	1.0
1197.871	1.0
1198.871	1.0
1199.871	1.0
1200.871	1.0
1201.871	1.0
1202.871	1.0
1203.871	1.0
1204.871	1.0
1205.871	1.0
1206.871	1.0
1207.871	1.0
1208.871	1.0
1209.871	1.0
1210.871	1.0
1211.871	1.0
1212.871	1.0
1213.871	1.0
1214.871	1.0
1215.871	1.0
1216.871	1.0
1217.871	1.0
1218.871	1.0
1219.871	1.0
1220.871	1.0
1221.871	1.0
1222.871	1.0
1223.871	1.0
1224.871	1.0
1225.871	1.0
1226.871	1.0
1227.871	1.0
1228.871	1.0
1229.871	1.0
1230.871	1.0
1231.871	1.0
1232.871	1.0
1233.871	1.0
1234.871	1.0
1235.871	1.0
1236.871	1.0
1237.871	1.0
1238.871	1.0
1239.871	1.0
1240.871	1.0
1241.871	1.0
1242.871	1.0
1243.871	1.0
1244.871	1.0
1245.871	1.0
1246.871	1.0
1247.871	1.0
1248.871	1.0
1249.871	1.0
1250.871	1.0
1251.871	1.0
1252.871	1.0
1253.871	1.0
1254.871	1.0
1255.871	1.0
1256.871	1.0
1257.871	1.0
1258.871	1.0
1259.871	1.0
1260.871	1.0
1261.871	1.0
1262.871	1.0
1263.871	1.0
1264.871	1.0
1265.871	1.0
1266.871	1.0
1267.871	1.0
1268.871	1.0
1269.871	1.0
1270.871	1.0
1271.871	1.0
1272.871	1.0
1273.871	1.0
1274.871	1.0
1275.871	1.0
1276.871	1.0
1277.871	1.0
1278.871	1.0
1279.871	1.0
1280.871	1.0
1281.871	1.0
1282.871	1.0
1283.871	1.0
1284.871	1.0
1285.871	1.0
1286.871	1.0
1287.871	1.0
1288.871	1.0
1289.871	1.0
1290.871	1.0
1291.871	1.0
1292.871	1.0
1293.871	1.0
1294.871	1.0
1295.871	1.0
1296.871	1.0
1297.871	1.0
1298.871	1.0
1299.871	1.0
1300.871	1.0
1301.871	1.0
1302.871	1.0
1303.871	1.0
1304.871	1.0
1305.871	1.0
1306.871	1.0
1307.871	1.0
1308.871	1.0
1309.871	1.0
1310.871	1.0
1311.871	1.0
1312.871	1.0
1313.871	1.0
1314.871	1.0
1315.871	1.0
1316.871	1.0
1317.871	1.0
1318.871	1.0
1319.871	1.0
1320.871	1.0
1321.871	1.0
1322.871	1.0
1323.871	1.0
1324.871	1.0
1325.871	1.0
1326.871	1.0
1327.871	1.0
1328.871	1.0
1329.871	1.0
1330.871	1.0
1331.871	1.0
1332.871	1.0
1333.871	1.0
1334.871	1.0
1335.871	1.0
1336.871	1.0
1337.871	1.0
1338.871	1.0
1339.871	1.0
1340.871	1.0
1341.871	1.0
1342.871	1.0
1343.871	1.0
1344.871	1.0
1345.871	1.0
1346.871	1.0
1347.871	1.0
1348.871	1.0
1349.871	1.0
1350.871	1.0
1351.871	1.0
1352.871	1.0
1353.871	1.0
1354.871	1.0
1355.871	1.0
1356.871	1.0
1357.871	1.0
1358.871	1.0
1359.871	1.0
1360.871	1.0
1361.871	1.0
1362.871	1.0
1363.871	1.0
1364.871	1.0
1365.871	1.0
1366.871	1.0
1367.871	1.0
1368.871	1.0
1369.871	1.0
1370.871	1.0
1371.871	1.0
1372.871	1.0
1373.871	1.0
1374.871	1.0
1375.871	1.0
1376.871	1.0
1377.871	1.0
1378.871	1.0
1379.871	1.0
1380.871	1.0
1381.871	1.0
1382.871	1.0
1383.871	1.0
1384.871	1.0
1385.871	1.0
1386.871	1.0
1387.871	1.0
1388.871	1.0
1389.871	1.0
1390.871	1.0
1391.871	1.0
1392.871	1.0
1393.871	1.0
1394.871	1.0
1395.871	1.0
1396.871	1.0
1397.871	1.0
1398.871	1.0
1399.871	1.0
1400.871	1.0
1401.871	1.0
1402.871	1.0
1403.871	1.0
1404.871	1.0
1405.871	1.0
1406.871	1.0
1407.871	1.0
1408.871	1.0
1409.871	1.0
1410.871	1.0
1411.871	1.0
1412.871	1.0
1413.871	1.0
1414.871	1.0
1415.871	1.0
1416.871	1.0
1417.871	1.0
1418.871	1.0
1419.871	1.0
1420.871	1.0
1421.871	1.0
1422.871	1.0
1423.871	1.0
1424.871	1.0
1425.871	1.0
1426.871	1.0
1427.871	1.0
1428.871	1.0
1429.871	1.0
1430.871	1.0
1431.871	1.0
1432.871	1.0
1433.871	1.0
1434.871	1.0
1435.871	1.0
1436.871	1.0
1437.871	1.0
1438.871	1.0
1439.871	1.0
1440.871	1.0
1441.871	1.0
1442.871	1.0
1443.871	1.0
1444.871	1.0
1445.871	1.0
1446.871	1.0
1447.871	1.0
1448.871	1.0
1449.871	1.0
1450.871	1.0
1451.871	1.0
1452.871	1.0
1453.871	1.0
1454.871	1.0
1455.871	1.0
1456.871	1.0
1457.871	1.0
1458.871	1.0
1459.871	1.0
1460.871	1.0
1461.871	1.0
1462.871	1.0
1463.871	1.0
1464.871	1.0
1465.871	1.0
1466.871	1.0
1467.871	1.0
1468.871	1.0
1469.871	1.0
1470.871	1.0
1471.871	1.0
1472.871	1.0
1473.871	1.0
1474.871	1.0
1475.871	1.0
1476.871	1.0
1477.871	1.0
1478.871	1.0
1479.871	1.0
1480.871	1.0
1481.871	1.0
1482.871	1.0
1483.871	1.0
1484.871	1.0
1485.871	1.0
1486.871	1.0
1487.871	1.0
1488.871	1.0
1489.871	1.0
1490.871	1.0
1491.871	1.0
1492.871	1.0
1493.871	1.0
1494.871	1.0
1495.871	1.0
1496.871	1.0
1497.871	1.0
1498.871	1.0
1499.871	1.0
1500.871	1.0
1501.871	1.0
1502.871	1.0
1503.871	1.0
1504.871	1.0
1505.871	1.0
1506.871	1.0
1507.871	1.0
1508.871	1.0
1509.871	1.0
1510.871	1.0
1511.871	1.0
1512.871	1.0
1513.871	1.0
1514.871	1.0
1515.871	1.0
1516.871	1.0
1517.871	1.0
1518.871	1.0
1519.871	1.0
1520.871	1.0
1521.871	1.0
1522.871	1.0
1523.871	1.0
1524.871	1.0
1525.871	1.0
1526.871	1.0
1527.871	1.0
1528.871	1.0
1529.871	1.0
1530.871	1.0
1531.871	1.0
1532.871	1.0
1533.871	1.0
1534.871	1.0
1535.871	1.0
1536.871	1.0
1537.871	1.0
1538.871	1.0
1539.871	1.0
1540.871	1.0
1541.871	1.0
1542.871	1.0
1543.871	1.0
1544.871	1.0
1545.871	1.0
1546.871	1.0
1547.871	1.0
1548.871	1.0
1549.871	1.0
1550.871	1.0
1551.871	1.0
1552.871	1.0
1553.871	1.0
1554.871	1.0
1555.871	1.0
1556.871	1.0
1557.871	1.0
1558.871	1.0
1559.871	1.0
1560.871	1.0
1561.871	1.0
1562.871	1.0
1563.871	1.0
1564.871	1.0
1565.871	1.0
1566.871	1.0
1567.871	1.0
1568.871	1.0
1569.871	1.0
1570.871	1.0
1571.871	1.0
1572.871	1.0
1573.871	1.0
1574.871	1.0
1575.871	1.0
1576.871	1.0
1577.871	1.0
1578.871	1.0
1579.871	1.0
1580.871	1.0
1581.871	1.0
1582.871	1.0
1583.871	1.0
1584.871	1.0
1585.871	1.0
1586.871	1.0
1587.871	1.0
1588.871	1.0
1589.871	1.0
1590.871	1.0
1591.871	1.0
1592.871	1.0
1593.871	1.0
1594.871	1.0
1595.871	1.0
1596.871	1.0
1597.871	1.0
1598.871	1.0
1599.871	1.0
1600.871	1.0
1601.871	1.0
1602.871	1.0
1603.871	1.0
1604.871	1.0
1605.871	1.0
1606.871	1.0
1607.871	1.0
1608.871	1.0
1609.871	1.0
1610.871	1.0
1611.871	1.0
1612.871	1.0
1613.871	1.0
1614.871	1.0
1615.871	1.0
1616.871	1.0
1617.871	1.0
1618.871	1.0
1619.871	1.0
1620.871	1.0
1621.871	1.0
1622.871	1.0
1623.871	1.0
1624.871	1.0
1625.871	1.0
1626.871	1.0
1627.871	1.0
1628.871	1.0
1629.871	1.0
1630.871	1.0
1631.871	1.0
1632.871	1.0
1633.871	1.0
1634.871	1.0
1635.871	1.0
1636.871	1.0
1637.871	1.0
1638.871	1.0
1639.871	1.0
1640.871	1.0
1641.871	1.0
1642.871	1.0
1643.871	1.0
1644.871	1.0
1645.871	1.0
1646.871	1.0
1647.871	1.0
1648.871	1.0
1649.871	1.0
1650.871	1.0
1651.871	1.0
1652.871	1.0
1653.871	1.0
1654.871	1.0
1655.871	1.0
1656.871	1.0
1657.871	1.0
1658.871	1.0
1659.871	1.0
1660.871	1.0
1661.871	1.0
1662.871	1.0
1663.871	1.0
1664.871	1.0
1665.871	1.0
1666.871	1.0
1667.871	1.0
1668.871	1.0
1669.871	1.0
1670.871	1.0
1671.871	1.0
1672.871	1.0
1673.871	1.0
1674.871	1.0
1675.871	1.0
1676.871	1.0
1677.871	1.0
1678.871	1.0
1679.871	1.0
1680.871	1.0
1681.871	1.0
1682.871	1.0
1683.871	1.0
1684.871	1.0
1685.871	1.0
1686.871	1.0
1687.871	1.0
1688.871	1.0
1689.871	1.0
1690.871	1.0
1691.871	1.0
1692.871	1.0
1693.871	1.0
1694.871	1.0
1695.871	1.0
1696.871	1.0
1697.871	1.0
1698.871	1.0
1699.871	1.0
1700.871	1.0
1701.871	1.0
1702.871	1.0
1703.871	1.0
1704.871	1.0
1705.871	1.0
1706.871	1.0
1707.871	1.0
1708.871	1.0
1709.871	1.0
1710.871	1.0
1711.871	1.0
1712.871	1.0
1713.871	1.0
1714.871	1.0
1715.871	1.0
1716.871	1.0
1717.871	1.0
1718.871	1.0
1719.871	1.0
1720.871	1.0
1721.871	1.0
1722.871	1.0
1723.871	1.0
1724.871	1.0
1725.871	1.0
1726.871	1.0
1727.871	1.0
1728.871	1.0
1729.871	1.0
1730.871	1.0
1731.871	1.0
1732.871	1.0
1733.871	1.0
1734.871	1.0
1735.871	1.0
1736.871	1.0
1737.871	1.0
1738.871	1.0
1739.871	1.0
1740.871	1.0
1741.871	1.0
1742.871	1.0
1743.871	1.0
1744.871	1.0
1745.871	1.0
1746.871	1.0
1747.871	1.0
1748.871	1.0
1749.871	1.0
1750.871	1.0
1751.871	1.0
1752.871	1.0
1753.871	1.0
1754.871	1.0
1755.871	1.0
1756.871	1.0
1757.871	1.0
1758.871	1.0
1759.871	1.0
1760.871	1.0
1761.871	1.0
1762.871	1.0
1763.871	1.0
1764.871	1.0
1765.871	1.0
1766.871	1.0
1767.871	1.0
1768.871	1.0
1769.871	1.0
1770.871	1.0
1771.871	1.0
1772.871	1.0
1773.871	1.0
1774.871	1.0
1775.871	1.0
1776.871	1.0
1777.871	1.0
1778.871	1.0
1779.871	1.0
1780.871	1.0
1781.871	1.0
1782.871	1.0
1783.871	1.0
1784.871	1.0
1785.871	1.0
1786.871	1.0
1787.871	1.0
1788.871	1.0
1789.871	1.0
1790.871	1.0
1791.871	1.0
1792.871	1.0
1793.871	1.0
1794.871	1.0
1795.871	1.0
1796.871	1.0
1797.871	1.0
1798.871	1.0
1799.871	1.0
1800.871	1.0
1801.871	1.0
1802.871	1.0
1803.871	1.0
1804.871	1.0
1805.871	1.0
1806.871	1.0
1807.871	1.0
1808.871	1.0
1809.871	1.0
1810.871	1.0
1811.871	1.0
1812.871	1.0
1813.871	1.0
1814.871	1.0
1815.871	1.0
1816.871	1.0
1817.871	1.0
1818.871	1.0
1819.871	1.0
1820.871	1.0
1821.871	1.0
1822.871	1.0
1823.871	1.0
1824.871	1.0
1825.871	1.0
1826.871	1.0
1827.871	1.0
1828.871	1.0
1829.871	1.0
1830.871	1.0
1831.871	1.0
1832.871	1.0
1833.871	1.0
1834.871	1.0
1835.871	1.0
1836.871	1.0
1837.871	1.0
1838.871	1.0
1839.871	1.0
1840.871	1.0
1841.871	1.0
1842.871	1.0
1843.871	1.0
1844.871	1.0
1845.871	1.0
1846.871	1.0
1847.871	1.0
1848.871	1.0
1849.871	1.0
1850.871	1.0
1851.871	1.0
1852.871	1.0
1853.871	1.0
1854.871	1.0
1855.871	1.0
1856.871	1.0
1857.871	1.0
1858.871	1.0
1859.871	1.0
1860.871	1.0
1861.871	1.0
1862.871	1.0
1863.871	1.0
1864.871	1.0
1865.871	1.0
1866.871	1.0
1867.871	1.0
1868.871	1.0
1869.871	1.0
1870.871	1.0
1871.871	1.0
1872.871	1.0
1873.871	1.0
1874.871	1.0
1875.871	1.0
1876.871	1.0
1877.871	1.0
1878.871	1.0
1879.871	1.0
1880.871	1.0
1881.871	1.0
1882.871	1.0
1883.871	1.0
1884.871	1.0
1885.871	1.0
1886.871	1.0
1887.871	1.0
1888.871	1.0
1889.871	1.0
1890.871	1.0
1891.871	1.0
1892.871	1.0
1893.871	1.0
1894.871	1.0
1895.871	1.0
1896.871	1.0
1897.871	1.0
1898.871	1.0
1899.871	1.0
1900.871	1.0
1901.871	1.0
1902.871	1.0
1903.871	1.0
1904.871	1.0
1905.871	1.0
1906.871	1.0
1907.871	1.0
1908.871	1.0
1909.871	1.0
1910.871	1.0
1911.871	1.0
1912.871	1.0
1913.871	1.0
1914.871	1.0
1915.871	1.0
1916.871	1.0
1917.871	1.0
1918.871	1.0
1919.871	1.0
1920.871	1.0
1921.871	1.0
1922.871	1.0
1923.871	1.0
1924.871	1.0
1925.871	1.0
1926.871	1.0
1927.871	1.0
1928.871	1.0
1929.871	1.0
1930.871	1.0
1931.871	1.0
1932.871	1.0
1933.871	1.0
1934.871	1.0
1935.871	1.0
1936.871	1.0
1937.871	1.0
1938.871	1.0
1939.871	1.0
1940.871	1.0
1941.871	1.0
1942.871	1.0
1943.871	1.0
1944.871	1.0
1945.871	1.0
1946.871	1.0
1947.871	1.0
1948.871	1.0
1949.871	1.0
1950.871	1.0
1951.871	1.0
1952.871	1.0
1953.871	1.0
1954.871	1.0
1955.871	1.0
1956.871	1.0
1957.871	1.0
1958.871	1.0
1959.871	1.0
1960.871	1.0
1961.871	1.0
1962.871	1.0
1963.871	1.0
1964.871	1.0
1965.871	1.0
1966.871	1.0
1967.871	1.0
1968.871	1.0
1969.871	1.0
1970.871	1.0
1971.871	1.0
1972.871	1.0
1973.871	1.0
1974.871	1.0
1975.871	1.0
1976.871	1.0
1977.871	1.0
1978.871	1.0
1979.871	1.0
1980.871	1.0
1981.871	1.0
1982.871	1.0
1983.871	1.0
1984.871	1.0
1985.871	1.0
1986.871	1.0
1987.871	1.0
1988.871	1.0
1989.871	1.0
1990.871	1.0
1991.871	1.0
1992.871	1.0
1993.871	1.0
1994.871	1.0
1995.871	1.0
1996.871	1.0
1997.871	1.0
1998.871	1.0
1999.871	1.0
2000.871	1.0
2001.871	1.0
2002.871	1.0
2003.871	1.0
2004.871	1.0
2005.871	1.0
2006.871	1.0
2007.871	1.0
2008.871	1.0
2009.871	1.0
2010.871	1.0
2011.871	1.0
2012.871	1.0
2013.871	1.0
2014.871	1.0
2015.871	1.0
2016.871	1.0
2017.871	1.0
2018.871	1.0
2019.871	1.0
2020.871	1.0
2021.871	1.0
2022.871	1.0
2023.871	1.0
2024.871	1.0
2025.871	1.0
2026.871	1.0
2027.871	1.0
2028.871	1.0
2029.871	1.0
2030.871	1.0
2031.871	1.0
2032.871	1.0
2033.871	1.0
2034.871	1.0
2035.871	1.0
2036.871	1.0
2037.871	1.0
2038.871	1.0
2039.871	1.0
2040.871	1.0
2041.871	1.0
2042.871	1.0
2043.871	1.0
2044.871	1.0
2045.871	1.0
2046.871	1.0
2047.871	1.0
2048.871	1.0
2049.871	1.0
2050.871	1.0
2051.871	1.0
2052.871	1.0
2053.871	1.0
2054.871	1.0
2055.871	1.0
2056.871	1.0
2057.871	1.0
2058.871	1.0
2059.871	1.0
2060.871	1.0
2061.871	1.0
2062.871	1.0
2063.871	1.0
2064.871	1.0
2065.871	1.0
2066.871	1.0
2067.871	1.0
2068.871	1.0
2069.871	1.0
2070.871	1.0
2071.871	1.0
2072.871	1.0
2073.871	1.0
2074.871	1.0
2075.871	1.0
2076.871	1.0
2077.871	1.0
2078.871	1.0
2079.871	1.0
2080.871	1.0
2081.871	1.0
2082.871	1.0
2083.871	1.0
2084.871	1.0
2085.871	1.0
2086.871	1.0
2087.871	1.0
2088.871	1.0
2089.871	1.0
2090.871	1.0
2091.871	1.0
2092.871	1.0
2093.871	1.0
2094.871	1.0
2095.871	1.0
2096.871	1.0
2097.871	1.0
2098.871	1.0
2099.871	1.0
2100.871	1.0
2101.871	1.0
2102.871	1.0
2103.871	1.0
2104.871	1.0
2105.871	1.0
2106.871	1.0
2107.871	1.0
2108.871	1.0
2109.871	1.0
2110.871	1.0
2111.871	1.0
2112.871	1.0
2113.871	1.0
2114.871	1.0
2115.871	1.0
2116.871	1.0
2117.871	1.0
2118.871	1.0
2119.871	1.0
2120.871	1.0
2121.871	1.0
2122.871	1.0
2123.871	1.0
2124.871	1.0
2125.871	1.0
2126.871	1.0
2127.871	1.0
2128.871	1.0
2129.871	1.0
2130.871	1.0
2131.871	1.0
2132.871	1.0
2133.871	1.0
2134.871	1.0
2135.871	1.0
2136.871	1.0
2137.871	1.0
2138.871	1.0
2139.871	1.0
2140.871	1.0
2141.871	1.0
2142.871	1.0
2143.871	1.0
2144.871	1.0
2145.871	1.0
2146.871	1.0
2147.871	1.0
2148.871	1.0
2149.871	1.0
2150.871	1.0
2151.871	1.0
2152.871	1.0
2153.871	1.0
2154.871	1.0
2155.871	1.0
2156.871	1.0
2157.871	1.0
2158.871	1.0
2159.871	1.0
2160.871	1.0
2161.871	1.0
2162.871	1.0
2163.871	1.0
2164.871	1.0
2165.871	1.0
2166.871	1.0
2167.871	1.0
2168.871	1.0
2169.871	1.0
2170.871	1.0
2171.871	1.0
2172.871	1.0
2173.871	1.0
2174.871	1.0
2175.871	1.0
2176.871	1.0
2177.871	1.0
2178.871	1.0
2179.871	1.0
2180.871	1.0
2181.871	1.0
2182.871	1.0
2183.871	1.0
2184.871	1.0
2185.871	1.0
2186.871	1.0
2187.871	1.0
2188.871	1.0
2189.871	1.0
2190.871	1.0
2191.871	1.0
2192.871	1.0
2193.871	1.0
2194.871	1.0
2195.871	1.0
2196.871	1.0
2197.871	1.0
2198.871	1.0
2199.871	1.0
2200.871	1.0
2201.871	1.0
2202.871	1.0
2203.871	1.0
2204.871	1.0
2205.871	1.0
2206.871	1.0
2207.871	1.0
2208.871	1.0
2209.871	1.0
2210.871	1.0
2211.871	1.0
2212.871	1.0
2213.871	1.0
2214.871	1.0
2215.871	1.0
2216.871	1.0
2217.871	1.0
2218.871	1.0
2219.871	1.0
2220.871	1.0
2221.871	1.0
2222.871	1.0
2223.871	1.0
2224.871	1.0
2225.871	1.0
2226.871	1.0
2227.871	1.0
2228.871	1.0
2229.871	1.0
2230.871	1.0
2231.871	1.0
2232.871	1.0
2233.871	1.0
2234.871	1.0
2235.871	1.0
2236.871	1.0
2237.871	1.0
2238.871	1.0
2239.871	1.0
2240.871	1.0
2241.871	1.0
2242.871	1.0
2243.871	1.0
2244.871	1.0
2245.871	1.0
2246.871	1.0
2247.871	1.0
2248.871	1.0
2249.871	1.0
2250.871	1.0
2251.871	1.0
2252.871	1.0
2253.871	1.0
2254.871	1.0
2255.871	1.0
2256.871	1.0
2257.871	1.0
2258.871	1.0
2259.871	1.0
2260.871	1.0
2261.871	1.0
2262.871	1.0
2263.871	1.0
2264.871	1.0
2265.871	1.0
2266.871	1.0
2267.871	1.0
2268.871	1.0
2269.871	1.0
2270.871	1.0
2271.871	1.0
2272.871	1.0
2273.871	1.0
2274.871	1.0
2275.871	1.0
2276.871	1.0
2277.871	1.0
2278.871	1.0
2279.871	1.0
2280.871	1.0
2281.871	1.0
2282.871	1.0
2283.871	1.0
2284.871	1.0
2285.871	1.0
2286.871	1.0
2287.871	1.0
2288.871	1.0
2289.871	1.0
2290.871	1.0
2291.871	1.0
2292.871	1.0
2293.871	1.0
2294.871	1.0
2295.871	1.0
2296.871	1.0
2297.871	1.0
2298.871	1.0
2299.871	1.0
2300.871	1.0
2301.871	1.0
2302.871	1.0
2303.871	1.0
2304.871	1.0
2305.871	1.0
2306.871	1.0
2307.871	1.0
2308.871	1.0
2309.871	1.0
2310.871	1.0
2311.871	1.0
2312.871	1.0
2313.871	1.0
2314.871	1.0
2315.871	1.0
2316.871	1.0
2317.871	1.0
2318.871	1.0
2319.871	1.0
2320.871	1.0
2321.871	1.0
2322.871	1.0
2323.871	1.0
2324.871	1.0
2325.871	1.0
2326.871	1.0
2327.871	1.0
2328.871	1.0
2329.871	1.0
2330.871	1.0
2331.871	1.0
2332.871	1.0
2333.871	1.0
2334.871	1.0
2335.871	1.0
2336.871	1.0
2337.871	1.0
2338.871	1.0
2339.871	1.0
2340.871	1.0
2341.871	1.0
2342.871	1.0
2343.871	1.0
2344.871	1.0
2345.871	1.0
2346.871	1.0
2347.871	1.0
2348.871	1.0
2349.871	1.0
2350.871	1.0
2351.871	1.0
2352.871	1.0
2353.871	1.0
2354.871	1.0
2355.871	1.0
2356.871	1.0
2357.871	1.0
2358.871	1.0
2359.871	1.0
2360.871	1.0
2361.871	1.0
2362.871	1.0
2363.871	1.0
2364.871	1.0
2365.871	1.0
2366.871	1.0
2367.871	1.0
2368.871	1.0
2369.871	1.0
2370.871	1.0
2371.871	1.0
2372.871	1.0
2373.871	1.0
2374.871	1.0
2375.871	1.0
2376.871	1.0
2377.871	1.0
2378.871	1.0
2379.871	1.0
2380.871	1.0
2381.871	1.0
2382.871	1.0
2383.871	1.0
2384.871	1.0
2385.871	1.0
2386.871	1.0
2387.871	1.0
2388.871	1.0
2389.871	1.0
2390.871	1.0
2391.871	1.0
2392.871	1.0
2393.871	1.0
2394.871	1.0
2395.871	1.0
2396.871	1.0
2397.871	1.0
2398.871	1.0
2399.871	1.0
2400.871	1.0
2401.871	1.0
2402.871	1.0
2403.871	1.0
2404.871	1.0
2405.871	1.0
2406.871	1.0
2407.871	1.0
2408.871	1.0
2409.871	1.0
2410.871	1.0
2411.871	1.0
2412.871	1.0
2413.871	1.0
2414.871	1.0
2415.871	1.0
2416.871	1.0
2417.871	1.0
2418.871	1.0
2419.871	1.0
2420.871	1.0
2421.871	1.0
2422.871	1.0
2423.871	1.0
2424.871	1.0
2425.871	1.0
2426.871	1.0
2427.871	1.0
2428.871	1.0
2429.871	1.0
2430.871	1.0
2431.871	1.0
2432.871	1.0
2433.871	1.0
2434.871	1.0
2435.871	1.0
2436.871	1.0
2437.871	1.0
2438.871	1.0
2439.871	1.0
2440.871	1.0
2441.871	1.0
2442.871	1.0
2443.871	1.0
2444.871	1.0
2445.871	1.0
2446.871	1.0
2447.871	1.0
2448.871	1.0
2449.871	1.0
2450.871	1.0
2451.871	1.0
2452.871	1.0
2453.871	1.0
2454.871	1.0
2455.871	1.0
2456.871	1.0
2457.871	1.0
2458.871	1.0
2459.871	1.0
2460.871	1.0
2461.871	1.0
2462.871	1.0
2463.871	1.0
2464.871	1.0
2465.871	1.0
2466.871	1.0
2467.871	1.0
2468.871	1.0
2469.871	1.0
2470.871	1.0
2471.871	1.0
2472.871	1.0
2473.871	1.0
2474.871	1.0
2475.871	1.0
2476.871	1.0
2477.871	1.0
2478.871	1.0
2479.871	1.0
2480.871	1.0
2481.871	1.0
2482.871	1.0
2483.871	1.0
2484.871	1.0
2485.871	1.0
2486.871	1.0
2487.871	1.0
2488.871	1.0
2489.871	1.0
2490.871	1.0
2491.871	1.0
2492.871	1.0
2493.871	1.0
2494.871	1.0
2495.871	1.0
2496.871	1.0
2497.871	1.0
2498.871	1.0
2499.871	1.0
2500.871	1.0
2501.871	1.0
2502.871	1.0
2503.871	1.0
2504.871	1.0
2505.871	1.0
2506.871	1.0
2507.871	1.0
2508.871	1.0
2509.871	1.0
2510.871	1.0
2511.871	1.0
2512.871	1.0
2513.871	1.0
2514.871	1.0
2515.871	1.0
2516.871	1.0
2517.871	1.0
2518.871	1.0
2519.871	1.0
2520.871	1.0
2521.871	1.0
2522.871	1.0
2523.871	1.0
2524.871	1.0
2525.871	1.0
2526.871	1.0
2527.871	1.0
2528.871	1.0
2529.871	1.0
2530.871	1.0
2531.871	1.0
2532.871	1.0
2533.871	1.0
2534.871	1.0
2535.871	1.0
2536.871	1.0
2537.871	1.0
2538.871	1.0
2539.871	1.0
2540.871	1.0
2541.871	1.0
2542.871	1.0
2543.871	1.0
2544.871	1.0
2545.871	1.0
2546.871	1.0
2547.871	1.0
2548.871	1.0
2549.871	1.0
2550.871	1.0
2551.871	1.0
2552.871	1.0
2553.871	1.0
2554.871	1.0
2555.871	1.0
2556.871	1.0
2557.871	1.0
2558.871	1.0
2559.871	1.0
2560.871	1.0
2561.871	1.0
2562.871	1.0
2563.871	1.0
2564.871	1.0
2565.871	1.0
2566.871	1.0
2567.871	1.0
2568.871	1.0
2569.871	1.0
2570.871	1.0
2571.871	1.0
2572.871	1.0
2573.871	1.0
2574.871	1.0
2575.871	1.0
2576.871	1.0
2577.871	1.0
2578.871	1.0
2579.871	1.0
2580.871	1.0
2581.871	1.0
2582.871	1.0
2583.871	1.0
2584.871	1.0
2585.871	1.0
2586.871	1.0
2587.871	1.0
2588.871	1.0
2589.871	1.0
2590.871	1.0
2591.871	1.0
2592.871	1.0
2593.871	1.0
2594.871	1.0
2595.871	1.0
2596.871	1.0
2597.871	1.0
2598.871	1.0
2599.871	1.0
2600.871	1.0
2601.871	1.0
2602.871	1.0
2603.871	1.0
2604.871	1.0
2605.871	1.0
2606.871	1.0
2607.871	1.0
2608.871	1.0
2609.871	1.0
2610.871	1.0
2611.871	1.0
2612.871	1.0
2613.871	1.0
2614.871	1.0
2615.871	1.0
2616.871	1.0
2617.871	1.0
2618.871	1.0
2619.871	1.0
2620.871	1.0
2621.871	1.0
2622.871	1.0
2623.871	1.0
2624.871	1.0
2625.871	1.0
2626.871	1.0
2627.871	1.0
2628.871	1.0
2629.871	1.0
2630.871	1.0
2631.871	1.0
2632.871	1.0
2633.871	1.0
2634.871	1.0
2635.871	1.0
2636.871	1.0
2637.871	1.0
2638.871	1.0
2639.871	1.0
2640.871	1.0
2641.871	1.0
2642.871	1.0
2643.871	1.0
2644.871	1.0
2645.871	1.0
2646.871	1.0
2647.871	1.0
2648.871	1.0
2649.871	1.0
2650.871	1.0
2651.871	1.0
2652.871	1.0
2653.871	1.0
2654.871	1.0
2655.871	1.0
2656.871	1.0
2657.871	1.0
2658.871	1.0
2659.871	1.0
2660.871	1.0
2661.871	1.0
2662.871	1.0
2663.871	1.0
2664.871	1.0
2665.871	1.0
2666.871	1.0
2667.871	1.0
2668.871	1.0
2669.871	1.0
2670.871	1.0
2671.871	1.0
2672.871	1.0
2673.871	1.0
2674.871	1.0
2675.871	1.0
2676.871	1.0
2677.871	1.0
2678.871	1.0
2679.871	1.0
2680.871	1.0
2681.871	1.0
2682.871	1.0
2683.871	1.0
2684.871	1.0
2685.871	1.0
2686.871	1.0
2687.871	1.0
2688.871	1.0
2689.871	1.0
2690.871	1.0
2691.871	1.0
2692.871	1.0
2693.871	1.0
2694.871	1.0
2695.871	1.0
2696.871	1.0
2697.871	1.0
2698.871	1.0
2699.871	1.0
2700.871	1.0
2701.871	1.0
2702.871	1.0
2703.871	1.0
2704.871	1.0
2705.871	1.0
2706.871	1.0
2707.871	1.0
2708.871	1.0
2709.871	1.0
2710.871	1.0
2711.871	1.0
2712.871	1.0
2713.871	1.0
2714.871	1.0
2715.871	1.0
2716.871	1.0
2717.871	1.0
2718.871	1.0
2719.871	1.0
2720.871	1.0
2721.871	1.0
2722.871	1.0
2723.871	1.0
2724.871	1.0
2725.871	1.0
2726.871	1.0
2727.871	1.0
2728.871	1.0
2729.871	1.0
2730.871	1.0
2731.871	1.0
2732.871	1.0
2733.871	1.0
2734.871	1.0
2735.871	1.0
2736.871	1.0
2737.871	1.0
2738.871	1.0
2739.871	1.0
2740.871	1.0
2741.871	1.0
2742.871	1.0
2743.871	1.0
2744.871	1.0
2745.871	1.0
2746.871	1.0
2747.871	1.0
2748.871	1.0
2749.871	1.0
2750.871	1.0
2751.871	1.0
2752.871	1.0
2753.871	1.0
2754.871	1.0
2755.871	1.0
2756.871	1.0
2757.871	1.0
2758.871	1.0
2759.871	1.0
2760.871	1.0
2761.871	1.0
2762.871	1.0
2763.871	1.0
2764.871	1.0
2765.871	1.0
2766.871	1.0
2767.871	1.0
2768.871	1.0
2769.871	1.0
2770.871	1.0
2771.871	1.0
2772.871	1.0
2773.871	1.0
2774.871	1.0
2775.871	1.0
2776.871	1.0
2777.871	1.0
2778.871	1.0
2779.871	1.0
2780.871	1.0
2781.871	1.0
2782.871	1.0
2783.871	1.0
2784.871	1.0
2785.871	1.0
2786.871	1.0
2787.871	1.0
2788.871	1.0
2789.871	1.0
2790.871	1.0
2791.871	1.0
2792.871	1.0
2793.871	1.0
2794.871	1.0
2795.871	1.0
2796.871	1.0
2797.871	1.0
2798.871	1.0
2799.871	1.0
2800.871	1.0
2801.871	1.0
2802.871	1.0
2803.871	1.0
2804.871	1.0
2805.871	1.0
2806.871	1.0
2807.871	1.0
2808.871	1.0
2809.871	1.0
2810.871	1.0
2811.871	1.0
2812.871	1.0
2813.871	1.0
2814.871	1.0
2815.871	1.0
2816.871	1.0
2817.871	1.0
2818.871	1.0
2819.871	1.0
2820.871	1.0
2821.871	1.0
2822.871	1.0
2823.871	1.0
2824.871	1.0
2825.871	1.0
2826.871	1.0
2827.871	1.0
2828.871	1.0
2829.871	1.0
2830.871	1.0
2831.871	1.0
2832.871	1.0
2833.871	1.0
2834.871	1.0
2835.871	1.0
2836.871	1.0
2837.871	1.0
2838.871	1.0
2839.871	1.0
2840.871	1.0
2841.871	1.0
2842.871	1.0
2843.871	1.0
2844.871	1.0
2845.871	1.0
2846.871	1.0
2847.871	1.0
2848.871	1.0
2849.871	1.0
2850.871	1.0
2851.871	1.0
2852.871	1.0
2853.871	1.0
2854.871	1.0
2855.871	1.0
2856.871	1.0
2857.871	1.0
2858.871	1.0
2859.871	1.0
2860.871	1.0
2861.871	1.0
2862.871	1.0
2863.871	1.0
2864.871	1.0
2865.871	1.0
2866.871	1.0
2867.871	1.0
2868.871	1.0
2869.871	1.0
2870.871	1.0
2871.871	1.0
2872.871	1.0
2873.871	1.0
2874.871	1.0
2875.871	1.0
2876.871	1.0
2877.871	1.0
2878.871	1.0
2879.871	1.0
2880.871	1.0
2881.871	1.0
2882.871	1.0
2883.871	1.0
2884.871	1.0
2885.871	1.0
2886.871	1.0
2887.871	1.0
2888.871	1.0
2889.871	1.0
2890.871	1.0
2891.871	1.0
2892.871	1.0
2893.871	1.0
2894.871	1.0
2895.871	1.0
2896.871	1.0
2897.871	1.0
2898.871	1.0
2899.871	1.0
2900.871	1.0
2901.871	1.0
2902.871	1.0
2903.871	1.0
2904.871	1.0
2905.871	1.0
2906.871	1.0
2907.871	1.0
2908.871	1.0
2909.871	1.0
2910.871	1.0
2911.871	1.0
2912.871	1.0
2913.871	1.0
2914.871	1.0
2915.871	1.0
2916.871	1.0
2917.871	1.0
2918.871	1.0
2919.871	1.0
2920.871	1.0
2921.871	1.0
2922.871	1.0
2923.871	1.0
2924.871	1.0
2925.871	1.0
2926.871	1.0
2927.871	1.0
2928.871	1.0
2929.871	1.0
2930.871	1.0
2931.871	1.0
2932.871	1.0
2933.871	1.0
2934.871	1.0
2935.871	1.0
2936.871	1.0
2937.871	1.0
2938.871	1.0
2939.871	1.0
2940.871	1.0
2941.871	1.0
2942.871	1.0
2943.871	1.0
2944.871	1.0
2945.871	1.0
2946.871	1.0
2947.871	1.0
2948.871	1.0
2949.871	1.0
2950.871	1.0
2951.871	1.0
2952.871	1.0
2953.871	1.0
2954.871	1.0
2955.871	1.0
2956.871	1.0
2957.871	1.0
2958.871	1.0
2959.871	1.0
2960.871	1.0
2961.871	1.0
2962.871	1.0
2963.871	1.0
2964.871	1.0
2965.871	1.0
2966.871	1.0
2967.871	1.0
2968.871	1.0
2969.871	1.0
2970.871	1.0
2971.871	1.0
2972.871	1.0
2973.871	1.0
2974.871	1.0
2975.871	1.0
2976.871	1.0
2977.871	1.0
2978.871	1.0
2979.871	1.0
2980.871	1.0
2981.871	1.0
2982.871	1.0
2983.871	1.0
2984.871	1.0
2985.871	1.0
2986.871	1.0
2987.871	1.0
2988.871	1.0
2989.871	1.0
2990.871	1.0
2991.871	1.0
2992.871	1.0
2993.871	1.0
2994.871	1.0
2995.871	1.0
