0.93	0.47859881436477736
1.889	0.4766413930473697
2.842	0.4704112067877182
3.803	0.45863077346550035
4.764	0.4569610225576143
5.723	0.44968835197549983
6.674	0.45900396577827346
7.633	0.4610394613355658
8.595	0.4628605572471178
9.561	0.4676755858470154
10.514	0.4674803011159622
11.47	0.46744476957144476
12.448	0.5197789075720971
13.394	0.5138506895600228
14.33	0.5032874731591365
15.280000000000001	0.5180976188050415
16.224	0.5064128347876855
17.184	0.521454985448089
18.134	0.5423003642621921
19.085	0.5616458519296538
20.022000000000002	0.5564506863672962
20.963	0.5506622091247408
21.916	0.5563845145683461
22.865000000000002	0.5633554765800294
23.811	0.5742299314739864
24.763	0.5972989259173777
25.711000000000002	0.589869803410436
26.672	0.6319730754175465
27.614	0.615380675188089
28.565	0.6210960360669993
29.512	0.5815474736192899
30.453	0.4450836728525319
31.413	0.33155902764072037
32.377	0.3256118896571924
33.345	0.3009001360667776
34.321	0.5637426812512736
35.29	0.5727884313998428
36.274	0.7749283927521553
37.227000000000004	0.4982149058776011
38.199	0.518875863230176
39.169000000000004	0.34729957232428404
40.137	0.2120877542073065
41.116	0.3309025924967413
42.09	0.3270065971023753
43.068	0.44128429025728044
44.039	0.1344013837366562
45.027	0.6798464889039874
46.008	0.8115763120555178
46.979	0.6548462165779111
47.951	0.23221006035368802
48.923	0.12418139389214952
49.905	0.18589199022578212
50.877	0.11886643270766993
51.857	0.1589622326861809
52.839	0.3458470597132163
53.821	0.6203472386657093
54.802	0.77223686668233
55.774	0.4820955340372539
56.749	0.34302142010056536
57.730000000000004	0.5076404571252847
58.703	0.40465333295416994
59.684000000000005	0.5414118722755764
60.657000000000004	0.4099404798410068
61.631	0.21015253530878852
62.601	0.1377922737170997
63.574	0.13844901229171716
64.547	0.140344578254717
65.521	0.12223544824536399
66.495	0.10400874137004959
67.475	0.09581229480339795
68.458	0.10915122365333732
69.433	0.10513998037388718
70.407	0.11193331592818417
71.382	0.11513502515833873
72.366	0.15445729562283206
73.342	0.12244789513353561
74.31700000000001	0.1023256286182121
75.293	0.08813462059690626
76.277	0.08584738066408758
77.252	0.08728830552425507
78.238	0.08723939555526677
79.214	0.0849708330919002
80.18900000000001	0.08944433474082146
81.165	0.09088505500305448
82.15	0.09035523276705365
83.126	0.08778933939207635
84.111	0.08240595264853723
85.08800000000001	0.08572605345074881
86.074	0.09511762061082414
87.059	0.09554501023556419
88.037	0.0819909182602303
89.015	0.08317951811714772
89.993	0.08572325821821301
90.97200000000001	0.08723796359397926
91.95	0.0902442892816341
92.937	0.08409535057466787
93.915	0.08803229602429713
94.902	0.08015015038730401
95.882	0.08129953024561991
96.87	0.07525614365521233
97.858	0.07203407394552545
98.848	0.22800505920404496
99.828	0.08820580435104357
100.81400000000001	0.42294470931146266
101.794	0.18085586087931993
102.776	0.11424180226029608
103.767	0.7772442756562604
104.759	0.9118737046748129
105.742	0.9061840392596509
106.727	0.898792326224401
107.705	0.7112036666049428
108.69	0.7285017863281418
109.671	0.4130291564509745
110.658	0.6737399157198368
111.644	0.6856817174689782
112.631	0.4932595030664364
113.61800000000001	0.6046943914566997
114.607	0.750704575271618
115.59400000000001	0.7031724243619718
116.57900000000001	0.3878472850647392
117.57000000000001	0.759316164395798
118.557	0.7334040352418634
119.543	0.47166157108331325
120.532	0.8021091819454989
121.512	0.1978924471331509
122.501	0.6254555909594935
123.488	0.49649046207626196
124.47800000000001	0.524965154412501
125.46900000000001	0.8712791697890339
126.45400000000001	0.2135086966564233
127.44500000000001	0.6821023060091939
128.43200000000002	0.6735129208775241
129.419	0.5405013416883863
130.4	0.39449528650860327
131.391	0.7543284796981637
132.379	0.8042036863712271
133.365	0.4356080482557696
134.349	0.7033738221465308
135.339	0.8876893889518953
136.326	0.5752328321198289
137.311	0.47378925665768834
138.302	0.8820903235952395
139.28300000000002	0.9087100173198114
140.264	0.6866584663478723
141.254	0.9210968569063134
142.238	0.7752160188235261
143.224	0.7599958461528636
144.215	0.9265149379933331
145.20000000000002	0.5493198005589515
146.192	0.8761661633031322
147.183	0.7906669578058673
148.173	0.4315545456951182
149.173	0.9291482363479355
150.154	0.3685340310999862
151.154	0.9511766268943804
152.135	0.641248966599928
153.126	0.83681484059212
154.115	0.22238769089742894
155.106	0.3508294974952904
156.097	0.5160565159304554
157.087	0.21948877102499603
158.078	0.6449754732330247
159.068	0.24845887346074566
160.058	0.18570339249990428
161.048	0.3149180253880038
162.03900000000002	0.7208242189724348
163.03	0.8863546911197208
164.018	0.2257151727790734
165.008	0.3114740490397237
165.999	0.4860270606351344
166.989	0.2524366291873436
167.979	0.3990969488233238
168.963	0.2532840461365719
169.953	0.3218367007899421
170.94400000000002	0.6333562796376776
171.933	0.48011964811702795
172.924	0.8513725452677959
173.9	0.25810432075087775
174.89000000000001	0.492748016485133
175.876	0.7563538913534212
176.867	0.9302849296954796
177.848	0.8091502360838402
178.829	0.5054064714472476
179.81	0.5170182966598935
180.799	0.661817063430345
181.79	0.921878529134834
182.781	0.9297146167461328
183.77700000000002	0.8041905397358543
184.776	0.9765404011371821
185.772	0.9342462421927314
186.772	0.9968460248866987
187.772	0.9965179477762898
188.77	0.9269529355733332
189.77	0.9966839418881334
190.77	1.0
191.77	1.0
192.77	1.0
193.77	1.0
194.77	1.0
195.77	1.0
196.77	1.0
197.77	1.0
198.77	1.0
199.77	1.0
200.77	1.0
201.77	1.0
202.77	1.0
203.77	1.0
204.77	1.0
205.77	1.0
206.77	1.0
207.77	1.0
208.77	1.0
209.77	1.0
210.77	1.0
211.77	1.0
212.77	1.0
213.77	1.0
214.77	1.0
215.77	1.0
216.77	1.0
217.77	1.0
218.77	1.0
219.77	1.0
220.77	1.0
221.77	1.0
222.77	1.0
223.77	1.0
224.77	1.0
225.77	1.0
226.77	1.0
227.77	1.0
228.77	1.0
229.77	1.0
230.77	1.0
231.77	1.0
232.77	1.0
233.77	1.0
234.77	1.0
235.77	1.0
236.77	1.0
237.77	1.0
238.77	1.0
239.77	1.0
240.77	1.0
241.77	1.0
242.77	1.0
243.77	1.0
244.77	1.0
245.77	1.0
246.77	1.0
247.77	1.0
248.77	1.0
249.77	1.0
250.77	1.0
251.77	1.0
252.77	1.0
253.77	1.0
254.77	1.0
255.77	1.0
256.77	1.0
257.77	1.0
258.77	1.0
259.77	1.0
260.77	1.0
261.77	1.0
262.77	1.0
263.77	1.0
264.77	1.0
265.77	1.0
266.77	1.0
267.77	1.0
268.77	1.0
269.77	1.0
270.77	1.0
271.77	1.0
272.77	1.0
273.77	1.0
274.77	1.0
275.77	1.0
276.77	1.0
277.77	1.0
278.77	1.0
279.77	1.0
280.77	1.0
281.77	1.0
282.77	1.0
283.77	1.0
284.77	1.0
285.77	1.0
286.77	1.0
287.77	1.0
288.77	1.0
289.77	1.0
290.77	1.0
291.77	1.0
292.77	1.0
293.77	1.0
294.77	1.0
295.77	1.0
296.77	1.0
297.77	1.0
298.77	1.0
299.77	1.0
300.77	1.0
301.77	1.0
302.77	1.0
303.77	1.0
304.77	1.0
305.77	1.0
306.77	1.0
307.77	1.0
308.77	1.0
309.77	1.0
310.77	1.0
311.77	1.0
312.77	1.0
313.77	1.0
314.77	1.0
315.77	1.0
316.77	1.0
317.77	1.0
318.77	1.0
319.77	1.0
320.77	1.0
321.77	1.0
322.77	1.0
323.77	1.0
324.77	1.0
325.77	1.0
326.77	1.0
327.77	1.0
328.77	1.0
329.77	1.0
330.77	1.0
331.77	1.0
332.77	1.0
333.77	1.0
334.77	1.0
335.77	1.0
336.77	1.0
337.77	1.0
338.77	1.0
339.77	1.0
340.77	1.0
341.77	1.0
342.77	1.0
343.77	1.0
344.77	1.0
345.77	1.0
346.77	1.0
347.77	1.0
348.77	1.0
349.77	1.0
350.77	1.0
351.77	1.0
352.77	1.0
353.77	1.0
354.77	1.0
355.77	1.0
356.77	1.0
357.77	1.0
358.77	1.0
359.77	1.0
360.77	1.0
361.77	1.0
362.77	1.0
363.77	1.0
364.77	1.0
365.77	1.0
366.77	1.0
367.77	1.0
368.77	1.0
369.77	1.0
370.77	1.0
371.77	1.0
372.77	1.0
373.77	1.0
374.77	1.0
375.77	1.0
376.77	1.0
377.77	1.0
378.77	1.0
379.77	1.0
380.77	1.0
381.77	1.0
382.77	1.0
383.77	1.0
384.77	1.0
385.77	1.0
386.77	1.0
387.77	1.0
388.77	1.0
389.77	1.0
390.77	1.0
391.77	1.0
392.77	1.0
393.77	1.0
394.77	1.0
395.77	1.0
396.77	1.0
397.77	1.0
398.77	1.0
399.77	1.0
400.77	1.0
401.77	1.0
402.77	1.0
403.77	1.0
404.77	1.0
405.77	1.0
406.77	1.0
407.77	1.0
408.77	1.0
409.77	1.0
410.77	1.0
411.77	1.0
412.77	1.0
413.77	1.0
414.77	1.0
415.77	1.0
416.77	1.0
417.77	1.0
418.77	1.0
419.77	1.0
420.77	1.0
421.77	1.0
422.77	1.0
423.77	1.0
424.77	1.0
425.77	1.0
426.77	1.0
427.77	1.0
428.77	1.0
429.77	1.0
430.77	1.0
431.77	1.0
432.77	1.0
433.77	1.0
434.77	1.0
435.77	1.0
436.77	1.0
437.77	1.0
438.77	1.0
439.77	1.0
440.77	1.0
441.77	1.0
442.77	1.0
443.77	1.0
444.77	1.0
445.77	1.0
446.77	1.0
447.77	1.0
448.77	1.0
449.77	1.0
450.77	1.0
451.77	1.0
452.77	1.0
453.77	1.0
454.77	1.0
455.77	1.0
456.77	1.0
457.77	1.0
458.77	1.0
459.77	1.0
460.77	1.0
461.77	1.0
462.77	1.0
463.77	1.0
464.77	1.0
465.77	1.0
466.77	1.0
467.77	1.0
468.77	1.0
469.77	1.0
470.77	1.0
471.77	1.0
472.77	1.0
473.77	1.0
474.77	1.0
475.77	1.0
476.77	1.0
477.77	1.0
478.77	1.0
479.77	1.0
480.77	1.0
481.77	1.0
482.77	1.0
483.77	1.0
484.77	1.0
485.77	1.0
486.77	1.0
487.77	1.0
488.77	1.0
489.77	1.0
490.77	1.0
491.77000000000004	1.0
492.77000000000004	1.0
493.77000000000004	1.0
494.77000000000004	1.0
495.77000000000004	1.0
496.77000000000004	1.0
497.77000000000004	1.0
498.77000000000004	1.0
499.77000000000004	1.0
500.77000000000004	1.0
501.77000000000004	1.0
502.77000000000004	1.0
503.77000000000004	1.0
504.77000000000004	1.0
505.77000000000004	1.0
506.77000000000004	1.0
507.77000000000004	1.0
508.77000000000004	1.0
509.77000000000004	1.0
510.77000000000004	1.0
511.77000000000004	1.0
512.77	1.0
513.77	1.0
514.77	1.0
515.77	1.0
516.77	1.0
517.77	1.0
518.77	1.0
519.77	1.0
520.77	1.0
521.77	1.0
522.77	1.0
523.77	1.0
524.77	1.0
525.77	1.0
526.77	1.0
527.77	1.0
528.77	1.0
529.77	1.0
530.77	1.0
531.77	1.0
532.77	1.0
533.77	1.0
534.77	1.0
535.77	1.0
536.77	1.0
537.77	1.0
538.77	1.0
539.77	1.0
540.77	1.0
541.77	1.0
542.77	1.0
543.77	1.0
544.77	1.0
545.77	1.0
546.77	1.0
547.77	1.0
548.77	1.0
549.77	1.0
550.77	1.0
551.77	1.0
552.77	1.0
553.77	1.0
554.77	1.0
555.77	1.0
556.77	1.0
557.77	1.0
558.77	1.0
559.77	1.0
560.77	1.0
561.77	1.0
562.77	1.0
563.77	1.0
564.77	1.0
565.77	1.0
566.77	1.0
567.77	1.0
568.77	1.0
569.77	1.0
570.77	1.0
571.77	1.0
572.77	1.0
573.77	1.0
574.77	1.0
575.77	1.0
576.77	1.0
577.77	1.0
578.77	1.0
579.77	1.0
580.77	1.0
581.77	1.0
582.77	1.0
583.77	1.0
584.77	1.0
585.77	1.0
586.77	1.0
587.77	1.0
588.77	1.0
589.77	1.0
590.77	1.0
591.77	1.0
592.77	1.0
593.77	1.0
594.77	1.0
595.77	1.0
596.77	1.0
597.77	1.0
598.77	1.0
599.77	1.0
600.77	1.0
601.77	1.0
602.77	1.0
603.77	1.0
604.77	1.0
605.77	1.0
606.77	1.0
607.77	1.0
608.77	1.0
609.77	1.0
610.77	1.0
611.77	1.0
612.77	1.0
613.77	1.0
614.77	1.0
615.77	1.0
616.77	1.0
617.77	1.0
618.77	1.0
619.77	1.0
620.77	1.0
621.77	1.0
622.77	1.0
623.77	1.0
624.77	1.0
625.77	1.0
626.77	1.0
627.77	1.0
628.77	1.0
629.77	1.0
630.77	1.0
631.77	1.0
632.77	1.0
633.77	1.0
634.77	1.0
635.77	1.0
636.77	1.0
637.77	1.0
638.77	1.0
639.77	1.0
640.77	1.0
641.77	1.0
642.77	1.0
643.77	1.0
644.77	1.0
645.77	1.0
646.77	1.0
647.77	1.0
648.77	1.0
649.77	1.0
650.77	1.0
651.77	1.0
652.77	1.0
653.77	1.0
654.77	1.0
655.77	1.0
656.77	1.0
657.77	1.0
658.77	1.0
659.77	1.0
660.77	1.0
661.77	1.0
662.77	1.0
663.77	1.0
664.77	1.0
665.77	1.0
666.77	1.0
667.77	1.0
668.77	1.0
669.77	1.0
670.77	1.0
671.77	1.0
672.77	1.0
673.77	1.0
674.77	1.0
675.77	1.0
676.77	1.0
677.77	1.0
678.77	1.0
679.77	1.0
680.77	1.0
681.77	1.0
682.77	1.0
683.77	1.0
684.77	1.0
685.77	1.0
686.77	1.0
687.77	1.0
688.77	1.0
689.77	1.0
690.77	1.0
691.77	1.0
692.77	1.0
693.77	1.0
694.77	1.0
695.77	1.0
696.77	1.0
697.77	1.0
698.77	1.0
699.77	1.0
700.77	1.0
701.77	1.0
702.77	1.0
703.77	1.0
704.77	1.0
705.77	1.0
706.77	1.0
707.77	1.0
708.77	1.0
709.77	1.0
710.77	1.0
711.77	1.0
712.77	1.0
713.77	1.0
714.77	1.0
715.77	1.0
716.77	1.0
717.77	1.0
718.77	1.0
719.77	1.0
720.77	1.0
721.77	1.0
722.77	1.0
723.77	1.0
724.77	1.0
725.77	1.0
726.77	1.0
727.77	1.0
728.77	1.0
729.77	1.0
730.77	1.0
731.77	1.0
732.77	1.0
733.77	1.0
734.77	1.0
735.77	1.0
736.77	1.0
737.77	1.0
738.77	1.0
739.77	1.0
740.77	1.0
741.77	1.0
742.77	1.0
743.77	1.0
744.77	1.0
745.77	1.0
746.77	1.0
747.77	1.0
748.77	1.0
749.77	1.0
750.77	1.0
751.77	1.0
752.77	1.0
753.77	1.0
754.77	1.0
755.77	1.0
756.77	1.0
757.77	1.0
758.77	1.0
759.77	1.0
760.77	1.0
761.77	1.0
762.77	1.0
763.77	1.0
764.77	1.0
765.77	1.0
766.77	1.0
767.77	1.0
768.77	1.0
769.77	1.0
770.77	1.0
771.77	1.0
772.77	1.0
773.77	1.0
774.77	1.0
775.77	1.0
776.77	1.0
777.77	1.0
778.77	1.0
779.77	1.0
780.77	1.0
781.77	1.0
782.77	1.0
783.77	1.0
784.77	1.0
785.77	1.0
786.77	1.0
787.77	1.0
788.77	1.0
789.77	1.0
790.77	1.0
791.77	1.0
792.77	1.0
793.77	1.0
794.77	1.0
795.77	1.0
796.77	1.0
797.77	1.0
798.77	1.0
799.77	1.0
800.77	1.0
801.77	1.0
802.77	1.0
803.77	1.0
804.77	1.0
805.77	1.0
806.77	1.0
807.77	1.0
808.77	1.0
809.77	1.0
810.77	1.0
811.77	1.0
812.77	1.0
813.77	1.0
814.77	1.0
815.77	1.0
816.77	1.0
817.77	1.0
818.77	1.0
819.77	1.0
820.77	1.0
821.77	1.0
822.77	1.0
823.77	1.0
824.77	1.0
825.77	1.0
826.77	1.0
827.77	1.0
828.77	1.0
829.77	1.0
830.77	1.0
831.77	1.0
832.77	1.0
833.77	1.0
834.77	1.0
835.77	1.0
836.77	1.0
837.77	1.0
838.77	1.0
839.77	1.0
840.77	1.0
841.77	1.0
842.77	1.0
843.77	1.0
844.77	1.0
845.77	1.0
846.77	1.0
847.77	1.0
848.77	1.0
849.77	1.0
850.77	1.0
851.77	1.0
852.77	1.0
853.77	1.0
854.77	1.0
855.77	1.0
856.77	1.0
857.77	1.0
858.77	1.0
859.77	1.0
860.77	1.0
861.77	1.0
862.77	1.0
863.77	1.0
864.77	1.0
865.77	1.0
866.77	1.0
867.77	1.0
868.77	1.0
869.77	1.0
870.77	1.0
871.77	1.0
872.77	1.0
873.77	1.0
874.77	1.0
875.77	1.0
876.77	1.0
877.77	1.0
878.77	1.0
879.77	1.0
880.77	1.0
881.77	1.0
882.77	1.0
883.77	1.0
884.77	1.0
885.77	1.0
886.77	1.0
887.77	1.0
888.77	1.0
889.77	1.0
890.77	1.0
891.77	1.0
892.77	1.0
893.77	1.0
894.77	1.0
895.77	1.0
896.77	1.0
897.77	1.0
898.77	1.0
899.77	1.0
900.77	1.0
901.77	1.0
902.77	1.0
903.77	1.0
904.77	1.0
905.77	1.0
906.77	1.0
907.77	1.0
908.77	1.0
909.77	1.0
910.77	1.0
911.77	1.0
912.77	1.0
913.77	1.0
914.77	1.0
915.77	1.0
916.77	1.0
917.77	1.0
918.77	1.0
919.77	1.0
920.77	1.0
921.77	1.0
922.77	1.0
923.77	1.0
924.77	1.0
925.77	1.0
926.77	1.0
927.77	1.0
928.77	1.0
929.77	1.0
930.77	1.0
931.77	1.0
932.77	1.0
933.77	1.0
934.77	1.0
935.77	1.0
936.77	1.0
937.77	1.0
938.77	1.0
939.77	1.0
940.77	1.0
941.77	1.0
942.77	1.0
943.77	1.0
944.77	1.0
945.77	1.0
946.77	1.0
947.77	1.0
948.77	1.0
949.77	1.0
950.77	1.0
951.77	1.0
952.77	1.0
953.77	1.0
954.77	1.0
955.77	1.0
956.77	1.0
957.77	1.0
958.77	1.0
959.77	1.0
960.77	1.0
961.77	1.0
962.77	1.0
963.77	1.0
964.77	1.0
965.77	1.0
966.77	1.0
967.77	1.0
968.77	1.0
969.77	1.0
970.77	1.0
971.77	1.0
972.77	1.0
973.77	1.0
974.77	1.0
975.77	1.0
976.77	1.0
977.77	1.0
978.77	1.0
979.77	1.0
980.77	1.0
981.77	1.0
982.77	1.0
983.77	1.0
984.77	1.0
985.77	1.0
986.77	1.0
987.77	1.0
988.77	1.0
989.77	1.0
990.77	1.0
991.77	1.0
992.77	1.0
993.77	1.0
994.77	1.0
995.77	1.0
