0.189	0.5003950206428133
1.182	0.505386664468979
2.17	0.4963170213794209
3.1590000000000003	0.4961243388651864
4.149	0.48571561008334263
5.139	0.4854872070617475
6.13	0.48533599692918833
7.122	0.4845007606831489
8.114	0.4926641805236788
9.107	0.49149428688905145
10.101	0.4988184883385429
11.096	0.5241199551571825
12.087	0.5246386807205219
13.076	0.5170755703496726
14.063	0.5114389730190029
15.05	0.5064468003681621
16.038	0.5106138158041915
17.026	0.5242880363145332
18.015	0.5467235498412243
19.004	0.5409453145921679
19.994	0.5431640468104496
20.984	0.5555433268754435
21.965	0.5471816842569318
22.946	0.5291342033533446
23.928	0.5483512582289405
24.91	0.5487700198753639
25.900000000000002	0.5613229713915815
26.883	0.5808013232148167
27.866	0.5601972186125812
28.857	0.5717791296576941
29.849	0.5532134781873793
30.833000000000002	0.5348325467787596
31.818	0.5338456018070312
32.804	0.5411723887078248
33.789	0.540823304640821
34.782000000000004	0.5324355413123215
35.767	0.5125310797914201
36.753	0.5108727308362924
37.739000000000004	0.5096937092287781
38.731	0.521573450666997
39.724000000000004	0.5226119560955045
40.711	0.5205497619074763
41.704	0.5301504652586749
42.698	0.5194509554111665
43.692	0.5183160335276559
44.686	0.5262695375229676
45.676	0.5193111820246219
46.667	0.5125180622771307
47.658	0.5049920042173726
48.65	0.4972667806648905
49.642	0.508386659539044
50.639	0.5147698021336548
51.629	0.5084417786037895
52.623	0.49902281953171257
53.617000000000004	0.5179650128887878
54.603	0.5153197139888624
55.59	0.5420052658718174
56.577	0.5296386579384865
57.563	0.5271813589866844
58.550000000000004	0.5240339225603852
59.538000000000004	0.5184521606769814
60.526	0.5137309495896116
61.514	0.527644713095591
62.503	0.5318563566619888
63.492000000000004	0.5374629615583003
64.482	0.5413357109895597
65.47200000000001	0.5547008548366459
66.459	0.5422585304314615
67.446	0.5298115768972853
68.433	0.525286270323695
69.424	0.5186850356335992
70.423	0.5141306609501959
71.414	0.5175955080476242
72.405	0.5405585387671978
73.397	0.552483772867089
74.389	0.5641091075171644
75.382	0.5753990044473373
76.372	0.5699945876111808
77.355	0.590671908101879
78.336	0.5935025459683991
79.327	0.5767016296347535
80.318	0.5898805850531474
81.299	0.5814860294437052
82.281	0.5934868544453646
83.263	0.5862322500414536
84.254	0.6199743415452906
85.245	0.6131965437454756
86.227	0.5850116180175626
87.209	0.5875884865983997
88.19200000000001	0.5879482561177646
89.19200000000001	0.6129860159150976
90.175	0.6141239962297377
91.149	0.6048977867077157
92.132	0.6064109322023201
93.132	0.6111085205809687
94.107	0.6014101829228783
95.092	0.6017681781756984
96.077	0.5912218274722494
97.07000000000001	0.5839443312723185
98.046	0.5915253629269046
99.032	0.5804825931769675
100.008	0.5891631270213415
100.994	0.5879689375138607
101.98	0.5868083732072866
102.95700000000001	0.5831412565674058
103.941	0.5849152528160949
104.918	0.592319025194693
105.905	0.5898804509758985
106.892	0.577949749121853
107.885	0.5806833814944162
108.863	0.5776791527445524
109.84100000000001	0.5642635066862414
110.819	0.5503082007098136
111.797	0.5564901955789411
112.782	0.5563167266687392
113.767	0.5560877833126149
114.762	0.5367069296607495
115.758	0.5350889445560764
116.738	0.5302829440345167
117.73400000000001	0.5297736533971347
118.721	0.5171437373879388
119.702	0.5120429225238561
120.683	0.516750193878066
121.674	0.5209571125818107
122.655	0.5152651186821374
123.642	0.502720569443331
124.634	0.5054305570571496
125.634	0.4898943474452597
126.626	0.48149167062169346
127.619	0.4926487627054909
128.612	0.4838728294439154
129.61	0.46932907661807055
130.604	0.4603122105055558
131.589	0.4694299812795002
132.574	0.4703650802409195
133.57	0.4581627494038004
134.561	0.4718135910905775
135.548	0.46987067234638924
136.536	0.44779430736165776
137.532	0.4464080135456198
138.519	0.4453664409369745
139.507	0.4513820887275344
140.495	0.44882919756993395
141.483	0.4460872958405245
142.472	0.46226964073681737
143.452	0.48614692621763284
144.443	0.48043710481519936
145.425	0.4931780141652106
146.407	0.5058836616230746
147.389	0.49881385888868407
148.368	0.5048753284330463
149.357	0.5004608432096416
150.336	0.5057139536836626
151.315	0.5117804711966034
152.294	0.5059861111463977
153.273	0.5009162091924121
154.262	0.536540779583704
155.241	0.5520941190546176
156.22	0.5471574172269933
157.209	0.5531426195709542
158.198	0.549665500373234
159.18200000000002	0.5500842760566599
160.168	0.5694713127319715
161.154	0.5699170749882223
162.144	0.5657410597461056
163.135	0.5611211687673685
164.122	0.5595642361642424
165.113	0.5731865674016664
166.096	0.5658942593317613
167.078	0.5779795267327076
168.06	0.5719852225452527
169.042	0.5743413686469606
170.032	0.5790269210397947
171.023	0.5729132350091656
172.00900000000001	0.5820237321095605
172.992	0.5851828887727044
173.975	0.5869246647106464
174.964	0.5832304451052377
175.947	0.5856296746186365
176.93	0.5976331295575316
177.921	0.5919331115402107
178.905	0.6228891029743527
179.889	0.6432318827840666
180.873	0.6337578635578685
181.853	0.628422065502102
182.836	0.6302852283991686
183.827	0.6435148647504366
184.804	0.651706971400038
185.786	0.6546307620623097
186.769	0.6565781342290543
187.75900000000001	0.6517775096606201
188.742	0.6639735223614006
189.733	0.6591801969848757
190.725	0.6526940781076367
191.71	0.6531760642963258
192.69400000000002	0.6549208631989218
193.687	0.6676044858945096
194.68	0.6602807902654496
195.665	0.659765038563553
196.65	0.6602728775377906
197.642	0.6744967112014918
198.635	0.6674726334754787
199.62	0.6681407710173908
200.62	0.6545012641721647
201.613	0.6488862414372928
202.596	0.6512356637141338
203.58700000000002	0.6571710257075015
204.578	0.6533386316337567
205.562	0.6563742312559023
206.553	0.6526068906178538
207.544	0.6497692717706173
208.535	0.6457120513937342
209.519	0.6489156433710486
210.50300000000001	0.6515125511240566
211.494	0.6483347766618595
212.487	0.6625494415144396
213.487	0.6497693441800695
214.471	0.6731161781495938
215.455	0.706214415532273
216.448	0.7017544693176285
217.448	0.6913503134681769
218.44	0.6884299489361453
219.425	0.6924963814500181
220.41	0.6963817718738449
221.395	0.6992789331812176
222.387	0.6941801181630933
223.372	0.6950791858548923
224.357	0.6956932584297543
225.342	0.6980850945339627
226.327	0.70075855978811
227.314	0.7008123445299477
228.30100000000002	0.7005985679903242
229.279	0.7084690866211726
230.257	0.7167655146705119
231.235	0.7253375506579833
232.229	0.7196951165849658
233.229	0.7082910429017218
234.229	0.6965721051476355
235.221	0.6930710874237331
236.215	0.6857774076783589
237.19400000000002	0.6844152816809874
238.18800000000002	0.6972598047187536
239.174	0.6796798487070483
240.153	0.6889172224990786
241.145	0.7059550070381715
242.12300000000002	0.7078658214549607
243.108	0.7214075669148614
244.1	0.729545112445789
245.092	0.7277323714966534
246.084	0.7259026170870235
247.06900000000002	0.7307819472787282
248.061	0.7292415701001055
249.053	0.7279584657625199
250.04500000000002	0.727368678775099
251.037	0.7269424864782689
252.029	0.7256188576732066
253.014	0.7309076759458971
254.006	0.7306259794497194
254.991	0.7362650773040907
255.976	0.7307944771356587
256.968	0.7290245075050192
257.96	0.7284000491736942
258.952	0.7276750420019862
259.944	0.7275748346407731
260.936	0.7279255423083478
261.928	0.7280872708075696
262.913	0.7318746276231245
263.898	0.7355128815405007
264.87600000000003	0.7448084778878584
265.854	0.7547886839147496
266.831	0.7456497540874946
267.823	0.7525724052201889
268.808	0.7473008123868747
269.8	0.7457392785488465
270.785	0.7522540691677778
271.77	0.759162959570782
272.762	0.7599661622312148
273.754	0.7612595561933999
274.746	0.7636798364819
275.746	0.7555662586663189
276.746	0.7487158707210336
277.73900000000003	0.7479187304329598
278.732	0.7471399304653576
279.732	0.7408525603926819
280.732	0.7555851736635646
281.732	0.7510551987842996
282.732	0.7454167932180877
283.732	0.7401797876420999
284.732	0.7355615793698488
285.732	0.7308687916214474
286.732	0.7247975125109676
287.732	0.7185205654250534
288.726	0.7152739456872009
289.726	0.7049301577154877
290.72	0.7017969447767514
291.714	0.6994896315349994
292.708	0.6946192297449891
293.702	0.6907656522479405
294.689	0.6933598298429906
295.683	0.6897349835154999
296.683	0.6810032610224448
297.683	0.6731643418487248
298.683	0.6667774126999336
299.683	0.6602703707860997
300.683	0.6533834205461667
301.683	0.6464066463278998
302.683	0.6392249026106857
303.683	0.6329717194109166
304.683	0.6261200120406697
305.683	0.6185169510914575
306.683	0.6123707035949677
307.683	0.6070145657532902
308.683	0.6021087060838497
309.683	0.5975166955604297
310.683	0.5934735203879079
311.683	0.5894450627897726
312.683	0.5854023794314587
313.683	0.5815856073336987
314.683	0.577842586185069
315.683	0.5739707270060702
316.683	0.5798365327544929
317.683	0.5759170328951739
318.683	0.5717529213823119
319.67900000000003	0.5649256815418475
320.665	0.5653076059938769
321.651	0.5560727030529321
322.637	0.5569738737837814
323.623	0.5581670151051554
324.609	0.5605970455468001
325.594	0.5650011471629596
326.579	0.5702531095515014
327.564	0.5756243287122307
328.55400000000003	0.5754704898767886
329.544	0.5764202431931266
330.528	0.5842939813907666
331.512	0.5923685441897666
332.495	0.6014879277218685
333.478	0.6123446944617758
334.473	0.606207473493631
335.468	0.6011644829418786
336.457	0.6043265387252956
337.44	0.6153252255408908
338.42900000000003	0.6207986318408826
339.41700000000003	0.6275735420992276
340.41200000000003	0.6250569574842877
341.401	0.6290914873779997
342.383	0.6417711423097997
343.365	0.6553388766624836
344.346	0.6607265852597708
345.327	0.6762182833749917
346.307	0.6926114659535976
347.28700000000003	0.7094690572507897
348.266	0.7175599003772974
349.245	0.7357700454688658
350.223	0.7549751509066955
351.2	0.7749089166754777
352.177	0.7950615973691006
353.153	0.8138210793406846
354.128	0.8337007203034017
355.103	0.8535725846686669
356.086	0.864881972251273
357.069	0.8781334574588077
358.04200000000003	0.882017162345131
359.015	0.8853836774269714
359.996	0.9006516922266857
360.987	0.9015713445282627
361.978	0.9025702531746755
362.969	0.9236322412183046
363.969	0.9151641844532479
364.94100000000003	0.9180206638393738
365.92400000000004	0.48142561730999955
366.915	0.3864893813699996
367.906	0.3910997223759454
368.897	0.3959244614609815
369.88800000000003	0.40065251549779946
370.879	0.3857732278166995
371.879	0.43851705457149864
372.87	0.4189613126198555
373.861	0.3803268415946925
374.85200000000003	0.3814537578599995
375.85200000000003	0.5244452557244896
376.845	0.44664261182969967
377.845	0.6106119634591998
378.844	0.34900564635819753
379.844	0.6824761486994987
380.844	0.7474859575192988
381.827	0.5588472029200806
382.826	0.3370545805089995
383.826	0.6228386916934867
384.826	0.9104048245413439
385.826	0.9258671364424477
386.817	0.5898733258674997
387.808	0.6898671156820869
388.79900000000004	0.6793798161840897
389.79	0.6503846314097997
390.79	0.902913733229091
391.781	0.827567785225299
392.772	0.5840395649699996
393.772	0.8599098915689999
394.772	0.9315034068566398
395.76300000000003	0.9329057510555918
396.754	0.8844825981658779
397.745	0.8479310291597579
398.736	0.7011119137500889
399.72700000000003	0.5534040603479926
400.718	0.4551639994501675
401.71000000000004	0.5155521058140384
402.702	0.5159085731609265
403.694	0.5160458826074135
404.68600000000004	0.5555617958435994
405.68600000000004	0.7553677542799755
406.677	0.7164615694673345
407.668	0.7462860580062628
408.659	0.7059038407263545
409.64	0.5754119240453456
410.63100000000003	0.6045747602568986
411.618	0.5376762279208771
412.609	0.6362600501584378
413.6	0.7140422401668939
414.6	0.8920425593295721
415.581	0.7120348414997
416.572	0.7513346350044118
417.572	0.8812754814137348
418.553	0.79013890754219
419.535	0.7474876517130888
420.526	0.7373093761783988
421.507	0.7075830534490987
422.498	0.6406024963994997
423.48900000000003	0.38479978757999944
424.48	0.3578104591179935
425.471	0.2609012208182964
426.462	0.2648080404498994
427.45300000000003	0.2693480908091994
428.444	0.2736430487282964
429.444	0.28664937851699646
430.442	0.37804428366529047
431.433	0.3292240295495994
432.42400000000004	0.28080292109419047
433.42400000000004	0.6114163881599997
434.421	0.5684994162499997
435.421	0.7023615061098998
436.421	0.7862089450783999
437.41200000000003	0.6495987912957326
438.41200000000003	0.6933026215327999
439.403	0.6856339365129278
440.394	0.6973531566007237
441.394	0.8307508427848199
442.385	0.8319511490080999
443.37600000000003	0.8322177524550025
444.367	0.8337051737598878
445.358	0.7969238351450987
446.339	0.6306181569851846
447.33	0.5739782069319876
448.321	0.5355384869260695
449.321	0.7178934917572606
450.312	0.6605687997304287
451.303	0.6134446666986257
452.293	0.6269892684038487
453.289	0.45663708679773857
454.283	0.4665350106315186
455.277	0.4966858698766076
456.277	0.5501464429826056
457.277	0.7141254451828928
458.26800000000003	0.7346998244036347
459.259	0.7066920962282955
460.25	0.6296058643943495
461.244	0.5696199190587975
462.244	0.7910292776110284
463.235	0.7830190264523509
464.235	0.8452879030022683
465.235	0.8497012843375833
466.226	0.8432181889916778
467.217	0.835312918646194
468.19800000000004	0.7574791850677779
469.189	0.6913180026417679
470.18	0.5356445160152576
471.171	0.46923050911449954
472.171	0.7011168609329408
473.16200000000003	0.5558122113617996
474.153	0.42064841622999954
475.145	0.2252028202291994
476.141	0.22295593539989939
477.137	0.22222108785769937
478.13300000000004	0.2227972227332904
479.129	0.22347170885789638
480.12600000000003	0.2730309295797994
481.123	0.27289078791779936
482.12	0.27271953990819947
483.117	0.27258117716278546
484.115	0.27177071925929946
485.113	0.2706462499376964
486.111	0.2697613664562954
487.11	0.2661226865492994
488.10900000000004	0.27195920521283834
489.10900000000004	0.4630342641683996
490.1	0.4440262555181986
491.091	0.4444675979292995
492.082	0.5043477655596795
493.07300000000004	0.5632983417666977
494.064	0.5432615175632877
495.05400000000003	0.5436219181326917
496.045	0.5732733550630887
497.036	0.5538093206950947
498.036	0.7244615957163997
499.019	0.5944327103091998
500.01800000000003	0.7552810098698164
501.0	0.5541567107374997
501.991	0.5931548562285996
502.982	0.6413828815740888
503.982	0.7510116302277998
504.963	0.6417634217986786
505.956	0.7092556433028697
506.939	0.5378394526855966
507.92900000000003	0.4991791656011875
508.92900000000003	0.6996639877488835
509.92900000000003	0.8707300809113218
510.92	0.8316304962183438
511.911	0.8227260537904989
512.9110000000001	0.874821862477651
513.9110000000001	0.8968267311901456
514.9110000000001	0.8990400366772511
515.9110000000001	0.8915045852460998
516.902	0.8929864100610377
517.893	0.8922789507641601
518.884	0.892902692861879
519.866	0.901545585348587
520.847	0.8839873170124508
521.838	0.8865519697434568
522.8290000000001	0.8894713121759488
523.8290000000001	0.9039631842529736
524.82	0.8986441718936988
525.811	0.8833140276242629
526.8050000000001	0.8554889363576925
527.796	0.7288999169506347
528.787	0.5236598505086986
529.785	0.6703223748099998
530.785	0.8162885171382989
531.784	0.5942375981699997
532.784	0.7610387820115119
533.784	0.8644899946743727
534.784	0.8791966554519428
535.766	0.6828972276820737
536.766	0.7986304538346869
537.766	0.8519745055990602
538.748	0.827099613402586
539.739	0.807496919286445
540.72	0.5583155952886997
541.711	0.6573058643431996
542.711	0.7862556855564442
543.711	0.8661926162064644
544.692	0.8357583653261622
545.683	0.8062839425945191
546.655	0.6249749182306396
547.641	0.5880956274055804
548.6320000000001	0.6464579025292241
549.613	0.623391364191959
550.599	0.5582784190913105
551.59	0.6661084022897736
552.581	0.6663436099730997
553.572	0.6864948370154998
554.572	0.7684070020647998
555.557	0.6667776269886998
556.554	0.7436692321051998
557.548	0.5957318569799996
558.539	0.6459152684942947
559.53	0.6287793142799997
560.528	0.5954817789999995
561.52	0.6478931494894996
562.52	0.7435766973549
563.518	0.7221222570299998
564.518	0.8485917940529605
565.518	0.9258100569507052
566.514	0.8673488419360749
567.514	0.9351860946583591
568.514	0.9533371079072092
569.505	0.5482532870455965
570.496	0.5527185005578438
571.487	0.5571826578049905
572.487	0.5996936502842868
573.487	0.7545862035010553
574.479	0.5980580758072573
575.4780000000001	0.813205157500514
576.471	0.6154863795944423
577.463	0.5488595643772775
578.455	0.5515122087308127
579.447	0.554385472235048
580.439	0.5579879744485832
581.431	0.5216446933321184
582.423	0.5253020775056536
583.415	0.5289594616791887
584.407	0.532576945852724
585.399	0.5361944300262592
586.391	0.5397417131997944
587.383	0.5431405053733296
588.375	0.5466877885468648
589.365	0.3219700714481135
590.355	0.42740698576037145
591.345	0.4030889205784161
592.335	0.4285075278856326
593.316	0.35432841743228743
594.307	0.3995755443032475
595.288	0.3763840196360706
596.279	0.40403383317447356
597.279	0.5412213294082716
598.27	0.5311887191775996
599.251	0.39136259374235544
600.232	0.3707852239818846
601.223	0.40053632302399855
602.213	0.4193414366968996
603.194	0.3971578339355774
604.178	0.31539357404194834
605.169	0.36216726191204146
606.16	0.3404093515540784
607.1510000000001	0.3573693535766984
608.139	0.3770540510971965
609.13	0.3775529841784974
610.121	0.3871505000671924
611.11	0.37782775446569544
612.101	0.4460903804777996
613.101	0.6345902947298998
614.101	0.7241574200676999
615.082	0.6438254041890988
616.073	0.6630893719488978
617.054	0.49311749285979956
618.045	0.5512683644078996
619.029	0.3397552307886463
620.02	0.35027191746979947
621.011	0.39839416109959946
622.0020000000001	0.4364449801777986
622.993	0.4162235602375975
623.993	0.7352822749491998
624.984	0.6967069388198999
625.9780000000001	0.7249635618795999
626.969	0.7057140839286978
627.96	0.6865152914993996
628.951	0.6757826865394998
629.942	0.6472516973489998
630.933	0.5709176964489998
631.933	0.6852388202689998
632.927	0.6167584321189997
633.918	0.6561305649180997
634.909	0.6381905813384997
635.909	0.7732816717066988
636.904	0.6551144517190987
637.904	0.801660129230688
638.895	0.3971252374598995
639.886	0.4011801375099995
640.8770000000001	0.40559251242999955
641.868	0.40964045153999945
642.859	0.4140046615599996
643.85	0.41894446655999956
644.841	0.42374626051989955
645.832	0.42881325447979957
646.823	0.4339990484396995
647.814	0.43933113739959956
648.8050000000001	0.4446121313594996
649.796	0.44989160021939967
650.787	0.45496955902879954
651.778	0.45989176694859957
652.769	0.46476197006889963
653.76	0.4696891830386997
654.751	0.4750118759584996
655.742	0.47997686387829963
656.7330000000001	0.4110376787558915
657.721	0.3251133297063984
658.711	0.3422861903878423
659.702	0.3681169668414032
660.6850000000001	0.32221441813075435
661.6850000000001	0.3504639858664745
662.676	0.35818982880544353
663.663	0.2820209774650994
664.659	0.2169101995481994
665.655	0.21072810485692284
666.652	0.20303130565465136
667.649	0.16682770413764728
668.647	0.19984696896179138
669.647	0.33898640108757844
670.641	0.17791800138729535
671.641	0.2805911396296994
672.6320000000001	0.16401687836969933
673.63	0.21984670158769837
674.63	0.40353397983979955
675.63	0.6186163988597997
676.629	0.47709613495999953
677.629	0.7035705876264788
678.6270000000001	0.7733048058429577
679.625	0.40369416499999955
680.618	0.39658769037839653
681.609	0.40085398370899755
682.609	0.5542387945979305
683.6	0.27003744762929943
684.6	0.6419961408839816
685.596	0.4632556187293996
686.596	0.7592750337699998
687.596	0.8874690671787319
688.596	0.9062829447757261
689.596	0.905182631586881
690.596	0.9343270183980359
691.596	0.9335028690291907
692.596	0.9427601518203456
693.596	0.9621873185315004
694.596	0.9616349018630312
695.596	0.9708810872591982
696.596	0.9693586754434051
697.59	0.7328461918199999
698.59	0.9510480059511289
699.59	0.970477041422534
700.581	0.8610936981004119
701.572	0.6948880316721868
702.571	0.5039611039785996
703.562	0.2597603406891984
704.562	0.5456536558599997
705.562	0.8924207229559918
706.562	0.9716970813838738
707.562	0.9713428421397093
708.562	0.97099707635368
709.562	0.9806806105676509
710.562	0.9804244053903219
711.562	0.9801694365741929
712.562	0.9771790480381405
713.553	0.7527676084553524
714.553	0.9507078037270233
715.553	0.9802120538347833
716.553	0.9776566730211755
717.544	0.8619506
718.544	0.9906979
719.544	0.990607
720.544	0.9905161
721.544	0.9904252
722.544	0.9903343
723.544	0.9902434
724.544	0.9901525
725.544	0.9900616
726.544	1.0
727.544	1.0
728.544	1.0
729.544	1.0
730.544	1.0
731.544	1.0
732.544	1.0
733.544	1.0
734.544	1.0
735.544	1.0
736.544	1.0
737.544	1.0
738.544	1.0
739.544	1.0
740.544	1.0
741.544	1.0
742.544	1.0
743.544	1.0
744.544	1.0
745.544	1.0
746.544	1.0
747.544	1.0
748.544	1.0
749.544	1.0
750.544	1.0
751.544	1.0
752.544	1.0
753.544	1.0
754.544	1.0
755.544	1.0
756.544	1.0
757.544	1.0
758.544	1.0
759.544	1.0
760.544	1.0
761.544	1.0
762.544	1.0
763.544	1.0
764.544	1.0
765.544	1.0
766.544	1.0
767.544	1.0
768.544	1.0
769.544	1.0
770.544	1.0
771.544	1.0
772.544	1.0
773.544	1.0
774.544	1.0
775.544	1.0
776.544	1.0
777.544	1.0
778.544	1.0
779.544	1.0
780.544	1.0
781.544	1.0
782.544	1.0
783.544	1.0
784.544	1.0
785.544	1.0
786.544	1.0
787.544	1.0
788.544	1.0
789.544	1.0
790.544	1.0
791.544	1.0
792.544	1.0
793.544	1.0
794.544	1.0
795.544	1.0
796.544	1.0
797.544	1.0
798.544	1.0
799.544	1.0
800.544	1.0
801.544	1.0
802.544	1.0
803.544	1.0
804.544	1.0
805.544	1.0
806.544	1.0
807.544	1.0
808.544	1.0
809.544	1.0
810.544	1.0
811.544	1.0
812.544	1.0
813.544	1.0
814.544	1.0
815.544	1.0
816.544	1.0
817.544	1.0
818.544	1.0
819.544	1.0
820.544	1.0
821.544	1.0
822.544	1.0
823.544	1.0
824.544	1.0
825.544	1.0
826.544	1.0
827.544	1.0
828.544	1.0
829.544	1.0
830.544	1.0
831.544	1.0
832.544	1.0
833.544	1.0
834.544	1.0
835.544	1.0
836.544	1.0
837.544	1.0
838.544	1.0
839.544	1.0
840.544	1.0
841.544	1.0
842.544	1.0
843.544	1.0
844.544	1.0
845.544	1.0
846.544	1.0
847.544	1.0
848.544	1.0
849.544	1.0
850.544	1.0
851.544	1.0
852.544	1.0
853.544	1.0
854.544	1.0
855.544	1.0
856.544	1.0
857.544	1.0
858.544	1.0
859.544	1.0
860.544	1.0
861.544	1.0
862.544	1.0
863.544	1.0
864.544	1.0
865.544	1.0
866.544	1.0
867.544	1.0
868.544	1.0
869.544	1.0
870.544	1.0
871.544	1.0
872.544	1.0
873.544	1.0
874.544	1.0
875.544	1.0
876.544	1.0
877.544	1.0
878.544	1.0
879.544	1.0
880.544	1.0
881.544	1.0
882.544	1.0
883.544	1.0
884.544	1.0
885.544	1.0
886.544	1.0
887.544	1.0
888.544	1.0
889.544	1.0
890.544	1.0
891.544	1.0
892.544	1.0
893.544	1.0
894.544	1.0
895.544	1.0
896.544	1.0
897.544	1.0
898.544	1.0
899.544	1.0
900.544	1.0
901.544	1.0
902.544	1.0
903.544	1.0
904.544	1.0
905.544	1.0
906.544	1.0
907.544	1.0
908.544	1.0
909.544	1.0
910.544	1.0
911.544	1.0
912.544	1.0
913.544	1.0
914.544	1.0
915.544	1.0
916.544	1.0
917.544	1.0
918.544	1.0
919.544	1.0
920.544	1.0
921.544	1.0
922.544	1.0
923.544	1.0
924.544	1.0
925.544	1.0
926.544	1.0
927.544	1.0
928.544	1.0
929.544	1.0
930.544	1.0
931.544	1.0
932.544	1.0
933.544	1.0
934.544	1.0
935.544	1.0
936.544	1.0
937.544	1.0
938.544	1.0
939.544	1.0
940.544	1.0
941.544	1.0
942.544	1.0
943.544	1.0
944.544	1.0
945.544	1.0
946.544	1.0
947.544	1.0
948.544	1.0
949.544	1.0
950.544	1.0
951.544	1.0
952.544	1.0
953.544	1.0
954.544	1.0
955.544	1.0
956.544	1.0
957.544	1.0
958.544	1.0
959.544	1.0
960.544	1.0
961.544	1.0
962.544	1.0
963.544	1.0
964.544	1.0
965.544	1.0
966.544	1.0
967.544	1.0
968.544	1.0
969.544	1.0
970.544	1.0
971.544	1.0
972.544	1.0
973.544	1.0
974.544	1.0
975.544	1.0
976.544	1.0
977.544	1.0
978.544	1.0
979.544	1.0
980.544	1.0
981.544	1.0
982.544	1.0
983.544	1.0
984.544	1.0
985.544	1.0
986.544	1.0
987.544	1.0
988.544	1.0
989.544	1.0
990.544	1.0
991.544	1.0
992.544	1.0
993.544	1.0
994.544	1.0
995.544	1.0
996.544	1.0
997.544	1.0
998.544	1.0
999.544	1.0
1000.544	1.0
1001.544	1.0
1002.544	1.0
1003.544	1.0
1004.544	1.0
1005.544	1.0
1006.544	1.0
1007.544	1.0
1008.544	1.0
1009.544	1.0
1010.544	1.0
1011.544	1.0
1012.544	1.0
1013.544	1.0
1014.544	1.0
1015.544	1.0
1016.544	1.0
1017.544	1.0
1018.544	1.0
1019.544	1.0
1020.544	1.0
1021.544	1.0
1022.544	1.0
1023.544	1.0
1024.544	1.0
1025.544	1.0
1026.544	1.0
1027.544	1.0
1028.544	1.0
1029.544	1.0
1030.544	1.0
1031.544	1.0
1032.544	1.0
1033.544	1.0
1034.544	1.0
1035.544	1.0
1036.544	1.0
1037.544	1.0
1038.544	1.0
1039.544	1.0
1040.544	1.0
1041.544	1.0
1042.544	1.0
1043.544	1.0
1044.544	1.0
1045.544	1.0
1046.544	1.0
1047.544	1.0
1048.544	1.0
1049.544	1.0
1050.544	1.0
1051.544	1.0
1052.544	1.0
1053.544	1.0
1054.544	1.0
1055.544	1.0
1056.544	1.0
1057.544	1.0
1058.544	1.0
1059.544	1.0
1060.544	1.0
1061.544	1.0
1062.544	1.0
1063.544	1.0
1064.544	1.0
1065.544	1.0
1066.544	1.0
1067.544	1.0
1068.544	1.0
1069.544	1.0
1070.544	1.0
1071.544	1.0
1072.544	1.0
1073.544	1.0
1074.544	1.0
1075.544	1.0
1076.544	1.0
1077.544	1.0
1078.544	1.0
1079.544	1.0
1080.544	1.0
1081.544	1.0
1082.544	1.0
1083.544	1.0
1084.544	1.0
1085.544	1.0
1086.544	1.0
1087.544	1.0
1088.544	1.0
1089.544	1.0
1090.544	1.0
1091.544	1.0
1092.544	1.0
1093.544	1.0
1094.544	1.0
1095.544	1.0
1096.544	1.0
1097.544	1.0
1098.544	1.0
1099.544	1.0
1100.544	1.0
1101.544	1.0
1102.544	1.0
1103.544	1.0
1104.544	1.0
1105.544	1.0
1106.544	1.0
1107.544	1.0
1108.544	1.0
1109.544	1.0
1110.544	1.0
1111.544	1.0
1112.544	1.0
1113.544	1.0
1114.544	1.0
1115.544	1.0
1116.544	1.0
1117.544	1.0
1118.544	1.0
1119.544	1.0
1120.544	1.0
1121.544	1.0
1122.544	1.0
1123.544	1.0
1124.544	1.0
1125.544	1.0
1126.544	1.0
1127.544	1.0
1128.544	1.0
1129.544	1.0
1130.544	1.0
1131.544	1.0
1132.544	1.0
1133.544	1.0
1134.544	1.0
1135.544	1.0
1136.544	1.0
1137.544	1.0
1138.544	1.0
1139.544	1.0
1140.544	1.0
1141.544	1.0
1142.544	1.0
1143.544	1.0
1144.544	1.0
1145.544	1.0
1146.544	1.0
1147.544	1.0
1148.544	1.0
1149.544	1.0
1150.544	1.0
1151.544	1.0
1152.544	1.0
1153.544	1.0
1154.544	1.0
1155.544	1.0
1156.544	1.0
1157.544	1.0
1158.544	1.0
1159.544	1.0
1160.544	1.0
1161.544	1.0
1162.544	1.0
1163.544	1.0
1164.544	1.0
1165.544	1.0
1166.544	1.0
1167.544	1.0
1168.544	1.0
1169.544	1.0
1170.544	1.0
1171.544	1.0
1172.544	1.0
1173.544	1.0
1174.544	1.0
1175.544	1.0
1176.544	1.0
1177.544	1.0
1178.544	1.0
1179.544	1.0
1180.544	1.0
1181.544	1.0
1182.544	1.0
1183.544	1.0
1184.544	1.0
1185.544	1.0
1186.544	1.0
1187.544	1.0
1188.544	1.0
1189.544	1.0
1190.544	1.0
1191.544	1.0
1192.544	1.0
1193.544	1.0
1194.544	1.0
1195.544	1.0
1196.544	1.0
1197.544	1.0
1198.544	1.0
1199.544	1.0
1200.544	1.0
1201.544	1.0
1202.544	1.0
1203.544	1.0
1204.544	1.0
1205.544	1.0
1206.544	1.0
1207.544	1.0
1208.544	1.0
1209.544	1.0
1210.544	1.0
1211.544	1.0
1212.544	1.0
1213.544	1.0
1214.544	1.0
1215.544	1.0
1216.544	1.0
1217.544	1.0
1218.544	1.0
1219.544	1.0
1220.544	1.0
1221.544	1.0
1222.544	1.0
1223.544	1.0
1224.544	1.0
1225.544	1.0
1226.544	1.0
1227.544	1.0
1228.544	1.0
1229.544	1.0
1230.544	1.0
1231.544	1.0
1232.544	1.0
1233.544	1.0
1234.544	1.0
1235.544	1.0
1236.544	1.0
1237.544	1.0
1238.544	1.0
1239.544	1.0
1240.544	1.0
1241.544	1.0
1242.544	1.0
1243.544	1.0
1244.544	1.0
1245.544	1.0
1246.544	1.0
1247.544	1.0
1248.544	1.0
1249.544	1.0
1250.544	1.0
1251.544	1.0
1252.544	1.0
1253.544	1.0
1254.544	1.0
1255.544	1.0
1256.544	1.0
1257.544	1.0
1258.544	1.0
1259.544	1.0
1260.544	1.0
1261.544	1.0
1262.544	1.0
1263.544	1.0
1264.544	1.0
1265.544	1.0
1266.544	1.0
1267.544	1.0
1268.544	1.0
1269.544	1.0
1270.544	1.0
1271.544	1.0
1272.544	1.0
1273.544	1.0
1274.544	1.0
1275.544	1.0
1276.544	1.0
1277.544	1.0
1278.544	1.0
1279.544	1.0
1280.544	1.0
1281.544	1.0
1282.544	1.0
1283.544	1.0
1284.544	1.0
1285.544	1.0
1286.544	1.0
1287.544	1.0
1288.544	1.0
1289.544	1.0
1290.544	1.0
1291.544	1.0
1292.544	1.0
1293.544	1.0
1294.544	1.0
1295.544	1.0
1296.544	1.0
1297.544	1.0
1298.544	1.0
1299.544	1.0
1300.544	1.0
1301.544	1.0
1302.544	1.0
1303.544	1.0
1304.544	1.0
1305.544	1.0
1306.544	1.0
1307.544	1.0
1308.544	1.0
1309.544	1.0
1310.544	1.0
1311.544	1.0
1312.544	1.0
1313.544	1.0
1314.544	1.0
1315.544	1.0
1316.544	1.0
1317.544	1.0
1318.544	1.0
1319.544	1.0
1320.544	1.0
1321.544	1.0
1322.544	1.0
1323.544	1.0
1324.544	1.0
1325.544	1.0
1326.544	1.0
1327.544	1.0
1328.544	1.0
1329.544	1.0
1330.544	1.0
1331.544	1.0
1332.544	1.0
1333.544	1.0
1334.544	1.0
1335.544	1.0
1336.544	1.0
1337.544	1.0
1338.544	1.0
1339.544	1.0
1340.544	1.0
1341.544	1.0
1342.544	1.0
1343.544	1.0
1344.544	1.0
1345.544	1.0
1346.544	1.0
1347.544	1.0
1348.544	1.0
1349.544	1.0
1350.544	1.0
1351.544	1.0
1352.544	1.0
1353.544	1.0
1354.544	1.0
1355.544	1.0
1356.544	1.0
1357.544	1.0
1358.544	1.0
1359.544	1.0
1360.544	1.0
1361.544	1.0
1362.544	1.0
1363.544	1.0
1364.544	1.0
1365.544	1.0
1366.544	1.0
1367.544	1.0
1368.544	1.0
1369.544	1.0
1370.544	1.0
1371.544	1.0
1372.544	1.0
1373.544	1.0
1374.544	1.0
1375.544	1.0
1376.544	1.0
1377.544	1.0
1378.544	1.0
1379.544	1.0
1380.544	1.0
1381.544	1.0
1382.544	1.0
1383.544	1.0
1384.544	1.0
1385.544	1.0
1386.544	1.0
1387.544	1.0
1388.544	1.0
1389.544	1.0
1390.544	1.0
1391.544	1.0
1392.544	1.0
1393.544	1.0
1394.544	1.0
1395.544	1.0
1396.544	1.0
1397.544	1.0
1398.544	1.0
1399.544	1.0
1400.544	1.0
1401.544	1.0
1402.544	1.0
1403.544	1.0
1404.544	1.0
1405.544	1.0
1406.544	1.0
1407.544	1.0
1408.544	1.0
1409.544	1.0
1410.544	1.0
1411.544	1.0
1412.544	1.0
1413.544	1.0
1414.544	1.0
1415.544	1.0
1416.544	1.0
1417.544	1.0
1418.544	1.0
1419.544	1.0
1420.544	1.0
1421.544	1.0
1422.544	1.0
1423.544	1.0
1424.544	1.0
1425.544	1.0
1426.544	1.0
1427.544	1.0
1428.544	1.0
1429.544	1.0
1430.544	1.0
1431.544	1.0
1432.544	1.0
1433.544	1.0
1434.544	1.0
1435.544	1.0
1436.544	1.0
1437.544	1.0
1438.544	1.0
1439.544	1.0
1440.544	1.0
1441.544	1.0
1442.544	1.0
1443.544	1.0
1444.544	1.0
1445.544	1.0
1446.544	1.0
1447.544	1.0
1448.544	1.0
1449.544	1.0
1450.544	1.0
1451.544	1.0
1452.544	1.0
1453.544	1.0
1454.544	1.0
1455.544	1.0
1456.544	1.0
1457.544	1.0
1458.544	1.0
1459.544	1.0
1460.544	1.0
1461.544	1.0
1462.544	1.0
1463.544	1.0
1464.544	1.0
1465.544	1.0
1466.544	1.0
1467.544	1.0
1468.544	1.0
1469.544	1.0
1470.544	1.0
1471.544	1.0
1472.544	1.0
1473.544	1.0
1474.544	1.0
1475.544	1.0
1476.544	1.0
1477.544	1.0
1478.544	1.0
1479.544	1.0
1480.544	1.0
1481.544	1.0
1482.544	1.0
1483.544	1.0
1484.544	1.0
1485.544	1.0
1486.544	1.0
1487.544	1.0
1488.544	1.0
1489.544	1.0
1490.544	1.0
1491.544	1.0
1492.544	1.0
1493.544	1.0
1494.544	1.0
1495.544	1.0
1496.544	1.0
1497.544	1.0
1498.544	1.0
1499.544	1.0
1500.544	1.0
1501.544	1.0
1502.544	1.0
1503.544	1.0
1504.544	1.0
1505.544	1.0
1506.544	1.0
1507.544	1.0
1508.544	1.0
1509.544	1.0
1510.544	1.0
1511.544	1.0
1512.544	1.0
1513.544	1.0
1514.544	1.0
1515.544	1.0
1516.544	1.0
1517.544	1.0
1518.544	1.0
1519.544	1.0
1520.544	1.0
1521.544	1.0
1522.544	1.0
1523.544	1.0
1524.544	1.0
1525.544	1.0
1526.544	1.0
1527.544	1.0
1528.544	1.0
1529.544	1.0
1530.544	1.0
1531.544	1.0
1532.544	1.0
1533.544	1.0
1534.544	1.0
1535.544	1.0
1536.544	1.0
1537.544	1.0
1538.544	1.0
1539.544	1.0
1540.544	1.0
1541.544	1.0
1542.544	1.0
1543.544	1.0
1544.544	1.0
1545.544	1.0
1546.544	1.0
1547.544	1.0
1548.544	1.0
1549.544	1.0
1550.544	1.0
1551.544	1.0
1552.544	1.0
1553.544	1.0
1554.544	1.0
1555.544	1.0
1556.544	1.0
1557.544	1.0
1558.544	1.0
1559.544	1.0
1560.544	1.0
1561.544	1.0
1562.544	1.0
1563.544	1.0
1564.544	1.0
1565.544	1.0
1566.544	1.0
1567.544	1.0
1568.544	1.0
1569.544	1.0
1570.544	1.0
1571.544	1.0
1572.544	1.0
1573.544	1.0
1574.544	1.0
1575.544	1.0
1576.544	1.0
1577.544	1.0
1578.544	1.0
1579.544	1.0
1580.544	1.0
1581.544	1.0
1582.544	1.0
1583.544	1.0
1584.544	1.0
1585.544	1.0
1586.544	1.0
1587.544	1.0
1588.544	1.0
1589.544	1.0
1590.544	1.0
1591.544	1.0
1592.544	1.0
1593.544	1.0
1594.544	1.0
1595.544	1.0
1596.544	1.0
1597.544	1.0
1598.544	1.0
1599.544	1.0
1600.544	1.0
1601.544	1.0
1602.544	1.0
1603.544	1.0
1604.544	1.0
1605.544	1.0
1606.544	1.0
1607.544	1.0
1608.544	1.0
1609.544	1.0
1610.544	1.0
1611.544	1.0
1612.544	1.0
1613.544	1.0
1614.544	1.0
1615.544	1.0
1616.544	1.0
1617.544	1.0
1618.544	1.0
1619.544	1.0
1620.544	1.0
1621.544	1.0
1622.544	1.0
1623.544	1.0
1624.544	1.0
1625.544	1.0
1626.544	1.0
1627.544	1.0
1628.544	1.0
1629.544	1.0
1630.544	1.0
1631.544	1.0
1632.544	1.0
1633.544	1.0
1634.544	1.0
1635.544	1.0
1636.544	1.0
1637.544	1.0
1638.544	1.0
1639.544	1.0
1640.544	1.0
1641.544	1.0
1642.544	1.0
1643.544	1.0
1644.544	1.0
1645.544	1.0
1646.544	1.0
1647.544	1.0
1648.544	1.0
1649.544	1.0
1650.544	1.0
1651.544	1.0
1652.544	1.0
1653.544	1.0
1654.544	1.0
1655.544	1.0
1656.544	1.0
1657.544	1.0
1658.544	1.0
1659.544	1.0
1660.544	1.0
1661.544	1.0
1662.544	1.0
1663.544	1.0
1664.544	1.0
1665.544	1.0
1666.544	1.0
1667.544	1.0
1668.544	1.0
1669.544	1.0
1670.544	1.0
1671.544	1.0
1672.544	1.0
1673.544	1.0
1674.544	1.0
1675.544	1.0
1676.544	1.0
1677.544	1.0
1678.544	1.0
1679.544	1.0
1680.544	1.0
1681.544	1.0
1682.544	1.0
1683.544	1.0
1684.544	1.0
1685.544	1.0
1686.544	1.0
1687.544	1.0
1688.544	1.0
1689.544	1.0
1690.544	1.0
1691.544	1.0
1692.544	1.0
1693.544	1.0
1694.544	1.0
1695.544	1.0
1696.544	1.0
1697.544	1.0
1698.544	1.0
1699.544	1.0
1700.544	1.0
1701.544	1.0
1702.544	1.0
1703.544	1.0
1704.544	1.0
1705.544	1.0
1706.544	1.0
1707.544	1.0
1708.544	1.0
1709.544	1.0
1710.544	1.0
1711.544	1.0
1712.544	1.0
1713.544	1.0
1714.544	1.0
1715.544	1.0
1716.544	1.0
1717.544	1.0
1718.544	1.0
1719.544	1.0
1720.544	1.0
1721.544	1.0
1722.544	1.0
1723.544	1.0
1724.544	1.0
1725.544	1.0
1726.544	1.0
1727.544	1.0
1728.544	1.0
1729.544	1.0
1730.544	1.0
1731.544	1.0
1732.544	1.0
1733.544	1.0
1734.544	1.0
1735.544	1.0
1736.544	1.0
1737.544	1.0
1738.544	1.0
1739.544	1.0
1740.544	1.0
1741.544	1.0
1742.544	1.0
1743.544	1.0
1744.544	1.0
1745.544	1.0
1746.544	1.0
1747.544	1.0
1748.544	1.0
1749.544	1.0
1750.544	1.0
1751.544	1.0
1752.544	1.0
1753.544	1.0
1754.544	1.0
1755.544	1.0
1756.544	1.0
1757.544	1.0
1758.544	1.0
1759.544	1.0
1760.544	1.0
1761.544	1.0
1762.544	1.0
1763.544	1.0
1764.544	1.0
1765.544	1.0
1766.544	1.0
1767.544	1.0
1768.544	1.0
1769.544	1.0
1770.544	1.0
1771.544	1.0
1772.544	1.0
1773.544	1.0
1774.544	1.0
1775.544	1.0
1776.544	1.0
1777.544	1.0
1778.544	1.0
1779.544	1.0
1780.544	1.0
1781.544	1.0
1782.544	1.0
1783.544	1.0
1784.544	1.0
1785.544	1.0
1786.544	1.0
1787.544	1.0
1788.544	1.0
1789.544	1.0
1790.544	1.0
1791.544	1.0
1792.544	1.0
1793.544	1.0
1794.544	1.0
1795.544	1.0
1796.544	1.0
1797.544	1.0
1798.544	1.0
1799.544	1.0
1800.544	1.0
1801.544	1.0
1802.544	1.0
1803.544	1.0
1804.544	1.0
1805.544	1.0
1806.544	1.0
1807.544	1.0
1808.544	1.0
1809.544	1.0
1810.544	1.0
1811.544	1.0
1812.544	1.0
1813.544	1.0
1814.544	1.0
1815.544	1.0
1816.544	1.0
1817.544	1.0
1818.544	1.0
1819.544	1.0
1820.544	1.0
1821.544	1.0
1822.544	1.0
1823.544	1.0
1824.544	1.0
1825.544	1.0
1826.544	1.0
1827.544	1.0
1828.544	1.0
1829.544	1.0
1830.544	1.0
1831.544	1.0
1832.544	1.0
1833.544	1.0
1834.544	1.0
1835.544	1.0
1836.544	1.0
1837.544	1.0
1838.544	1.0
1839.544	1.0
1840.544	1.0
1841.544	1.0
1842.544	1.0
1843.544	1.0
1844.544	1.0
1845.544	1.0
1846.544	1.0
1847.544	1.0
1848.544	1.0
1849.544	1.0
1850.544	1.0
1851.544	1.0
1852.544	1.0
1853.544	1.0
1854.544	1.0
1855.544	1.0
1856.544	1.0
1857.544	1.0
1858.544	1.0
1859.544	1.0
1860.544	1.0
1861.544	1.0
1862.544	1.0
1863.544	1.0
1864.544	1.0
1865.544	1.0
1866.544	1.0
1867.544	1.0
1868.544	1.0
1869.544	1.0
1870.544	1.0
1871.544	1.0
1872.544	1.0
1873.544	1.0
1874.544	1.0
1875.544	1.0
1876.544	1.0
1877.544	1.0
1878.544	1.0
1879.544	1.0
1880.544	1.0
1881.544	1.0
1882.544	1.0
1883.544	1.0
1884.544	1.0
1885.544	1.0
1886.544	1.0
1887.544	1.0
1888.544	1.0
1889.544	1.0
1890.544	1.0
1891.544	1.0
1892.544	1.0
1893.544	1.0
1894.544	1.0
1895.544	1.0
1896.544	1.0
1897.544	1.0
1898.544	1.0
1899.544	1.0
1900.544	1.0
1901.544	1.0
1902.544	1.0
1903.544	1.0
1904.544	1.0
1905.544	1.0
1906.544	1.0
1907.544	1.0
1908.544	1.0
1909.544	1.0
1910.544	1.0
1911.544	1.0
1912.544	1.0
1913.544	1.0
1914.544	1.0
1915.544	1.0
1916.544	1.0
1917.544	1.0
1918.544	1.0
1919.544	1.0
1920.544	1.0
1921.544	1.0
1922.544	1.0
1923.544	1.0
1924.544	1.0
1925.544	1.0
1926.544	1.0
1927.544	1.0
1928.544	1.0
1929.544	1.0
1930.544	1.0
1931.544	1.0
1932.544	1.0
1933.544	1.0
1934.544	1.0
1935.544	1.0
1936.544	1.0
1937.544	1.0
1938.544	1.0
1939.544	1.0
1940.544	1.0
1941.544	1.0
1942.544	1.0
1943.544	1.0
1944.544	1.0
1945.544	1.0
1946.544	1.0
1947.544	1.0
1948.544	1.0
1949.544	1.0
1950.544	1.0
1951.544	1.0
1952.544	1.0
1953.544	1.0
1954.544	1.0
1955.544	1.0
1956.544	1.0
1957.544	1.0
1958.544	1.0
1959.544	1.0
1960.544	1.0
1961.544	1.0
1962.544	1.0
1963.544	1.0
1964.544	1.0
1965.544	1.0
1966.544	1.0
1967.544	1.0
1968.544	1.0
1969.544	1.0
1970.544	1.0
1971.544	1.0
1972.544	1.0
1973.544	1.0
1974.544	1.0
1975.544	1.0
1976.544	1.0
1977.544	1.0
1978.544	1.0
1979.544	1.0
1980.544	1.0
1981.544	1.0
1982.544	1.0
1983.544	1.0
1984.544	1.0
1985.544	1.0
1986.544	1.0
1987.544	1.0
1988.544	1.0
1989.544	1.0
1990.544	1.0
1991.544	1.0
1992.544	1.0
1993.544	1.0
1994.544	1.0
1995.544	1.0
1996.544	1.0
1997.544	1.0
1998.544	1.0
1999.544	1.0
2000.544	1.0
2001.544	1.0
2002.544	1.0
2003.544	1.0
2004.544	1.0
2005.544	1.0
2006.544	1.0
2007.544	1.0
2008.544	1.0
2009.544	1.0
2010.544	1.0
2011.544	1.0
2012.544	1.0
2013.544	1.0
2014.544	1.0
2015.544	1.0
2016.544	1.0
2017.544	1.0
2018.544	1.0
2019.544	1.0
2020.544	1.0
2021.544	1.0
2022.544	1.0
2023.544	1.0
2024.544	1.0
2025.544	1.0
2026.544	1.0
2027.544	1.0
2028.544	1.0
2029.544	1.0
2030.544	1.0
2031.544	1.0
2032.544	1.0
2033.544	1.0
2034.544	1.0
2035.544	1.0
2036.544	1.0
2037.544	1.0
2038.544	1.0
2039.544	1.0
2040.544	1.0
2041.544	1.0
2042.544	1.0
2043.544	1.0
2044.544	1.0
2045.544	1.0
2046.544	1.0
2047.544	1.0
2048.544	1.0
2049.544	1.0
2050.544	1.0
2051.544	1.0
2052.544	1.0
2053.544	1.0
2054.544	1.0
2055.544	1.0
2056.544	1.0
2057.544	1.0
2058.544	1.0
2059.544	1.0
2060.544	1.0
2061.544	1.0
2062.544	1.0
2063.544	1.0
2064.544	1.0
2065.544	1.0
2066.544	1.0
2067.544	1.0
2068.544	1.0
2069.544	1.0
2070.544	1.0
2071.544	1.0
2072.544	1.0
2073.544	1.0
2074.544	1.0
2075.544	1.0
2076.544	1.0
2077.544	1.0
2078.544	1.0
2079.544	1.0
2080.544	1.0
2081.544	1.0
2082.544	1.0
2083.544	1.0
2084.544	1.0
2085.544	1.0
2086.544	1.0
2087.544	1.0
2088.544	1.0
2089.544	1.0
2090.544	1.0
2091.544	1.0
2092.544	1.0
2093.544	1.0
2094.544	1.0
2095.544	1.0
2096.544	1.0
2097.544	1.0
2098.544	1.0
2099.544	1.0
2100.544	1.0
2101.544	1.0
2102.544	1.0
2103.544	1.0
2104.544	1.0
2105.544	1.0
2106.544	1.0
2107.544	1.0
2108.544	1.0
2109.544	1.0
2110.544	1.0
2111.544	1.0
2112.544	1.0
2113.544	1.0
2114.544	1.0
2115.544	1.0
2116.544	1.0
2117.544	1.0
2118.544	1.0
2119.544	1.0
2120.544	1.0
2121.544	1.0
2122.544	1.0
2123.544	1.0
2124.544	1.0
2125.544	1.0
2126.544	1.0
2127.544	1.0
2128.544	1.0
2129.544	1.0
2130.544	1.0
2131.544	1.0
2132.544	1.0
2133.544	1.0
2134.544	1.0
2135.544	1.0
2136.544	1.0
2137.544	1.0
2138.544	1.0
2139.544	1.0
2140.544	1.0
2141.544	1.0
2142.544	1.0
2143.544	1.0
2144.544	1.0
2145.544	1.0
2146.544	1.0
2147.544	1.0
2148.544	1.0
2149.544	1.0
2150.544	1.0
2151.544	1.0
2152.544	1.0
2153.544	1.0
2154.544	1.0
2155.544	1.0
2156.544	1.0
2157.544	1.0
2158.544	1.0
2159.544	1.0
2160.544	1.0
2161.544	1.0
2162.544	1.0
2163.544	1.0
2164.544	1.0
2165.544	1.0
2166.544	1.0
2167.544	1.0
2168.544	1.0
2169.544	1.0
2170.544	1.0
2171.544	1.0
2172.544	1.0
2173.544	1.0
2174.544	1.0
2175.544	1.0
2176.544	1.0
2177.544	1.0
2178.544	1.0
2179.544	1.0
2180.544	1.0
2181.544	1.0
2182.544	1.0
2183.544	1.0
2184.544	1.0
2185.544	1.0
2186.544	1.0
2187.544	1.0
2188.544	1.0
2189.544	1.0
2190.544	1.0
2191.544	1.0
2192.544	1.0
2193.544	1.0
2194.544	1.0
2195.544	1.0
2196.544	1.0
2197.544	1.0
2198.544	1.0
2199.544	1.0
2200.544	1.0
2201.544	1.0
2202.544	1.0
2203.544	1.0
2204.544	1.0
2205.544	1.0
2206.544	1.0
2207.544	1.0
2208.544	1.0
2209.544	1.0
2210.544	1.0
2211.544	1.0
2212.544	1.0
2213.544	1.0
2214.544	1.0
2215.544	1.0
2216.544	1.0
2217.544	1.0
2218.544	1.0
2219.544	1.0
2220.544	1.0
2221.544	1.0
2222.544	1.0
2223.544	1.0
2224.544	1.0
2225.544	1.0
2226.544	1.0
2227.544	1.0
2228.544	1.0
2229.544	1.0
2230.544	1.0
2231.544	1.0
2232.544	1.0
2233.544	1.0
2234.544	1.0
2235.544	1.0
2236.544	1.0
2237.544	1.0
2238.544	1.0
2239.544	1.0
2240.544	1.0
2241.544	1.0
2242.544	1.0
2243.544	1.0
2244.544	1.0
2245.544	1.0
2246.544	1.0
2247.544	1.0
2248.544	1.0
2249.544	1.0
2250.544	1.0
2251.544	1.0
2252.544	1.0
2253.544	1.0
2254.544	1.0
2255.544	1.0
2256.544	1.0
2257.544	1.0
2258.544	1.0
2259.544	1.0
2260.544	1.0
2261.544	1.0
2262.544	1.0
2263.544	1.0
2264.544	1.0
2265.544	1.0
2266.544	1.0
2267.544	1.0
2268.544	1.0
2269.544	1.0
2270.544	1.0
2271.544	1.0
2272.544	1.0
2273.544	1.0
2274.544	1.0
2275.544	1.0
2276.544	1.0
2277.544	1.0
2278.544	1.0
2279.544	1.0
2280.544	1.0
2281.544	1.0
2282.544	1.0
2283.544	1.0
2284.544	1.0
2285.544	1.0
2286.544	1.0
2287.544	1.0
2288.544	1.0
2289.544	1.0
2290.544	1.0
2291.544	1.0
2292.544	1.0
2293.544	1.0
2294.544	1.0
2295.544	1.0
2296.544	1.0
2297.544	1.0
2298.544	1.0
2299.544	1.0
2300.544	1.0
2301.544	1.0
2302.544	1.0
2303.544	1.0
2304.544	1.0
2305.544	1.0
2306.544	1.0
2307.544	1.0
2308.544	1.0
2309.544	1.0
2310.544	1.0
2311.544	1.0
2312.544	1.0
2313.544	1.0
2314.544	1.0
2315.544	1.0
2316.544	1.0
2317.544	1.0
2318.544	1.0
2319.544	1.0
2320.544	1.0
2321.544	1.0
2322.544	1.0
2323.544	1.0
2324.544	1.0
2325.544	1.0
2326.544	1.0
2327.544	1.0
2328.544	1.0
2329.544	1.0
2330.544	1.0
2331.544	1.0
2332.544	1.0
2333.544	1.0
2334.544	1.0
2335.544	1.0
2336.544	1.0
2337.544	1.0
2338.544	1.0
2339.544	1.0
2340.544	1.0
2341.544	1.0
2342.544	1.0
2343.544	1.0
2344.544	1.0
2345.544	1.0
2346.544	1.0
2347.544	1.0
2348.544	1.0
2349.544	1.0
2350.544	1.0
2351.544	1.0
2352.544	1.0
2353.544	1.0
2354.544	1.0
2355.544	1.0
2356.544	1.0
2357.544	1.0
2358.544	1.0
2359.544	1.0
2360.544	1.0
2361.544	1.0
2362.544	1.0
2363.544	1.0
2364.544	1.0
2365.544	1.0
2366.544	1.0
2367.544	1.0
2368.544	1.0
2369.544	1.0
2370.544	1.0
2371.544	1.0
2372.544	1.0
2373.544	1.0
2374.544	1.0
2375.544	1.0
2376.544	1.0
2377.544	1.0
2378.544	1.0
2379.544	1.0
2380.544	1.0
2381.544	1.0
2382.544	1.0
2383.544	1.0
2384.544	1.0
2385.544	1.0
2386.544	1.0
2387.544	1.0
2388.544	1.0
2389.544	1.0
2390.544	1.0
2391.544	1.0
2392.544	1.0
2393.544	1.0
2394.544	1.0
2395.544	1.0
2396.544	1.0
2397.544	1.0
2398.544	1.0
2399.544	1.0
2400.544	1.0
2401.544	1.0
2402.544	1.0
2403.544	1.0
2404.544	1.0
2405.544	1.0
2406.544	1.0
2407.544	1.0
2408.544	1.0
2409.544	1.0
2410.544	1.0
2411.544	1.0
2412.544	1.0
2413.544	1.0
2414.544	1.0
2415.544	1.0
2416.544	1.0
2417.544	1.0
2418.544	1.0
2419.544	1.0
2420.544	1.0
2421.544	1.0
2422.544	1.0
2423.544	1.0
2424.544	1.0
2425.544	1.0
2426.544	1.0
2427.544	1.0
2428.544	1.0
2429.544	1.0
2430.544	1.0
2431.544	1.0
2432.544	1.0
2433.544	1.0
2434.544	1.0
2435.544	1.0
2436.544	1.0
2437.544	1.0
2438.544	1.0
2439.544	1.0
2440.544	1.0
2441.544	1.0
2442.544	1.0
2443.544	1.0
2444.544	1.0
2445.544	1.0
2446.544	1.0
2447.544	1.0
2448.544	1.0
2449.544	1.0
2450.544	1.0
2451.544	1.0
2452.544	1.0
2453.544	1.0
2454.544	1.0
2455.544	1.0
2456.544	1.0
2457.544	1.0
2458.544	1.0
2459.544	1.0
2460.544	1.0
2461.544	1.0
2462.544	1.0
2463.544	1.0
2464.544	1.0
2465.544	1.0
2466.544	1.0
2467.544	1.0
2468.544	1.0
2469.544	1.0
2470.544	1.0
2471.544	1.0
2472.544	1.0
2473.544	1.0
2474.544	1.0
2475.544	1.0
2476.544	1.0
2477.544	1.0
2478.544	1.0
2479.544	1.0
2480.544	1.0
2481.544	1.0
2482.544	1.0
2483.544	1.0
2484.544	1.0
2485.544	1.0
2486.544	1.0
2487.544	1.0
2488.544	1.0
2489.544	1.0
2490.544	1.0
2491.544	1.0
2492.544	1.0
2493.544	1.0
2494.544	1.0
2495.544	1.0
2496.544	1.0
2497.544	1.0
2498.544	1.0
2499.544	1.0
2500.544	1.0
2501.544	1.0
2502.544	1.0
2503.544	1.0
2504.544	1.0
2505.544	1.0
2506.544	1.0
2507.544	1.0
2508.544	1.0
2509.544	1.0
2510.544	1.0
2511.544	1.0
2512.544	1.0
2513.544	1.0
2514.544	1.0
2515.544	1.0
2516.544	1.0
2517.544	1.0
2518.544	1.0
2519.544	1.0
2520.544	1.0
2521.544	1.0
2522.544	1.0
2523.544	1.0
2524.544	1.0
2525.544	1.0
2526.544	1.0
2527.544	1.0
2528.544	1.0
2529.544	1.0
2530.544	1.0
2531.544	1.0
2532.544	1.0
2533.544	1.0
2534.544	1.0
2535.544	1.0
2536.544	1.0
2537.544	1.0
2538.544	1.0
2539.544	1.0
2540.544	1.0
2541.544	1.0
2542.544	1.0
2543.544	1.0
2544.544	1.0
2545.544	1.0
2546.544	1.0
2547.544	1.0
2548.544	1.0
2549.544	1.0
2550.544	1.0
2551.544	1.0
2552.544	1.0
2553.544	1.0
2554.544	1.0
2555.544	1.0
2556.544	1.0
2557.544	1.0
2558.544	1.0
2559.544	1.0
2560.544	1.0
2561.544	1.0
2562.544	1.0
2563.544	1.0
2564.544	1.0
2565.544	1.0
2566.544	1.0
2567.544	1.0
2568.544	1.0
2569.544	1.0
2570.544	1.0
2571.544	1.0
2572.544	1.0
2573.544	1.0
2574.544	1.0
2575.544	1.0
2576.544	1.0
2577.544	1.0
2578.544	1.0
2579.544	1.0
2580.544	1.0
2581.544	1.0
2582.544	1.0
2583.544	1.0
2584.544	1.0
2585.544	1.0
2586.544	1.0
2587.544	1.0
2588.544	1.0
2589.544	1.0
2590.544	1.0
2591.544	1.0
2592.544	1.0
2593.544	1.0
2594.544	1.0
2595.544	1.0
2596.544	1.0
2597.544	1.0
2598.544	1.0
2599.544	1.0
2600.544	1.0
2601.544	1.0
2602.544	1.0
2603.544	1.0
2604.544	1.0
2605.544	1.0
2606.544	1.0
2607.544	1.0
2608.544	1.0
2609.544	1.0
2610.544	1.0
2611.544	1.0
2612.544	1.0
2613.544	1.0
2614.544	1.0
2615.544	1.0
2616.544	1.0
2617.544	1.0
2618.544	1.0
2619.544	1.0
2620.544	1.0
2621.544	1.0
2622.544	1.0
2623.544	1.0
2624.544	1.0
2625.544	1.0
2626.544	1.0
2627.544	1.0
2628.544	1.0
2629.544	1.0
2630.544	1.0
2631.544	1.0
2632.544	1.0
2633.544	1.0
2634.544	1.0
2635.544	1.0
2636.544	1.0
2637.544	1.0
2638.544	1.0
2639.544	1.0
2640.544	1.0
2641.544	1.0
2642.544	1.0
2643.544	1.0
2644.544	1.0
2645.544	1.0
2646.544	1.0
2647.544	1.0
2648.544	1.0
2649.544	1.0
2650.544	1.0
2651.544	1.0
2652.544	1.0
2653.544	1.0
2654.544	1.0
2655.544	1.0
2656.544	1.0
2657.544	1.0
2658.544	1.0
2659.544	1.0
2660.544	1.0
2661.544	1.0
2662.544	1.0
2663.544	1.0
2664.544	1.0
2665.544	1.0
2666.544	1.0
2667.544	1.0
2668.544	1.0
2669.544	1.0
2670.544	1.0
2671.544	1.0
2672.544	1.0
2673.544	1.0
2674.544	1.0
2675.544	1.0
2676.544	1.0
2677.544	1.0
2678.544	1.0
2679.544	1.0
2680.544	1.0
2681.544	1.0
2682.544	1.0
2683.544	1.0
2684.544	1.0
2685.544	1.0
2686.544	1.0
2687.544	1.0
2688.544	1.0
2689.544	1.0
2690.544	1.0
2691.544	1.0
2692.544	1.0
2693.544	1.0
2694.544	1.0
2695.544	1.0
2696.544	1.0
2697.544	1.0
2698.544	1.0
2699.544	1.0
2700.544	1.0
2701.544	1.0
2702.544	1.0
2703.544	1.0
2704.544	1.0
2705.544	1.0
2706.544	1.0
2707.544	1.0
2708.544	1.0
2709.544	1.0
2710.544	1.0
2711.544	1.0
2712.544	1.0
2713.544	1.0
2714.544	1.0
2715.544	1.0
2716.544	1.0
2717.544	1.0
2718.544	1.0
2719.544	1.0
2720.544	1.0
2721.544	1.0
2722.544	1.0
2723.544	1.0
2724.544	1.0
2725.544	1.0
2726.544	1.0
2727.544	1.0
2728.544	1.0
2729.544	1.0
2730.544	1.0
2731.544	1.0
2732.544	1.0
2733.544	1.0
2734.544	1.0
2735.544	1.0
2736.544	1.0
2737.544	1.0
2738.544	1.0
2739.544	1.0
2740.544	1.0
2741.544	1.0
2742.544	1.0
2743.544	1.0
2744.544	1.0
2745.544	1.0
2746.544	1.0
2747.544	1.0
2748.544	1.0
2749.544	1.0
2750.544	1.0
2751.544	1.0
2752.544	1.0
2753.544	1.0
2754.544	1.0
2755.544	1.0
2756.544	1.0
2757.544	1.0
2758.544	1.0
2759.544	1.0
2760.544	1.0
2761.544	1.0
2762.544	1.0
2763.544	1.0
2764.544	1.0
2765.544	1.0
2766.544	1.0
2767.544	1.0
2768.544	1.0
2769.544	1.0
2770.544	1.0
2771.544	1.0
2772.544	1.0
2773.544	1.0
2774.544	1.0
2775.544	1.0
2776.544	1.0
2777.544	1.0
2778.544	1.0
2779.544	1.0
2780.544	1.0
2781.544	1.0
2782.544	1.0
2783.544	1.0
2784.544	1.0
2785.544	1.0
2786.544	1.0
2787.544	1.0
2788.544	1.0
2789.544	1.0
2790.544	1.0
2791.544	1.0
2792.544	1.0
2793.544	1.0
2794.544	1.0
2795.544	1.0
2796.544	1.0
2797.544	1.0
2798.544	1.0
2799.544	1.0
2800.544	1.0
2801.544	1.0
2802.544	1.0
2803.544	1.0
2804.544	1.0
2805.544	1.0
2806.544	1.0
2807.544	1.0
2808.544	1.0
2809.544	1.0
2810.544	1.0
2811.544	1.0
2812.544	1.0
2813.544	1.0
2814.544	1.0
2815.544	1.0
2816.544	1.0
2817.544	1.0
2818.544	1.0
2819.544	1.0
2820.544	1.0
2821.544	1.0
2822.544	1.0
2823.544	1.0
2824.544	1.0
2825.544	1.0
2826.544	1.0
2827.544	1.0
2828.544	1.0
2829.544	1.0
2830.544	1.0
2831.544	1.0
2832.544	1.0
2833.544	1.0
2834.544	1.0
2835.544	1.0
2836.544	1.0
2837.544	1.0
2838.544	1.0
2839.544	1.0
2840.544	1.0
2841.544	1.0
2842.544	1.0
2843.544	1.0
2844.544	1.0
2845.544	1.0
2846.544	1.0
2847.544	1.0
2848.544	1.0
2849.544	1.0
2850.544	1.0
2851.544	1.0
2852.544	1.0
2853.544	1.0
2854.544	1.0
2855.544	1.0
2856.544	1.0
2857.544	1.0
2858.544	1.0
2859.544	1.0
2860.544	1.0
2861.544	1.0
2862.544	1.0
2863.544	1.0
2864.544	1.0
2865.544	1.0
2866.544	1.0
2867.544	1.0
2868.544	1.0
2869.544	1.0
2870.544	1.0
2871.544	1.0
2872.544	1.0
2873.544	1.0
2874.544	1.0
2875.544	1.0
2876.544	1.0
2877.544	1.0
2878.544	1.0
2879.544	1.0
2880.544	1.0
2881.544	1.0
2882.544	1.0
2883.544	1.0
2884.544	1.0
2885.544	1.0
2886.544	1.0
2887.544	1.0
2888.544	1.0
2889.544	1.0
2890.544	1.0
2891.544	1.0
2892.544	1.0
2893.544	1.0
2894.544	1.0
2895.544	1.0
2896.544	1.0
2897.544	1.0
2898.544	1.0
2899.544	1.0
2900.544	1.0
2901.544	1.0
2902.544	1.0
2903.544	1.0
2904.544	1.0
2905.544	1.0
2906.544	1.0
2907.544	1.0
2908.544	1.0
2909.544	1.0
2910.544	1.0
2911.544	1.0
2912.544	1.0
2913.544	1.0
2914.544	1.0
2915.544	1.0
2916.544	1.0
2917.544	1.0
2918.544	1.0
2919.544	1.0
2920.544	1.0
2921.544	1.0
2922.544	1.0
2923.544	1.0
2924.544	1.0
2925.544	1.0
2926.544	1.0
2927.544	1.0
2928.544	1.0
2929.544	1.0
2930.544	1.0
2931.544	1.0
2932.544	1.0
2933.544	1.0
2934.544	1.0
2935.544	1.0
2936.544	1.0
2937.544	1.0
2938.544	1.0
2939.544	1.0
2940.544	1.0
2941.544	1.0
2942.544	1.0
2943.544	1.0
2944.544	1.0
2945.544	1.0
2946.544	1.0
2947.544	1.0
2948.544	1.0
2949.544	1.0
2950.544	1.0
2951.544	1.0
2952.544	1.0
2953.544	1.0
2954.544	1.0
2955.544	1.0
2956.544	1.0
2957.544	1.0
2958.544	1.0
2959.544	1.0
2960.544	1.0
2961.544	1.0
2962.544	1.0
2963.544	1.0
2964.544	1.0
2965.544	1.0
2966.544	1.0
2967.544	1.0
2968.544	1.0
2969.544	1.0
2970.544	1.0
2971.544	1.0
2972.544	1.0
2973.544	1.0
2974.544	1.0
2975.544	1.0
2976.544	1.0
2977.544	1.0
2978.544	1.0
2979.544	1.0
2980.544	1.0
2981.544	1.0
2982.544	1.0
2983.544	1.0
2984.544	1.0
2985.544	1.0
2986.544	1.0
2987.544	1.0
2988.544	1.0
2989.544	1.0
2990.544	1.0
2991.544	1.0
2992.544	1.0
