0.163	0.5291053715814337
1.097	0.539044208485787
2.033	0.5302291985237724
2.97	0.5409153312563008
3.9330000000000003	0.5322453735695922
4.883	0.5435998356070473
5.832	0.5535874885749308
6.784	0.5534162813232009
7.716	0.5511740780431734
8.669	0.5494446670826323
9.623	0.5422598546870471
10.562	0.5379861800372816
11.512	0.533142549896636
12.461	0.521673836837266
13.407	0.5248232120826941
14.358	0.5283504171884126
15.313	0.5348821088817112
16.253	0.5475296990653415
17.202	0.5416944811344316
18.156	0.5397573018051116
19.109	0.5451386279252826
20.059	0.5389698275856897
21.005	0.5328579214186775
21.951	0.5397075842993272
22.901	0.524917238108426
23.841	0.5296412344150059
24.8	0.5380532217626042
25.751	0.5490841965042662
26.699	0.5352986712355109
27.662	0.5517479029661565
28.617	0.5757100272942651
29.565	0.5924727499795628
30.53	0.6325324693512262
31.470000000000002	0.6294088667496294
32.425	0.646291262478404
33.395	0.6949710021015395
34.365	0.7038633914006943
35.336	0.6866900737495143
36.286	0.7071505299305336
37.24	0.7188328147603326
38.194	0.7362783756424575
39.154	0.7409473244207528
40.098	0.7448498964948423
41.068	0.733599556295387
42.014	0.7382935850182176
42.996	0.7428791879771178
43.928000000000004	0.7556985547304299
44.892	0.7561376995708247
45.847	0.768263106996742
46.795	0.7810310272235406
47.733000000000004	0.7968020137471244
48.661	0.8164625426863759
49.585	0.813663458768268
50.541000000000004	0.7733270421008789
51.503	0.6893347187255403
52.463	0.5158748567579933
53.435	0.759984894960361
54.401	0.6955022733876949
55.392	0.8610916863667688
56.355000000000004	0.8340469779572238
57.326	0.8432665728646033
58.283	0.6359502549078191
59.255	0.6388207611036758
60.224000000000004	0.3028816552731189
61.2	0.3888355356772528
62.176	0.41387839473390614
63.157000000000004	0.641475759768172
64.129	0.5216839314228602
65.101	0.19566615754832634
66.07300000000001	0.12899218317724417
67.054	0.23458021716499403
68.026	0.1373904498800177
68.998	0.1538051037844528
69.974	0.14759032857836304
70.95400000000001	0.1511050179445573
71.933	0.1686244439525688
72.915	0.43870721801537854
73.891	0.4372942552209555
74.863	0.2552861651871632
75.83500000000001	0.16565587581288704
76.815	0.18857826284754656
77.791	0.25177385494616206
78.772	0.3647196457154609
79.751	0.5204248542563087
80.724	0.234474278521894
81.705	0.3847606698672669
82.678	0.17774785505956375
83.658	0.2956251105941932
84.637	0.4085807000955082
85.616	0.36952313686831023
86.593	0.2591812524226364
87.571	0.25929548568582483
88.552	0.3034618160315495
89.533	0.4130590841326906
90.508	0.1798686766488135
91.495	0.5501266576710939
92.47500000000001	0.3214746873279499
93.46600000000001	0.8281479297702469
94.45700000000001	0.9183511934009537
95.428	0.7506557939866131
96.403	0.37648139174269085
97.384	0.5206463711455677
98.375	0.9040331391536275
99.35600000000001	0.8890083501168774
100.337	0.9032927491515913
101.318	0.7569476200876384
102.309	0.908039722331388
103.281	0.4351993613836812
104.27	0.7735437414767763
105.252	0.6431640289843327
106.238	0.8384410538593781
107.215	0.42811986236992755
108.196	0.40244616420586443
109.18	0.5588752816003852
110.161	0.4381417145768238
111.142	0.34422529277252817
112.132	0.8132083786415658
113.11800000000001	0.8764075620733093
114.099	0.7920826860840187
115.08	0.6979056920637686
116.058	0.5719166663463963
117.042	0.7213413596229956
118.023	0.39449314267321367
119.014	0.7917079091238677
119.997	0.589528772098873
120.98	0.28239994063662405
121.965	0.18752498867190448
122.95100000000001	0.3275654867809237
123.935	0.16764217971180254
124.922	0.3878964735900247
125.905	0.6017164293774603
126.889	0.21146007155707594
127.88000000000001	0.660954203438869
128.865	0.44153978120379755
129.854	0.5611900402122604
130.844	0.8077020017783569
131.832	0.533039974443425
132.823	0.8163616793283548
133.812	0.8059692524379211
134.8	0.20576378045352642
135.79	0.2909692546199711
136.778	0.10838385373935372
137.768	0.09176369847239675
138.75900000000001	0.2512911768586498
139.75	0.5798092104127933
140.732	0.08628001516293211
141.722	0.1016677422915816
142.711	0.07525899779728591
143.702	0.14776372526604276
144.693	0.294470018588545
145.684	0.5348551628335176
146.674	0.22746916711403775
147.665	0.35304022492584153
148.655	0.1784926289305079
149.64600000000002	0.4515287616918893
150.627	0.3014597894665333
151.617	0.3641494064246227
152.602	0.22203972421409848
153.583	0.07904047543870237
154.574	0.17435210593177763
155.564	0.43498976865468963
156.553	0.4110692650582377
157.538	0.15056781271874678
158.522	0.13965071477765836
159.50300000000001	0.06791379522593778
160.494	0.10919264967529706
161.478	0.05366912999017863
162.469	0.09220230745429907
163.459	0.07425301313937177
164.451	0.20487338690139587
165.441	0.07071961629812364
166.43200000000002	0.07986528517283846
167.423	0.09281874482416042
168.41400000000002	0.09272136524228444
169.405	0.10268729949404792
170.39600000000002	0.10297945111568167
171.387	0.10663207624738161
172.37800000000001	0.10698776597974256
173.369	0.1073785458451331
174.36	0.10775962913974259
175.351	0.1081500067197426
176.342	0.10854678530307595
177.333	0.10894356388640927
178.324	0.10934034246974259
179.315	0.10973712105307594
180.306	0.1101403006397426
181.297	0.13019318381270892
182.288	0.22555157118967864
183.279	0.16030512618239934
184.274	0.3336467764463207
185.273	0.6541968079010453
186.27	0.8919308774067164
187.266	0.9379873397383158
188.263	0.9525082971825909
189.254	0.8305073459114506
190.251	0.620362936094832
191.243	0.26522991084663305
192.243	0.8919055095746361
193.241	0.9440838102686094
194.236	0.8329501711123797
195.236	0.980664184580742
196.233	0.7045060683662104
197.229	0.6261146590534261
198.229	0.9738060057298313
199.227	0.8278801357173968
200.227	0.99021656222756
201.227	0.9963980412727457
202.227	0.9945241374937852
203.22400000000002	0.9967594823333333
204.22400000000002	1.0
205.22400000000002	1.0
206.22400000000002	1.0
207.22400000000002	1.0
208.22400000000002	1.0
209.22400000000002	1.0
210.22400000000002	1.0
211.22400000000002	1.0
212.22400000000002	1.0
213.22400000000002	1.0
214.22400000000002	1.0
215.22400000000002	1.0
216.22400000000002	1.0
217.22400000000002	1.0
218.22400000000002	1.0
219.22400000000002	1.0
220.22400000000002	1.0
221.22400000000002	1.0
222.22400000000002	1.0
223.22400000000002	1.0
224.22400000000002	1.0
225.22400000000002	1.0
226.22400000000002	1.0
227.22400000000002	1.0
228.22400000000002	1.0
229.22400000000002	1.0
230.22400000000002	1.0
231.22400000000002	1.0
232.22400000000002	1.0
233.22400000000002	1.0
234.22400000000002	1.0
235.22400000000002	1.0
236.22400000000002	1.0
237.22400000000002	1.0
238.22400000000002	1.0
239.22400000000002	1.0
240.22400000000002	1.0
241.22400000000002	1.0
242.22400000000002	1.0
243.22400000000002	1.0
244.22400000000002	1.0
245.22400000000002	1.0
246.22400000000002	1.0
247.22400000000002	1.0
248.22400000000002	1.0
249.22400000000002	1.0
250.22400000000002	1.0
251.22400000000002	1.0
252.22400000000002	1.0
253.22400000000002	1.0
254.22400000000002	1.0
255.22400000000002	1.0
256.224	1.0
257.224	1.0
258.224	1.0
259.224	1.0
260.224	1.0
261.224	1.0
262.224	1.0
263.224	1.0
264.224	1.0
265.224	1.0
266.224	1.0
267.224	1.0
268.224	1.0
269.224	1.0
270.224	1.0
271.224	1.0
272.224	1.0
273.224	1.0
274.224	1.0
275.224	1.0
276.224	1.0
277.224	1.0
278.224	1.0
279.224	1.0
280.224	1.0
281.224	1.0
282.224	1.0
283.224	1.0
284.224	1.0
285.224	1.0
286.224	1.0
287.224	1.0
288.224	1.0
289.224	1.0
290.224	1.0
291.224	1.0
292.224	1.0
293.224	1.0
294.224	1.0
295.224	1.0
296.224	1.0
297.224	1.0
298.224	1.0
299.224	1.0
300.224	1.0
301.224	1.0
302.224	1.0
303.224	1.0
304.224	1.0
305.224	1.0
306.224	1.0
307.224	1.0
308.224	1.0
309.224	1.0
310.224	1.0
311.224	1.0
312.224	1.0
313.224	1.0
314.224	1.0
315.224	1.0
316.224	1.0
317.224	1.0
318.224	1.0
319.224	1.0
320.224	1.0
321.224	1.0
322.224	1.0
323.224	1.0
324.224	1.0
325.224	1.0
326.224	1.0
327.224	1.0
328.224	1.0
329.224	1.0
330.224	1.0
331.224	1.0
332.224	1.0
333.224	1.0
334.224	1.0
335.224	1.0
336.224	1.0
337.224	1.0
338.224	1.0
339.224	1.0
340.224	1.0
341.224	1.0
342.224	1.0
343.224	1.0
344.224	1.0
345.224	1.0
346.224	1.0
347.224	1.0
348.224	1.0
349.224	1.0
350.224	1.0
351.224	1.0
352.224	1.0
353.224	1.0
354.224	1.0
355.224	1.0
356.224	1.0
357.224	1.0
358.224	1.0
359.224	1.0
360.224	1.0
361.224	1.0
362.224	1.0
363.224	1.0
364.224	1.0
365.224	1.0
366.224	1.0
367.224	1.0
368.224	1.0
369.224	1.0
370.224	1.0
371.224	1.0
372.224	1.0
373.224	1.0
374.224	1.0
375.224	1.0
376.224	1.0
377.224	1.0
378.224	1.0
379.224	1.0
380.224	1.0
381.224	1.0
382.224	1.0
383.224	1.0
384.224	1.0
385.224	1.0
386.224	1.0
387.224	1.0
388.224	1.0
389.224	1.0
390.224	1.0
391.224	1.0
392.224	1.0
393.224	1.0
394.224	1.0
395.224	1.0
396.224	1.0
397.224	1.0
398.224	1.0
399.224	1.0
400.224	1.0
401.224	1.0
402.224	1.0
403.224	1.0
404.224	1.0
405.224	1.0
406.224	1.0
407.224	1.0
408.224	1.0
409.224	1.0
410.224	1.0
411.224	1.0
412.224	1.0
413.224	1.0
414.224	1.0
415.224	1.0
416.224	1.0
417.224	1.0
418.224	1.0
419.224	1.0
420.224	1.0
421.224	1.0
422.224	1.0
423.224	1.0
424.224	1.0
425.224	1.0
426.224	1.0
427.224	1.0
428.224	1.0
429.224	1.0
430.224	1.0
431.224	1.0
432.224	1.0
433.224	1.0
434.224	1.0
435.224	1.0
436.224	1.0
437.224	1.0
438.224	1.0
439.224	1.0
440.224	1.0
441.224	1.0
442.224	1.0
443.224	1.0
444.224	1.0
445.224	1.0
446.224	1.0
447.224	1.0
448.224	1.0
449.224	1.0
450.224	1.0
451.224	1.0
452.224	1.0
453.224	1.0
454.224	1.0
455.224	1.0
456.224	1.0
457.224	1.0
458.224	1.0
459.224	1.0
460.224	1.0
461.224	1.0
462.224	1.0
463.224	1.0
464.224	1.0
465.224	1.0
466.224	1.0
467.224	1.0
468.224	1.0
469.224	1.0
470.224	1.0
471.224	1.0
472.224	1.0
473.224	1.0
474.224	1.0
475.224	1.0
476.224	1.0
477.224	1.0
478.224	1.0
479.224	1.0
480.224	1.0
481.224	1.0
482.224	1.0
483.224	1.0
484.224	1.0
485.224	1.0
486.224	1.0
487.224	1.0
488.224	1.0
489.224	1.0
490.224	1.0
491.224	1.0
492.224	1.0
493.224	1.0
494.224	1.0
495.224	1.0
496.224	1.0
497.224	1.0
498.224	1.0
499.224	1.0
500.224	1.0
501.224	1.0
502.224	1.0
503.224	1.0
504.224	1.0
505.224	1.0
506.224	1.0
507.224	1.0
508.224	1.0
509.224	1.0
510.224	1.0
511.224	1.0
512.224	1.0
513.224	1.0
514.224	1.0
515.224	1.0
516.224	1.0
517.224	1.0
518.224	1.0
519.224	1.0
520.224	1.0
521.224	1.0
522.224	1.0
523.224	1.0
524.224	1.0
525.224	1.0
526.224	1.0
527.224	1.0
528.224	1.0
529.224	1.0
530.224	1.0
531.224	1.0
532.224	1.0
533.224	1.0
534.224	1.0
535.224	1.0
536.224	1.0
537.224	1.0
538.224	1.0
539.224	1.0
540.224	1.0
541.224	1.0
542.224	1.0
543.224	1.0
544.224	1.0
545.224	1.0
546.224	1.0
547.224	1.0
548.224	1.0
549.224	1.0
550.224	1.0
551.224	1.0
552.224	1.0
553.224	1.0
554.224	1.0
555.224	1.0
556.224	1.0
557.224	1.0
558.224	1.0
559.224	1.0
560.224	1.0
561.224	1.0
562.224	1.0
563.224	1.0
564.224	1.0
565.224	1.0
566.224	1.0
567.224	1.0
568.224	1.0
569.224	1.0
570.224	1.0
571.224	1.0
572.224	1.0
573.224	1.0
574.224	1.0
575.224	1.0
576.224	1.0
577.224	1.0
578.224	1.0
579.224	1.0
580.224	1.0
581.224	1.0
582.224	1.0
583.224	1.0
584.224	1.0
585.224	1.0
586.224	1.0
587.224	1.0
588.224	1.0
589.224	1.0
590.224	1.0
591.224	1.0
592.224	1.0
593.224	1.0
594.224	1.0
595.224	1.0
596.224	1.0
597.224	1.0
598.224	1.0
599.224	1.0
600.224	1.0
601.224	1.0
602.224	1.0
603.224	1.0
604.224	1.0
605.224	1.0
606.224	1.0
607.224	1.0
608.224	1.0
609.224	1.0
610.224	1.0
611.224	1.0
612.224	1.0
613.224	1.0
614.224	1.0
615.224	1.0
616.224	1.0
617.224	1.0
618.224	1.0
619.224	1.0
620.224	1.0
621.224	1.0
622.224	1.0
623.224	1.0
624.224	1.0
625.224	1.0
626.224	1.0
627.224	1.0
628.224	1.0
629.224	1.0
630.224	1.0
631.224	1.0
632.224	1.0
633.224	1.0
634.224	1.0
635.224	1.0
636.224	1.0
637.224	1.0
638.224	1.0
639.224	1.0
640.224	1.0
641.224	1.0
642.224	1.0
643.224	1.0
644.224	1.0
645.224	1.0
646.224	1.0
647.224	1.0
648.224	1.0
649.224	1.0
650.224	1.0
651.224	1.0
652.224	1.0
653.224	1.0
654.224	1.0
655.224	1.0
656.224	1.0
657.224	1.0
658.224	1.0
659.224	1.0
660.224	1.0
661.224	1.0
662.224	1.0
663.224	1.0
664.224	1.0
665.224	1.0
666.224	1.0
667.224	1.0
668.224	1.0
669.224	1.0
670.224	1.0
671.224	1.0
672.224	1.0
673.224	1.0
674.224	1.0
675.224	1.0
676.224	1.0
677.224	1.0
678.224	1.0
679.224	1.0
680.224	1.0
681.224	1.0
682.224	1.0
683.224	1.0
684.224	1.0
685.224	1.0
686.224	1.0
687.224	1.0
688.224	1.0
689.224	1.0
690.224	1.0
691.224	1.0
692.224	1.0
693.224	1.0
694.224	1.0
695.224	1.0
696.224	1.0
697.224	1.0
698.224	1.0
699.224	1.0
700.224	1.0
701.224	1.0
702.224	1.0
703.224	1.0
704.224	1.0
705.224	1.0
706.224	1.0
707.224	1.0
708.224	1.0
709.224	1.0
710.224	1.0
711.224	1.0
712.224	1.0
713.224	1.0
714.224	1.0
715.224	1.0
716.224	1.0
717.224	1.0
718.224	1.0
719.224	1.0
720.224	1.0
721.224	1.0
722.224	1.0
723.224	1.0
724.224	1.0
725.224	1.0
726.224	1.0
727.224	1.0
728.224	1.0
729.224	1.0
730.224	1.0
731.224	1.0
732.224	1.0
733.224	1.0
734.224	1.0
735.224	1.0
736.224	1.0
737.224	1.0
738.224	1.0
739.224	1.0
740.224	1.0
741.224	1.0
742.224	1.0
743.224	1.0
744.224	1.0
745.224	1.0
746.224	1.0
747.224	1.0
748.224	1.0
749.224	1.0
750.224	1.0
751.224	1.0
752.224	1.0
753.224	1.0
754.224	1.0
755.224	1.0
756.224	1.0
757.224	1.0
758.224	1.0
759.224	1.0
760.224	1.0
761.224	1.0
762.224	1.0
763.224	1.0
764.224	1.0
765.224	1.0
766.224	1.0
767.224	1.0
768.224	1.0
769.224	1.0
770.224	1.0
771.224	1.0
772.224	1.0
773.224	1.0
774.224	1.0
775.224	1.0
776.224	1.0
777.224	1.0
778.224	1.0
779.224	1.0
780.224	1.0
781.224	1.0
782.224	1.0
783.224	1.0
784.224	1.0
785.224	1.0
786.224	1.0
787.224	1.0
788.224	1.0
789.224	1.0
790.224	1.0
791.224	1.0
792.224	1.0
793.224	1.0
794.224	1.0
795.224	1.0
796.224	1.0
797.224	1.0
798.224	1.0
799.224	1.0
800.224	1.0
801.224	1.0
802.224	1.0
803.224	1.0
804.224	1.0
805.224	1.0
806.224	1.0
807.224	1.0
808.224	1.0
809.224	1.0
810.224	1.0
811.224	1.0
812.224	1.0
813.224	1.0
814.224	1.0
815.224	1.0
816.224	1.0
817.224	1.0
818.224	1.0
819.224	1.0
820.224	1.0
821.224	1.0
822.224	1.0
823.224	1.0
824.224	1.0
825.224	1.0
826.224	1.0
827.224	1.0
828.224	1.0
829.224	1.0
830.224	1.0
831.224	1.0
832.224	1.0
833.224	1.0
834.224	1.0
835.224	1.0
836.224	1.0
837.224	1.0
838.224	1.0
839.224	1.0
840.224	1.0
841.224	1.0
842.224	1.0
843.224	1.0
844.224	1.0
845.224	1.0
846.224	1.0
847.224	1.0
848.224	1.0
849.224	1.0
850.224	1.0
851.224	1.0
852.224	1.0
853.224	1.0
854.224	1.0
855.224	1.0
856.224	1.0
857.224	1.0
858.224	1.0
859.224	1.0
860.224	1.0
861.224	1.0
862.224	1.0
863.224	1.0
864.224	1.0
865.224	1.0
866.224	1.0
867.224	1.0
868.224	1.0
869.224	1.0
870.224	1.0
871.224	1.0
872.224	1.0
873.224	1.0
874.224	1.0
875.224	1.0
876.224	1.0
877.224	1.0
878.224	1.0
879.224	1.0
880.224	1.0
881.224	1.0
882.224	1.0
883.224	1.0
884.224	1.0
885.224	1.0
886.224	1.0
887.224	1.0
888.224	1.0
889.224	1.0
890.224	1.0
891.224	1.0
892.224	1.0
893.224	1.0
894.224	1.0
895.224	1.0
896.224	1.0
897.224	1.0
898.224	1.0
899.224	1.0
900.224	1.0
901.224	1.0
902.224	1.0
903.224	1.0
904.224	1.0
905.224	1.0
906.224	1.0
907.224	1.0
908.224	1.0
909.224	1.0
910.224	1.0
911.224	1.0
912.224	1.0
913.224	1.0
914.224	1.0
915.224	1.0
916.224	1.0
917.224	1.0
918.224	1.0
919.224	1.0
920.224	1.0
921.224	1.0
922.224	1.0
923.224	1.0
924.224	1.0
925.224	1.0
926.224	1.0
927.224	1.0
928.224	1.0
929.224	1.0
930.224	1.0
931.224	1.0
932.224	1.0
933.224	1.0
934.224	1.0
935.224	1.0
936.224	1.0
937.224	1.0
938.224	1.0
939.224	1.0
940.224	1.0
941.224	1.0
942.224	1.0
943.224	1.0
944.224	1.0
945.224	1.0
946.224	1.0
947.224	1.0
948.224	1.0
949.224	1.0
950.224	1.0
951.224	1.0
952.224	1.0
953.224	1.0
954.224	1.0
955.224	1.0
956.224	1.0
957.224	1.0
958.224	1.0
959.224	1.0
960.224	1.0
961.224	1.0
962.224	1.0
963.224	1.0
964.224	1.0
965.224	1.0
966.224	1.0
967.224	1.0
968.224	1.0
969.224	1.0
970.224	1.0
971.224	1.0
972.224	1.0
973.224	1.0
974.224	1.0
975.224	1.0
976.224	1.0
977.224	1.0
978.224	1.0
979.224	1.0
980.224	1.0
981.224	1.0
982.224	1.0
983.224	1.0
984.224	1.0
985.224	1.0
986.224	1.0
987.224	1.0
988.224	1.0
989.224	1.0
990.224	1.0
991.224	1.0
992.224	1.0
993.224	1.0
994.224	1.0
