0.457	0.5591228420717301
1.42	0.5440663596584945
2.383	0.558732750185149
3.347	0.5839318154437754
4.309	0.5907122609830965
5.2700000000000005	0.56956523608477
6.23	0.5885973654628728
7.19	0.588095736347495
8.158	0.5907228925615609
9.125	0.6055670094562549
10.095	0.6179321144639686
11.062	0.6030314624949549
12.037	0.5907504930845393
13.012	0.5777430760567777
13.987	0.5845638593806737
14.966000000000001	0.6169633161204359
15.951	0.6129532458779599
16.927	0.5980983202510117
17.912	0.5843047609306813
18.896	0.581128477010592
19.872	0.5555822871126977
20.858	0.5513799495222541
21.84	0.5417334040761962
22.822	0.5511633999460821
23.798000000000002	0.566886655133007
24.773	0.5732481337458275
25.749	0.5796775318276827
26.723	0.5868365537236765
27.697	0.5844878849648876
28.671	0.5916426885709408
29.645	0.5789058923065572
30.619	0.5567198587087024
31.592000000000002	0.5357375188676038
32.57	0.5401954964014116
33.543	0.5487099472689198
34.515	0.5291048293485524
35.487	0.5289193473968791
36.458	0.5392697992596241
37.431	0.5382259729291096
38.410000000000004	0.532891168897174
39.389	0.5364979787518238
40.361000000000004	0.5370709339223327
41.333	0.5264631767179009
42.313	0.5295417523710416
43.282000000000004	0.5329250671363811
44.25	0.517299903009295
45.218	0.5121814569743816
46.199	0.5037280771243173
47.179	0.5153601159586643
48.157000000000004	0.5200788605101024
49.144	0.516271377238992
50.120000000000005	0.5228238663835092
51.106	0.5098091245998191
52.094	0.5046453264266374
53.067	0.5140785085610317
54.044000000000004	0.5089741938920166
55.024	0.5103237613350943
56.004	0.5122268920262423
56.99	0.5084565167467968
57.968	0.531561258371648
58.941	0.531427985333417
59.926	0.5290305371900875
60.921	0.527087645430457
61.907000000000004	0.5246977794648853
62.877	0.5280242830572582
63.855000000000004	0.5343590316561108
64.842	0.5399933893963944
65.812	0.533152686087725
66.804	0.5438780899503346
67.782	0.5493246539859308
68.76	0.5540103330545132
69.729	0.5478174130418638
70.705	0.5546969269072003
71.691	0.5530995667533843
72.666	0.5810379577848025
73.642	0.5789832533218339
74.609	0.5347030674048807
75.584	0.5617554078874492
76.568	0.5698817647037429
77.535	0.5367926574416135
78.509	0.5752747012676136
79.491	0.576022825542852
80.458	0.531899599572093
81.427	0.5060990957786845
82.405	0.5009699480926011
83.398	0.5020386475457692
84.382	0.5015279135239054
85.345	0.5114778834249936
86.318	0.5121940951120028
87.309	0.5143259637492164
88.289	0.5169730739647183
89.263	0.5254414427935831
90.233	0.5202730346798294
91.211	0.516824734711168
92.19	0.49277426294938537
93.16	0.486008025583699
94.14	0.4903958281065372
95.12	0.5038844722178083
96.10000000000001	0.48762469347283316
97.07900000000001	0.4634950620617323
98.06	0.4463653008565436
99.045	0.4661456124386516
100.026	0.4669256459410935
101.007	0.4690124806107635
101.986	0.47095131346044916
102.968	0.48002778530148227
103.94800000000001	0.4818844263954087
104.931	0.5001591308194909
105.912	0.49212561952756706
106.889	0.5091029376421659
107.87100000000001	0.49074908462377975
108.85300000000001	0.48154974378930826
109.83500000000001	0.5123945317987352
110.827	0.5125510316839241
111.816	0.5064623382792468
112.809	0.506257217627831
113.792	0.475735758407701
114.775	0.5036807046640659
115.768	0.5137638979949594
116.753	0.5026245891827158
117.733	0.5056130755850743
118.71000000000001	0.49273695366613446
119.705	0.5012172050691681
120.7	0.5201952112298083
121.678	0.5067985734961069
122.654	0.513182742446716
123.631	0.49950711043047513
124.617	0.5066321907359048
125.604	0.5138750784110843
126.587	0.5151520805052724
127.57600000000001	0.5198432006620787
128.554	0.544166196680535
129.532	0.5299908643030331
130.52	0.535290214751403
131.499	0.5098224143568634
132.487	0.525901896551033
133.47	0.5156090533807228
134.448	0.49951355662217034
135.423	0.4876818896944709
136.393	0.49074583990966153
137.371	0.49536655481267666
138.339	0.5006162125203016
139.316	0.506927149565443
140.28300000000002	0.5037108239313605
141.249	0.509575182366823
142.217	0.5247023992025518
143.191	0.5138023421317564
144.165	0.5225753653437126
145.138	0.473393596550298
146.113	0.4426853414277003
147.089	0.4202005745914154
148.071	0.4206439771437497
149.053	0.4326072687506872
150.035	0.42448198736309756
151.017	0.4272996781608539
151.999	0.4486083024824068
152.981	0.44040176458722063
153.963	0.4516096888139706
154.947	0.46149847843255953
155.937	0.4957179123749005
156.92000000000002	0.5071899602998857
157.904	0.48831834437897953
158.894	0.49268119664554333
159.876	0.49419252977014433
160.857	0.4879977329805096
161.84	0.47939400970666346
162.823	0.4904731075943606
163.802	0.4556601459881855
164.78300000000002	0.46917996873483125
165.76500000000001	0.4311541380406745
166.746	0.42483091480782853
167.727	0.4272384300007714
168.715	0.4231728246538905
169.708	0.49383238208717223
170.702	0.5049939700978521
171.685	0.5469535269913507
172.668	0.5109396048053696
173.651	0.5145419575512407
174.635	0.5164421421385422
175.618	0.5295016148189573
176.605	0.5189527000122017
177.589	0.5384278061244252
178.573	0.5206622648801656
179.55700000000002	0.5400001589412098
180.541	0.5409534858697335
181.523	0.582906974121212
182.505	0.5945313757014172
183.488	0.5863637959366187
184.463	0.5657742569709026
185.43800000000002	0.5554388407440642
186.419	0.5197745477697757
187.40200000000002	0.5301821851559005
188.385	0.5510027596715691
189.364	0.5471879656156615
190.34900000000002	0.5662270696935928
191.332	0.5396920787446807
192.317	0.5680939192346073
193.303	0.5561703831382091
194.27100000000002	0.47297274405672285
195.254	0.5035309433873563
196.236	0.477908165599786
197.222	0.4674038548169373
198.208	0.4579440241658626
199.187	0.4340495858860841
200.173	0.433266971223407
201.154	0.3878104114753265
202.137	0.3678199992858544
203.115	0.3646616748813314
204.1	0.37535309302387654
205.082	0.34067490223648655
206.06300000000002	0.30646232782184013
207.054	0.33219317292286943
208.037	0.31587038290828423
209.022	0.3175388667033314
210.012	0.32397761566349653
210.997	0.2975815924572764
211.982	0.2799217756923744
212.969	0.2512758949289952
213.96	0.25704947817215335
214.951	0.2729786917673764
215.942	0.3007199335534474
216.936	0.32447026999879847
217.925	0.3041035671021898
218.919	0.4068207753869865
219.905	0.3009558494332222
220.89600000000002	0.34862844443269353
221.88400000000001	0.30009153756318646
222.876	0.32632970997858846
223.868	0.38340987851239056
224.859	0.41303286227739755
225.848	0.3343583613171985
226.83700000000002	0.3148454534547875
227.824	0.3957055378171994
228.814	0.44381818032799947
229.80100000000002	0.3266441114053684
230.788	0.31865425939709946
231.775	0.3494389426508896
232.762	0.28315516763658044
233.754	0.33010150150428946
234.746	0.3784346454593996
235.738	0.3469269833892985
236.726	0.30003015226857943
237.71800000000002	0.34837538351999947
238.71	0.2990452330254964
239.702	0.33799171411959944
240.693	0.3686089141197994
241.684	0.4288237391397995
242.675	0.42051038833217697
243.666	0.44042429120162885
244.657	0.40278189730821745
245.648	0.35486228902979944
246.639	0.35719612891059943
247.63	0.3592097636185984
248.621	0.24083418242768542
249.612	0.19066492735039237
250.603	0.1926196286745994
251.594	0.20415601697585525
252.585	0.2058509915468974
253.576	0.2078631817370412
254.567	0.22968606420287035
255.558	0.23179907511864228
256.549	0.22375336976088842
257.54	0.22350779597436837
258.533	0.18206194092944833
259.526	0.2088342123101874
260.52	0.23486171692389538
261.514	0.2731040103737934
262.508	0.36118307998998445
263.502	0.4192461450779975
264.502	0.6505060644099997
265.492	0.5540501369799995
266.492	0.6870427688699998
267.482	0.5810968233299998
268.478	0.6885124460370997
269.474	0.6770338517666997
270.464	0.6397330878089997
271.464	0.7232677175867995
272.454	0.6374447890262998
273.454	0.7211990847199998
274.438	0.5717604839899997
275.438	0.6652448533781709
276.428	0.5792022675299997
277.418	0.5688660496083997
278.399	0.31886056222259146
279.39	0.3567434625478924
280.377	0.4760727104383865
281.367	0.5340671876242766
282.357	0.5346866586950967
283.353	0.6483944367199926
284.353	0.799029187026186
285.335	0.6489965405154947
286.321	0.5599209801632916
287.301	0.46833719428839954
288.285	0.3942883788033775
289.274	0.39576459661614904
290.26300000000003	0.3962039865991885
291.25600000000003	0.48198264880539654
292.248	0.5595355445049957
293.234	0.48369260155999966
294.223	0.44723376082809957
295.217	0.5747661130084997
296.216	0.7271892978940937
297.205	0.6812543819793998
298.184	0.44252589911618556
299.175	0.3932080509789985
300.168	0.5503313131797997
301.157	0.4518801688077996
302.146	0.4244075155290996
303.141	0.6681396502478997
304.127	0.5735427197177997
305.123	0.7272684966999998
306.112	0.6695570245698996
307.099	0.6442280703490997
308.087	0.44832956436969956
309.074	0.3737453487875965
310.065	0.4325559353484595
311.056	0.5205927730145885
312.045	0.3629464299868945
313.038	0.5005609087697995
314.03000000000003	0.6192966749545815
315.01800000000003	0.5323811216796996
316.005	0.48636331612969963
316.994	0.2209923347476923
317.985	0.2904212097692994
318.97700000000003	0.40883017619919954
319.967	0.4395070921082996
320.957	0.4507833773798996
321.948	0.5982541454091997
322.936	0.38233743758999955
323.933	0.7840143370106728
324.92	0.6184260581091996
325.907	0.43349044458889957
326.895	0.16900656003819833
327.885	0.18019209434478536
328.875	0.2597613695669964
329.871	0.7808913837659907
330.857	0.3979445336996995
331.845	0.3813062136596996
332.838	0.5575996410385996
333.824	0.24495383521579542
334.813	0.19750339957819935
335.802	0.17051248180579534
336.797	0.45363581105949957
337.784	0.20054073733679234
338.771	0.17503496256489534
339.76	0.1474423769802833
340.749	0.14967823005869832
341.737	0.15323798317529833
342.725	0.13674336114011018
343.713	0.13788531315001396
344.701	0.14035209888577171
345.688	0.14381748903891522
346.675	0.14802452267302443
347.663	0.15125530142495794
348.65000000000003	0.1542378201527413
349.636	0.15880577606228397
350.622	0.1634999395781883
351.607	0.1687696502047673
352.591	0.16623815539348896
353.575	0.17319631933786692
354.559	0.17904188838866691
355.551	0.16844066927689189
356.543	0.1663105635635438
357.535	0.1441712084878233
358.527	0.15070211971958686
359.517	0.14930420261473443
360.499	0.1461605059260369
361.484	0.14813320880711425
362.476	0.1455175357038863
363.467	0.11537361586730492
364.459	0.11495757639854372
365.451	0.1117763882219577
366.443	0.10999035576926311
367.435	0.10833353160174714
368.427	0.1070248547997461
369.419	0.11571197695525631
370.411	0.1147613044658212
371.403	0.11364728424264489
372.395	0.12257323121829881
373.387	0.12151594025155027
374.379	0.13115564919417705
375.371	0.13002367543043625
376.363	0.1305785700960712
377.355	0.14144910030962513
378.347	0.14214543454974804
379.338	0.14333087825390417
380.329	0.14304304755190922
381.32	0.1432972192771653
382.31100000000004	0.1452843482728832
383.302	0.1480651567712912
384.293	0.1506116953977122
385.284	0.15398101545464907
386.27500000000003	0.15763509603571824
387.266	0.16131793905089029
388.257	0.16469051202890722
389.249	0.10654879288476524
390.24	0.10257160261760306
391.232	0.09610677146753417
392.225	0.0905906009641432
393.219	0.10421909126718126
394.213	0.10014785025519829
395.207	0.1468511552808332
396.202	0.21274319104348932
397.197	0.2103206844046563
398.192	0.25808751194869745
399.187	0.2564075893553914
400.182	0.38496816886879853
401.177	0.39441808822889857
402.172	0.4325763748890995
403.16700000000003	0.4127434202775986
404.16200000000003	0.41201936138689355
405.157	0.41198311680939953
406.152	0.4122876161376986
407.148	0.35165727644899847
408.142	0.2521246196815834
409.13800000000003	0.36971855121859837
410.134	0.3786185717396994
411.13	0.37787549643919943
412.129	0.5327694762699996
413.118	0.31793176059969946
414.111	0.3088769167896994
415.107	0.3481748202388995
416.103	0.3476686292174955
417.099	0.3474111414991995
418.096	0.32637423879699645
419.094	0.5321459838099997
420.089	0.43281279170999964
421.086	0.4318242168099995
422.083	0.3913033162483975
423.08	0.39010457271989957
424.077	0.38939239271959947
425.075	0.41775126565949955
426.07300000000004	0.43645509683979955
427.071	0.4352522249099995
428.069	0.45385649577999954
429.067	0.49232506892999955
430.065	0.41157272934749456
431.064	0.47826923098999957
432.063	0.4760540288894986
433.062	0.48371903986999953
434.059	0.5914702077497997
435.051	0.5235420675086977
436.05	0.7487395952297998
437.041	0.4145807715685975
438.04	0.6006773949699997
439.03700000000003	0.5803680037488977
440.036	0.35886393886979945
441.035	0.2978054818994984
442.026	0.48667920868527753
443.015	0.5859239807244826
444.014	0.894146005171105
444.993	0.6757862245465465
445.983	0.7629188980651588
446.975	0.800169401237001
447.956	0.5984283976988606
448.944	0.6389729111453887
449.932	0.6399821066419537
450.919	0.5028815974229507
451.909	0.4904937049421103
452.89	0.4083118886073436
453.878	0.43709778611279854
454.856	0.32946558617633626
455.84000000000003	0.32329067396429345
456.827	0.3340179761052985
457.814	0.34745894246967907
458.801	0.36949683286850904
459.791	0.37958863686056643
460.777	0.3827025018639767
461.765	0.1579150101474683
462.755	0.13018726630049446
463.75100000000003	0.1170257734466052
464.748	0.1126687068156763
465.745	0.1504195988764726
466.742	0.14862569860188232
467.73900000000003	0.14845816384819932
468.736	0.09868509494348626
469.733	0.09946128491789327
470.73	0.1003778737679312
471.72700000000003	0.10161155582419329
472.724	0.10259138525058828
473.721	0.10149795102897925
474.718	0.10113002459899931
475.71500000000003	0.09989081912110788
476.712	0.0998213017009582
477.709	0.1007131922768913
478.706	0.10232750843719128
479.70300000000003	0.10394557905059436
480.7	0.10524453087184302
481.697	0.1066265949999993
482.694	0.10882609999999932
483.69100000000003	0.11021679999999931
484.688	0.1098856382138821
485.685	0.1079140549099993
486.682	0.1070668382138821
487.67900000000003	0.10622197299999929
488.676	0.05724860941041001
489.673	0.10231565917408929
490.671	0.0975983172678973
491.669	0.09737538048928027
492.66700000000003	0.09666878588863073
493.665	0.09496899591999927
494.663	0.09542309999999929
495.661	0.0971234999999993
496.659	0.09774589999999929
497.657	0.09667503821388208
498.65500000000003	0.09491845490999928
499.653	0.0959132999999993
500.651	0.09761369999999929
501.649	0.09823719999999929
502.647	0.09722463821388212
503.64500000000004	0.09546805490999928
504.64300000000003	0.09646289999999931
505.641	0.09717439999999929
506.639	0.0961926382138821
507.637	0.09443605490999929
508.635	0.0954308999999993
509.63300000000004	0.09722039999999929
510.63100000000003	0.04806460090945189
511.629	0.0929836730961993
512.628	0.08899507199144419
513.6270000000001	0.08653710647829628
514.626	0.08632519699999927
515.625	0.08699729999999928
516.624	0.08783669999999928
517.623	0.08759699999999931
518.622	0.0856860382138821
519.621	0.08298925490999925
520.62	0.08304389999999927
521.619	0.08389319999999928
522.618	0.08474249999999929
523.617	0.0855917999999993
524.616	0.08644109999999927
525.615	0.08729039999999928
526.614	0.03716802674658208
527.613	0.08440062994292719
528.613	0.3604934909999995
529.613	0.869118
530.613	0.9887871
531.613	0.9886962
532.613	0.9886053
533.613	0.9885144
534.613	0.9884235000000001
535.613	0.9883326
536.613	0.9882417000000001
537.613	0.9981700000000001
538.613	0.9981700000000001
539.613	0.9981700000000001
540.613	0.9981700000000001
541.613	0.9981700000000001
542.613	0.9981700000000001
543.613	0.9981700000000001
544.613	0.9981700000000001
545.613	0.9981700000000001
546.613	0.9981700000000001
547.613	0.9981700000000001
548.613	0.9981700000000001
549.613	0.9981700000000001
550.613	0.9981700000000001
551.613	0.9981700000000001
552.613	0.9981700000000001
553.613	0.9981700000000001
554.613	0.9981700000000001
555.613	0.9981700000000001
556.613	0.9981700000000001
557.613	0.9981700000000001
558.613	0.9981700000000001
559.613	0.9981700000000001
560.613	0.9981700000000001
561.613	0.9981700000000001
562.613	0.9981700000000001
563.613	0.9981700000000001
564.613	0.9981700000000001
565.613	0.9981700000000001
566.613	0.9981700000000001
567.613	0.9981700000000001
568.613	0.9981700000000001
569.613	0.9981700000000001
570.613	0.9981700000000001
571.613	0.9981700000000001
572.613	0.9981700000000001
573.613	0.9981700000000001
574.613	0.9981700000000001
575.613	0.9981700000000001
576.613	0.9981700000000001
577.613	0.9981700000000001
578.613	0.9981700000000001
579.613	0.9981700000000001
580.613	0.9981700000000001
581.613	0.9981700000000001
582.613	0.9981700000000001
583.613	0.9981700000000001
584.613	0.9981700000000001
585.613	0.9981700000000001
586.613	0.9981700000000001
587.613	0.9981700000000001
588.613	0.9981700000000001
589.613	0.9981700000000001
590.613	0.9981700000000001
591.613	0.9981700000000001
592.613	0.9981700000000001
593.613	0.9981700000000001
594.613	0.9981700000000001
595.613	0.9981700000000001
596.613	0.9981700000000001
597.613	0.9981700000000001
598.613	0.9981700000000001
599.613	0.9981700000000001
600.613	0.9981700000000001
601.613	0.9981700000000001
602.613	0.9981700000000001
603.613	0.9981700000000001
604.613	0.9981700000000001
605.613	0.9981700000000001
606.613	0.9981700000000001
607.613	0.9981700000000001
608.613	0.9981700000000001
609.613	0.9981700000000001
610.613	0.9981700000000001
611.613	0.9981700000000001
612.613	0.9981700000000001
613.613	0.9981700000000001
614.613	0.9981700000000001
615.613	0.9981700000000001
616.613	0.9981700000000001
617.613	0.9981700000000001
618.613	0.9981700000000001
619.613	0.9981700000000001
620.613	0.9981700000000001
621.613	0.9981700000000001
622.613	0.9981700000000001
623.613	0.9981700000000001
624.613	0.9981700000000001
625.613	0.9981700000000001
626.613	0.9981700000000001
627.613	0.9981700000000001
628.613	0.9981700000000001
629.613	0.9981700000000001
630.613	0.9981700000000001
631.613	0.9981700000000001
632.613	0.9981700000000001
633.613	0.9981700000000001
634.613	0.9981700000000001
635.613	0.9981700000000001
636.613	0.9981700000000001
637.613	0.9981700000000001
638.613	0.9981700000000001
639.613	0.9981700000000001
640.613	0.9981700000000001
641.613	0.9981700000000001
642.613	0.9981700000000001
643.613	0.9981700000000001
644.613	0.9981700000000001
645.613	0.9981700000000001
646.613	0.9981700000000001
647.613	0.9981700000000001
648.613	0.9981700000000001
649.613	0.9981700000000001
650.613	0.9981700000000001
651.613	0.9981700000000001
652.613	0.9981700000000001
653.613	0.9981700000000001
654.613	0.9981700000000001
655.613	0.9981700000000001
656.613	0.9981700000000001
657.613	0.9981700000000001
658.613	0.9981700000000001
659.613	0.9981700000000001
660.613	0.9981700000000001
661.613	0.9981700000000001
662.613	0.9981700000000001
663.613	0.9981700000000001
664.613	0.9981700000000001
665.613	0.9981700000000001
666.613	0.9981700000000001
667.613	0.9981700000000001
668.613	0.9981700000000001
669.613	0.9981700000000001
670.613	0.9981700000000001
671.613	0.9981700000000001
672.613	0.9981700000000001
673.613	0.9981700000000001
674.613	0.9981700000000001
675.613	0.9981700000000001
676.613	0.9981700000000001
677.613	0.9981700000000001
678.613	0.9981700000000001
679.613	0.9981700000000001
680.613	0.9981700000000001
681.613	0.9981700000000001
682.613	0.9981700000000001
683.613	0.9981700000000001
684.613	0.9981700000000001
685.613	0.9981700000000001
686.613	0.9981700000000001
687.613	0.9981700000000001
688.613	0.9981700000000001
689.613	0.9981700000000001
690.613	0.9981700000000001
691.613	0.9981700000000001
692.613	0.9981700000000001
693.613	0.9981700000000001
694.613	0.9981700000000001
695.613	0.9981700000000001
696.613	0.9981700000000001
697.613	0.9981700000000001
698.613	0.9981700000000001
699.613	0.9981700000000001
700.613	0.9981700000000001
701.613	0.9981700000000001
702.613	0.9981700000000001
703.613	0.9981700000000001
704.613	0.9981700000000001
705.613	0.9981700000000001
706.613	0.9981700000000001
707.613	0.9981700000000001
708.613	0.9981700000000001
709.613	0.9981700000000001
710.613	0.9981700000000001
711.613	0.9981700000000001
712.613	0.9981700000000001
713.613	0.9981700000000001
714.613	0.9981700000000001
715.613	0.9981700000000001
716.613	0.9981700000000001
717.613	0.9981700000000001
718.613	0.9981700000000001
719.613	0.9981700000000001
720.613	0.9981700000000001
721.613	0.9981700000000001
722.613	0.9981700000000001
723.613	0.9981700000000001
724.613	0.9981700000000001
725.613	0.9981700000000001
726.613	0.9981700000000001
727.613	0.9981700000000001
728.613	0.9981700000000001
729.613	0.9981700000000001
730.613	0.9981700000000001
731.613	0.9981700000000001
732.613	0.9981700000000001
733.613	0.9981700000000001
734.613	0.9981700000000001
735.613	0.9981700000000001
736.613	0.9981700000000001
737.613	0.9981700000000001
738.613	0.9981700000000001
739.613	0.9981700000000001
740.613	0.9981700000000001
741.613	0.9981700000000001
742.613	0.9981700000000001
743.613	0.9981700000000001
744.613	0.9981700000000001
745.613	0.9981700000000001
746.613	0.9981700000000001
747.613	0.9981700000000001
748.613	0.9981700000000001
749.613	0.9981700000000001
750.613	0.9981700000000001
751.613	0.9981700000000001
752.613	0.9981700000000001
753.613	0.9981700000000001
754.613	0.9981700000000001
755.613	0.9981700000000001
756.613	0.9981700000000001
757.613	0.9981700000000001
758.613	0.9981700000000001
759.613	0.9981700000000001
760.613	0.9981700000000001
761.613	0.9981700000000001
762.613	0.9981700000000001
763.613	0.9981700000000001
764.613	0.9981700000000001
765.613	0.9981700000000001
766.613	0.9981700000000001
767.613	0.9981700000000001
768.613	0.9981700000000001
769.613	0.9981700000000001
770.613	0.9981700000000001
771.613	0.9981700000000001
772.613	0.9981700000000001
773.613	0.9981700000000001
774.613	0.9981700000000001
775.613	0.9981700000000001
776.613	0.9981700000000001
777.613	0.9981700000000001
778.613	0.9981700000000001
779.613	0.9981700000000001
780.613	0.9981700000000001
781.613	0.9981700000000001
782.613	0.9981700000000001
783.613	0.9981700000000001
784.613	0.9981700000000001
785.613	0.9981700000000001
786.613	0.9981700000000001
787.613	0.9981700000000001
788.613	0.9981700000000001
789.613	0.9981700000000001
790.613	0.9981700000000001
791.613	0.9981700000000001
792.613	0.9981700000000001
793.613	0.9981700000000001
794.613	0.9981700000000001
795.613	0.9981700000000001
796.613	0.9981700000000001
797.613	0.9981700000000001
798.613	0.9981700000000001
799.613	0.9981700000000001
800.613	0.9981700000000001
801.613	0.9981700000000001
802.613	0.9981700000000001
803.613	0.9981700000000001
804.613	0.9981700000000001
805.613	0.9981700000000001
806.613	0.9981700000000001
807.613	0.9981700000000001
808.613	0.9981700000000001
809.613	0.9981700000000001
810.613	0.9981700000000001
811.613	0.9981700000000001
812.613	0.9981700000000001
813.613	0.9981700000000001
814.613	0.9981700000000001
815.613	0.9981700000000001
816.613	0.9981700000000001
817.613	0.9981700000000001
818.613	0.9981700000000001
819.613	0.9981700000000001
820.613	0.9981700000000001
821.613	0.9981700000000001
822.613	0.9981700000000001
823.613	0.9981700000000001
824.613	0.9981700000000001
825.613	0.9981700000000001
826.613	0.9981700000000001
827.613	0.9981700000000001
828.613	0.9981700000000001
829.613	0.9981700000000001
830.613	0.9981700000000001
831.613	0.9981700000000001
832.613	0.9981700000000001
833.613	0.9981700000000001
834.613	0.9981700000000001
835.613	0.9981700000000001
836.613	0.9981700000000001
837.613	0.9981700000000001
838.613	0.9981700000000001
839.613	0.9981700000000001
840.613	0.9981700000000001
841.613	0.9981700000000001
842.613	0.9981700000000001
843.613	0.9981700000000001
844.613	0.9981700000000001
845.613	0.9981700000000001
846.613	0.9981700000000001
847.613	0.9981700000000001
848.613	0.9981700000000001
849.613	0.9981700000000001
850.613	0.9981700000000001
851.613	0.9981700000000001
852.613	0.9981700000000001
853.613	0.9981700000000001
854.613	0.9981700000000001
855.613	0.9981700000000001
856.613	0.9981700000000001
857.613	0.9981700000000001
858.613	0.9981700000000001
859.613	0.9981700000000001
860.613	0.9981700000000001
861.613	0.9981700000000001
862.613	0.9981700000000001
863.613	0.9981700000000001
864.613	0.9981700000000001
865.613	0.9981700000000001
866.613	0.9981700000000001
867.613	0.9981700000000001
868.613	0.9981700000000001
869.613	0.9981700000000001
870.613	0.9981700000000001
871.613	0.9981700000000001
872.613	0.9981700000000001
873.613	0.9981700000000001
874.613	0.9981700000000001
875.613	0.9981700000000001
876.613	0.9981700000000001
877.613	0.9981700000000001
878.613	0.9981700000000001
879.613	0.9981700000000001
880.613	0.9981700000000001
881.613	0.9981700000000001
882.613	0.9981700000000001
883.613	0.9981700000000001
884.613	0.9981700000000001
885.613	0.9981700000000001
886.613	0.9981700000000001
887.613	0.9981700000000001
888.613	0.9981700000000001
889.613	0.9981700000000001
890.613	0.9981700000000001
891.613	0.9981700000000001
892.613	0.9981700000000001
893.613	0.9981700000000001
894.613	0.9981700000000001
895.613	0.9981700000000001
896.613	0.9981700000000001
897.613	0.9981700000000001
898.613	0.9981700000000001
899.613	0.9981700000000001
900.613	0.9981700000000001
901.613	0.9981700000000001
902.613	0.9981700000000001
903.613	0.9981700000000001
904.613	0.9981700000000001
905.613	0.9981700000000001
906.613	0.9981700000000001
907.613	0.9981700000000001
908.613	0.9981700000000001
909.613	0.9981700000000001
910.613	0.9981700000000001
911.613	0.9981700000000001
912.613	0.9981700000000001
913.613	0.9981700000000001
914.613	0.9981700000000001
915.613	0.9981700000000001
916.613	0.9981700000000001
917.613	0.9981700000000001
918.613	0.9981700000000001
919.613	0.9981700000000001
920.613	0.9981700000000001
921.613	0.9981700000000001
922.613	0.9981700000000001
923.613	0.9981700000000001
924.613	0.9981700000000001
925.613	0.9981700000000001
926.613	0.9981700000000001
927.613	0.9981700000000001
928.613	0.9981700000000001
929.613	0.9981700000000001
930.613	0.9981700000000001
931.613	0.9981700000000001
932.613	0.9981700000000001
933.613	0.9981700000000001
934.613	0.9981700000000001
935.613	0.9981700000000001
936.613	0.9981700000000001
937.613	0.9981700000000001
938.613	0.9981700000000001
939.613	0.9981700000000001
940.613	0.9981700000000001
941.613	0.9981700000000001
942.613	0.9981700000000001
943.613	0.9981700000000001
944.613	0.9981700000000001
945.613	0.9981700000000001
946.613	0.9981700000000001
947.613	0.9981700000000001
948.613	0.9981700000000001
949.613	0.9981700000000001
950.613	0.9981700000000001
951.613	0.9981700000000001
952.613	0.9981700000000001
953.613	0.9981700000000001
954.613	0.9981700000000001
955.613	0.9981700000000001
956.613	0.9981700000000001
957.613	0.9981700000000001
958.613	0.9981700000000001
959.613	0.9981700000000001
960.613	0.9981700000000001
961.613	0.9981700000000001
962.613	0.9981700000000001
963.613	0.9981700000000001
964.613	0.9981700000000001
965.613	0.9981700000000001
966.613	0.9981700000000001
967.613	0.9981700000000001
968.613	0.9981700000000001
969.613	0.9981700000000001
970.613	0.9981700000000001
971.613	0.9981700000000001
972.613	0.9981700000000001
973.613	0.9981700000000001
974.613	0.9981700000000001
975.613	0.9981700000000001
976.613	0.9981700000000001
977.613	0.9981700000000001
978.613	0.9981700000000001
979.613	0.9981700000000001
980.613	0.9981700000000001
981.613	0.9981700000000001
982.613	0.9981700000000001
983.613	0.9981700000000001
984.613	0.9981700000000001
985.613	0.9981700000000001
986.613	0.9981700000000001
987.613	0.9981700000000001
988.613	0.9981700000000001
989.613	0.9981700000000001
990.613	0.9981700000000001
991.613	0.9981700000000001
992.613	0.9981700000000001
993.613	0.9981700000000001
994.613	0.9981700000000001
995.613	0.9981700000000001
996.613	0.9981700000000001
997.613	0.9981700000000001
998.613	0.9981700000000001
999.613	0.9981700000000001
1000.613	0.9981700000000001
1001.613	0.9981700000000001
1002.613	0.9981700000000001
1003.613	0.9981700000000001
1004.613	0.9981700000000001
1005.613	0.9981700000000001
1006.613	0.9981700000000001
1007.613	0.9981700000000001
1008.613	0.9981700000000001
1009.613	0.9981700000000001
1010.613	0.9981700000000001
1011.613	0.9981700000000001
1012.613	0.9981700000000001
1013.613	0.9981700000000001
1014.613	0.9981700000000001
1015.613	0.9981700000000001
1016.613	0.9981700000000001
1017.613	0.9981700000000001
1018.613	0.9981700000000001
1019.613	0.9981700000000001
1020.613	0.9981700000000001
1021.613	0.9981700000000001
1022.613	0.9981700000000001
1023.613	0.9981700000000001
1024.613	0.9981700000000001
1025.613	0.9981700000000001
1026.613	0.9981700000000001
1027.613	0.9981700000000001
1028.613	0.9981700000000001
1029.613	0.9981700000000001
1030.613	0.9981700000000001
1031.613	0.9981700000000001
1032.613	0.9981700000000001
1033.613	0.9981700000000001
1034.613	0.9981700000000001
1035.613	0.9981700000000001
1036.613	0.9981700000000001
1037.613	0.9981700000000001
1038.613	0.9981700000000001
1039.613	0.9981700000000001
1040.613	0.9981700000000001
1041.613	0.9981700000000001
1042.613	0.9981700000000001
1043.613	0.9981700000000001
1044.613	0.9981700000000001
1045.613	0.9981700000000001
1046.613	0.9981700000000001
1047.613	0.9981700000000001
1048.613	0.9981700000000001
1049.613	0.9981700000000001
1050.613	0.9981700000000001
1051.613	0.9981700000000001
1052.613	0.9981700000000001
1053.613	0.9981700000000001
1054.613	0.9981700000000001
1055.613	0.9981700000000001
1056.613	0.9981700000000001
1057.613	0.9981700000000001
1058.613	0.9981700000000001
1059.613	0.9981700000000001
1060.613	0.9981700000000001
1061.613	0.9981700000000001
1062.613	0.9981700000000001
1063.613	0.9981700000000001
1064.613	0.9981700000000001
1065.613	0.9981700000000001
1066.613	0.9981700000000001
1067.613	0.9981700000000001
1068.613	0.9981700000000001
1069.613	0.9981700000000001
1070.613	0.9981700000000001
1071.613	0.9981700000000001
1072.613	0.9981700000000001
1073.613	0.9981700000000001
1074.613	0.9981700000000001
1075.613	0.9981700000000001
1076.613	0.9981700000000001
1077.613	0.9981700000000001
1078.613	0.9981700000000001
1079.613	0.9981700000000001
1080.613	0.9981700000000001
1081.613	0.9981700000000001
1082.613	0.9981700000000001
1083.613	0.9981700000000001
1084.613	0.9981700000000001
1085.613	0.9981700000000001
1086.613	0.9981700000000001
1087.613	0.9981700000000001
1088.613	0.9981700000000001
1089.613	0.9981700000000001
1090.613	0.9981700000000001
1091.613	0.9981700000000001
1092.613	0.9981700000000001
1093.613	0.9981700000000001
1094.613	0.9981700000000001
1095.613	0.9981700000000001
1096.613	0.9981700000000001
1097.613	0.9981700000000001
1098.613	0.9981700000000001
1099.613	0.9981700000000001
1100.613	0.9981700000000001
1101.613	0.9981700000000001
1102.613	0.9981700000000001
1103.613	0.9981700000000001
1104.613	0.9981700000000001
1105.613	0.9981700000000001
1106.613	0.9981700000000001
1107.613	0.9981700000000001
1108.613	0.9981700000000001
1109.613	0.9981700000000001
1110.613	0.9981700000000001
1111.613	0.9981700000000001
1112.613	0.9981700000000001
1113.613	0.9981700000000001
1114.613	0.9981700000000001
1115.613	0.9981700000000001
1116.613	0.9981700000000001
1117.613	0.9981700000000001
1118.613	0.9981700000000001
1119.613	0.9981700000000001
1120.613	0.9981700000000001
1121.613	0.9981700000000001
1122.613	0.9981700000000001
1123.613	0.9981700000000001
1124.613	0.9981700000000001
1125.613	0.9981700000000001
1126.613	0.9981700000000001
1127.613	0.9981700000000001
1128.613	0.9981700000000001
1129.613	0.9981700000000001
1130.613	0.9981700000000001
1131.613	0.9981700000000001
1132.613	0.9981700000000001
1133.613	0.9981700000000001
1134.613	0.9981700000000001
1135.613	0.9981700000000001
1136.613	0.9981700000000001
1137.613	0.9981700000000001
1138.613	0.9981700000000001
1139.613	0.9981700000000001
1140.613	0.9981700000000001
1141.613	0.9981700000000001
1142.613	0.9981700000000001
1143.613	0.9981700000000001
1144.613	0.9981700000000001
1145.613	0.9981700000000001
1146.613	0.9981700000000001
1147.613	0.9981700000000001
1148.613	0.9981700000000001
1149.613	0.9981700000000001
1150.613	0.9981700000000001
1151.613	0.9981700000000001
1152.613	0.9981700000000001
1153.613	0.9981700000000001
1154.613	0.9981700000000001
1155.613	0.9981700000000001
1156.613	0.9981700000000001
1157.613	0.9981700000000001
1158.613	0.9981700000000001
1159.613	0.9981700000000001
1160.613	0.9981700000000001
1161.613	0.9981700000000001
1162.613	0.9981700000000001
1163.613	0.9981700000000001
1164.613	0.9981700000000001
1165.613	0.9981700000000001
1166.613	0.9981700000000001
1167.613	0.9981700000000001
1168.613	0.9981700000000001
1169.613	0.9981700000000001
1170.613	0.9981700000000001
1171.613	0.9981700000000001
1172.613	0.9981700000000001
1173.613	0.9981700000000001
1174.613	0.9981700000000001
1175.613	0.9981700000000001
1176.613	0.9981700000000001
1177.613	0.9981700000000001
1178.613	0.9981700000000001
1179.613	0.9981700000000001
1180.613	0.9981700000000001
1181.613	0.9981700000000001
1182.613	0.9981700000000001
1183.613	0.9981700000000001
1184.613	0.9981700000000001
1185.613	0.9981700000000001
1186.613	0.9981700000000001
1187.613	0.9981700000000001
1188.613	0.9981700000000001
1189.613	0.9981700000000001
1190.613	0.9981700000000001
1191.613	0.9981700000000001
1192.613	0.9981700000000001
1193.613	0.9981700000000001
1194.613	0.9981700000000001
1195.613	0.9981700000000001
1196.613	0.9981700000000001
1197.613	0.9981700000000001
1198.613	0.9981700000000001
1199.613	0.9981700000000001
1200.613	0.9981700000000001
1201.613	0.9981700000000001
1202.613	0.9981700000000001
1203.613	0.9981700000000001
1204.613	0.9981700000000001
1205.613	0.9981700000000001
1206.613	0.9981700000000001
1207.613	0.9981700000000001
1208.613	0.9981700000000001
1209.613	0.9981700000000001
1210.613	0.9981700000000001
1211.613	0.9981700000000001
1212.613	0.9981700000000001
1213.613	0.9981700000000001
1214.613	0.9981700000000001
1215.613	0.9981700000000001
1216.613	0.9981700000000001
1217.613	0.9981700000000001
1218.613	0.9981700000000001
1219.613	0.9981700000000001
1220.613	0.9981700000000001
1221.613	0.9981700000000001
1222.613	0.9981700000000001
1223.613	0.9981700000000001
1224.613	0.9981700000000001
1225.613	0.9981700000000001
1226.613	0.9981700000000001
1227.613	0.9981700000000001
1228.613	0.9981700000000001
1229.613	0.9981700000000001
1230.613	0.9981700000000001
1231.613	0.9981700000000001
1232.613	0.9981700000000001
1233.613	0.9981700000000001
1234.613	0.9981700000000001
1235.613	0.9981700000000001
1236.613	0.9981700000000001
1237.613	0.9981700000000001
1238.613	0.9981700000000001
1239.613	0.9981700000000001
1240.613	0.9981700000000001
1241.613	0.9981700000000001
1242.613	0.9981700000000001
1243.613	0.9981700000000001
1244.613	0.9981700000000001
1245.613	0.9981700000000001
1246.613	0.9981700000000001
1247.613	0.9981700000000001
1248.613	0.9981700000000001
1249.613	0.9981700000000001
1250.613	0.9981700000000001
1251.613	0.9981700000000001
1252.613	0.9981700000000001
1253.613	0.9981700000000001
1254.613	0.9981700000000001
1255.613	0.9981700000000001
1256.613	0.9981700000000001
1257.613	0.9981700000000001
1258.613	0.9981700000000001
1259.613	0.9981700000000001
1260.613	0.9981700000000001
1261.613	0.9981700000000001
1262.613	0.9981700000000001
1263.613	0.9981700000000001
1264.613	0.9981700000000001
1265.613	0.9981700000000001
1266.613	0.9981700000000001
1267.613	0.9981700000000001
1268.613	0.9981700000000001
1269.613	0.9981700000000001
1270.613	0.9981700000000001
1271.613	0.9981700000000001
1272.613	0.9981700000000001
1273.613	0.9981700000000001
1274.613	0.9981700000000001
1275.613	0.9981700000000001
1276.613	0.9981700000000001
1277.613	0.9981700000000001
1278.613	0.9981700000000001
1279.613	0.9981700000000001
1280.613	0.9981700000000001
1281.613	0.9981700000000001
1282.613	0.9981700000000001
1283.613	0.9981700000000001
1284.613	0.9981700000000001
1285.613	0.9981700000000001
1286.613	0.9981700000000001
1287.613	0.9981700000000001
1288.613	0.9981700000000001
1289.613	0.9981700000000001
1290.613	0.9981700000000001
1291.613	0.9981700000000001
1292.613	0.9981700000000001
1293.613	0.9981700000000001
1294.613	0.9981700000000001
1295.613	0.9981700000000001
1296.613	0.9981700000000001
1297.613	0.9981700000000001
1298.613	0.9981700000000001
1299.613	0.9981700000000001
1300.613	0.9981700000000001
1301.613	0.9981700000000001
1302.613	0.9981700000000001
1303.613	0.9981700000000001
1304.613	0.9981700000000001
1305.613	0.9981700000000001
1306.613	0.9981700000000001
1307.613	0.9981700000000001
1308.613	0.9981700000000001
1309.613	0.9981700000000001
1310.613	0.9981700000000001
1311.613	0.9981700000000001
1312.613	0.9981700000000001
1313.613	0.9981700000000001
1314.613	0.9981700000000001
1315.613	0.9981700000000001
1316.613	0.9981700000000001
1317.613	0.9981700000000001
1318.613	0.9981700000000001
1319.613	0.9981700000000001
1320.613	0.9981700000000001
1321.613	0.9981700000000001
1322.613	0.9981700000000001
1323.613	0.9981700000000001
1324.613	0.9981700000000001
1325.613	0.9981700000000001
1326.613	0.9981700000000001
1327.613	0.9981700000000001
1328.613	0.9981700000000001
1329.613	0.9981700000000001
1330.613	0.9981700000000001
1331.613	0.9981700000000001
1332.613	0.9981700000000001
1333.613	0.9981700000000001
1334.613	0.9981700000000001
1335.613	0.9981700000000001
1336.613	0.9981700000000001
1337.613	0.9981700000000001
1338.613	0.9981700000000001
1339.613	0.9981700000000001
1340.613	0.9981700000000001
1341.613	0.9981700000000001
1342.613	0.9981700000000001
1343.613	0.9981700000000001
1344.613	0.9981700000000001
1345.613	0.9981700000000001
1346.613	0.9981700000000001
1347.613	0.9981700000000001
1348.613	0.9981700000000001
1349.613	0.9981700000000001
1350.613	0.9981700000000001
1351.613	0.9981700000000001
1352.613	0.9981700000000001
1353.613	0.9981700000000001
1354.613	0.9981700000000001
1355.613	0.9981700000000001
1356.613	0.9981700000000001
1357.613	0.9981700000000001
1358.613	0.9981700000000001
1359.613	0.9981700000000001
1360.613	0.9981700000000001
1361.613	0.9981700000000001
1362.613	0.9981700000000001
1363.613	0.9981700000000001
1364.613	0.9981700000000001
1365.613	0.9981700000000001
1366.613	0.9981700000000001
1367.613	0.9981700000000001
1368.613	0.9981700000000001
1369.613	0.9981700000000001
1370.613	0.9981700000000001
1371.613	0.9981700000000001
1372.613	0.9981700000000001
1373.613	0.9981700000000001
1374.613	0.9981700000000001
1375.613	0.9981700000000001
1376.613	0.9981700000000001
1377.613	0.9981700000000001
1378.613	0.9981700000000001
1379.613	0.9981700000000001
1380.613	0.9981700000000001
1381.613	0.9981700000000001
1382.613	0.9981700000000001
1383.613	0.9981700000000001
1384.613	0.9981700000000001
1385.613	0.9981700000000001
1386.613	0.9981700000000001
1387.613	0.9981700000000001
1388.613	0.9981700000000001
1389.613	0.9981700000000001
1390.613	0.9981700000000001
1391.613	0.9981700000000001
1392.613	0.9981700000000001
1393.613	0.9981700000000001
1394.613	0.9981700000000001
1395.613	0.9981700000000001
1396.613	0.9981700000000001
1397.613	0.9981700000000001
1398.613	0.9981700000000001
1399.613	0.9981700000000001
1400.613	0.9981700000000001
1401.613	0.9981700000000001
1402.613	0.9981700000000001
1403.613	0.9981700000000001
1404.613	0.9981700000000001
1405.613	0.9981700000000001
1406.613	0.9981700000000001
1407.613	0.9981700000000001
1408.613	0.9981700000000001
1409.613	0.9981700000000001
1410.613	0.9981700000000001
1411.613	0.9981700000000001
1412.613	0.9981700000000001
1413.613	0.9981700000000001
1414.613	0.9981700000000001
1415.613	0.9981700000000001
1416.613	0.9981700000000001
1417.613	0.9981700000000001
1418.613	0.9981700000000001
1419.613	0.9981700000000001
1420.613	0.9981700000000001
1421.613	0.9981700000000001
1422.613	0.9981700000000001
1423.613	0.9981700000000001
1424.613	0.9981700000000001
1425.613	0.9981700000000001
1426.613	0.9981700000000001
1427.613	0.9981700000000001
1428.613	0.9981700000000001
1429.613	0.9981700000000001
1430.613	0.9981700000000001
1431.613	0.9981700000000001
1432.613	0.9981700000000001
1433.613	0.9981700000000001
1434.613	0.9981700000000001
1435.613	0.9981700000000001
1436.613	0.9981700000000001
1437.613	0.9981700000000001
1438.613	0.9981700000000001
1439.613	0.9981700000000001
1440.613	0.9981700000000001
1441.613	0.9981700000000001
1442.613	0.9981700000000001
1443.613	0.9981700000000001
1444.613	0.9981700000000001
1445.613	0.9981700000000001
1446.613	0.9981700000000001
1447.613	0.9981700000000001
1448.613	0.9981700000000001
1449.613	0.9981700000000001
1450.613	0.9981700000000001
1451.613	0.9981700000000001
1452.613	0.9981700000000001
1453.613	0.9981700000000001
1454.613	0.9981700000000001
1455.613	0.9981700000000001
1456.613	0.9981700000000001
1457.613	0.9981700000000001
1458.613	0.9981700000000001
1459.613	0.9981700000000001
1460.613	0.9981700000000001
1461.613	0.9981700000000001
1462.613	0.9981700000000001
1463.613	0.9981700000000001
1464.613	0.9981700000000001
1465.613	0.9981700000000001
1466.613	0.9981700000000001
1467.613	0.9981700000000001
1468.613	0.9981700000000001
1469.613	0.9981700000000001
1470.613	0.9981700000000001
1471.613	0.9981700000000001
1472.613	0.9981700000000001
1473.613	0.9981700000000001
1474.613	0.9981700000000001
1475.613	0.9981700000000001
1476.613	0.9981700000000001
1477.613	0.9981700000000001
1478.613	0.9981700000000001
1479.613	0.9981700000000001
1480.613	0.9981700000000001
1481.613	0.9981700000000001
1482.613	0.9981700000000001
1483.613	0.9981700000000001
1484.613	0.9981700000000001
1485.613	0.9981700000000001
1486.613	0.9981700000000001
1487.613	0.9981700000000001
1488.613	0.9981700000000001
1489.613	0.9981700000000001
1490.613	0.9981700000000001
1491.613	0.9981700000000001
1492.613	0.9981700000000001
1493.613	0.9981700000000001
1494.613	0.9981700000000001
1495.613	0.9981700000000001
1496.613	0.9981700000000001
1497.613	0.9981700000000001
1498.613	0.9981700000000001
1499.613	0.9981700000000001
1500.613	0.9981700000000001
1501.613	0.9981700000000001
1502.613	0.9981700000000001
1503.613	0.9981700000000001
1504.613	0.9981700000000001
1505.613	0.9981700000000001
1506.613	0.9981700000000001
1507.613	0.9981700000000001
1508.613	0.9981700000000001
1509.613	0.9981700000000001
1510.613	0.9981700000000001
1511.613	0.9981700000000001
1512.613	0.9981700000000001
1513.613	0.9981700000000001
1514.613	0.9981700000000001
1515.613	0.9981700000000001
1516.613	0.9981700000000001
1517.613	0.9981700000000001
1518.613	0.9981700000000001
1519.613	0.9981700000000001
1520.613	0.9981700000000001
1521.613	0.9981700000000001
1522.613	0.9981700000000001
1523.613	0.9981700000000001
1524.613	0.9981700000000001
1525.613	0.9981700000000001
1526.613	0.9981700000000001
1527.613	0.9981700000000001
1528.613	0.9981700000000001
1529.613	0.9981700000000001
1530.613	0.9981700000000001
1531.613	0.9981700000000001
1532.613	0.9981700000000001
1533.613	0.9981700000000001
1534.613	0.9981700000000001
1535.613	0.9981700000000001
1536.613	0.9981700000000001
1537.613	0.9981700000000001
1538.613	0.9981700000000001
1539.613	0.9981700000000001
1540.613	0.9981700000000001
1541.613	0.9981700000000001
1542.613	0.9981700000000001
1543.613	0.9981700000000001
1544.613	0.9981700000000001
1545.613	0.9981700000000001
1546.613	0.9981700000000001
1547.613	0.9981700000000001
1548.613	0.9981700000000001
1549.613	0.9981700000000001
1550.613	0.9981700000000001
1551.613	0.9981700000000001
1552.613	0.9981700000000001
1553.613	0.9981700000000001
1554.613	0.9981700000000001
1555.613	0.9981700000000001
1556.613	0.9981700000000001
1557.613	0.9981700000000001
1558.613	0.9981700000000001
1559.613	0.9981700000000001
1560.613	0.9981700000000001
1561.613	0.9981700000000001
1562.613	0.9981700000000001
1563.613	0.9981700000000001
1564.613	0.9981700000000001
1565.613	0.9981700000000001
1566.613	0.9981700000000001
1567.613	0.9981700000000001
1568.613	0.9981700000000001
1569.613	0.9981700000000001
1570.613	0.9981700000000001
1571.613	0.9981700000000001
1572.613	0.9981700000000001
1573.613	0.9981700000000001
1574.613	0.9981700000000001
1575.613	0.9981700000000001
1576.613	0.9981700000000001
1577.613	0.9981700000000001
1578.613	0.9981700000000001
1579.613	0.9981700000000001
1580.613	0.9981700000000001
1581.613	0.9981700000000001
1582.613	0.9981700000000001
1583.613	0.9981700000000001
1584.613	0.9981700000000001
1585.613	0.9981700000000001
1586.613	0.9981700000000001
1587.613	0.9981700000000001
1588.613	0.9981700000000001
1589.613	0.9981700000000001
1590.613	0.9981700000000001
1591.613	0.9981700000000001
1592.613	0.9981700000000001
1593.613	0.9981700000000001
1594.613	0.9981700000000001
1595.613	0.9981700000000001
1596.613	0.9981700000000001
1597.613	0.9981700000000001
1598.613	0.9981700000000001
1599.613	0.9981700000000001
1600.613	0.9981700000000001
1601.613	0.9981700000000001
1602.613	0.9981700000000001
1603.613	0.9981700000000001
1604.613	0.9981700000000001
1605.613	0.9981700000000001
1606.613	0.9981700000000001
1607.613	0.9981700000000001
1608.613	0.9981700000000001
1609.613	0.9981700000000001
1610.613	0.9981700000000001
1611.613	0.9981700000000001
1612.613	0.9981700000000001
1613.613	0.9981700000000001
1614.613	0.9981700000000001
1615.613	0.9981700000000001
1616.613	0.9981700000000001
1617.613	0.9981700000000001
1618.613	0.9981700000000001
1619.613	0.9981700000000001
1620.613	0.9981700000000001
1621.613	0.9981700000000001
1622.613	0.9981700000000001
1623.613	0.9981700000000001
1624.613	0.9981700000000001
1625.613	0.9981700000000001
1626.613	0.9981700000000001
1627.613	0.9981700000000001
1628.613	0.9981700000000001
1629.613	0.9981700000000001
1630.613	0.9981700000000001
1631.613	0.9981700000000001
1632.613	0.9981700000000001
1633.613	0.9981700000000001
1634.613	0.9981700000000001
1635.613	0.9981700000000001
1636.613	0.9981700000000001
1637.613	0.9981700000000001
1638.613	0.9981700000000001
1639.613	0.9981700000000001
1640.613	0.9981700000000001
1641.613	0.9981700000000001
1642.613	0.9981700000000001
1643.613	0.9981700000000001
1644.613	0.9981700000000001
1645.613	0.9981700000000001
1646.613	0.9981700000000001
1647.613	0.9981700000000001
1648.613	0.9981700000000001
1649.613	0.9981700000000001
1650.613	0.9981700000000001
1651.613	0.9981700000000001
1652.613	0.9981700000000001
1653.613	0.9981700000000001
1654.613	0.9981700000000001
1655.613	0.9981700000000001
1656.613	0.9981700000000001
1657.613	0.9981700000000001
1658.613	0.9981700000000001
1659.613	0.9981700000000001
1660.613	0.9981700000000001
1661.613	0.9981700000000001
1662.613	0.9981700000000001
1663.613	0.9981700000000001
1664.613	0.9981700000000001
1665.613	0.9981700000000001
1666.613	0.9981700000000001
1667.613	0.9981700000000001
1668.613	0.9981700000000001
1669.613	0.9981700000000001
1670.613	0.9981700000000001
1671.613	0.9981700000000001
1672.613	0.9981700000000001
1673.613	0.9981700000000001
1674.613	0.9981700000000001
1675.613	0.9981700000000001
1676.613	0.9981700000000001
1677.613	0.9981700000000001
1678.613	0.9981700000000001
1679.613	0.9981700000000001
1680.613	0.9981700000000001
1681.613	0.9981700000000001
1682.613	0.9981700000000001
1683.613	0.9981700000000001
1684.613	0.9981700000000001
1685.613	0.9981700000000001
1686.613	0.9981700000000001
1687.613	0.9981700000000001
1688.613	0.9981700000000001
1689.613	0.9981700000000001
1690.613	0.9981700000000001
1691.613	0.9981700000000001
1692.613	0.9981700000000001
1693.613	0.9981700000000001
1694.613	0.9981700000000001
1695.613	0.9981700000000001
1696.613	0.9981700000000001
1697.613	0.9981700000000001
1698.613	0.9981700000000001
1699.613	0.9981700000000001
1700.613	0.9981700000000001
1701.613	0.9981700000000001
1702.613	0.9981700000000001
1703.613	0.9981700000000001
1704.613	0.9981700000000001
1705.613	0.9981700000000001
1706.613	0.9981700000000001
1707.613	0.9981700000000001
1708.613	0.9981700000000001
1709.613	0.9981700000000001
1710.613	0.9981700000000001
1711.613	0.9981700000000001
1712.613	0.9981700000000001
1713.613	0.9981700000000001
1714.613	0.9981700000000001
1715.613	0.9981700000000001
1716.613	0.9981700000000001
1717.613	0.9981700000000001
1718.613	0.9981700000000001
1719.613	0.9981700000000001
1720.613	0.9981700000000001
1721.613	0.9981700000000001
1722.613	0.9981700000000001
1723.613	0.9981700000000001
1724.613	0.9981700000000001
1725.613	0.9981700000000001
1726.613	0.9981700000000001
1727.613	0.9981700000000001
1728.613	0.9981700000000001
1729.613	0.9981700000000001
1730.613	0.9981700000000001
1731.613	0.9981700000000001
1732.613	0.9981700000000001
1733.613	0.9981700000000001
1734.613	0.9981700000000001
1735.613	0.9981700000000001
1736.613	0.9981700000000001
1737.613	0.9981700000000001
1738.613	0.9981700000000001
1739.613	0.9981700000000001
1740.613	0.9981700000000001
1741.613	0.9981700000000001
1742.613	0.9981700000000001
1743.613	0.9981700000000001
1744.613	0.9981700000000001
1745.613	0.9981700000000001
1746.613	0.9981700000000001
1747.613	0.9981700000000001
1748.613	0.9981700000000001
1749.613	0.9981700000000001
1750.613	0.9981700000000001
1751.613	0.9981700000000001
1752.613	0.9981700000000001
1753.613	0.9981700000000001
1754.613	0.9981700000000001
1755.613	0.9981700000000001
1756.613	0.9981700000000001
1757.613	0.9981700000000001
1758.613	0.9981700000000001
1759.613	0.9981700000000001
1760.613	0.9981700000000001
1761.613	0.9981700000000001
1762.613	0.9981700000000001
1763.613	0.9981700000000001
1764.613	0.9981700000000001
1765.613	0.9981700000000001
1766.613	0.9981700000000001
1767.613	0.9981700000000001
1768.613	0.9981700000000001
1769.613	0.9981700000000001
1770.613	0.9981700000000001
1771.613	0.9981700000000001
1772.613	0.9981700000000001
1773.613	0.9981700000000001
1774.613	0.9981700000000001
1775.613	0.9981700000000001
1776.613	0.9981700000000001
1777.613	0.9981700000000001
1778.613	0.9981700000000001
1779.613	0.9981700000000001
1780.613	0.9981700000000001
1781.613	0.9981700000000001
1782.613	0.9981700000000001
1783.613	0.9981700000000001
1784.613	0.9981700000000001
1785.613	0.9981700000000001
1786.613	0.9981700000000001
1787.613	0.9981700000000001
1788.613	0.9981700000000001
1789.613	0.9981700000000001
1790.613	0.9981700000000001
1791.613	0.9981700000000001
1792.613	0.9981700000000001
1793.613	0.9981700000000001
1794.613	0.9981700000000001
1795.613	0.9981700000000001
1796.613	0.9981700000000001
1797.613	0.9981700000000001
1798.613	0.9981700000000001
1799.613	0.9981700000000001
1800.613	0.9981700000000001
1801.613	0.9981700000000001
1802.613	0.9981700000000001
1803.613	0.9981700000000001
1804.613	0.9981700000000001
1805.613	0.9981700000000001
1806.613	0.9981700000000001
1807.613	0.9981700000000001
1808.613	0.9981700000000001
1809.613	0.9981700000000001
1810.613	0.9981700000000001
1811.613	0.9981700000000001
1812.613	0.9981700000000001
1813.613	0.9981700000000001
1814.613	0.9981700000000001
1815.613	0.9981700000000001
1816.613	0.9981700000000001
1817.613	0.9981700000000001
1818.613	0.9981700000000001
1819.613	0.9981700000000001
1820.613	0.9981700000000001
1821.613	0.9981700000000001
1822.613	0.9981700000000001
1823.613	0.9981700000000001
1824.613	0.9981700000000001
1825.613	0.9981700000000001
1826.613	0.9981700000000001
1827.613	0.9981700000000001
1828.613	0.9981700000000001
1829.613	0.9981700000000001
1830.613	0.9981700000000001
1831.613	0.9981700000000001
1832.613	0.9981700000000001
1833.613	0.9981700000000001
1834.613	0.9981700000000001
1835.613	0.9981700000000001
1836.613	0.9981700000000001
1837.613	0.9981700000000001
1838.613	0.9981700000000001
1839.613	0.9981700000000001
1840.613	0.9981700000000001
1841.613	0.9981700000000001
1842.613	0.9981700000000001
1843.613	0.9981700000000001
1844.613	0.9981700000000001
1845.613	0.9981700000000001
1846.613	0.9981700000000001
1847.613	0.9981700000000001
1848.613	0.9981700000000001
1849.613	0.9981700000000001
1850.613	0.9981700000000001
1851.613	0.9981700000000001
1852.613	0.9981700000000001
1853.613	0.9981700000000001
1854.613	0.9981700000000001
1855.613	0.9981700000000001
1856.613	0.9981700000000001
1857.613	0.9981700000000001
1858.613	0.9981700000000001
1859.613	0.9981700000000001
1860.613	0.9981700000000001
1861.613	0.9981700000000001
1862.613	0.9981700000000001
1863.613	0.9981700000000001
1864.613	0.9981700000000001
1865.613	0.9981700000000001
1866.613	0.9981700000000001
1867.613	0.9981700000000001
1868.613	0.9981700000000001
1869.613	0.9981700000000001
1870.613	0.9981700000000001
1871.613	0.9981700000000001
1872.613	0.9981700000000001
1873.613	0.9981700000000001
1874.613	0.9981700000000001
1875.613	0.9981700000000001
1876.613	0.9981700000000001
1877.613	0.9981700000000001
1878.613	0.9981700000000001
1879.613	0.9981700000000001
1880.613	0.9981700000000001
1881.613	0.9981700000000001
1882.613	0.9981700000000001
1883.613	0.9981700000000001
1884.613	0.9981700000000001
1885.613	0.9981700000000001
1886.613	0.9981700000000001
1887.613	0.9981700000000001
1888.613	0.9981700000000001
1889.613	0.9981700000000001
1890.613	0.9981700000000001
1891.613	0.9981700000000001
1892.613	0.9981700000000001
1893.613	0.9981700000000001
1894.613	0.9981700000000001
1895.613	0.9981700000000001
1896.613	0.9981700000000001
1897.613	0.9981700000000001
1898.613	0.9981700000000001
1899.613	0.9981700000000001
1900.613	0.9981700000000001
1901.613	0.9981700000000001
1902.613	0.9981700000000001
1903.613	0.9981700000000001
1904.613	0.9981700000000001
1905.613	0.9981700000000001
1906.613	0.9981700000000001
1907.613	0.9981700000000001
1908.613	0.9981700000000001
1909.613	0.9981700000000001
1910.613	0.9981700000000001
1911.613	0.9981700000000001
1912.613	0.9981700000000001
1913.613	0.9981700000000001
1914.613	0.9981700000000001
1915.613	0.9981700000000001
1916.613	0.9981700000000001
1917.613	0.9981700000000001
1918.613	0.9981700000000001
1919.613	0.9981700000000001
1920.613	0.9981700000000001
1921.613	0.9981700000000001
1922.613	0.9981700000000001
1923.613	0.9981700000000001
1924.613	0.9981700000000001
1925.613	0.9981700000000001
1926.613	0.9981700000000001
1927.613	0.9981700000000001
1928.613	0.9981700000000001
1929.613	0.9981700000000001
1930.613	0.9981700000000001
1931.613	0.9981700000000001
1932.613	0.9981700000000001
1933.613	0.9981700000000001
1934.613	0.9981700000000001
1935.613	0.9981700000000001
1936.613	0.9981700000000001
1937.613	0.9981700000000001
1938.613	0.9981700000000001
1939.613	0.9981700000000001
1940.613	0.9981700000000001
1941.613	0.9981700000000001
1942.613	0.9981700000000001
1943.613	0.9981700000000001
1944.613	0.9981700000000001
1945.613	0.9981700000000001
1946.613	0.9981700000000001
1947.613	0.9981700000000001
1948.613	0.9981700000000001
1949.613	0.9981700000000001
1950.613	0.9981700000000001
1951.613	0.9981700000000001
1952.613	0.9981700000000001
1953.613	0.9981700000000001
1954.613	0.9981700000000001
1955.613	0.9981700000000001
1956.613	0.9981700000000001
1957.613	0.9981700000000001
1958.613	0.9981700000000001
1959.613	0.9981700000000001
1960.613	0.9981700000000001
1961.613	0.9981700000000001
1962.613	0.9981700000000001
1963.613	0.9981700000000001
1964.613	0.9981700000000001
1965.613	0.9981700000000001
1966.613	0.9981700000000001
1967.613	0.9981700000000001
1968.613	0.9981700000000001
1969.613	0.9981700000000001
1970.613	0.9981700000000001
1971.613	0.9981700000000001
1972.613	0.9981700000000001
1973.613	0.9981700000000001
1974.613	0.9981700000000001
1975.613	0.9981700000000001
1976.613	0.9981700000000001
1977.613	0.9981700000000001
1978.613	0.9981700000000001
1979.613	0.9981700000000001
1980.613	0.9981700000000001
1981.613	0.9981700000000001
1982.613	0.9981700000000001
1983.613	0.9981700000000001
1984.613	0.9981700000000001
1985.613	0.9981700000000001
1986.613	0.9981700000000001
1987.613	0.9981700000000001
1988.613	0.9981700000000001
1989.613	0.9981700000000001
1990.613	0.9981700000000001
1991.613	0.9981700000000001
1992.613	0.9981700000000001
1993.613	0.9981700000000001
1994.613	0.9981700000000001
1995.613	0.9981700000000001
1996.613	0.9981700000000001
1997.613	0.9981700000000001
1998.613	0.9981700000000001
1999.613	0.9981700000000001
2000.613	0.9981700000000001
2001.613	0.9981700000000001
2002.613	0.9981700000000001
2003.613	0.9981700000000001
2004.613	0.9981700000000001
2005.613	0.9981700000000001
2006.613	0.9981700000000001
2007.613	0.9981700000000001
2008.613	0.9981700000000001
2009.613	0.9981700000000001
2010.613	0.9981700000000001
2011.613	0.9981700000000001
2012.613	0.9981700000000001
2013.613	0.9981700000000001
2014.613	0.9981700000000001
2015.613	0.9981700000000001
2016.613	0.9981700000000001
2017.613	0.9981700000000001
2018.613	0.9981700000000001
2019.613	0.9981700000000001
2020.613	0.9981700000000001
2021.613	0.9981700000000001
2022.613	0.9981700000000001
2023.613	0.9981700000000001
2024.613	0.9981700000000001
2025.613	0.9981700000000001
2026.613	0.9981700000000001
2027.613	0.9981700000000001
2028.613	0.9981700000000001
2029.613	0.9981700000000001
2030.613	0.9981700000000001
2031.613	0.9981700000000001
2032.613	0.9981700000000001
2033.613	0.9981700000000001
2034.613	0.9981700000000001
2035.613	0.9981700000000001
2036.613	0.9981700000000001
2037.613	0.9981700000000001
2038.613	0.9981700000000001
2039.613	0.9981700000000001
2040.613	0.9981700000000001
2041.613	0.9981700000000001
2042.613	0.9981700000000001
2043.613	0.9981700000000001
2044.613	0.9981700000000001
2045.613	0.9981700000000001
2046.613	0.9981700000000001
2047.613	0.9981700000000001
2048.613	0.9981700000000001
2049.613	0.9981700000000001
2050.613	0.9981700000000001
2051.613	0.9981700000000001
2052.613	0.9981700000000001
2053.613	0.9981700000000001
2054.613	0.9981700000000001
2055.613	0.9981700000000001
2056.613	0.9981700000000001
2057.613	0.9981700000000001
2058.613	0.9981700000000001
2059.613	0.9981700000000001
2060.613	0.9981700000000001
2061.613	0.9981700000000001
2062.613	0.9981700000000001
2063.613	0.9981700000000001
2064.613	0.9981700000000001
2065.613	0.9981700000000001
2066.613	0.9981700000000001
2067.613	0.9981700000000001
2068.613	0.9981700000000001
2069.613	0.9981700000000001
2070.613	0.9981700000000001
2071.613	0.9981700000000001
2072.613	0.9981700000000001
2073.613	0.9981700000000001
2074.613	0.9981700000000001
2075.613	0.9981700000000001
2076.613	0.9981700000000001
2077.613	0.9981700000000001
2078.613	0.9981700000000001
2079.613	0.9981700000000001
2080.613	0.9981700000000001
2081.613	0.9981700000000001
2082.613	0.9981700000000001
2083.613	0.9981700000000001
2084.613	0.9981700000000001
2085.613	0.9981700000000001
2086.613	0.9981700000000001
2087.613	0.9981700000000001
2088.613	0.9981700000000001
2089.613	0.9981700000000001
2090.613	0.9981700000000001
2091.613	0.9981700000000001
2092.613	0.9981700000000001
2093.613	0.9981700000000001
2094.613	0.9981700000000001
2095.613	0.9981700000000001
2096.613	0.9981700000000001
2097.613	0.9981700000000001
2098.613	0.9981700000000001
2099.613	0.9981700000000001
2100.613	0.9981700000000001
2101.613	0.9981700000000001
2102.613	0.9981700000000001
2103.613	0.9981700000000001
2104.613	0.9981700000000001
2105.613	0.9981700000000001
2106.613	0.9981700000000001
2107.613	0.9981700000000001
2108.613	0.9981700000000001
2109.613	0.9981700000000001
2110.613	0.9981700000000001
2111.613	0.9981700000000001
2112.613	0.9981700000000001
2113.613	0.9981700000000001
2114.613	0.9981700000000001
2115.613	0.9981700000000001
2116.613	0.9981700000000001
2117.613	0.9981700000000001
2118.613	0.9981700000000001
2119.613	0.9981700000000001
2120.613	0.9981700000000001
2121.613	0.9981700000000001
2122.613	0.9981700000000001
2123.613	0.9981700000000001
2124.613	0.9981700000000001
2125.613	0.9981700000000001
2126.613	0.9981700000000001
2127.613	0.9981700000000001
2128.613	0.9981700000000001
2129.613	0.9981700000000001
2130.613	0.9981700000000001
2131.613	0.9981700000000001
2132.613	0.9981700000000001
2133.613	0.9981700000000001
2134.613	0.9981700000000001
2135.613	0.9981700000000001
2136.613	0.9981700000000001
2137.613	0.9981700000000001
2138.613	0.9981700000000001
2139.613	0.9981700000000001
2140.613	0.9981700000000001
2141.613	0.9981700000000001
2142.613	0.9981700000000001
2143.613	0.9981700000000001
2144.613	0.9981700000000001
2145.613	0.9981700000000001
2146.613	0.9981700000000001
2147.613	0.9981700000000001
2148.613	0.9981700000000001
2149.613	0.9981700000000001
2150.613	0.9981700000000001
2151.613	0.9981700000000001
2152.613	0.9981700000000001
2153.613	0.9981700000000001
2154.613	0.9981700000000001
2155.613	0.9981700000000001
2156.613	0.9981700000000001
2157.613	0.9981700000000001
2158.613	0.9981700000000001
2159.613	0.9981700000000001
2160.613	0.9981700000000001
2161.613	0.9981700000000001
2162.613	0.9981700000000001
2163.613	0.9981700000000001
2164.613	0.9981700000000001
2165.613	0.9981700000000001
2166.613	0.9981700000000001
2167.613	0.9981700000000001
2168.613	0.9981700000000001
2169.613	0.9981700000000001
2170.613	0.9981700000000001
2171.613	0.9981700000000001
2172.613	0.9981700000000001
2173.613	0.9981700000000001
2174.613	0.9981700000000001
2175.613	0.9981700000000001
2176.613	0.9981700000000001
2177.613	0.9981700000000001
2178.613	0.9981700000000001
2179.613	0.9981700000000001
2180.613	0.9981700000000001
2181.613	0.9981700000000001
2182.613	0.9981700000000001
2183.613	0.9981700000000001
2184.613	0.9981700000000001
2185.613	0.9981700000000001
2186.613	0.9981700000000001
2187.613	0.9981700000000001
2188.613	0.9981700000000001
2189.613	0.9981700000000001
2190.613	0.9981700000000001
2191.613	0.9981700000000001
2192.613	0.9981700000000001
2193.613	0.9981700000000001
2194.613	0.9981700000000001
2195.613	0.9981700000000001
2196.613	0.9981700000000001
2197.613	0.9981700000000001
2198.613	0.9981700000000001
2199.613	0.9981700000000001
2200.613	0.9981700000000001
2201.613	0.9981700000000001
2202.613	0.9981700000000001
2203.613	0.9981700000000001
2204.613	0.9981700000000001
2205.613	0.9981700000000001
2206.613	0.9981700000000001
2207.613	0.9981700000000001
2208.613	0.9981700000000001
2209.613	0.9981700000000001
2210.613	0.9981700000000001
2211.613	0.9981700000000001
2212.613	0.9981700000000001
2213.613	0.9981700000000001
2214.613	0.9981700000000001
2215.613	0.9981700000000001
2216.613	0.9981700000000001
2217.613	0.9981700000000001
2218.613	0.9981700000000001
2219.613	0.9981700000000001
2220.613	0.9981700000000001
2221.613	0.9981700000000001
2222.613	0.9981700000000001
2223.613	0.9981700000000001
2224.613	0.9981700000000001
2225.613	0.9981700000000001
2226.613	0.9981700000000001
2227.613	0.9981700000000001
2228.613	0.9981700000000001
2229.613	0.9981700000000001
2230.613	0.9981700000000001
2231.613	0.9981700000000001
2232.613	0.9981700000000001
2233.613	0.9981700000000001
2234.613	0.9981700000000001
2235.613	0.9981700000000001
2236.613	0.9981700000000001
2237.613	0.9981700000000001
2238.613	0.9981700000000001
2239.613	0.9981700000000001
2240.613	0.9981700000000001
2241.613	0.9981700000000001
2242.613	0.9981700000000001
2243.613	0.9981700000000001
2244.613	0.9981700000000001
2245.613	0.9981700000000001
2246.613	0.9981700000000001
2247.613	0.9981700000000001
2248.613	0.9981700000000001
2249.613	0.9981700000000001
2250.613	0.9981700000000001
2251.613	0.9981700000000001
2252.613	0.9981700000000001
2253.613	0.9981700000000001
2254.613	0.9981700000000001
2255.613	0.9981700000000001
2256.613	0.9981700000000001
2257.613	0.9981700000000001
2258.613	0.9981700000000001
2259.613	0.9981700000000001
2260.613	0.9981700000000001
2261.613	0.9981700000000001
2262.613	0.9981700000000001
2263.613	0.9981700000000001
2264.613	0.9981700000000001
2265.613	0.9981700000000001
2266.613	0.9981700000000001
2267.613	0.9981700000000001
2268.613	0.9981700000000001
2269.613	0.9981700000000001
2270.613	0.9981700000000001
2271.613	0.9981700000000001
2272.613	0.9981700000000001
2273.613	0.9981700000000001
2274.613	0.9981700000000001
2275.613	0.9981700000000001
2276.613	0.9981700000000001
2277.613	0.9981700000000001
2278.613	0.9981700000000001
2279.613	0.9981700000000001
2280.613	0.9981700000000001
2281.613	0.9981700000000001
2282.613	0.9981700000000001
2283.613	0.9981700000000001
2284.613	0.9981700000000001
2285.613	0.9981700000000001
2286.613	0.9981700000000001
2287.613	0.9981700000000001
2288.613	0.9981700000000001
2289.613	0.9981700000000001
2290.613	0.9981700000000001
2291.613	0.9981700000000001
2292.613	0.9981700000000001
2293.613	0.9981700000000001
2294.613	0.9981700000000001
2295.613	0.9981700000000001
2296.613	0.9981700000000001
2297.613	0.9981700000000001
2298.613	0.9981700000000001
2299.613	0.9981700000000001
2300.613	0.9981700000000001
2301.613	0.9981700000000001
2302.613	0.9981700000000001
2303.613	0.9981700000000001
2304.613	0.9981700000000001
2305.613	0.9981700000000001
2306.613	0.9981700000000001
2307.613	0.9981700000000001
2308.613	0.9981700000000001
2309.613	0.9981700000000001
2310.613	0.9981700000000001
2311.613	0.9981700000000001
2312.613	0.9981700000000001
2313.613	0.9981700000000001
2314.613	0.9981700000000001
2315.613	0.9981700000000001
2316.613	0.9981700000000001
2317.613	0.9981700000000001
2318.613	0.9981700000000001
2319.613	0.9981700000000001
2320.613	0.9981700000000001
2321.613	0.9981700000000001
2322.613	0.9981700000000001
2323.613	0.9981700000000001
2324.613	0.9981700000000001
2325.613	0.9981700000000001
2326.613	0.9981700000000001
2327.613	0.9981700000000001
2328.613	0.9981700000000001
2329.613	0.9981700000000001
2330.613	0.9981700000000001
2331.613	0.9981700000000001
2332.613	0.9981700000000001
2333.613	0.9981700000000001
2334.613	0.9981700000000001
2335.613	0.9981700000000001
2336.613	0.9981700000000001
2337.613	0.9981700000000001
2338.613	0.9981700000000001
2339.613	0.9981700000000001
2340.613	0.9981700000000001
2341.613	0.9981700000000001
2342.613	0.9981700000000001
2343.613	0.9981700000000001
2344.613	0.9981700000000001
2345.613	0.9981700000000001
2346.613	0.9981700000000001
2347.613	0.9981700000000001
2348.613	0.9981700000000001
2349.613	0.9981700000000001
2350.613	0.9981700000000001
2351.613	0.9981700000000001
2352.613	0.9981700000000001
2353.613	0.9981700000000001
2354.613	0.9981700000000001
2355.613	0.9981700000000001
2356.613	0.9981700000000001
2357.613	0.9981700000000001
2358.613	0.9981700000000001
2359.613	0.9981700000000001
2360.613	0.9981700000000001
2361.613	0.9981700000000001
2362.613	0.9981700000000001
2363.613	0.9981700000000001
2364.613	0.9981700000000001
2365.613	0.9981700000000001
2366.613	0.9981700000000001
2367.613	0.9981700000000001
2368.613	0.9981700000000001
2369.613	0.9981700000000001
2370.613	0.9981700000000001
2371.613	0.9981700000000001
2372.613	0.9981700000000001
2373.613	0.9981700000000001
2374.613	0.9981700000000001
2375.613	0.9981700000000001
2376.613	0.9981700000000001
2377.613	0.9981700000000001
2378.613	0.9981700000000001
2379.613	0.9981700000000001
2380.613	0.9981700000000001
2381.613	0.9981700000000001
2382.613	0.9981700000000001
2383.613	0.9981700000000001
2384.613	0.9981700000000001
2385.613	0.9981700000000001
2386.613	0.9981700000000001
2387.613	0.9981700000000001
2388.613	0.9981700000000001
2389.613	0.9981700000000001
2390.613	0.9981700000000001
2391.613	0.9981700000000001
2392.613	0.9981700000000001
2393.613	0.9981700000000001
2394.613	0.9981700000000001
2395.613	0.9981700000000001
2396.613	0.9981700000000001
2397.613	0.9981700000000001
2398.613	0.9981700000000001
2399.613	0.9981700000000001
2400.613	0.9981700000000001
2401.613	0.9981700000000001
2402.613	0.9981700000000001
2403.613	0.9981700000000001
2404.613	0.9981700000000001
2405.613	0.9981700000000001
2406.613	0.9981700000000001
2407.613	0.9981700000000001
2408.613	0.9981700000000001
2409.613	0.9981700000000001
2410.613	0.9981700000000001
2411.613	0.9981700000000001
2412.613	0.9981700000000001
2413.613	0.9981700000000001
2414.613	0.9981700000000001
2415.613	0.9981700000000001
2416.613	0.9981700000000001
2417.613	0.9981700000000001
2418.613	0.9981700000000001
2419.613	0.9981700000000001
2420.613	0.9981700000000001
2421.613	0.9981700000000001
2422.613	0.9981700000000001
2423.613	0.9981700000000001
2424.613	0.9981700000000001
2425.613	0.9981700000000001
2426.613	0.9981700000000001
2427.613	0.9981700000000001
2428.613	0.9981700000000001
2429.613	0.9981700000000001
2430.613	0.9981700000000001
2431.613	0.9981700000000001
2432.613	0.9981700000000001
2433.613	0.9981700000000001
2434.613	0.9981700000000001
2435.613	0.9981700000000001
2436.613	0.9981700000000001
2437.613	0.9981700000000001
2438.613	0.9981700000000001
2439.613	0.9981700000000001
2440.613	0.9981700000000001
2441.613	0.9981700000000001
2442.613	0.9981700000000001
2443.613	0.9981700000000001
2444.613	0.9981700000000001
2445.613	0.9981700000000001
2446.613	0.9981700000000001
2447.613	0.9981700000000001
2448.613	0.9981700000000001
2449.613	0.9981700000000001
2450.613	0.9981700000000001
2451.613	0.9981700000000001
2452.613	0.9981700000000001
2453.613	0.9981700000000001
2454.613	0.9981700000000001
2455.613	0.9981700000000001
2456.613	0.9981700000000001
2457.613	0.9981700000000001
2458.613	0.9981700000000001
2459.613	0.9981700000000001
2460.613	0.9981700000000001
2461.613	0.9981700000000001
2462.613	0.9981700000000001
2463.613	0.9981700000000001
2464.613	0.9981700000000001
2465.613	0.9981700000000001
2466.613	0.9981700000000001
2467.613	0.9981700000000001
2468.613	0.9981700000000001
2469.613	0.9981700000000001
2470.613	0.9981700000000001
2471.613	0.9981700000000001
2472.613	0.9981700000000001
2473.613	0.9981700000000001
2474.613	0.9981700000000001
2475.613	0.9981700000000001
2476.613	0.9981700000000001
2477.613	0.9981700000000001
2478.613	0.9981700000000001
2479.613	0.9981700000000001
2480.613	0.9981700000000001
2481.613	0.9981700000000001
2482.613	0.9981700000000001
2483.613	0.9981700000000001
2484.613	0.9981700000000001
2485.613	0.9981700000000001
2486.613	0.9981700000000001
2487.613	0.9981700000000001
2488.613	0.9981700000000001
2489.613	0.9981700000000001
2490.613	0.9981700000000001
2491.613	0.9981700000000001
2492.613	0.9981700000000001
2493.613	0.9981700000000001
2494.613	0.9981700000000001
2495.613	0.9981700000000001
2496.613	0.9981700000000001
2497.613	0.9981700000000001
2498.613	0.9981700000000001
2499.613	0.9981700000000001
2500.613	0.9981700000000001
2501.613	0.9981700000000001
2502.613	0.9981700000000001
2503.613	0.9981700000000001
2504.613	0.9981700000000001
2505.613	0.9981700000000001
2506.613	0.9981700000000001
2507.613	0.9981700000000001
2508.613	0.9981700000000001
2509.613	0.9981700000000001
2510.613	0.9981700000000001
2511.613	0.9981700000000001
2512.613	0.9981700000000001
2513.613	0.9981700000000001
2514.613	0.9981700000000001
2515.613	0.9981700000000001
2516.613	0.9981700000000001
2517.613	0.9981700000000001
2518.613	0.9981700000000001
2519.613	0.9981700000000001
2520.613	0.9981700000000001
2521.613	0.9981700000000001
2522.613	0.9981700000000001
2523.613	0.9981700000000001
2524.613	0.9981700000000001
2525.613	0.9981700000000001
2526.613	0.9981700000000001
2527.613	0.9981700000000001
2528.613	0.9981700000000001
2529.613	0.9981700000000001
2530.613	0.9981700000000001
2531.613	0.9981700000000001
2532.613	0.9981700000000001
2533.613	0.9981700000000001
2534.613	0.9981700000000001
2535.613	0.9981700000000001
2536.613	0.9981700000000001
2537.613	0.9981700000000001
2538.613	0.9981700000000001
2539.613	0.9981700000000001
2540.613	0.9981700000000001
2541.613	0.9981700000000001
2542.613	0.9981700000000001
2543.613	0.9981700000000001
2544.613	0.9981700000000001
2545.613	0.9981700000000001
2546.613	0.9981700000000001
2547.613	0.9981700000000001
2548.613	0.9981700000000001
2549.613	0.9981700000000001
2550.613	0.9981700000000001
2551.613	0.9981700000000001
2552.613	0.9981700000000001
2553.613	0.9981700000000001
2554.613	0.9981700000000001
2555.613	0.9981700000000001
2556.613	0.9981700000000001
2557.613	0.9981700000000001
2558.613	0.9981700000000001
2559.613	0.9981700000000001
2560.613	0.9981700000000001
2561.613	0.9981700000000001
2562.613	0.9981700000000001
2563.613	0.9981700000000001
2564.613	0.9981700000000001
2565.613	0.9981700000000001
2566.613	0.9981700000000001
2567.613	0.9981700000000001
2568.613	0.9981700000000001
2569.613	0.9981700000000001
2570.613	0.9981700000000001
2571.613	0.9981700000000001
2572.613	0.9981700000000001
2573.613	0.9981700000000001
2574.613	0.9981700000000001
2575.613	0.9981700000000001
2576.613	0.9981700000000001
2577.613	0.9981700000000001
2578.613	0.9981700000000001
2579.613	0.9981700000000001
2580.613	0.9981700000000001
2581.613	0.9981700000000001
2582.613	0.9981700000000001
2583.613	0.9981700000000001
2584.613	0.9981700000000001
2585.613	0.9981700000000001
2586.613	0.9981700000000001
2587.613	0.9981700000000001
2588.613	0.9981700000000001
2589.613	0.9981700000000001
2590.613	0.9981700000000001
2591.613	0.9981700000000001
2592.613	0.9981700000000001
2593.613	0.9981700000000001
2594.613	0.9981700000000001
2595.613	0.9981700000000001
2596.613	0.9981700000000001
2597.613	0.9981700000000001
2598.613	0.9981700000000001
2599.613	0.9981700000000001
2600.613	0.9981700000000001
2601.613	0.9981700000000001
2602.613	0.9981700000000001
2603.613	0.9981700000000001
2604.613	0.9981700000000001
2605.613	0.9981700000000001
2606.613	0.9981700000000001
2607.613	0.9981700000000001
2608.613	0.9981700000000001
2609.613	0.9981700000000001
2610.613	0.9981700000000001
2611.613	0.9981700000000001
2612.613	0.9981700000000001
2613.613	0.9981700000000001
2614.613	0.9981700000000001
2615.613	0.9981700000000001
2616.613	0.9981700000000001
2617.613	0.9981700000000001
2618.613	0.9981700000000001
2619.613	0.9981700000000001
2620.613	0.9981700000000001
2621.613	0.9981700000000001
2622.613	0.9981700000000001
2623.613	0.9981700000000001
2624.613	0.9981700000000001
2625.613	0.9981700000000001
2626.613	0.9981700000000001
2627.613	0.9981700000000001
2628.613	0.9981700000000001
2629.613	0.9981700000000001
2630.613	0.9981700000000001
2631.613	0.9981700000000001
2632.613	0.9981700000000001
2633.613	0.9981700000000001
2634.613	0.9981700000000001
2635.613	0.9981700000000001
2636.613	0.9981700000000001
2637.613	0.9981700000000001
2638.613	0.9981700000000001
2639.613	0.9981700000000001
2640.613	0.9981700000000001
2641.613	0.9981700000000001
2642.613	0.9981700000000001
2643.613	0.9981700000000001
2644.613	0.9981700000000001
2645.613	0.9981700000000001
2646.613	0.9981700000000001
2647.613	0.9981700000000001
2648.613	0.9981700000000001
2649.613	0.9981700000000001
2650.613	0.9981700000000001
2651.613	0.9981700000000001
2652.613	0.9981700000000001
2653.613	0.9981700000000001
2654.613	0.9981700000000001
2655.613	0.9981700000000001
2656.613	0.9981700000000001
2657.613	0.9981700000000001
2658.613	0.9981700000000001
2659.613	0.9981700000000001
2660.613	0.9981700000000001
2661.613	0.9981700000000001
2662.613	0.9981700000000001
2663.613	0.9981700000000001
2664.613	0.9981700000000001
2665.613	0.9981700000000001
2666.613	0.9981700000000001
2667.613	0.9981700000000001
2668.613	0.9981700000000001
2669.613	0.9981700000000001
2670.613	0.9981700000000001
2671.613	0.9981700000000001
2672.613	0.9981700000000001
2673.613	0.9981700000000001
2674.613	0.9981700000000001
2675.613	0.9981700000000001
2676.613	0.9981700000000001
2677.613	0.9981700000000001
2678.613	0.9981700000000001
2679.613	0.9981700000000001
2680.613	0.9981700000000001
2681.613	0.9981700000000001
2682.613	0.9981700000000001
2683.613	0.9981700000000001
2684.613	0.9981700000000001
2685.613	0.9981700000000001
2686.613	0.9981700000000001
2687.613	0.9981700000000001
2688.613	0.9981700000000001
2689.613	0.9981700000000001
2690.613	0.9981700000000001
2691.613	0.9981700000000001
2692.613	0.9981700000000001
2693.613	0.9981700000000001
2694.613	0.9981700000000001
2695.613	0.9981700000000001
2696.613	0.9981700000000001
2697.613	0.9981700000000001
2698.613	0.9981700000000001
2699.613	0.9981700000000001
2700.613	0.9981700000000001
2701.613	0.9981700000000001
2702.613	0.9981700000000001
2703.613	0.9981700000000001
2704.613	0.9981700000000001
2705.613	0.9981700000000001
2706.613	0.9981700000000001
2707.613	0.9981700000000001
2708.613	0.9981700000000001
2709.6130000000003	0.9981700000000001
2710.6130000000003	0.9981700000000001
2711.6130000000003	0.9981700000000001
2712.6130000000003	0.9981700000000001
2713.6130000000003	0.9981700000000001
2714.6130000000003	0.9981700000000001
2715.6130000000003	0.9981700000000001
2716.6130000000003	0.9981700000000001
2717.6130000000003	0.9981700000000001
2718.6130000000003	0.9981700000000001
2719.6130000000003	0.9981700000000001
2720.6130000000003	0.9981700000000001
2721.6130000000003	0.9981700000000001
2722.6130000000003	0.9981700000000001
2723.6130000000003	0.9981700000000001
2724.6130000000003	0.9981700000000001
2725.6130000000003	0.9981700000000001
2726.6130000000003	0.9981700000000001
2727.6130000000003	0.9981700000000001
2728.6130000000003	0.9981700000000001
2729.6130000000003	0.9981700000000001
2730.6130000000003	0.9981700000000001
2731.6130000000003	0.9981700000000001
2732.6130000000003	0.9981700000000001
2733.6130000000003	0.9981700000000001
2734.6130000000003	0.9981700000000001
2735.6130000000003	0.9981700000000001
2736.6130000000003	0.9981700000000001
2737.6130000000003	0.9981700000000001
2738.6130000000003	0.9981700000000001
2739.6130000000003	0.9981700000000001
2740.6130000000003	0.9981700000000001
2741.6130000000003	0.9981700000000001
2742.6130000000003	0.9981700000000001
2743.6130000000003	0.9981700000000001
2744.6130000000003	0.9981700000000001
2745.6130000000003	0.9981700000000001
2746.6130000000003	0.9981700000000001
2747.6130000000003	0.9981700000000001
2748.6130000000003	0.9981700000000001
2749.6130000000003	0.9981700000000001
2750.6130000000003	0.9981700000000001
2751.6130000000003	0.9981700000000001
2752.6130000000003	0.9981700000000001
2753.6130000000003	0.9981700000000001
2754.6130000000003	0.9981700000000001
2755.6130000000003	0.9981700000000001
2756.6130000000003	0.9981700000000001
2757.6130000000003	0.9981700000000001
2758.6130000000003	0.9981700000000001
2759.6130000000003	0.9981700000000001
2760.6130000000003	0.9981700000000001
2761.6130000000003	0.9981700000000001
2762.6130000000003	0.9981700000000001
2763.6130000000003	0.9981700000000001
2764.6130000000003	0.9981700000000001
2765.6130000000003	0.9981700000000001
2766.6130000000003	0.9981700000000001
2767.6130000000003	0.9981700000000001
2768.6130000000003	0.9981700000000001
2769.6130000000003	0.9981700000000001
2770.6130000000003	0.9981700000000001
2771.6130000000003	0.9981700000000001
2772.6130000000003	0.9981700000000001
2773.6130000000003	0.9981700000000001
2774.6130000000003	0.9981700000000001
2775.6130000000003	0.9981700000000001
2776.6130000000003	0.9981700000000001
2777.6130000000003	0.9981700000000001
2778.6130000000003	0.9981700000000001
2779.6130000000003	0.9981700000000001
2780.6130000000003	0.9981700000000001
2781.6130000000003	0.9981700000000001
2782.6130000000003	0.9981700000000001
2783.6130000000003	0.9981700000000001
2784.6130000000003	0.9981700000000001
2785.6130000000003	0.9981700000000001
2786.6130000000003	0.9981700000000001
2787.6130000000003	0.9981700000000001
2788.6130000000003	0.9981700000000001
2789.6130000000003	0.9981700000000001
2790.6130000000003	0.9981700000000001
2791.6130000000003	0.9981700000000001
2792.6130000000003	0.9981700000000001
2793.6130000000003	0.9981700000000001
2794.6130000000003	0.9981700000000001
2795.6130000000003	0.9981700000000001
2796.6130000000003	0.9981700000000001
2797.6130000000003	0.9981700000000001
2798.6130000000003	0.9981700000000001
2799.6130000000003	0.9981700000000001
2800.6130000000003	0.9981700000000001
2801.6130000000003	0.9981700000000001
2802.6130000000003	0.9981700000000001
2803.6130000000003	0.9981700000000001
2804.6130000000003	0.9981700000000001
2805.6130000000003	0.9981700000000001
2806.6130000000003	0.9981700000000001
2807.6130000000003	0.9981700000000001
2808.6130000000003	0.9981700000000001
2809.6130000000003	0.9981700000000001
2810.6130000000003	0.9981700000000001
2811.6130000000003	0.9981700000000001
2812.6130000000003	0.9981700000000001
2813.6130000000003	0.9981700000000001
2814.6130000000003	0.9981700000000001
2815.6130000000003	0.9981700000000001
2816.6130000000003	0.9981700000000001
2817.6130000000003	0.9981700000000001
2818.6130000000003	0.9981700000000001
2819.6130000000003	0.9981700000000001
2820.6130000000003	0.9981700000000001
2821.6130000000003	0.9981700000000001
2822.6130000000003	0.9981700000000001
2823.6130000000003	0.9981700000000001
2824.6130000000003	0.9981700000000001
2825.6130000000003	0.9981700000000001
2826.6130000000003	0.9981700000000001
2827.6130000000003	0.9981700000000001
2828.6130000000003	0.9981700000000001
2829.6130000000003	0.9981700000000001
2830.6130000000003	0.9981700000000001
2831.6130000000003	0.9981700000000001
2832.6130000000003	0.9981700000000001
2833.6130000000003	0.9981700000000001
2834.6130000000003	0.9981700000000001
2835.6130000000003	0.9981700000000001
2836.6130000000003	0.9981700000000001
2837.6130000000003	0.9981700000000001
2838.6130000000003	0.9981700000000001
2839.6130000000003	0.9981700000000001
2840.6130000000003	0.9981700000000001
2841.6130000000003	0.9981700000000001
2842.6130000000003	0.9981700000000001
2843.6130000000003	0.9981700000000001
2844.6130000000003	0.9981700000000001
2845.6130000000003	0.9981700000000001
2846.6130000000003	0.9981700000000001
2847.6130000000003	0.9981700000000001
2848.6130000000003	0.9981700000000001
2849.6130000000003	0.9981700000000001
2850.6130000000003	0.9981700000000001
2851.6130000000003	0.9981700000000001
2852.6130000000003	0.9981700000000001
2853.6130000000003	0.9981700000000001
2854.6130000000003	0.9981700000000001
2855.6130000000003	0.9981700000000001
2856.6130000000003	0.9981700000000001
2857.6130000000003	0.9981700000000001
2858.6130000000003	0.9981700000000001
2859.6130000000003	0.9981700000000001
2860.6130000000003	0.9981700000000001
2861.6130000000003	0.9981700000000001
2862.6130000000003	0.9981700000000001
2863.6130000000003	0.9981700000000001
2864.6130000000003	0.9981700000000001
2865.6130000000003	0.9981700000000001
2866.6130000000003	0.9981700000000001
2867.6130000000003	0.9981700000000001
2868.6130000000003	0.9981700000000001
2869.6130000000003	0.9981700000000001
2870.6130000000003	0.9981700000000001
2871.6130000000003	0.9981700000000001
2872.6130000000003	0.9981700000000001
2873.6130000000003	0.9981700000000001
2874.6130000000003	0.9981700000000001
2875.6130000000003	0.9981700000000001
2876.6130000000003	0.9981700000000001
2877.6130000000003	0.9981700000000001
2878.6130000000003	0.9981700000000001
2879.6130000000003	0.9981700000000001
2880.6130000000003	0.9981700000000001
2881.6130000000003	0.9981700000000001
2882.6130000000003	0.9981700000000001
2883.6130000000003	0.9981700000000001
2884.6130000000003	0.9981700000000001
2885.6130000000003	0.9981700000000001
2886.6130000000003	0.9981700000000001
2887.6130000000003	0.9981700000000001
2888.6130000000003	0.9981700000000001
2889.6130000000003	0.9981700000000001
2890.6130000000003	0.9981700000000001
2891.6130000000003	0.9981700000000001
2892.6130000000003	0.9981700000000001
2893.6130000000003	0.9981700000000001
2894.6130000000003	0.9981700000000001
2895.6130000000003	0.9981700000000001
2896.6130000000003	0.9981700000000001
2897.6130000000003	0.9981700000000001
2898.6130000000003	0.9981700000000001
2899.6130000000003	0.9981700000000001
2900.6130000000003	0.9981700000000001
2901.6130000000003	0.9981700000000001
2902.6130000000003	0.9981700000000001
2903.6130000000003	0.9981700000000001
2904.6130000000003	0.9981700000000001
2905.6130000000003	0.9981700000000001
2906.6130000000003	0.9981700000000001
2907.6130000000003	0.9981700000000001
2908.6130000000003	0.9981700000000001
2909.6130000000003	0.9981700000000001
2910.6130000000003	0.9981700000000001
2911.6130000000003	0.9981700000000001
2912.6130000000003	0.9981700000000001
2913.6130000000003	0.9981700000000001
2914.6130000000003	0.9981700000000001
2915.6130000000003	0.9981700000000001
2916.6130000000003	0.9981700000000001
2917.6130000000003	0.9981700000000001
2918.6130000000003	0.9981700000000001
2919.6130000000003	0.9981700000000001
2920.6130000000003	0.9981700000000001
2921.6130000000003	0.9981700000000001
2922.6130000000003	0.9981700000000001
2923.6130000000003	0.9981700000000001
2924.6130000000003	0.9981700000000001
2925.6130000000003	0.9981700000000001
2926.6130000000003	0.9981700000000001
2927.6130000000003	0.9981700000000001
2928.6130000000003	0.9981700000000001
2929.6130000000003	0.9981700000000001
2930.6130000000003	0.9981700000000001
2931.6130000000003	0.9981700000000001
2932.6130000000003	0.9981700000000001
2933.6130000000003	0.9981700000000001
2934.6130000000003	0.9981700000000001
2935.6130000000003	0.9981700000000001
2936.6130000000003	0.9981700000000001
2937.6130000000003	0.9981700000000001
2938.6130000000003	0.9981700000000001
2939.6130000000003	0.9981700000000001
2940.6130000000003	0.9981700000000001
2941.6130000000003	0.9981700000000001
2942.6130000000003	0.9981700000000001
2943.6130000000003	0.9981700000000001
2944.6130000000003	0.9981700000000001
2945.6130000000003	0.9981700000000001
2946.6130000000003	0.9981700000000001
2947.6130000000003	0.9981700000000001
2948.6130000000003	0.9981700000000001
2949.6130000000003	0.9981700000000001
2950.6130000000003	0.9981700000000001
2951.6130000000003	0.9981700000000001
2952.6130000000003	0.9981700000000001
2953.6130000000003	0.9981700000000001
2954.6130000000003	0.9981700000000001
2955.6130000000003	0.9981700000000001
2956.6130000000003	0.9981700000000001
2957.6130000000003	0.9981700000000001
2958.6130000000003	0.9981700000000001
2959.6130000000003	0.9981700000000001
2960.6130000000003	0.9981700000000001
2961.6130000000003	0.9981700000000001
2962.6130000000003	0.9981700000000001
2963.6130000000003	0.9981700000000001
2964.6130000000003	0.9981700000000001
2965.6130000000003	0.9981700000000001
2966.6130000000003	0.9981700000000001
2967.6130000000003	0.9981700000000001
2968.6130000000003	0.9981700000000001
2969.6130000000003	0.9981700000000001
2970.6130000000003	0.9981700000000001
2971.6130000000003	0.9981700000000001
2972.6130000000003	0.9981700000000001
2973.6130000000003	0.9981700000000001
2974.6130000000003	0.9981700000000001
2975.6130000000003	0.9981700000000001
2976.6130000000003	0.9981700000000001
2977.6130000000003	0.9981700000000001
2978.6130000000003	0.9981700000000001
2979.6130000000003	0.9981700000000001
2980.6130000000003	0.9981700000000001
2981.6130000000003	0.9981700000000001
2982.6130000000003	0.9981700000000001
2983.6130000000003	0.9981700000000001
2984.6130000000003	0.9981700000000001
2985.6130000000003	0.9981700000000001
2986.6130000000003	0.9981700000000001
2987.6130000000003	0.9981700000000001
2988.6130000000003	0.9981700000000001
2989.6130000000003	0.9981700000000001
2990.6130000000003	0.9981700000000001
2991.6130000000003	0.9981700000000001
2992.6130000000003	0.9981700000000001
