0.162	0.5167821083766071
1.125	0.5091754493456413
2.095	0.5144930833047595
3.074	0.5117965628065566
4.046	0.516238449246519
5.018	0.49232712045643856
5.989	0.5372250172462022
6.96	0.5348328005928532
7.931	0.5515044304703758
8.908	0.5437600436370639
9.894	0.5360901466906388
10.878	0.5300886509277518
11.859	0.5263290126898648
12.839	0.5258078070222235
13.812000000000001	0.5309936228203077
14.797	0.5155489883193297
15.777000000000001	0.5142371503692948
16.758	0.5225749767787259
17.742	0.5075202381872588
18.727	0.5518801697676554
19.712	0.5566712511078991
20.693	0.5649575875128001
21.674	0.5530550744839929
22.655	0.553037200357272
23.634	0.5636102266471215
24.606	0.5717978621797591
25.597	0.5720537315974192
26.585	0.573742230634001
27.558	0.5528879294421596
28.531000000000002	0.5501609149876173
29.519000000000002	0.5419310608825115
30.501	0.5489143743436472
31.474	0.5566713773653826
32.456	0.5548780607584972
33.439	0.5521241928193201
34.413000000000004	0.5389988883210808
35.405	0.5296585432864365
36.395	0.5209503073851165
37.379	0.5283795505065697
38.363	0.5252774445368993
39.348	0.5221066333366634
40.324	0.5086997584592318
41.300000000000004	0.5152803572438907
42.275	0.5223749294000926
43.25	0.509856691501247
44.225	0.5074703076638096
45.21	0.5143712833346453
46.193	0.48470345504894075
47.178000000000004	0.4918819218465342
48.162	0.47139991091165706
49.147	0.46841215065095304
50.133	0.4355105450621995
51.114000000000004	0.4369319548520439
52.095	0.4381734123863027
53.076	0.43921503413881857
54.062	0.43445959488455443
55.048	0.448382433959079
56.035000000000004	0.4524046408427346
57.018	0.4409640893729968
58.001	0.4392920704656539
58.984	0.4361105996785777
59.967	0.43335327427018056
60.95	0.432102491819287
61.939	0.42417991366789276
62.923	0.4203536298264677
63.907000000000004	0.41682372071517093
64.895	0.41003509379640607
65.879	0.407607637456143
66.868	0.3998806165842433
67.857	0.39450128914128285
68.842	0.3903405639268292
69.827	0.3864048026466618
70.812	0.3824225408230922
71.802	0.38296729340449454
72.789	0.3789417032555323
73.78	0.36936894131157344
74.767	0.3631096448009915
75.762	0.3610079006991097
76.751	0.3541842578030661
77.745	0.34214995117310465
78.732	0.33936610411855433
79.727	0.325757038927529
80.723	0.3416187055419001
81.712	0.325444147053948
82.70400000000001	0.3180354506537423
83.70100000000001	0.30501556857860207
84.69800000000001	0.3101356246030241
85.691	0.2809765430954342
86.69	0.31599078288243876
87.687	0.30346055413521617
88.686	0.2988542330094754
89.675	0.30215632962448224
90.67	0.3405953231319494
91.66	0.3336444410707184
92.647	0.44698609657054034
93.638	0.49017035468899656
94.626	0.5374963255421946
95.607	0.47235267245758455
96.58800000000001	0.5154610563855976
97.569	0.5285131668126005
98.55	0.5212792470416656
99.531	0.5062283939784035
100.522	0.5766415136888675
101.51	0.6140321650186535
102.491	0.6263395709919197
103.47200000000001	0.5985067399316409
104.453	0.6219695310716108
105.435	0.5855191177165215
106.41	0.5449874371475879
107.395	0.5422511945513855
108.376	0.5262939495838185
109.357	0.5105575297848606
110.33800000000001	0.49444566004671453
111.321	0.48627252864976356
112.316	0.6340180713984703
113.306	0.6789268783080223
114.287	0.6449344523174897
115.27	0.6481121851191127
116.26	0.7126770172611947
117.241	0.6785081083970677
118.239	0.7365012084783856
119.22	0.7413592717479037
120.209	0.7379149000919888
121.19	0.7322349121505958
122.17	0.7174098487125348
123.141	0.5446562569929997
124.131	0.6600364717338196
125.12100000000001	0.6751604718635685
126.102	0.6677240580710156
127.083	0.6615364590499841
128.074	0.7056159303113246
129.04500000000002	0.6126580925473907
130.036	0.6965944008735978
131.017	0.6221365644099998
131.998	0.5976978420293948
132.988	0.6340890186762098
133.969	0.6288251823995143
134.96	0.7328658518884917
135.933	0.6345706921444888
136.923	0.6978156586651478
137.91400000000002	0.7711375296028647
138.904	0.7851757507951125
139.885	0.7899620072967768
140.866	0.7647756972980408
141.847	0.7682104674908038
142.837	0.7929543996168672
143.81900000000002	0.7956926616454352
144.81	0.7998788649941385
145.793	0.8125611855786647
146.774	0.8180563570673235
147.746	0.7812750627138171
148.718	0.726424134397195
149.69	0.7291425118009991
150.663	0.6126229465657826
151.64600000000002	0.5965977491196996
152.636	0.6039741950295997
153.623	0.6029275454410625
154.613	0.7372163947338056
155.594	0.7321282549588765
156.584	0.7386799043148784
157.565	0.7138837718272957
158.546	0.6590770722977486
159.52700000000002	0.6356629756459568
160.517	0.6615073018261964
161.508	0.7883597700403798
162.489	0.7230005303173553
163.479	0.7691388865729885
164.46200000000002	0.7318329092057384
165.443	0.7069006600076938
166.433	0.7735111791753384
167.41400000000002	0.7662369039941379
168.395	0.7424393126499363
169.376	0.6402890441490647
170.366	0.7469255735600078
171.356	0.783988508878374
172.33700000000002	0.7205963607710076
173.317	0.6577601764796757
174.297	0.5946438160801787
175.287	0.7493635713876513
176.27700000000002	0.7665071795317617
177.27700000000002	0.8236927199258051
178.249	0.7608330497003728
179.22	0.6383348606781086
180.21	0.6461486162718857
181.192	0.6033489217592997
182.183	0.5928824061252346
183.166	0.4595556196483996
184.156	0.38990463112977947
185.14600000000002	0.5085118177452306
186.137	0.5460490146272806
187.118	0.37387536009379746
188.118	0.6891723093546787
189.09900000000002	0.4591974658999996
190.088	0.5094392719092986
191.078	0.5393910401748996
192.06	0.3387129448478604
193.05100000000002	0.44514743068339657
194.038	0.4280577893271616
195.02700000000002	0.4765347907431996
196.018	0.6220628714804705
197.005	0.5840547640812315
197.996	0.6807899033082786
198.985	0.7184063921621182
199.97400000000002	0.7860946955406818
200.953	0.6263501685315657
201.952	0.7654376316460119
202.933	0.6544311045287995
203.92000000000002	0.7068108547037955
204.904	0.5343943266886617
205.893	0.5451779484358916
206.883	0.5259737414138995
207.874	0.5159199354799996
208.86100000000002	0.2819511634763904
209.851	0.2732817612237804
210.841	0.2938676392443844
211.83100000000002	0.28425244644899944
212.821	0.29551516496268543
213.811	0.24644671798198536
214.80100000000002	0.24720001534036729
215.791	0.24765639153317032
216.782	0.2678709755599428
217.773	0.27830437650414536
218.764	0.30704142075375207
219.764	0.7327458312734426
220.749	0.7354048367663998
221.733	0.6094256430955997
222.723	0.5782658719369956
223.704	0.49727459380789957
224.695	0.5738411378381997
225.67600000000002	0.37238819560799946
226.66	0.34882940324729544
227.65	0.34764088818707045
228.64000000000001	0.35750203450746343
229.631	0.3764776058285985
230.622	0.4635919186084976
231.608	0.4168716459285996
232.603	0.5596791839063987
233.594	0.6372125368542637
234.577	0.39613884975809943
235.568	0.3959850287797995
236.55700000000002	0.38851289573589254
237.547	0.24141425579178738
238.538	0.22116868558498706
239.529	0.28016381935489443
240.52	0.2899125598592995
241.511	0.3201730779055925
242.502	0.32102268955409147
243.493	0.3123087078493995
244.484	0.32342795665599644
245.475	0.3243235428163915
246.466	0.33538137163579745
247.457	0.22671865916649542
248.448	0.2474471294311339
249.439	0.22837086858258737
250.43	0.2293931230743844
251.421	0.23049458517368637
252.412	0.23124607729619234
253.403	0.23252309300649138
254.394	0.23410117068819336
255.38500000000002	0.2353239715454944
256.37600000000003	0.2365108865147894
257.367	0.23821593081739936
258.358	0.23933743789369138
259.349	0.24061816662259042
260.34000000000003	0.24105153395759943
261.331	0.24235707925489539
262.322	0.2730571305231743
263.313	0.29377076933799945
264.30400000000003	0.32443218328769746
265.295	0.3154437879379975
266.286	0.31702197659090015
267.277	0.3179121182588995
268.26800000000003	0.3197549601599995
269.259	0.32034107466629946
270.25	0.33161642410789954
271.241	0.34261502790219944
272.232	0.3435593056090965
273.223	0.3541545541650995
274.214	0.36559138003789854
275.205	0.3764081727889995
276.196	0.41637018643369955
277.187	0.43752546623819355
278.178	0.3890858058693404
279.169	0.40984559753392813
280.16	0.4602801784485566
281.151	0.5387801105873957
282.142	0.5393558528491996
283.133	0.5304817032083555
284.124	0.5901942497916737
285.11400000000003	0.5508630448449856
286.105	0.6003337135899998
287.096	0.5607884385095996
288.086	0.6318769119295997
289.077	0.5427441602779995
290.06600000000003	0.5944304879683986
291.056	0.5168075734087997
292.046	0.3692119397391994
293.037	0.4482799950693996
294.027	0.4788073558881986
295.01800000000003	0.5289065165012882
296.008	0.5389693813189986
296.998	0.5101571461079987
297.98900000000003	0.6190130575879926
298.979	0.5999073743487997
299.97	0.5904853952590997
300.961	0.6606539918082995
301.952	0.6592222864594988
302.938	0.3655338350291995
303.92900000000003	0.5229205388467947
304.919	0.5732216860671947
305.91	0.6817179964690997
306.90000000000003	0.7907592160793349
307.891	0.7804330955586637
308.882	0.7215189458599996
309.873	0.7501668974547918
310.873	0.8596110995211839
311.854	0.8294120826754878
312.843	0.8211070520786998
313.826	0.7082715466438896
314.817	0.7182697193371768
315.807	0.7287084158393998
316.807	0.8566172747820561
317.798	0.8555674379346749
318.779	0.8612224114258958
319.76	0.7392108842423404
320.76	0.8582114621078237
321.741	0.8368001446888899
322.732	0.8649532526172986
323.712	0.7846264102369553
324.693	0.5448568135948516
325.683	0.5258345062469957
326.67400000000004	0.6245183275282388
327.665	0.7232235081736842
328.656	0.7334185113507351
329.64300000000003	0.6076281563390997
330.634	0.6174603976919066
331.62600000000003	0.6558709417591997
332.617	0.6957567671490997
333.608	0.7054699999939487
334.604	0.8377151942953958
335.586	0.8059623716937928
336.577	0.8745121072459827
337.567	0.8440627056241999
338.558	0.8836955999651778
339.539	0.7330440568809996
340.529	0.7047621844478738
341.529	0.9034600216156659
342.509	0.7619611306301332
343.5	0.8297329040808539
344.491	0.8979192886454984
345.482	0.8878036226413556
346.47	0.7907031308209919
347.454	0.6180353600976997
348.445	0.6480851590884997
349.43600000000004	0.7372802782198187
350.427	0.717397359367687
351.418	0.776542356089078
352.409	0.7966152781639537
353.40000000000003	0.7962486574300407
354.391	0.7857045143876152
355.38100000000003	0.6769798814143249
356.36400000000003	0.4555509643695996
357.355	0.47558031775999965
358.345	0.5737757615898996
359.334	0.4856817902574996
360.325	0.6036007511118696
361.315	0.5846024214016713
362.306	0.6241248438315956
363.296	0.49668596629680534
364.28700000000003	0.5861561325682194
365.278	0.5868226923932337
366.266	0.35218921646809953
367.257	0.3824107076569675
368.257	0.7011534861471997
369.24	0.4597852339294486
370.231	0.48901268009507964
371.218	0.3443127872834964
372.209	0.3546883866779954
373.2	0.43332012362909955
374.19100000000003	0.5315491200737515
375.182	0.6086356406054566
376.176	0.6651114751608488
377.16700000000003	0.6145513352489628
378.158	0.6638170633772937
379.145	0.6571482529897676
380.136	0.6274460441871996
381.127	0.6576652430745947
382.118	0.7150436331149166
383.10200000000003	0.5521964305285997
384.10200000000003	0.8303298400986929
385.08500000000004	0.6198177729987997
386.07	0.5156222440995996
387.06	0.45748899519839653
388.05	0.46854083431519056
389.04	0.46935918754969963
390.04	0.6891108392177956
391.021	0.5195923545800997
392.007	0.28539912777869747
392.998	0.3829918496371975
393.98900000000003	0.4801003082078166
394.98	0.5584709004392198
395.979	0.798017801957394
396.96000000000004	0.5496510342031847
397.95	0.5601589486201227
398.94	0.580182075302769
399.94	0.7307998488767738
400.921	0.6109655323058917
401.91200000000003	0.6704380485995024
402.907	0.7942690316295987
403.907	0.9043619130376507
404.889	0.8231052351802747
405.87	0.5350130944297997
406.86400000000003	0.7606167406954707
407.86400000000003	0.8807216484519718
408.855	0.910377183939882
409.846	0.9010251691290019
410.837	0.8812264199721227
411.82800000000003	0.8731685454874648
412.819	0.8560636878970957
413.81	0.7896201021378719
414.801	0.6528033466599997
415.79200000000003	0.4871420072292986
416.783	0.6154169196336606
417.774	0.6752624880085456
418.77	0.7524332945048919
419.76300000000003	0.6160514641884997
420.76300000000003	0.8021910089924873
421.762	0.8409906989684457
422.762	0.9389394085536884
423.762	0.9474230005734805
424.762	0.9460401085242495
425.762	0.9446475409800433
426.762	0.9432549734358373
427.762	0.9500729037277812
428.753	0.5756694199999997
429.749	0.6160597935385986
430.749	0.9327709501208032
431.749	0.9613488283778687
432.749	0.966836869838492
433.749	0.9622330104250214
434.749	0.957620285231551
435.74	0.9592382478684239
436.721	0.7644302158394406
437.721	0.9107249529331317
438.721	0.9359980608924012
439.721	0.9613317438034298
440.721	0.9566528797483785
441.712	0.968004245180012
442.693	0.7731870862436668
443.693	0.9193477479714298
444.684	0.8395516757490111
445.684	0.9429863155656981
446.675	0.9059482778198108
447.666	0.8704222383481269
448.666	0.9684079252224208
449.658	0.8284629734922987
450.65000000000003	0.7296965860599998
451.64	0.5452924587199997
452.64	0.8994024514775384
453.64	0.9446266494068536
454.63100000000003	0.7351749050955848
455.613	0.5042407986752135
456.604	0.5528748453728057
457.595	0.40721730676659346
458.587	0.4478548505492996
459.586	0.6627573664989999
460.586	0.878936691520284
461.58500000000004	0.9378281428522065
462.577	0.8177948507561698
463.569	0.7386639156111937
464.568	0.8434605978576997
465.558	0.6097612339382998
466.558	0.8940121752241619
467.551	0.8374329831579999
468.551	0.9451429609778473
469.543	0.8151284436892378
470.535	0.7064877733893998
471.526	0.6960749255543999
472.517	0.5399127828294997
473.50800000000004	0.6291379143100356
474.499	0.6967366205724593
475.48	0.34692648270323645
476.471	0.5719412194916632
477.45300000000003	0.41920536384199253
478.444	0.5739718762336473
479.43	0.4872413768850926
480.411	0.5007347031056035
481.402	0.6448389822862123
482.39300000000003	0.8173193140874825
483.367	0.5813073898951777
484.348	0.57665111731256
485.338	0.5749533629542777
486.329	0.7404748098588348
487.314	0.7125802199932558
488.30400000000003	0.8013053427846236
489.295	0.8022172011284
490.295	0.8746653674569087
491.276	0.848446901765891
492.265	0.7854574846714566
493.26300000000003	0.8339232388482567
494.25800000000004	0.7563324127898998
495.25800000000004	0.8935934864661559
496.257	0.7927576194999999
497.257	0.9111289180551542
498.257	0.9282968808804307
499.257	0.9449467033165879
500.249	0.9213096279999999
501.249	0.9707038085562789
502.249	0.9702763521125578
503.249	0.9799682876688368
504.249	0.9797346502251156
505.249	0.9895303127813946
506.249	0.9884131435557174
507.244	0.7708687999999998
508.244	0.9896778999999999
509.244	0.9895869999999999
510.244	0.9894961000000001
511.244	0.9894051999999999
512.244	0.9893143000000001
513.244	0.9892233999999999
514.244	0.9891325000000001
515.244	0.9890416000000001
516.244	0.99898
517.244	0.99898
518.244	0.99898
519.244	0.99898
520.244	0.99898
521.244	0.99898
522.244	0.99898
523.244	0.99898
524.244	0.99898
525.244	0.99898
526.244	0.99898
527.244	0.99898
528.244	0.99898
529.244	0.99898
530.244	0.99898
531.244	0.99898
532.244	0.99898
533.244	0.99898
534.244	0.99898
535.244	0.99898
536.244	0.99898
537.244	0.99898
538.244	0.99898
539.244	0.99898
540.244	0.99898
541.244	0.99898
542.244	0.99898
543.244	0.99898
544.244	0.99898
545.244	0.99898
546.244	0.99898
547.244	0.99898
548.244	0.99898
549.244	0.99898
550.244	0.99898
551.244	0.99898
552.244	0.99898
553.244	0.99898
554.244	0.99898
555.244	0.99898
556.244	0.99898
557.244	0.99898
558.244	0.99898
559.244	0.99898
560.244	0.99898
561.244	0.99898
562.244	0.99898
563.244	0.99898
564.244	0.99898
565.244	0.99898
566.244	0.99898
567.244	0.99898
568.244	0.99898
569.244	0.99898
570.244	0.99898
571.244	0.99898
572.244	0.99898
573.244	0.99898
574.244	0.99898
575.244	0.99898
576.244	0.99898
577.244	0.99898
578.244	0.99898
579.244	0.99898
580.244	0.99898
581.244	0.99898
582.244	0.99898
583.244	0.99898
584.244	0.99898
585.244	0.99898
586.244	0.99898
587.244	0.99898
588.244	0.99898
589.244	0.99898
590.244	0.99898
591.244	0.99898
592.244	0.99898
593.244	0.99898
594.244	0.99898
595.244	0.99898
596.244	0.99898
597.244	0.99898
598.244	0.99898
599.244	0.99898
600.244	0.99898
601.244	0.99898
602.244	0.99898
603.244	0.99898
604.244	0.99898
605.244	0.99898
606.244	0.99898
607.244	0.99898
608.244	0.99898
609.244	0.99898
610.244	0.99898
611.244	0.99898
612.244	0.99898
613.244	0.99898
614.244	0.99898
615.244	0.99898
616.244	0.99898
617.244	0.99898
618.244	0.99898
619.244	0.99898
620.244	0.99898
621.244	0.99898
622.244	0.99898
623.244	0.99898
624.244	0.99898
625.244	0.99898
626.244	0.99898
627.244	0.99898
628.244	0.99898
629.244	0.99898
630.244	0.99898
631.244	0.99898
632.244	0.99898
633.244	0.99898
634.244	0.99898
635.244	0.99898
636.244	0.99898
637.244	0.99898
638.244	0.99898
639.244	0.99898
640.244	0.99898
641.244	0.99898
642.244	0.99898
643.244	0.99898
644.244	0.99898
645.244	0.99898
646.244	0.99898
647.244	0.99898
648.244	0.99898
649.244	0.99898
650.244	0.99898
651.244	0.99898
652.244	0.99898
653.244	0.99898
654.244	0.99898
655.244	0.99898
656.244	0.99898
657.244	0.99898
658.244	0.99898
659.244	0.99898
660.244	0.99898
661.244	0.99898
662.244	0.99898
663.244	0.99898
664.244	0.99898
665.244	0.99898
666.244	0.99898
667.244	0.99898
668.244	0.99898
669.244	0.99898
670.244	0.99898
671.244	0.99898
672.244	0.99898
673.244	0.99898
674.244	0.99898
675.244	0.99898
676.244	0.99898
677.244	0.99898
678.244	0.99898
679.244	0.99898
680.244	0.99898
681.244	0.99898
682.244	0.99898
683.244	0.99898
684.244	0.99898
685.244	0.99898
686.244	0.99898
687.244	0.99898
688.244	0.99898
689.244	0.99898
690.244	0.99898
691.244	0.99898
692.244	0.99898
693.244	0.99898
694.244	0.99898
695.244	0.99898
696.244	0.99898
697.244	0.99898
698.244	0.99898
699.244	0.99898
700.244	0.99898
701.244	0.99898
702.244	0.99898
703.244	0.99898
704.244	0.99898
705.244	0.99898
706.244	0.99898
707.244	0.99898
708.244	0.99898
709.244	0.99898
710.244	0.99898
711.244	0.99898
712.244	0.99898
713.244	0.99898
714.244	0.99898
715.244	0.99898
716.244	0.99898
717.244	0.99898
718.244	0.99898
719.244	0.99898
720.244	0.99898
721.244	0.99898
722.244	0.99898
723.244	0.99898
724.244	0.99898
725.244	0.99898
726.244	0.99898
727.244	0.99898
728.244	0.99898
729.244	0.99898
730.244	0.99898
731.244	0.99898
732.244	0.99898
733.244	0.99898
734.244	0.99898
735.244	0.99898
736.244	0.99898
737.244	0.99898
738.244	0.99898
739.244	0.99898
740.244	0.99898
741.244	0.99898
742.244	0.99898
743.244	0.99898
744.244	0.99898
745.244	0.99898
746.244	0.99898
747.244	0.99898
748.244	0.99898
749.244	0.99898
750.244	0.99898
751.244	0.99898
752.244	0.99898
753.244	0.99898
754.244	0.99898
755.244	0.99898
756.244	0.99898
757.244	0.99898
758.244	0.99898
759.244	0.99898
760.244	0.99898
761.244	0.99898
762.244	0.99898
763.244	0.99898
764.244	0.99898
765.244	0.99898
766.244	0.99898
767.244	0.99898
768.244	0.99898
769.244	0.99898
770.244	0.99898
771.244	0.99898
772.244	0.99898
773.244	0.99898
774.244	0.99898
775.244	0.99898
776.244	0.99898
777.244	0.99898
778.244	0.99898
779.244	0.99898
780.244	0.99898
781.244	0.99898
782.244	0.99898
783.244	0.99898
784.244	0.99898
785.244	0.99898
786.244	0.99898
787.244	0.99898
788.244	0.99898
789.244	0.99898
790.244	0.99898
791.244	0.99898
792.244	0.99898
793.244	0.99898
794.244	0.99898
795.244	0.99898
796.244	0.99898
797.244	0.99898
798.244	0.99898
799.244	0.99898
800.244	0.99898
801.244	0.99898
802.244	0.99898
803.244	0.99898
804.244	0.99898
805.244	0.99898
806.244	0.99898
807.244	0.99898
808.244	0.99898
809.244	0.99898
810.244	0.99898
811.244	0.99898
812.244	0.99898
813.244	0.99898
814.244	0.99898
815.244	0.99898
816.244	0.99898
817.244	0.99898
818.244	0.99898
819.244	0.99898
820.244	0.99898
821.244	0.99898
822.244	0.99898
823.244	0.99898
824.244	0.99898
825.244	0.99898
826.244	0.99898
827.244	0.99898
828.244	0.99898
829.244	0.99898
830.244	0.99898
831.244	0.99898
832.244	0.99898
833.244	0.99898
834.244	0.99898
835.244	0.99898
836.244	0.99898
837.244	0.99898
838.244	0.99898
839.244	0.99898
840.244	0.99898
841.244	0.99898
842.244	0.99898
843.244	0.99898
844.244	0.99898
845.244	0.99898
846.244	0.99898
847.244	0.99898
848.244	0.99898
849.244	0.99898
850.244	0.99898
851.244	0.99898
852.244	0.99898
853.244	0.99898
854.244	0.99898
855.244	0.99898
856.244	0.99898
857.244	0.99898
858.244	0.99898
859.244	0.99898
860.244	0.99898
861.244	0.99898
862.244	0.99898
863.244	0.99898
864.244	0.99898
865.244	0.99898
866.244	0.99898
867.244	0.99898
868.244	0.99898
869.244	0.99898
870.244	0.99898
871.244	0.99898
872.244	0.99898
873.244	0.99898
874.244	0.99898
875.244	0.99898
876.244	0.99898
877.244	0.99898
878.244	0.99898
879.244	0.99898
880.244	0.99898
881.244	0.99898
882.244	0.99898
883.244	0.99898
884.244	0.99898
885.244	0.99898
886.244	0.99898
887.244	0.99898
888.244	0.99898
889.244	0.99898
890.244	0.99898
891.244	0.99898
892.244	0.99898
893.244	0.99898
894.244	0.99898
895.244	0.99898
896.244	0.99898
897.244	0.99898
898.244	0.99898
899.244	0.99898
900.244	0.99898
901.244	0.99898
902.244	0.99898
903.244	0.99898
904.244	0.99898
905.244	0.99898
906.244	0.99898
907.244	0.99898
908.244	0.99898
909.244	0.99898
910.244	0.99898
911.244	0.99898
912.244	0.99898
913.244	0.99898
914.244	0.99898
915.244	0.99898
916.244	0.99898
917.244	0.99898
918.244	0.99898
919.244	0.99898
920.244	0.99898
921.244	0.99898
922.244	0.99898
923.244	0.99898
924.244	0.99898
925.244	0.99898
926.244	0.99898
927.244	0.99898
928.244	0.99898
929.244	0.99898
930.244	0.99898
931.244	0.99898
932.244	0.99898
933.244	0.99898
934.244	0.99898
935.244	0.99898
936.244	0.99898
937.244	0.99898
938.244	0.99898
939.244	0.99898
940.244	0.99898
941.244	0.99898
942.244	0.99898
943.244	0.99898
944.244	0.99898
945.244	0.99898
946.244	0.99898
947.244	0.99898
948.244	0.99898
949.244	0.99898
950.244	0.99898
951.244	0.99898
952.244	0.99898
953.244	0.99898
954.244	0.99898
955.244	0.99898
956.244	0.99898
957.244	0.99898
958.244	0.99898
959.244	0.99898
960.244	0.99898
961.244	0.99898
962.244	0.99898
963.244	0.99898
964.244	0.99898
965.244	0.99898
966.244	0.99898
967.244	0.99898
968.244	0.99898
969.244	0.99898
970.244	0.99898
971.244	0.99898
972.244	0.99898
973.244	0.99898
974.244	0.99898
975.244	0.99898
976.244	0.99898
977.244	0.99898
978.244	0.99898
979.244	0.99898
980.244	0.99898
981.244	0.99898
982.244	0.99898
983.244	0.99898
984.244	0.99898
985.244	0.99898
986.244	0.99898
987.244	0.99898
988.244	0.99898
989.244	0.99898
990.244	0.99898
991.244	0.99898
992.244	0.99898
993.244	0.99898
994.244	0.99898
995.244	0.99898
996.244	0.99898
997.244	0.99898
998.244	0.99898
999.244	0.99898
1000.244	0.99898
1001.244	0.99898
1002.244	0.99898
1003.244	0.99898
1004.244	0.99898
1005.244	0.99898
1006.244	0.99898
1007.244	0.99898
1008.244	0.99898
1009.244	0.99898
1010.244	0.99898
1011.244	0.99898
1012.244	0.99898
1013.244	0.99898
1014.244	0.99898
1015.244	0.99898
1016.244	0.99898
1017.244	0.99898
1018.244	0.99898
1019.244	0.99898
1020.244	0.99898
1021.244	0.99898
1022.244	0.99898
1023.244	0.99898
1024.244	0.99898
1025.244	0.99898
1026.244	0.99898
1027.244	0.99898
1028.244	0.99898
1029.244	0.99898
1030.244	0.99898
1031.244	0.99898
1032.244	0.99898
1033.244	0.99898
1034.244	0.99898
1035.244	0.99898
1036.244	0.99898
1037.244	0.99898
1038.244	0.99898
1039.244	0.99898
1040.244	0.99898
1041.244	0.99898
1042.244	0.99898
1043.244	0.99898
1044.244	0.99898
1045.244	0.99898
1046.244	0.99898
1047.244	0.99898
1048.244	0.99898
1049.244	0.99898
1050.244	0.99898
1051.244	0.99898
1052.244	0.99898
1053.244	0.99898
1054.244	0.99898
1055.244	0.99898
1056.244	0.99898
1057.244	0.99898
1058.244	0.99898
1059.244	0.99898
1060.244	0.99898
1061.244	0.99898
1062.244	0.99898
1063.244	0.99898
1064.244	0.99898
1065.244	0.99898
1066.244	0.99898
1067.244	0.99898
1068.244	0.99898
1069.244	0.99898
1070.244	0.99898
1071.244	0.99898
1072.244	0.99898
1073.244	0.99898
1074.244	0.99898
1075.244	0.99898
1076.244	0.99898
1077.244	0.99898
1078.244	0.99898
1079.244	0.99898
1080.244	0.99898
1081.244	0.99898
1082.244	0.99898
1083.244	0.99898
1084.244	0.99898
1085.244	0.99898
1086.244	0.99898
1087.244	0.99898
1088.244	0.99898
1089.244	0.99898
1090.244	0.99898
1091.244	0.99898
1092.244	0.99898
1093.244	0.99898
1094.244	0.99898
1095.244	0.99898
1096.244	0.99898
1097.244	0.99898
1098.244	0.99898
1099.244	0.99898
1100.244	0.99898
1101.244	0.99898
1102.244	0.99898
1103.244	0.99898
1104.244	0.99898
1105.244	0.99898
1106.244	0.99898
1107.244	0.99898
1108.244	0.99898
1109.244	0.99898
1110.244	0.99898
1111.244	0.99898
1112.244	0.99898
1113.244	0.99898
1114.244	0.99898
1115.244	0.99898
1116.244	0.99898
1117.244	0.99898
1118.244	0.99898
1119.244	0.99898
1120.244	0.99898
1121.244	0.99898
1122.244	0.99898
1123.244	0.99898
1124.244	0.99898
1125.244	0.99898
1126.244	0.99898
1127.244	0.99898
1128.244	0.99898
1129.244	0.99898
1130.244	0.99898
1131.244	0.99898
1132.244	0.99898
1133.244	0.99898
1134.244	0.99898
1135.244	0.99898
1136.244	0.99898
1137.244	0.99898
1138.244	0.99898
1139.244	0.99898
1140.244	0.99898
1141.244	0.99898
1142.244	0.99898
1143.244	0.99898
1144.244	0.99898
1145.244	0.99898
1146.244	0.99898
1147.244	0.99898
1148.244	0.99898
1149.244	0.99898
1150.244	0.99898
1151.244	0.99898
1152.244	0.99898
1153.244	0.99898
1154.244	0.99898
1155.244	0.99898
1156.244	0.99898
1157.244	0.99898
1158.244	0.99898
1159.244	0.99898
1160.244	0.99898
1161.244	0.99898
1162.244	0.99898
1163.244	0.99898
1164.244	0.99898
1165.244	0.99898
1166.244	0.99898
1167.244	0.99898
1168.244	0.99898
1169.244	0.99898
1170.244	0.99898
1171.244	0.99898
1172.244	0.99898
1173.244	0.99898
1174.244	0.99898
1175.244	0.99898
1176.244	0.99898
1177.244	0.99898
1178.244	0.99898
1179.244	0.99898
1180.244	0.99898
1181.244	0.99898
1182.244	0.99898
1183.244	0.99898
1184.244	0.99898
1185.244	0.99898
1186.244	0.99898
1187.244	0.99898
1188.244	0.99898
1189.244	0.99898
1190.244	0.99898
1191.244	0.99898
1192.244	0.99898
1193.244	0.99898
1194.244	0.99898
1195.244	0.99898
1196.244	0.99898
1197.244	0.99898
1198.244	0.99898
1199.244	0.99898
1200.244	0.99898
1201.244	0.99898
1202.244	0.99898
1203.244	0.99898
1204.244	0.99898
1205.244	0.99898
1206.244	0.99898
1207.244	0.99898
1208.244	0.99898
1209.244	0.99898
1210.244	0.99898
1211.244	0.99898
1212.244	0.99898
1213.244	0.99898
1214.244	0.99898
1215.244	0.99898
1216.244	0.99898
1217.244	0.99898
1218.244	0.99898
1219.244	0.99898
1220.244	0.99898
1221.244	0.99898
1222.244	0.99898
1223.244	0.99898
1224.244	0.99898
1225.244	0.99898
1226.244	0.99898
1227.244	0.99898
1228.244	0.99898
1229.244	0.99898
1230.244	0.99898
1231.244	0.99898
1232.244	0.99898
1233.244	0.99898
1234.244	0.99898
1235.244	0.99898
1236.244	0.99898
1237.244	0.99898
1238.244	0.99898
1239.244	0.99898
1240.244	0.99898
1241.244	0.99898
1242.244	0.99898
1243.244	0.99898
1244.244	0.99898
1245.244	0.99898
1246.244	0.99898
1247.244	0.99898
1248.244	0.99898
1249.244	0.99898
1250.244	0.99898
1251.244	0.99898
1252.244	0.99898
1253.244	0.99898
1254.244	0.99898
1255.244	0.99898
1256.244	0.99898
1257.244	0.99898
1258.244	0.99898
1259.244	0.99898
1260.244	0.99898
1261.244	0.99898
1262.244	0.99898
1263.244	0.99898
1264.244	0.99898
1265.244	0.99898
1266.244	0.99898
1267.244	0.99898
1268.244	0.99898
1269.244	0.99898
1270.244	0.99898
1271.244	0.99898
1272.244	0.99898
1273.244	0.99898
1274.244	0.99898
1275.244	0.99898
1276.244	0.99898
1277.244	0.99898
1278.244	0.99898
1279.244	0.99898
1280.244	0.99898
1281.244	0.99898
1282.244	0.99898
1283.244	0.99898
1284.244	0.99898
1285.244	0.99898
1286.244	0.99898
1287.244	0.99898
1288.244	0.99898
1289.244	0.99898
1290.244	0.99898
1291.244	0.99898
1292.244	0.99898
1293.244	0.99898
1294.244	0.99898
1295.244	0.99898
1296.244	0.99898
1297.244	0.99898
1298.244	0.99898
1299.244	0.99898
1300.244	0.99898
1301.244	0.99898
1302.244	0.99898
1303.244	0.99898
1304.244	0.99898
1305.244	0.99898
1306.244	0.99898
1307.244	0.99898
1308.244	0.99898
1309.244	0.99898
1310.244	0.99898
1311.244	0.99898
1312.244	0.99898
1313.244	0.99898
1314.244	0.99898
1315.244	0.99898
1316.244	0.99898
1317.244	0.99898
1318.244	0.99898
1319.244	0.99898
1320.244	0.99898
1321.244	0.99898
1322.244	0.99898
1323.244	0.99898
1324.244	0.99898
1325.244	0.99898
1326.244	0.99898
1327.244	0.99898
1328.244	0.99898
1329.244	0.99898
1330.244	0.99898
1331.244	0.99898
1332.244	0.99898
1333.244	0.99898
1334.244	0.99898
1335.244	0.99898
1336.244	0.99898
1337.244	0.99898
1338.244	0.99898
1339.244	0.99898
1340.244	0.99898
1341.244	0.99898
1342.244	0.99898
1343.244	0.99898
1344.244	0.99898
1345.244	0.99898
1346.244	0.99898
1347.244	0.99898
1348.244	0.99898
1349.244	0.99898
1350.244	0.99898
1351.244	0.99898
1352.244	0.99898
1353.244	0.99898
1354.244	0.99898
1355.2440000000001	0.99898
1356.2440000000001	0.99898
1357.2440000000001	0.99898
1358.2440000000001	0.99898
1359.2440000000001	0.99898
1360.2440000000001	0.99898
1361.2440000000001	0.99898
1362.2440000000001	0.99898
1363.2440000000001	0.99898
1364.2440000000001	0.99898
1365.2440000000001	0.99898
1366.2440000000001	0.99898
1367.2440000000001	0.99898
1368.2440000000001	0.99898
1369.2440000000001	0.99898
1370.2440000000001	0.99898
1371.2440000000001	0.99898
1372.2440000000001	0.99898
1373.2440000000001	0.99898
1374.2440000000001	0.99898
1375.2440000000001	0.99898
1376.2440000000001	0.99898
1377.2440000000001	0.99898
1378.2440000000001	0.99898
1379.2440000000001	0.99898
1380.2440000000001	0.99898
1381.2440000000001	0.99898
1382.2440000000001	0.99898
1383.2440000000001	0.99898
1384.2440000000001	0.99898
1385.2440000000001	0.99898
1386.2440000000001	0.99898
1387.2440000000001	0.99898
1388.2440000000001	0.99898
1389.2440000000001	0.99898
1390.2440000000001	0.99898
1391.2440000000001	0.99898
1392.2440000000001	0.99898
1393.2440000000001	0.99898
1394.2440000000001	0.99898
1395.2440000000001	0.99898
1396.2440000000001	0.99898
1397.2440000000001	0.99898
1398.2440000000001	0.99898
1399.2440000000001	0.99898
1400.2440000000001	0.99898
1401.2440000000001	0.99898
1402.2440000000001	0.99898
1403.2440000000001	0.99898
1404.2440000000001	0.99898
1405.2440000000001	0.99898
1406.2440000000001	0.99898
1407.2440000000001	0.99898
1408.2440000000001	0.99898
1409.2440000000001	0.99898
1410.2440000000001	0.99898
1411.2440000000001	0.99898
1412.2440000000001	0.99898
1413.2440000000001	0.99898
1414.2440000000001	0.99898
1415.2440000000001	0.99898
1416.2440000000001	0.99898
1417.2440000000001	0.99898
1418.2440000000001	0.99898
1419.2440000000001	0.99898
1420.2440000000001	0.99898
1421.2440000000001	0.99898
1422.2440000000001	0.99898
1423.2440000000001	0.99898
1424.2440000000001	0.99898
1425.2440000000001	0.99898
1426.2440000000001	0.99898
1427.2440000000001	0.99898
1428.2440000000001	0.99898
1429.2440000000001	0.99898
1430.2440000000001	0.99898
1431.2440000000001	0.99898
1432.2440000000001	0.99898
1433.2440000000001	0.99898
1434.2440000000001	0.99898
1435.2440000000001	0.99898
1436.2440000000001	0.99898
1437.2440000000001	0.99898
1438.2440000000001	0.99898
1439.2440000000001	0.99898
1440.2440000000001	0.99898
1441.2440000000001	0.99898
1442.2440000000001	0.99898
1443.2440000000001	0.99898
1444.2440000000001	0.99898
1445.2440000000001	0.99898
1446.2440000000001	0.99898
1447.2440000000001	0.99898
1448.2440000000001	0.99898
1449.2440000000001	0.99898
1450.2440000000001	0.99898
1451.2440000000001	0.99898
1452.2440000000001	0.99898
1453.2440000000001	0.99898
1454.2440000000001	0.99898
1455.2440000000001	0.99898
1456.2440000000001	0.99898
1457.2440000000001	0.99898
1458.2440000000001	0.99898
1459.2440000000001	0.99898
1460.2440000000001	0.99898
1461.2440000000001	0.99898
1462.2440000000001	0.99898
1463.2440000000001	0.99898
1464.2440000000001	0.99898
1465.2440000000001	0.99898
1466.2440000000001	0.99898
1467.2440000000001	0.99898
1468.2440000000001	0.99898
1469.2440000000001	0.99898
1470.2440000000001	0.99898
1471.2440000000001	0.99898
1472.2440000000001	0.99898
1473.2440000000001	0.99898
1474.2440000000001	0.99898
1475.2440000000001	0.99898
1476.2440000000001	0.99898
1477.2440000000001	0.99898
1478.2440000000001	0.99898
1479.2440000000001	0.99898
1480.2440000000001	0.99898
1481.2440000000001	0.99898
1482.2440000000001	0.99898
1483.2440000000001	0.99898
1484.2440000000001	0.99898
1485.2440000000001	0.99898
1486.2440000000001	0.99898
1487.2440000000001	0.99898
1488.2440000000001	0.99898
1489.2440000000001	0.99898
1490.2440000000001	0.99898
1491.2440000000001	0.99898
1492.2440000000001	0.99898
1493.2440000000001	0.99898
1494.2440000000001	0.99898
1495.2440000000001	0.99898
1496.2440000000001	0.99898
1497.2440000000001	0.99898
1498.2440000000001	0.99898
1499.2440000000001	0.99898
1500.2440000000001	0.99898
1501.2440000000001	0.99898
1502.2440000000001	0.99898
1503.2440000000001	0.99898
1504.2440000000001	0.99898
1505.2440000000001	0.99898
1506.2440000000001	0.99898
1507.2440000000001	0.99898
1508.2440000000001	0.99898
1509.2440000000001	0.99898
1510.2440000000001	0.99898
1511.2440000000001	0.99898
1512.2440000000001	0.99898
1513.2440000000001	0.99898
1514.2440000000001	0.99898
1515.2440000000001	0.99898
1516.2440000000001	0.99898
1517.2440000000001	0.99898
1518.2440000000001	0.99898
1519.2440000000001	0.99898
1520.2440000000001	0.99898
1521.2440000000001	0.99898
1522.2440000000001	0.99898
1523.2440000000001	0.99898
1524.2440000000001	0.99898
1525.2440000000001	0.99898
1526.2440000000001	0.99898
1527.2440000000001	0.99898
1528.2440000000001	0.99898
1529.2440000000001	0.99898
1530.2440000000001	0.99898
1531.2440000000001	0.99898
1532.2440000000001	0.99898
1533.2440000000001	0.99898
1534.2440000000001	0.99898
1535.2440000000001	0.99898
1536.2440000000001	0.99898
1537.2440000000001	0.99898
1538.2440000000001	0.99898
1539.2440000000001	0.99898
1540.2440000000001	0.99898
1541.2440000000001	0.99898
1542.2440000000001	0.99898
1543.2440000000001	0.99898
1544.2440000000001	0.99898
1545.2440000000001	0.99898
1546.2440000000001	0.99898
1547.2440000000001	0.99898
1548.2440000000001	0.99898
1549.2440000000001	0.99898
1550.2440000000001	0.99898
1551.2440000000001	0.99898
1552.2440000000001	0.99898
1553.2440000000001	0.99898
1554.2440000000001	0.99898
1555.2440000000001	0.99898
1556.2440000000001	0.99898
1557.2440000000001	0.99898
1558.2440000000001	0.99898
1559.2440000000001	0.99898
1560.2440000000001	0.99898
1561.2440000000001	0.99898
1562.2440000000001	0.99898
1563.2440000000001	0.99898
1564.2440000000001	0.99898
1565.2440000000001	0.99898
1566.2440000000001	0.99898
1567.2440000000001	0.99898
1568.2440000000001	0.99898
1569.2440000000001	0.99898
1570.2440000000001	0.99898
1571.2440000000001	0.99898
1572.2440000000001	0.99898
1573.2440000000001	0.99898
1574.2440000000001	0.99898
1575.2440000000001	0.99898
1576.2440000000001	0.99898
1577.2440000000001	0.99898
1578.2440000000001	0.99898
1579.2440000000001	0.99898
1580.2440000000001	0.99898
1581.2440000000001	0.99898
1582.2440000000001	0.99898
1583.2440000000001	0.99898
1584.2440000000001	0.99898
1585.2440000000001	0.99898
1586.2440000000001	0.99898
1587.2440000000001	0.99898
1588.2440000000001	0.99898
1589.2440000000001	0.99898
1590.2440000000001	0.99898
1591.2440000000001	0.99898
1592.2440000000001	0.99898
1593.2440000000001	0.99898
1594.2440000000001	0.99898
1595.2440000000001	0.99898
1596.2440000000001	0.99898
1597.2440000000001	0.99898
1598.2440000000001	0.99898
1599.2440000000001	0.99898
1600.2440000000001	0.99898
1601.2440000000001	0.99898
1602.2440000000001	0.99898
1603.2440000000001	0.99898
1604.2440000000001	0.99898
1605.2440000000001	0.99898
1606.2440000000001	0.99898
1607.2440000000001	0.99898
1608.2440000000001	0.99898
1609.2440000000001	0.99898
1610.2440000000001	0.99898
1611.2440000000001	0.99898
1612.2440000000001	0.99898
1613.2440000000001	0.99898
1614.2440000000001	0.99898
1615.2440000000001	0.99898
1616.2440000000001	0.99898
1617.2440000000001	0.99898
1618.2440000000001	0.99898
1619.2440000000001	0.99898
1620.2440000000001	0.99898
1621.2440000000001	0.99898
1622.2440000000001	0.99898
1623.2440000000001	0.99898
1624.2440000000001	0.99898
1625.2440000000001	0.99898
1626.2440000000001	0.99898
1627.2440000000001	0.99898
1628.2440000000001	0.99898
1629.2440000000001	0.99898
1630.2440000000001	0.99898
1631.2440000000001	0.99898
1632.2440000000001	0.99898
1633.2440000000001	0.99898
1634.2440000000001	0.99898
1635.2440000000001	0.99898
1636.2440000000001	0.99898
1637.2440000000001	0.99898
1638.2440000000001	0.99898
1639.2440000000001	0.99898
1640.2440000000001	0.99898
1641.2440000000001	0.99898
1642.2440000000001	0.99898
1643.2440000000001	0.99898
1644.2440000000001	0.99898
1645.2440000000001	0.99898
1646.2440000000001	0.99898
1647.2440000000001	0.99898
1648.2440000000001	0.99898
1649.2440000000001	0.99898
1650.2440000000001	0.99898
1651.2440000000001	0.99898
1652.2440000000001	0.99898
1653.2440000000001	0.99898
1654.2440000000001	0.99898
1655.2440000000001	0.99898
1656.2440000000001	0.99898
1657.2440000000001	0.99898
1658.2440000000001	0.99898
1659.2440000000001	0.99898
1660.2440000000001	0.99898
1661.2440000000001	0.99898
1662.2440000000001	0.99898
1663.2440000000001	0.99898
1664.2440000000001	0.99898
1665.2440000000001	0.99898
1666.2440000000001	0.99898
1667.2440000000001	0.99898
1668.2440000000001	0.99898
1669.2440000000001	0.99898
1670.2440000000001	0.99898
1671.2440000000001	0.99898
1672.2440000000001	0.99898
1673.2440000000001	0.99898
1674.2440000000001	0.99898
1675.2440000000001	0.99898
1676.2440000000001	0.99898
1677.2440000000001	0.99898
1678.2440000000001	0.99898
1679.2440000000001	0.99898
1680.2440000000001	0.99898
1681.2440000000001	0.99898
1682.2440000000001	0.99898
1683.2440000000001	0.99898
1684.2440000000001	0.99898
1685.2440000000001	0.99898
1686.2440000000001	0.99898
1687.2440000000001	0.99898
1688.2440000000001	0.99898
1689.2440000000001	0.99898
1690.2440000000001	0.99898
1691.2440000000001	0.99898
1692.2440000000001	0.99898
1693.2440000000001	0.99898
1694.2440000000001	0.99898
1695.2440000000001	0.99898
1696.2440000000001	0.99898
1697.2440000000001	0.99898
1698.2440000000001	0.99898
1699.2440000000001	0.99898
1700.2440000000001	0.99898
1701.2440000000001	0.99898
1702.2440000000001	0.99898
1703.2440000000001	0.99898
1704.2440000000001	0.99898
1705.2440000000001	0.99898
1706.2440000000001	0.99898
1707.2440000000001	0.99898
1708.2440000000001	0.99898
1709.2440000000001	0.99898
1710.2440000000001	0.99898
1711.2440000000001	0.99898
1712.2440000000001	0.99898
1713.2440000000001	0.99898
1714.2440000000001	0.99898
1715.2440000000001	0.99898
1716.2440000000001	0.99898
1717.2440000000001	0.99898
1718.2440000000001	0.99898
1719.2440000000001	0.99898
1720.2440000000001	0.99898
1721.2440000000001	0.99898
1722.2440000000001	0.99898
1723.2440000000001	0.99898
1724.2440000000001	0.99898
1725.2440000000001	0.99898
1726.2440000000001	0.99898
1727.2440000000001	0.99898
1728.2440000000001	0.99898
1729.2440000000001	0.99898
1730.2440000000001	0.99898
1731.2440000000001	0.99898
1732.2440000000001	0.99898
1733.2440000000001	0.99898
1734.2440000000001	0.99898
1735.2440000000001	0.99898
1736.2440000000001	0.99898
1737.2440000000001	0.99898
1738.2440000000001	0.99898
1739.2440000000001	0.99898
1740.2440000000001	0.99898
1741.2440000000001	0.99898
1742.2440000000001	0.99898
1743.2440000000001	0.99898
1744.2440000000001	0.99898
1745.2440000000001	0.99898
1746.2440000000001	0.99898
1747.2440000000001	0.99898
1748.2440000000001	0.99898
1749.2440000000001	0.99898
1750.2440000000001	0.99898
1751.2440000000001	0.99898
1752.2440000000001	0.99898
1753.2440000000001	0.99898
1754.2440000000001	0.99898
1755.2440000000001	0.99898
1756.2440000000001	0.99898
1757.2440000000001	0.99898
1758.2440000000001	0.99898
1759.2440000000001	0.99898
1760.2440000000001	0.99898
1761.2440000000001	0.99898
1762.2440000000001	0.99898
1763.2440000000001	0.99898
1764.2440000000001	0.99898
1765.2440000000001	0.99898
1766.2440000000001	0.99898
1767.2440000000001	0.99898
1768.2440000000001	0.99898
1769.2440000000001	0.99898
1770.2440000000001	0.99898
1771.2440000000001	0.99898
1772.2440000000001	0.99898
1773.2440000000001	0.99898
1774.2440000000001	0.99898
1775.2440000000001	0.99898
1776.2440000000001	0.99898
1777.2440000000001	0.99898
1778.2440000000001	0.99898
1779.2440000000001	0.99898
1780.2440000000001	0.99898
1781.2440000000001	0.99898
1782.2440000000001	0.99898
1783.2440000000001	0.99898
1784.2440000000001	0.99898
1785.2440000000001	0.99898
1786.2440000000001	0.99898
1787.2440000000001	0.99898
1788.2440000000001	0.99898
1789.2440000000001	0.99898
1790.2440000000001	0.99898
1791.2440000000001	0.99898
1792.2440000000001	0.99898
1793.2440000000001	0.99898
1794.2440000000001	0.99898
1795.2440000000001	0.99898
1796.2440000000001	0.99898
1797.2440000000001	0.99898
1798.2440000000001	0.99898
1799.2440000000001	0.99898
1800.2440000000001	0.99898
1801.2440000000001	0.99898
1802.2440000000001	0.99898
1803.2440000000001	0.99898
1804.2440000000001	0.99898
1805.2440000000001	0.99898
1806.2440000000001	0.99898
1807.2440000000001	0.99898
1808.2440000000001	0.99898
1809.2440000000001	0.99898
1810.2440000000001	0.99898
1811.2440000000001	0.99898
1812.2440000000001	0.99898
1813.2440000000001	0.99898
1814.2440000000001	0.99898
1815.2440000000001	0.99898
1816.2440000000001	0.99898
1817.2440000000001	0.99898
1818.2440000000001	0.99898
1819.2440000000001	0.99898
1820.2440000000001	0.99898
1821.2440000000001	0.99898
1822.2440000000001	0.99898
1823.2440000000001	0.99898
1824.2440000000001	0.99898
1825.2440000000001	0.99898
1826.2440000000001	0.99898
1827.2440000000001	0.99898
1828.2440000000001	0.99898
1829.2440000000001	0.99898
1830.2440000000001	0.99898
1831.2440000000001	0.99898
1832.2440000000001	0.99898
1833.2440000000001	0.99898
1834.2440000000001	0.99898
1835.2440000000001	0.99898
1836.2440000000001	0.99898
1837.2440000000001	0.99898
1838.2440000000001	0.99898
1839.2440000000001	0.99898
1840.2440000000001	0.99898
1841.2440000000001	0.99898
1842.2440000000001	0.99898
1843.2440000000001	0.99898
1844.2440000000001	0.99898
1845.2440000000001	0.99898
1846.2440000000001	0.99898
1847.2440000000001	0.99898
1848.2440000000001	0.99898
1849.2440000000001	0.99898
1850.2440000000001	0.99898
1851.2440000000001	0.99898
1852.2440000000001	0.99898
1853.2440000000001	0.99898
1854.2440000000001	0.99898
1855.2440000000001	0.99898
1856.2440000000001	0.99898
1857.2440000000001	0.99898
1858.2440000000001	0.99898
1859.2440000000001	0.99898
1860.2440000000001	0.99898
1861.2440000000001	0.99898
1862.2440000000001	0.99898
1863.2440000000001	0.99898
1864.2440000000001	0.99898
1865.2440000000001	0.99898
1866.2440000000001	0.99898
1867.2440000000001	0.99898
1868.2440000000001	0.99898
1869.2440000000001	0.99898
1870.2440000000001	0.99898
1871.2440000000001	0.99898
1872.2440000000001	0.99898
1873.2440000000001	0.99898
1874.2440000000001	0.99898
1875.2440000000001	0.99898
1876.2440000000001	0.99898
1877.2440000000001	0.99898
1878.2440000000001	0.99898
1879.2440000000001	0.99898
1880.2440000000001	0.99898
1881.2440000000001	0.99898
1882.2440000000001	0.99898
1883.2440000000001	0.99898
1884.2440000000001	0.99898
1885.2440000000001	0.99898
1886.2440000000001	0.99898
1887.2440000000001	0.99898
1888.2440000000001	0.99898
1889.2440000000001	0.99898
1890.2440000000001	0.99898
1891.2440000000001	0.99898
1892.2440000000001	0.99898
1893.2440000000001	0.99898
1894.2440000000001	0.99898
1895.2440000000001	0.99898
1896.2440000000001	0.99898
1897.2440000000001	0.99898
1898.2440000000001	0.99898
1899.2440000000001	0.99898
1900.2440000000001	0.99898
1901.2440000000001	0.99898
1902.2440000000001	0.99898
1903.2440000000001	0.99898
1904.2440000000001	0.99898
1905.2440000000001	0.99898
1906.2440000000001	0.99898
1907.2440000000001	0.99898
1908.2440000000001	0.99898
1909.2440000000001	0.99898
1910.2440000000001	0.99898
1911.2440000000001	0.99898
1912.2440000000001	0.99898
1913.2440000000001	0.99898
1914.2440000000001	0.99898
1915.2440000000001	0.99898
1916.2440000000001	0.99898
1917.2440000000001	0.99898
1918.2440000000001	0.99898
1919.2440000000001	0.99898
1920.2440000000001	0.99898
1921.2440000000001	0.99898
1922.2440000000001	0.99898
1923.2440000000001	0.99898
1924.2440000000001	0.99898
1925.2440000000001	0.99898
1926.2440000000001	0.99898
1927.2440000000001	0.99898
1928.2440000000001	0.99898
1929.2440000000001	0.99898
1930.2440000000001	0.99898
1931.2440000000001	0.99898
1932.2440000000001	0.99898
1933.2440000000001	0.99898
1934.2440000000001	0.99898
1935.2440000000001	0.99898
1936.2440000000001	0.99898
1937.2440000000001	0.99898
1938.2440000000001	0.99898
1939.2440000000001	0.99898
1940.2440000000001	0.99898
1941.2440000000001	0.99898
1942.2440000000001	0.99898
1943.2440000000001	0.99898
1944.2440000000001	0.99898
1945.2440000000001	0.99898
1946.2440000000001	0.99898
1947.2440000000001	0.99898
1948.2440000000001	0.99898
1949.2440000000001	0.99898
1950.2440000000001	0.99898
1951.2440000000001	0.99898
1952.2440000000001	0.99898
1953.2440000000001	0.99898
1954.2440000000001	0.99898
1955.2440000000001	0.99898
1956.2440000000001	0.99898
1957.2440000000001	0.99898
1958.2440000000001	0.99898
1959.2440000000001	0.99898
1960.2440000000001	0.99898
1961.2440000000001	0.99898
1962.2440000000001	0.99898
1963.2440000000001	0.99898
1964.2440000000001	0.99898
1965.2440000000001	0.99898
1966.2440000000001	0.99898
1967.2440000000001	0.99898
1968.2440000000001	0.99898
1969.2440000000001	0.99898
1970.2440000000001	0.99898
1971.2440000000001	0.99898
1972.2440000000001	0.99898
1973.2440000000001	0.99898
1974.2440000000001	0.99898
1975.2440000000001	0.99898
1976.2440000000001	0.99898
1977.2440000000001	0.99898
1978.2440000000001	0.99898
1979.2440000000001	0.99898
1980.2440000000001	0.99898
1981.2440000000001	0.99898
1982.2440000000001	0.99898
1983.2440000000001	0.99898
1984.2440000000001	0.99898
1985.2440000000001	0.99898
1986.2440000000001	0.99898
1987.2440000000001	0.99898
1988.2440000000001	0.99898
1989.2440000000001	0.99898
1990.2440000000001	0.99898
1991.2440000000001	0.99898
1992.2440000000001	0.99898
1993.2440000000001	0.99898
1994.2440000000001	0.99898
1995.2440000000001	0.99898
1996.2440000000001	0.99898
1997.2440000000001	0.99898
1998.2440000000001	0.99898
1999.2440000000001	0.99898
2000.2440000000001	0.99898
2001.2440000000001	0.99898
2002.2440000000001	0.99898
2003.2440000000001	0.99898
2004.2440000000001	0.99898
2005.2440000000001	0.99898
2006.2440000000001	0.99898
2007.2440000000001	0.99898
2008.2440000000001	0.99898
2009.2440000000001	0.99898
2010.2440000000001	0.99898
2011.2440000000001	0.99898
2012.2440000000001	0.99898
2013.2440000000001	0.99898
2014.2440000000001	0.99898
2015.2440000000001	0.99898
2016.2440000000001	0.99898
2017.2440000000001	0.99898
2018.2440000000001	0.99898
2019.2440000000001	0.99898
2020.2440000000001	0.99898
2021.2440000000001	0.99898
2022.2440000000001	0.99898
2023.2440000000001	0.99898
2024.2440000000001	0.99898
2025.2440000000001	0.99898
2026.2440000000001	0.99898
2027.2440000000001	0.99898
2028.2440000000001	0.99898
2029.2440000000001	0.99898
2030.2440000000001	0.99898
2031.2440000000001	0.99898
2032.2440000000001	0.99898
2033.2440000000001	0.99898
2034.2440000000001	0.99898
2035.2440000000001	0.99898
2036.2440000000001	0.99898
2037.2440000000001	0.99898
2038.2440000000001	0.99898
2039.2440000000001	0.99898
2040.2440000000001	0.99898
2041.2440000000001	0.99898
2042.2440000000001	0.99898
2043.2440000000001	0.99898
2044.2440000000001	0.99898
2045.2440000000001	0.99898
2046.2440000000001	0.99898
2047.2440000000001	0.99898
2048.244	0.99898
2049.244	0.99898
2050.244	0.99898
2051.244	0.99898
2052.244	0.99898
2053.244	0.99898
2054.244	0.99898
2055.244	0.99898
2056.244	0.99898
2057.244	0.99898
2058.244	0.99898
2059.244	0.99898
2060.244	0.99898
2061.244	0.99898
2062.244	0.99898
2063.244	0.99898
2064.244	0.99898
2065.244	0.99898
2066.244	0.99898
2067.244	0.99898
2068.244	0.99898
2069.244	0.99898
2070.244	0.99898
2071.244	0.99898
2072.244	0.99898
2073.244	0.99898
2074.244	0.99898
2075.244	0.99898
2076.244	0.99898
2077.244	0.99898
2078.244	0.99898
2079.244	0.99898
2080.244	0.99898
2081.244	0.99898
2082.244	0.99898
2083.244	0.99898
2084.244	0.99898
2085.244	0.99898
2086.244	0.99898
2087.244	0.99898
2088.244	0.99898
2089.244	0.99898
2090.244	0.99898
2091.244	0.99898
2092.244	0.99898
2093.244	0.99898
2094.244	0.99898
2095.244	0.99898
2096.244	0.99898
2097.244	0.99898
2098.244	0.99898
2099.244	0.99898
2100.244	0.99898
2101.244	0.99898
2102.244	0.99898
2103.244	0.99898
2104.244	0.99898
2105.244	0.99898
2106.244	0.99898
2107.244	0.99898
2108.244	0.99898
2109.244	0.99898
2110.244	0.99898
2111.244	0.99898
2112.244	0.99898
2113.244	0.99898
2114.244	0.99898
2115.244	0.99898
2116.244	0.99898
2117.244	0.99898
2118.244	0.99898
2119.244	0.99898
2120.244	0.99898
2121.244	0.99898
2122.244	0.99898
2123.244	0.99898
2124.244	0.99898
2125.244	0.99898
2126.244	0.99898
2127.244	0.99898
2128.244	0.99898
2129.244	0.99898
2130.244	0.99898
2131.244	0.99898
2132.244	0.99898
2133.244	0.99898
2134.244	0.99898
2135.244	0.99898
2136.244	0.99898
2137.244	0.99898
2138.244	0.99898
2139.244	0.99898
2140.244	0.99898
2141.244	0.99898
2142.244	0.99898
2143.244	0.99898
2144.244	0.99898
2145.244	0.99898
2146.244	0.99898
2147.244	0.99898
2148.244	0.99898
2149.244	0.99898
2150.244	0.99898
2151.244	0.99898
2152.244	0.99898
2153.244	0.99898
2154.244	0.99898
2155.244	0.99898
2156.244	0.99898
2157.244	0.99898
2158.244	0.99898
2159.244	0.99898
2160.244	0.99898
2161.244	0.99898
2162.244	0.99898
2163.244	0.99898
2164.244	0.99898
2165.244	0.99898
2166.244	0.99898
2167.244	0.99898
2168.244	0.99898
2169.244	0.99898
2170.244	0.99898
2171.244	0.99898
2172.244	0.99898
2173.244	0.99898
2174.244	0.99898
2175.244	0.99898
2176.244	0.99898
2177.244	0.99898
2178.244	0.99898
2179.244	0.99898
2180.244	0.99898
2181.244	0.99898
2182.244	0.99898
2183.244	0.99898
2184.244	0.99898
2185.244	0.99898
2186.244	0.99898
2187.244	0.99898
2188.244	0.99898
2189.244	0.99898
2190.244	0.99898
2191.244	0.99898
2192.244	0.99898
2193.244	0.99898
2194.244	0.99898
2195.244	0.99898
2196.244	0.99898
2197.244	0.99898
2198.244	0.99898
2199.244	0.99898
2200.244	0.99898
2201.244	0.99898
2202.244	0.99898
2203.244	0.99898
2204.244	0.99898
2205.244	0.99898
2206.244	0.99898
2207.244	0.99898
2208.244	0.99898
2209.244	0.99898
2210.244	0.99898
2211.244	0.99898
2212.244	0.99898
2213.244	0.99898
2214.244	0.99898
2215.244	0.99898
2216.244	0.99898
2217.244	0.99898
2218.244	0.99898
2219.244	0.99898
2220.244	0.99898
2221.244	0.99898
2222.244	0.99898
2223.244	0.99898
2224.244	0.99898
2225.244	0.99898
2226.244	0.99898
2227.244	0.99898
2228.244	0.99898
2229.244	0.99898
2230.244	0.99898
2231.244	0.99898
2232.244	0.99898
2233.244	0.99898
2234.244	0.99898
2235.244	0.99898
2236.244	0.99898
2237.244	0.99898
2238.244	0.99898
2239.244	0.99898
2240.244	0.99898
2241.244	0.99898
2242.244	0.99898
2243.244	0.99898
2244.244	0.99898
2245.244	0.99898
2246.244	0.99898
2247.244	0.99898
2248.244	0.99898
2249.244	0.99898
2250.244	0.99898
2251.244	0.99898
2252.244	0.99898
2253.244	0.99898
2254.244	0.99898
2255.244	0.99898
2256.244	0.99898
2257.244	0.99898
2258.244	0.99898
2259.244	0.99898
2260.244	0.99898
2261.244	0.99898
2262.244	0.99898
2263.244	0.99898
2264.244	0.99898
2265.244	0.99898
2266.244	0.99898
2267.244	0.99898
2268.244	0.99898
2269.244	0.99898
2270.244	0.99898
2271.244	0.99898
2272.244	0.99898
2273.244	0.99898
2274.244	0.99898
2275.244	0.99898
2276.244	0.99898
2277.244	0.99898
2278.244	0.99898
2279.244	0.99898
2280.244	0.99898
2281.244	0.99898
2282.244	0.99898
2283.244	0.99898
2284.244	0.99898
2285.244	0.99898
2286.244	0.99898
2287.244	0.99898
2288.244	0.99898
2289.244	0.99898
2290.244	0.99898
2291.244	0.99898
2292.244	0.99898
2293.244	0.99898
2294.244	0.99898
2295.244	0.99898
2296.244	0.99898
2297.244	0.99898
2298.244	0.99898
2299.244	0.99898
2300.244	0.99898
2301.244	0.99898
2302.244	0.99898
2303.244	0.99898
2304.244	0.99898
2305.244	0.99898
2306.244	0.99898
2307.244	0.99898
2308.244	0.99898
2309.244	0.99898
2310.244	0.99898
2311.244	0.99898
2312.244	0.99898
2313.244	0.99898
2314.244	0.99898
2315.244	0.99898
2316.244	0.99898
2317.244	0.99898
2318.244	0.99898
2319.244	0.99898
2320.244	0.99898
2321.244	0.99898
2322.244	0.99898
2323.244	0.99898
2324.244	0.99898
2325.244	0.99898
2326.244	0.99898
2327.244	0.99898
2328.244	0.99898
2329.244	0.99898
2330.244	0.99898
2331.244	0.99898
2332.244	0.99898
2333.244	0.99898
2334.244	0.99898
2335.244	0.99898
2336.244	0.99898
2337.244	0.99898
2338.244	0.99898
2339.244	0.99898
2340.244	0.99898
2341.244	0.99898
2342.244	0.99898
2343.244	0.99898
2344.244	0.99898
2345.244	0.99898
2346.244	0.99898
2347.244	0.99898
2348.244	0.99898
2349.244	0.99898
2350.244	0.99898
2351.244	0.99898
2352.244	0.99898
2353.244	0.99898
2354.244	0.99898
2355.244	0.99898
2356.244	0.99898
2357.244	0.99898
2358.244	0.99898
2359.244	0.99898
2360.244	0.99898
2361.244	0.99898
2362.244	0.99898
2363.244	0.99898
2364.244	0.99898
2365.244	0.99898
2366.244	0.99898
2367.244	0.99898
2368.244	0.99898
2369.244	0.99898
2370.244	0.99898
2371.244	0.99898
2372.244	0.99898
2373.244	0.99898
2374.244	0.99898
2375.244	0.99898
2376.244	0.99898
2377.244	0.99898
2378.244	0.99898
2379.244	0.99898
2380.244	0.99898
2381.244	0.99898
2382.244	0.99898
2383.244	0.99898
2384.244	0.99898
2385.244	0.99898
2386.244	0.99898
2387.244	0.99898
2388.244	0.99898
2389.244	0.99898
2390.244	0.99898
2391.244	0.99898
2392.244	0.99898
2393.244	0.99898
2394.244	0.99898
2395.244	0.99898
2396.244	0.99898
2397.244	0.99898
2398.244	0.99898
2399.244	0.99898
2400.244	0.99898
2401.244	0.99898
2402.244	0.99898
2403.244	0.99898
2404.244	0.99898
2405.244	0.99898
2406.244	0.99898
2407.244	0.99898
2408.244	0.99898
2409.244	0.99898
2410.244	0.99898
2411.244	0.99898
2412.244	0.99898
2413.244	0.99898
2414.244	0.99898
2415.244	0.99898
2416.244	0.99898
2417.244	0.99898
2418.244	0.99898
2419.244	0.99898
2420.244	0.99898
2421.244	0.99898
2422.244	0.99898
2423.244	0.99898
2424.244	0.99898
2425.244	0.99898
2426.244	0.99898
2427.244	0.99898
2428.244	0.99898
2429.244	0.99898
2430.244	0.99898
2431.244	0.99898
2432.244	0.99898
2433.244	0.99898
2434.244	0.99898
2435.244	0.99898
2436.244	0.99898
2437.244	0.99898
2438.244	0.99898
2439.244	0.99898
2440.244	0.99898
2441.244	0.99898
2442.244	0.99898
2443.244	0.99898
2444.244	0.99898
2445.244	0.99898
2446.244	0.99898
2447.244	0.99898
2448.244	0.99898
2449.244	0.99898
2450.244	0.99898
2451.244	0.99898
2452.244	0.99898
2453.244	0.99898
2454.244	0.99898
2455.244	0.99898
2456.244	0.99898
2457.244	0.99898
2458.244	0.99898
2459.244	0.99898
2460.244	0.99898
2461.244	0.99898
2462.244	0.99898
2463.244	0.99898
2464.244	0.99898
2465.244	0.99898
2466.244	0.99898
2467.244	0.99898
2468.244	0.99898
2469.244	0.99898
2470.244	0.99898
2471.244	0.99898
2472.244	0.99898
2473.244	0.99898
2474.244	0.99898
2475.244	0.99898
2476.244	0.99898
2477.244	0.99898
2478.244	0.99898
2479.244	0.99898
2480.244	0.99898
2481.244	0.99898
2482.244	0.99898
2483.244	0.99898
2484.244	0.99898
2485.244	0.99898
2486.244	0.99898
2487.244	0.99898
2488.244	0.99898
2489.244	0.99898
2490.244	0.99898
2491.244	0.99898
2492.244	0.99898
2493.244	0.99898
2494.244	0.99898
2495.244	0.99898
2496.244	0.99898
2497.244	0.99898
2498.244	0.99898
2499.244	0.99898
2500.244	0.99898
2501.244	0.99898
2502.244	0.99898
2503.244	0.99898
2504.244	0.99898
2505.244	0.99898
2506.244	0.99898
2507.244	0.99898
2508.244	0.99898
2509.244	0.99898
2510.244	0.99898
2511.244	0.99898
2512.244	0.99898
2513.244	0.99898
2514.244	0.99898
2515.244	0.99898
2516.244	0.99898
2517.244	0.99898
2518.244	0.99898
2519.244	0.99898
2520.244	0.99898
2521.244	0.99898
2522.244	0.99898
2523.244	0.99898
2524.244	0.99898
2525.244	0.99898
2526.244	0.99898
2527.244	0.99898
2528.244	0.99898
2529.244	0.99898
2530.244	0.99898
2531.244	0.99898
2532.244	0.99898
2533.244	0.99898
2534.244	0.99898
2535.244	0.99898
2536.244	0.99898
2537.244	0.99898
2538.244	0.99898
2539.244	0.99898
2540.244	0.99898
2541.244	0.99898
2542.244	0.99898
2543.244	0.99898
2544.244	0.99898
2545.244	0.99898
2546.244	0.99898
2547.244	0.99898
2548.244	0.99898
2549.244	0.99898
2550.244	0.99898
2551.244	0.99898
2552.244	0.99898
2553.244	0.99898
2554.244	0.99898
2555.244	0.99898
2556.244	0.99898
2557.244	0.99898
2558.244	0.99898
2559.244	0.99898
2560.244	0.99898
2561.244	0.99898
2562.244	0.99898
2563.244	0.99898
2564.244	0.99898
2565.244	0.99898
2566.244	0.99898
2567.244	0.99898
2568.244	0.99898
2569.244	0.99898
2570.244	0.99898
2571.244	0.99898
2572.244	0.99898
2573.244	0.99898
2574.244	0.99898
2575.244	0.99898
2576.244	0.99898
2577.244	0.99898
2578.244	0.99898
2579.244	0.99898
2580.244	0.99898
2581.244	0.99898
2582.244	0.99898
2583.244	0.99898
2584.244	0.99898
2585.244	0.99898
2586.244	0.99898
2587.244	0.99898
2588.244	0.99898
2589.244	0.99898
2590.244	0.99898
2591.244	0.99898
2592.244	0.99898
2593.244	0.99898
2594.244	0.99898
2595.244	0.99898
2596.244	0.99898
2597.244	0.99898
2598.244	0.99898
2599.244	0.99898
2600.244	0.99898
2601.244	0.99898
2602.244	0.99898
2603.244	0.99898
2604.244	0.99898
2605.244	0.99898
2606.244	0.99898
2607.244	0.99898
2608.244	0.99898
2609.244	0.99898
2610.244	0.99898
2611.244	0.99898
2612.244	0.99898
2613.244	0.99898
2614.244	0.99898
2615.244	0.99898
2616.244	0.99898
2617.244	0.99898
2618.244	0.99898
2619.244	0.99898
2620.244	0.99898
2621.244	0.99898
2622.244	0.99898
2623.244	0.99898
2624.244	0.99898
2625.244	0.99898
2626.244	0.99898
2627.244	0.99898
2628.244	0.99898
2629.244	0.99898
2630.244	0.99898
2631.244	0.99898
2632.244	0.99898
2633.244	0.99898
2634.244	0.99898
2635.244	0.99898
2636.244	0.99898
2637.244	0.99898
2638.244	0.99898
2639.244	0.99898
2640.244	0.99898
2641.244	0.99898
2642.244	0.99898
2643.244	0.99898
2644.244	0.99898
2645.244	0.99898
2646.244	0.99898
2647.244	0.99898
2648.244	0.99898
2649.244	0.99898
2650.244	0.99898
2651.244	0.99898
2652.244	0.99898
2653.244	0.99898
2654.244	0.99898
2655.244	0.99898
2656.244	0.99898
2657.244	0.99898
2658.244	0.99898
2659.244	0.99898
2660.244	0.99898
2661.244	0.99898
2662.244	0.99898
2663.244	0.99898
2664.244	0.99898
2665.244	0.99898
2666.244	0.99898
2667.244	0.99898
2668.244	0.99898
2669.244	0.99898
2670.244	0.99898
2671.244	0.99898
2672.244	0.99898
2673.244	0.99898
2674.244	0.99898
2675.244	0.99898
2676.244	0.99898
2677.244	0.99898
2678.244	0.99898
2679.244	0.99898
2680.244	0.99898
2681.244	0.99898
2682.244	0.99898
2683.244	0.99898
2684.244	0.99898
2685.244	0.99898
2686.244	0.99898
2687.244	0.99898
2688.244	0.99898
2689.244	0.99898
2690.244	0.99898
2691.244	0.99898
2692.244	0.99898
2693.244	0.99898
2694.244	0.99898
2695.244	0.99898
2696.244	0.99898
2697.244	0.99898
2698.244	0.99898
2699.244	0.99898
2700.244	0.99898
2701.244	0.99898
2702.244	0.99898
2703.244	0.99898
2704.244	0.99898
2705.244	0.99898
2706.244	0.99898
2707.244	0.99898
2708.244	0.99898
2709.244	0.99898
2710.244	0.99898
2711.244	0.99898
2712.244	0.99898
2713.244	0.99898
2714.244	0.99898
2715.244	0.99898
2716.244	0.99898
2717.244	0.99898
2718.244	0.99898
2719.244	0.99898
2720.244	0.99898
2721.244	0.99898
2722.244	0.99898
2723.244	0.99898
2724.244	0.99898
2725.244	0.99898
2726.244	0.99898
2727.244	0.99898
2728.244	0.99898
2729.244	0.99898
2730.244	0.99898
2731.244	0.99898
2732.244	0.99898
2733.244	0.99898
2734.244	0.99898
2735.244	0.99898
2736.244	0.99898
2737.244	0.99898
2738.244	0.99898
2739.244	0.99898
2740.244	0.99898
2741.244	0.99898
2742.244	0.99898
2743.244	0.99898
2744.244	0.99898
2745.244	0.99898
2746.244	0.99898
2747.244	0.99898
2748.244	0.99898
2749.244	0.99898
2750.244	0.99898
2751.244	0.99898
2752.244	0.99898
2753.244	0.99898
2754.244	0.99898
2755.244	0.99898
2756.244	0.99898
2757.244	0.99898
2758.244	0.99898
2759.244	0.99898
2760.244	0.99898
2761.244	0.99898
2762.244	0.99898
2763.244	0.99898
2764.244	0.99898
2765.244	0.99898
2766.244	0.99898
2767.244	0.99898
2768.244	0.99898
2769.244	0.99898
2770.244	0.99898
2771.244	0.99898
2772.244	0.99898
2773.244	0.99898
2774.244	0.99898
2775.244	0.99898
2776.244	0.99898
2777.244	0.99898
2778.244	0.99898
2779.244	0.99898
2780.244	0.99898
2781.244	0.99898
2782.244	0.99898
2783.244	0.99898
2784.244	0.99898
2785.244	0.99898
2786.244	0.99898
2787.244	0.99898
2788.244	0.99898
2789.244	0.99898
2790.244	0.99898
2791.244	0.99898
2792.244	0.99898
2793.244	0.99898
2794.244	0.99898
2795.244	0.99898
2796.244	0.99898
2797.244	0.99898
2798.244	0.99898
2799.244	0.99898
2800.244	0.99898
2801.244	0.99898
2802.244	0.99898
2803.244	0.99898
2804.244	0.99898
2805.244	0.99898
2806.244	0.99898
2807.244	0.99898
2808.244	0.99898
2809.244	0.99898
2810.244	0.99898
2811.244	0.99898
2812.244	0.99898
2813.244	0.99898
2814.244	0.99898
2815.244	0.99898
2816.244	0.99898
2817.244	0.99898
2818.244	0.99898
2819.244	0.99898
2820.244	0.99898
2821.244	0.99898
2822.244	0.99898
2823.244	0.99898
2824.244	0.99898
2825.244	0.99898
2826.244	0.99898
2827.244	0.99898
2828.244	0.99898
2829.244	0.99898
2830.244	0.99898
2831.244	0.99898
2832.244	0.99898
2833.244	0.99898
2834.244	0.99898
2835.244	0.99898
2836.244	0.99898
2837.244	0.99898
2838.244	0.99898
2839.244	0.99898
2840.244	0.99898
2841.244	0.99898
2842.244	0.99898
2843.244	0.99898
2844.244	0.99898
2845.244	0.99898
2846.244	0.99898
2847.244	0.99898
2848.244	0.99898
2849.244	0.99898
2850.244	0.99898
2851.244	0.99898
2852.244	0.99898
2853.244	0.99898
2854.244	0.99898
2855.244	0.99898
2856.244	0.99898
2857.244	0.99898
2858.244	0.99898
2859.244	0.99898
2860.244	0.99898
2861.244	0.99898
2862.244	0.99898
2863.244	0.99898
2864.244	0.99898
2865.244	0.99898
2866.244	0.99898
2867.244	0.99898
2868.244	0.99898
2869.244	0.99898
2870.244	0.99898
2871.244	0.99898
2872.244	0.99898
2873.244	0.99898
2874.244	0.99898
2875.244	0.99898
2876.244	0.99898
2877.244	0.99898
2878.244	0.99898
2879.244	0.99898
2880.244	0.99898
2881.244	0.99898
2882.244	0.99898
2883.244	0.99898
2884.244	0.99898
2885.244	0.99898
2886.244	0.99898
2887.244	0.99898
2888.244	0.99898
2889.244	0.99898
2890.244	0.99898
2891.244	0.99898
2892.244	0.99898
2893.244	0.99898
2894.244	0.99898
2895.244	0.99898
2896.244	0.99898
2897.244	0.99898
2898.244	0.99898
2899.244	0.99898
2900.244	0.99898
2901.244	0.99898
2902.244	0.99898
2903.244	0.99898
2904.244	0.99898
2905.244	0.99898
2906.244	0.99898
2907.244	0.99898
2908.244	0.99898
2909.244	0.99898
2910.244	0.99898
2911.244	0.99898
2912.244	0.99898
2913.244	0.99898
2914.244	0.99898
2915.244	0.99898
2916.244	0.99898
2917.244	0.99898
2918.244	0.99898
2919.244	0.99898
2920.244	0.99898
2921.244	0.99898
2922.244	0.99898
2923.244	0.99898
2924.244	0.99898
2925.244	0.99898
2926.244	0.99898
2927.244	0.99898
2928.244	0.99898
2929.244	0.99898
2930.244	0.99898
2931.244	0.99898
2932.244	0.99898
2933.244	0.99898
2934.244	0.99898
2935.244	0.99898
2936.244	0.99898
2937.244	0.99898
2938.244	0.99898
2939.244	0.99898
2940.244	0.99898
2941.244	0.99898
2942.244	0.99898
2943.244	0.99898
2944.244	0.99898
2945.244	0.99898
2946.244	0.99898
2947.244	0.99898
2948.244	0.99898
2949.244	0.99898
2950.244	0.99898
2951.244	0.99898
2952.244	0.99898
2953.244	0.99898
2954.244	0.99898
2955.244	0.99898
2956.244	0.99898
2957.244	0.99898
2958.244	0.99898
2959.244	0.99898
2960.244	0.99898
2961.244	0.99898
2962.244	0.99898
2963.244	0.99898
2964.244	0.99898
2965.244	0.99898
2966.244	0.99898
2967.244	0.99898
2968.244	0.99898
2969.244	0.99898
2970.244	0.99898
2971.244	0.99898
2972.244	0.99898
2973.244	0.99898
2974.244	0.99898
2975.244	0.99898
2976.244	0.99898
2977.244	0.99898
2978.244	0.99898
2979.244	0.99898
2980.244	0.99898
2981.244	0.99898
2982.244	0.99898
2983.244	0.99898
2984.244	0.99898
2985.244	0.99898
2986.244	0.99898
2987.244	0.99898
2988.244	0.99898
2989.244	0.99898
2990.244	0.99898
2991.244	0.99898
2992.244	0.99898
2993.244	0.99898
