0.47000000000000003	0.5365253068256279
1.447	0.517260087061886
2.424	0.5371167194605365
3.4010000000000002	0.5273359406582226
4.3790000000000004	0.5266611459049895
5.357	0.526196800159312
6.335	0.5169759748526137
7.313	0.5273523754353768
8.297	0.5428977693552884
9.295	0.5250021510725158
10.286	0.524144148145053
11.274000000000001	0.5173916964610451
12.267	0.5143880181284763
13.253	0.5086651142693095
14.236	0.4848769720998328
15.226	0.4738405759599528
16.217	0.47258271479637154
17.202	0.4786128282745034
18.184	0.4671984426813753
19.163	0.4598129757798827
20.142	0.4623958572168623
21.128	0.4773286413233279
22.11	0.46740151324540724
23.094	0.4642098327894553
24.079	0.4592657241270284
25.057000000000002	0.4627610490978666
26.042	0.45975476523813347
27.021	0.46217868034531506
28.0	0.46525394105265067
28.987000000000002	0.4591796120033067
29.975	0.4532876043050375
30.963	0.44959096528095566
31.951	0.46254874977537264
32.939	0.45809648916371865
33.928	0.4516137097798199
34.917	0.44525768808938165
35.897	0.46698557603778246
36.879	0.46496024892806204
37.851	0.4560439946569916
38.826	0.47301682073029083
39.797000000000004	0.48477647421908077
40.772	0.49071389251119485
41.755	0.4893142800616153
42.726	0.4996383059630354
43.697	0.510564257322573
44.667	0.5128716995926913
45.645	0.5275089402153296
46.619	0.5377547447034976
47.602000000000004	0.5558192981226298
48.581	0.5592013234620355
49.550000000000004	0.5723897758763014
50.523	0.5724900339148806
51.496	0.5816767335198384
52.478	0.591339341308068
53.451	0.5910260789236141
54.428000000000004	0.5973205643187375
55.419000000000004	0.5898864955029104
56.401	0.5923056043227518
57.401	0.6044591904836488
58.369	0.6192872138639246
59.36	0.6116755162470415
60.328	0.6166546400735116
61.31	0.6083914733959971
62.292	0.6097492096781779
63.26	0.6245244420512177
64.237	0.6202018933257117
65.228	0.6023411616007615
66.20100000000001	0.6021883639805256
67.174	0.6118025314812258
68.165	0.6037833006046872
69.138	0.6126220798176353
70.12	0.612213419035868
71.09400000000001	0.6111209590810648
72.068	0.6186212509051524
73.041	0.6277730288294494
74.014	0.6080138032988441
74.987	0.6070974938777404
75.96300000000001	0.6140267843259067
76.93900000000001	0.618281069367762
77.93	0.6186061878983935
78.915	0.6168838538041347
79.883	0.6305665949642871
80.868	0.6285799007699451
81.85000000000001	0.6300179593530658
82.83500000000001	0.6288226307924463
83.803	0.6353467620852958
84.795	0.6359792831640569
85.764	0.6405983390400857
86.739	0.6392284844533956
87.714	0.6370430882933555
88.696	0.6379899493702793
89.671	0.6470085524854348
90.646	0.6533081690604304
91.621	0.6618649318722827
92.599	0.656094631303824
93.58200000000001	0.6558710195578069
94.56400000000001	0.6572696735194395
95.546	0.648307852458149
96.525	0.652922430093998
97.504	0.6466005981540003
98.49000000000001	0.6335253871129304
99.477	0.6496267345556115
100.45700000000001	0.6328749800794349
101.437	0.6374507918448293
102.418	0.6394410332024519
103.411	0.6300774278773197
104.4	0.6440598089967321
105.379	0.6483626824244453
106.37	0.64076642323942
107.342	0.6527343147804635
108.324	0.6530174975650056
109.303	0.656674060531881
110.292	0.6500626789263189
111.264	0.661179507068719
112.253	0.65483830555064
113.242	0.6396416830306695
114.221	0.6433883846419209
115.193	0.6553310877233038
116.172	0.6598151328680875
117.154	0.6614745133866645
118.141	0.6594202158435067
119.126	0.6576572151039344
120.099	0.6687434680801112
121.071	0.6814964152581006
122.043	0.694271788271264
123.029	0.6925341859939409
124.013	0.6519163910405108
125.001	0.6479363596792227
125.983	0.6501674143794424
126.97	0.6556313825679263
127.958	0.6504224094954849
128.94	0.640930004330533
129.922	0.6334631846197383
130.904	0.6346464473751897
131.892	0.630119039404157
132.881	0.6260852528724022
133.865	0.6158556927980021
134.848	0.6174959194278798
135.837	0.6110584101614708
136.826	0.6080417088638375
137.81	0.6104699067939264
138.80100000000002	0.6052708561860102
139.784	0.6085904182364974
140.773	0.6044436230730397
141.762	0.6006158776492199
142.748	0.5811071279339086
143.736	0.5799578275534647
144.72	0.5815352300483764
145.716	0.5805982933617889
146.704	0.5700569322345492
147.693	0.5678101773445536
148.68200000000002	0.5672864452660535
149.671	0.5659337032149597
150.661	0.5625071392093344
151.64600000000002	0.5640482152465317
152.636	0.570147409420766
153.622	0.5676125419027975
154.613	0.5664873361753169
155.604	0.5541073074523426
156.595	0.5513140208413029
157.58	0.5536567830292402
158.56	0.5623802851275886
159.54	0.5697902670364016
160.525	0.5745924049052092
161.514	0.575397314086741
162.50300000000001	0.5664007107059094
163.493	0.5762459110403819
164.483	0.573830733804213
165.468	0.5560232607063466
166.453	0.5674033755762522
167.437	0.5707192933018306
168.42600000000002	0.5609271947364035
169.411	0.5642578543314204
170.401	0.5641839540402656
171.391	0.5719582644318882
172.376	0.5639004895032255
173.367	0.5510685934854711
174.351	0.5647222572178459
175.341	0.5538641836912587
176.327	0.5667480856140937
177.316	0.5662033576416396
178.30700000000002	0.5630808846567736
179.298	0.5711914778397482
180.28900000000002	0.5675935263911707
181.278	0.5558883508277821
182.263	0.5576314826394517
183.248	0.5489769602666907
184.233	0.5603215141691377
185.22	0.5514993648311215
186.207	0.5506932222471012
187.203	0.5525700488466682
188.189	0.5553425565105984
189.181	0.5487313687959493
190.165	0.551841193727941
191.15200000000002	0.5514599205740953
192.137	0.5346746203867525
193.124	0.5533272480908414
194.116	0.529025101322266
195.113	0.5296028363967927
196.10500000000002	0.5333034211092171
197.09	0.5360163443279794
198.085	0.5201394361353189
199.07500000000002	0.5266722231072071
200.06300000000002	0.5244472722073538
201.05100000000002	0.5129929902091138
202.03900000000002	0.5112095989799275
203.02700000000002	0.4886078496214145
204.02	0.49326040934289817
205.008	0.4936343750940704
205.997	0.4918740223194845
206.98600000000002	0.4894444139934146
207.975	0.48771953221771513
208.969	0.4795902990790348
209.959	0.474298150724199
210.95000000000002	0.4682026142654632
211.941	0.4639916892622819
212.93200000000002	0.4685948634603242
213.922	0.46209848718352503
214.912	0.4568599853867646
215.90200000000002	0.4526258408427625
216.88400000000001	0.4557073647898847
217.874	0.4520341274133569
218.86	0.46136811476728795
219.85	0.4661584736817923
220.835	0.45741821884215467
221.824	0.4661240374610624
222.811	0.45613124584360265
223.796	0.45731452972942166
224.787	0.4523953798193591
225.78	0.44570062495434576
226.773	0.4602354266433226
227.77	0.45006047869072136
228.744	0.4627519126202955
229.722	0.46075972288682293
230.70000000000002	0.4698813808956819
231.687	0.47098124223683446
232.669	0.4779734123606065
233.661	0.46466904541778986
234.643	0.46967725374161623
235.621	0.45751242785256685
236.603	0.46062119418092656
237.59	0.45838065141071366
238.577	0.4568503164999624
239.555	0.46525717746082185
240.53300000000002	0.46302527112271646
241.511	0.4791696476191551
242.49800000000002	0.47900554788983496
243.485	0.47752294347856167
244.459	0.47690121117916606
245.441	0.4820772635305314
246.427	0.48307795376331997
247.413	0.4847174599029783
248.406	0.4892584403393856
249.40200000000002	0.4788232014307196
250.386	0.4819850885206761
251.386	0.4695473187171576
252.386	0.4575388920158075
253.382	0.44802771324989443
254.37900000000002	0.43927579615041246
255.369	0.4370440113991979
256.366	0.4290359003137294
257.357	0.42741427848337693
258.343	0.43118857698404733
259.326	0.43619330796618583
260.313	0.437934638929767
261.297	0.44262422590078854
262.285	0.44293434754164257
263.272	0.4443777168926794
264.25600000000003	0.44975466439755235
265.248	0.43635545052467883
266.236	0.4380523936649166
267.236	0.42802824178041576
268.233	0.4213071494873744
269.225	0.42002312063702674
270.225	0.4083600750465215
271.207	0.41229694274610085
272.201	0.40546395372720695
273.186	0.4071124726243996
274.176	0.4052770894208554
275.165	0.40392488021967954
276.159	0.3969147241522953
277.145	0.39815172449653
278.13100000000003	0.400202000506945
279.117	0.4018750881183095
280.103	0.393962266092571
281.086	0.3991586370975337
282.076	0.3865860462924893
283.071	0.3787152052732071
284.06600000000003	0.37143171964019084
285.053	0.3713765503540715
286.04	0.3712714977766812
287.027	0.36762840826703025
288.014	0.3671840817969787
289.009	0.3603594463352849
290.005	0.3515500736069999
290.993	0.34086054600989824
291.992	0.34729761872086473
292.988	0.3390677243943251
293.985	0.32846617302544673
294.974	0.32659351933695296
295.968	0.3179054407515183
296.96500000000003	0.3076379966336479
297.962	0.29860382534774416
298.957	0.28979129806853565
299.955	0.2879512706744754
300.951	0.29020021858758543
301.936	0.2905221686896684
302.927	0.2868331537527401
303.916	0.28582572772784937
304.898	0.2814246773924413
305.887	0.27839806953246177
306.87600000000003	0.27518775557096775
307.86	0.2793696538997887
308.847	0.2705703386543766
309.837	0.2598685039799824
310.825	0.26093163156092936
311.811	0.2648161747500451
312.8	0.2637739284880773
313.785	0.27669436301437245
314.785	0.28572957067288746
315.784	0.2757622495884953
316.773	0.29622840982164705
317.758	0.29821050021653517
318.749	0.3033930419218454
319.746	0.2929926628133322
320.736	0.29811368896011414
321.72	0.30052486701355446
322.711	0.2933801940586982
323.704	0.2853723894181744
324.696	0.27921999691468335
325.69100000000003	0.2702768465993113
326.683	0.2656866238976494
327.676	0.25937980731792837
328.669	0.2528851439494601
329.66200000000003	0.23779467587999545
330.647	0.24889574759557204
331.633	0.2490040647326884
332.628	0.2403855934997334
333.622	0.2336330116188816
334.616	0.21709859624858338
335.603	0.22499108314658808
336.60200000000003	0.21424849967069037
337.60200000000003	0.20095628973238835
338.598	0.2316544514064994
339.587	0.22854617924849993
340.58	0.2712916858624252
341.573	0.2553181064301916
342.563	0.2729354718009461
343.548	0.32328535239473183
344.533	0.30481991274500336
345.527	0.3463457135956215
346.517	0.3634260108835765
347.507	0.4661485407035746
348.497	0.49373448155831556
349.487	0.5599513025762234
350.47700000000003	0.5780914986537812
351.461	0.5420078008308565
352.452	0.5589101032630857
353.443	0.6159287594976997
354.433	0.6146590734592998
355.423	0.5936733405454947
356.418	0.7341933182320898
357.41	0.7794525108299878
358.39300000000003	0.7246593141121018
359.37600000000003	0.6593462587543136
360.358	0.6543526048380757
361.351	0.6981724695856987
362.334	0.6539049906884248
363.32300000000004	0.6924095433394999
364.309	0.6734847416651958
365.294	0.5968590648363966
366.279	0.5692678503453957
367.264	0.40320687375820347
368.258	0.6343914502721758
369.253	0.7380841706445758
370.244	0.7058007071995224
371.23	0.6690368379981948
372.226	0.7406352480151885
373.223	0.7628182345780339
374.22	0.7835670253968766
375.218	0.7939205670372073
376.207	0.8039526857125775
377.178	0.7723768260007818
378.168	0.7719226370448173
379.158	0.7814434270393827
380.139	0.779995342625096
381.13	0.7696212125794998
382.121	0.7994614586279929
383.112	0.7394853538004987
384.103	0.7481650443973997
385.093	0.8073220842091
386.076	0.7537949161453971
387.063	0.6668543113891998
388.046	0.5524811092804995
389.029	0.30083065514799945
390.02	0.4463925189032743
391.011	0.6033382193684997
391.995	0.4490850828284975
392.983	0.42928524607368956
393.974	0.43863235103889947
394.956	0.37705534471957053
395.938	0.24669163510938635
396.928	0.24600642236088344
397.918	0.2655958474876994
398.90000000000003	0.16468282956692726
399.89	0.16464971945429532
400.88100000000003	0.16362606230229237
401.873	0.23004113161539835
402.863	0.30863478650609943
403.846	0.20644724166578335
404.846	0.4110131807964995
405.82800000000003	0.2809079847796814
406.819	0.36755839470919954
407.8	0.26407742509689547
408.782	0.22285440923749936
409.772	0.22093624503076537
410.76300000000003	0.3528743053998965
411.745	0.26960658606598636
412.736	0.36480780456219053
413.736	0.6617592595149998
414.72700000000003	0.7485375139347297
415.718	0.8151166367858808
416.708	0.8440843774976499
417.689	0.7325159034826878
418.67	0.5424882935477977
419.661	0.6205994113266997
420.652	0.7094628002591999
421.64300000000003	0.7883923644287979
422.63100000000003	0.6604803965304435
423.622	0.6802117232406014
424.613	0.6989389685755927
425.604	0.7676145762710851
426.58500000000004	0.5482868694180225
427.575	0.5591172862218847
428.562	0.5630989397096533
429.553	0.6428210593249659
430.543	0.6241584577063546
431.533	0.615496977317244
432.523	0.46836722650628254
433.514	0.5381297948869941
434.505	0.5681453855978951
435.494	0.49179961127055255
436.487	0.6095740730496997
437.476	0.4331419958369175
438.467	0.49325118256130274
439.458	0.5730103679105327
440.44800000000004	0.48566274789505637
441.439	0.5657312689586409
442.43	0.6364766487847264
443.421	0.6377727072925752
444.41200000000003	0.5694947804307164
445.403	0.49081288660119965
446.394	0.5614840357725747
447.385	0.4930920191627736
448.37600000000003	0.49401789934807433
449.367	0.5348532645126997
450.358	0.3860779895091996
451.349	0.5239253208724947
452.341	0.6225855364360997
453.333	0.6122533274730902
454.325	0.6011631226055997
455.318	0.6984394709098741
456.309	0.7478363093005862
457.294	0.4757390954965486
458.286	0.4262701914886638
459.277	0.49628942015784505
460.26800000000003	0.5568802311929062
461.258	0.5676172817418997
462.248	0.4697041857396996
463.23900000000003	0.37180508905909954
464.23	0.38342816763939847
465.221	0.18594692666889936
466.214	0.23486152206719438
467.206	0.24529925123909938
468.199	0.2453847849850944
469.192	0.2753792109093994
470.185	0.26521365538899844
471.17900000000003	0.27401116022949945
472.17	0.26584157761999944
473.16700000000003	0.43996475339219054
474.16700000000003	0.6026425068999997
475.158	0.5545662250278967
476.158	0.7753914953568848
477.149	0.7673148251670371
478.14	0.5312564260773306
479.136	0.745325657898688
480.132	0.7916298940123978
481.123	0.7138283470548997
482.116	0.8226394846723933
483.116	0.8468448669400255
484.107	0.8284910095553589
485.088	0.6288360259496997
486.069	0.3990207046991985
487.059	0.48796293124796947
488.04900000000004	0.40825332599989955
489.04	0.33037399130033535
490.031	0.3319734482092994
491.022	0.3933167912195995
492.01300000000003	0.3352324670760974
493.004	0.3267736558221864
494.004	0.5764239706958927
495.004	0.7782582712389998
496.004	0.8717616438401318
496.992	0.8074661702260998
497.983	0.8476023456091998
498.974	0.8192734154151898
499.974	0.8822908735253979
500.974	0.895377768824899
501.974	0.8874682343350989
502.974	0.8799154827039968
503.974	0.872736732147882
504.956	0.882937843208
505.937	0.8641501864972969
506.928	0.8758064498645989
507.928	0.8886649836719989
508.928	0.892376634415493
509.919	0.8952854552753977
510.919	0.888521953790398
511.88100000000003	0.885221309029286
512.865	0.7820166053795998
513.846	0.7217235657399997
514.832	0.3209363212168995
515.822	0.33197598729899935
516.812	0.2938383990918824
517.809	0.6948423942184998
518.8	0.7153461509379998
519.791	0.7261133823457979
520.7810000000001	0.6884417572488997
521.772	0.6896925321987999
522.771	0.851688769472373
523.755	0.6306612861891997
524.745	0.37449373262949953
525.736	0.5437869048760936
526.726	0.4862634967295996
527.717	0.3686270131880965
528.708	0.3795954764292995
529.699	0.3813526506498996
530.69	0.4119139293385995
531.681	0.36369657428879953
532.672	0.3348761257399995
533.663	0.3068789445874994
534.654	0.3083013805874994
535.645	0.29027688316118944
536.636	0.31181731850309147
537.6270000000001	0.31363095998168944
538.618	0.3154524553700874
539.609	0.30763830372188145
540.6	0.30985599682869147
541.591	0.3207798804466915
542.582	0.32280749029799244
543.573	0.3248091555970995
544.564	0.3268464501967785
545.5550000000001	0.32915283385099947
546.546	0.36082980810989945
547.537	0.36068555290127546
548.528	0.36131534525068854
549.519	0.33057996711375315
550.51	0.3386261941711764
551.501	0.3471648908214754
552.489	0.30784251182998545
553.489	0.6028332492946916
554.48	0.6873870364534937
555.461	0.5346812497611906
556.452	0.6014025076719927
557.433	0.5675079715859835
558.417	0.4720142442325846
559.408	0.5099487309882976
560.399	0.6954901234456875
561.388	0.6665650922008787
562.371	0.6526198272853918
563.362	0.6715514566904317
564.352	0.6416741867489998
565.348	0.7752461117601318
566.339	0.7560547487240724
567.325	0.7420406584125737
568.316	0.6147243154792997
569.307	0.5664873877799996
570.307	0.8573282259207748
571.298	0.7992748546192989
572.289	0.7512861054999
573.289	0.8343506949283997
574.289	0.86772269118259
575.28	0.8394797457991
576.2620000000001	0.7599941040595997
577.253	0.7611258340095999
578.241	0.7152126188895999
579.232	0.6667820216587996
580.223	0.6780025632088997
581.223	0.7694499035889999
582.214	0.7603520070190999
583.207	0.8089549810146929
584.207	0.8109455775489001
585.207	0.8430284720782999
586.198	0.844761664833296
587.189	0.825736780609188
588.17	0.8159261517836979
589.1510000000001	0.8055320135653968
590.142	0.7948734206222938
591.133	0.7840796607161787
592.124	0.8036173404455976
593.105	0.7341962336371987
594.096	0.7138400872598999
595.096	0.7742848914865997
596.087	0.7850328362641998
597.078	0.8155864508726949
598.069	0.8262638227356999
599.069	0.8573694150976999
600.0600000000001	0.8567208505886028
601.041	0.8375622360278918
602.022	0.7974998436790999
603.003	0.6186899339786978
603.994	0.6300082158799997
604.99	0.7456179698097999
605.981	0.7267428998398998
606.972	0.7864026123691998
607.972	0.828027189308297
608.963	0.8288053156298
609.946	0.7889201162989999
610.946	0.8123390316278237
611.946	0.8250933789576649
612.921	0.7020654403573948
613.912	0.6345027647199997
614.91	0.8074636315899998
615.893	0.6465849823308638
616.884	0.5484963244455946
617.875	0.5389087141954996
618.866	0.48926550509849853
619.857	0.3732470785378985
620.848	0.30578615586889946
621.839	0.23904453660999941
622.839	0.4500198515295996
623.839	0.7221705920686997
624.83	0.5659462512789977
625.8240000000001	0.4274484363893995
626.8240000000001	0.6615013879099996
627.8240000000001	0.8268976109299999
628.82	0.6576949810598998
629.82	0.8132361113321999
630.814	0.6455450316397997
631.814	0.7614635172753
632.808	0.6241521909897997
633.808	0.77012396551
634.808	0.8767204988857
635.799	0.5714938061999997
636.799	0.7869868222938
637.796	0.7142845434534
638.789	0.6959027480699997
639.789	0.7920182560369277
640.785	0.8124547991899997
641.785	0.899140132856622
642.7760000000001	0.6636148417994189
643.758	0.4628716253339762
644.739	0.28190773508460343
645.739	0.6077361290349986
646.73	0.6866759585998706
647.73	0.7990571997002001
648.712	0.7198456419926968
649.712	0.7826491432253938
650.712	0.815946154727791
651.703	0.7776333022993609
652.694	0.79876198669313
653.6750000000001	0.5430837657399996
654.669	0.5426599608699996
655.669	0.7365122740799996
656.669	0.8025093292608959
657.669	0.9063133543732549
658.669	0.8984959490528268
659.6510000000001	0.877242425550717
660.6510000000001	0.880040101675098
661.642	0.8721723184474119
662.62	0.8059723977415
663.611	0.6804701366687977
664.611	0.836056786046795
665.61	0.8541482346235928
666.61	0.9010347267112008
667.593	0.5685008443364835
668.585	0.6543183280671198
669.577	0.730488978531158
670.577	0.8894018071403608
671.577	0.9087970616737039
672.577	0.8987091607529868
673.5600000000001	0.9024335995870447
674.534	0.8451674753130313
675.5070000000001	0.8488479689569798
676.48	0.7115553193374812
677.462	0.7177179983810484
678.444	0.6158758158878698
679.4350000000001	0.7033190810273946
680.426	0.7534665359474998
681.417	0.7537815639942806
682.404	0.6670480033718956
683.395	0.7267082220538909
684.386	0.7266012428417796
685.369	0.5747145832055967
686.36	0.4977381551885996
687.351	0.38100013360969953
688.342	0.11664590962547912
689.339	0.16511972663389535
690.336	0.24369302827819742
691.3340000000001	0.2511405512676954
692.332	0.2382909256690984
693.33	0.28651138096999945
694.328	0.2352329553991994
695.326	0.23375298994999938
696.3240000000001	0.2333729049799994
697.322	0.23311418254849736
698.32	0.24244093213729642
699.318	0.23073948397829938
700.316	0.22947120784949837
701.316	0.49584886416679064
702.313	0.30710267782508643
703.312	0.3050873559899995
704.311	0.3039524327191984
705.3100000000001	0.2233250772973954
706.309	0.3014397786295995
707.308	0.22042458007579144
708.307	0.2194178156693994
709.307	0.4969729545299997
710.307	0.8944898024048
711.307	0.9427697574990747
712.307	0.941400868466473
713.298	0.7343570859770507
714.297	0.47241049435999954
715.295	0.7218406169569878
716.295	0.9399324576299984
717.295	0.9688474406109776
718.2860000000001	0.9282512784238542
719.277	0.9268261007732483
720.268	0.9052121970909148
721.259	0.9005326683049997
722.25	0.8977651057069376
723.231	0.7963017687593947
724.212	0.7243626546088288
725.203	0.8115358784447476
726.184	0.7496452412063997
727.165	0.47026411984983146
728.1560000000001	0.5579292002477687
729.139	0.30640670016559646
730.13	0.33400965975253527
731.121	0.4408300091475985
732.102	0.301953166496555
733.083	0.24187045721095135
734.073	0.2411637594079866
735.073	0.40013072658289045
736.063	0.40126023501918245
737.054	0.3926500077479995
738.045	0.3742764932597995
739.038	0.2646808911410854
740.035	0.40053797086879955
741.035	0.7150889992727859
742.035	0.8225001378858998
743.034	0.860900963286491
744.034	0.939018307723214
745.034	0.9578682259330329
746.034	0.9668763298505797
747.034	0.9659741217081269
748.034	0.9650719135656738
749.034	0.9641697054232209
750.034	0.9632674972807678
751.034	0.9623652891383149
752.034	0.961463080995862
753.034	0.960560872853409
754.025	0.9203757002453692
755.0070000000001	0.5117535213380986
756.006	0.46817192731739565
757.006	0.7245094839540879
758.006	0.892334210586792
759.006	0.950287355239701
759.998	0.5958804992469947
760.998	0.9128289022874999
761.998	0.9592775658081
762.989	0.8695691846095351
763.98	0.8023438506015999
764.98	0.9475220095294999
765.971	0.5945373358399997
766.971	0.912198521275723
767.971	0.9609909035625896
768.962	0.8012617310435908
769.957	0.6517882222316917
770.948	0.26841046230869847
771.948	0.6331457989474997
772.948	0.8692783030394708
773.948	0.9215059266278787
774.9350000000001	0.8163882552044988
775.926	0.7870210919177878
776.91	0.6922823615392909
777.9	0.7136139231176597
778.891	0.5774856869273987
779.891	0.8515363974502469
780.883	0.6456847033468714
781.883	0.8767668731060669
782.865	0.4196527455196995
783.865	0.7140742375338757
784.865	0.860066778188058
785.8580000000001	0.5750115953672946
786.8580000000001	0.9120129297141344
787.849	0.5547795510986997
788.849	0.8791943177862274
789.84	0.8489147695138998
790.831	0.7610527103463174
791.823	0.4760874263790996
792.814	0.26973222912167644
793.8050000000001	0.17319532777639438
794.796	0.19410540219669836
795.796	0.7606116944102529
796.787	0.6131436009542997
797.778	0.46745495273739657
798.773	0.44799531733999953
799.773	0.8667598645654999
800.761	0.7603126377588988
801.755	0.851522838574619
802.755	0.8944831940304943
803.736	0.5652069657280996
804.7280000000001	0.6727073574268337
805.719	0.771126281912896
806.701	0.3611977084790405
807.692	0.5276631969858446
808.682	0.6154686851932316
809.663	0.3464917883456954
810.653	0.3561086636236945
811.644	0.35495283214239054
812.635	0.3842550902108846
813.626	0.4329663349390826
814.617	0.5109452953289544
815.607	0.6468440251390802
816.588	0.5137998886880376
817.5690000000001	0.48930228928430863
818.5500000000001	0.40533639475282823
819.541	0.5785667231521443
820.522	0.41675981914868354
821.511	0.5742795778066857
822.5020000000001	0.6312106737208477
823.4830000000001	0.6175953038093265
824.474	0.7120238590793498
825.474	0.7786266169115098
826.446	0.6751545769314776
827.434	0.7359228919353947
828.4250000000001	0.7436960556409968
829.4060000000001	0.6924491710216866
830.391	0.5482488480761676
831.391	0.7199343762887986
832.3820000000001	0.7803021944647999
833.3820000000001	0.8540336475652919
834.367	0.8538890859879991
835.361	0.5965782468196997
836.361	0.8329251490887988
837.357	0.8239036031784
838.354	0.3351055768998995
839.354	0.4723974017493997
840.354	0.7196999598859749
841.354	0.9173668080758709
842.345	0.48300028982519166
843.336	0.3784027578354905
844.328	0.2724219019659984
845.328	0.6047059877995997
846.328	0.8793491837179939
847.326	0.6097180159399997
848.326	0.8575802219617779
849.326	0.946207568690252
850.326	0.9549694027365451
851.326	0.9537633096295187
852.326	0.9525511947118326
853.326	0.9614176677941464
854.326	0.9603993718764603
855.326	0.9694305759587744
856.326	0.9685031800410882
857.326	0.9675757841234021
858.317	0.8202393237404572
859.317	0.9455496233513087
860.317	0.9614311186216987
861.308	0.9682756373008999
862.308	0.9670446117250591
863.307	0.966938582053414
864.307	0.965979238603532
865.288	0.49582877070211073
866.279	0.5150116053731786
867.27	0.4574082444989996
868.269	0.6038101289102014
869.269	0.8404247750612835
870.269	0.9488043362215535
871.269	0.9678310108275937
872.25	0.41865817529398486
873.231	0.2687148335563369
874.231	0.3324079086776985
875.231	0.5156207481353886
876.231	0.8823378410880729
877.231	0.940615508874445
878.231	0.9596704308564087
879.231	0.9587325258685226
880.231	0.9577946208806364
881.212	0.30004725872965365
882.193	0.22988365759964718
883.193	0.28353068337929843
884.193	0.4171358159299996
885.193	0.7322092614584769
886.193	0.9304819994232507
887.174	0.3027003634751727
888.157	0.19138916216304724
889.157	0.2342890834191994
890.157	0.3892619632271925
891.157	0.7155540702055938
892.157	0.9229884025123699
893.157	0.9619711549027236
894.145	0.42721752629420406
895.136	0.3697593933527805
896.136	0.7254748073286998
897.136	0.8831223001857968
898.1270000000001	0.40814359766789643
899.1270000000001	0.8919256070198969
900.12	0.4964468764877956
901.12	0.8227550657589987
902.119	0.942037994605093
903.119	0.9608233916032107
904.11	0.7932194712445138
905.101	0.527728939176251
906.101	0.8825583978330998
907.101	0.9607991511324618
908.092	0.5348502137562794
909.083	0.4184979847789635
910.083	0.8314975452449397
911.0740000000001	0.6540603956169888
912.0740000000001	0.900357541891494
913.065	0.33638540255569443
914.057	0.3381860659189994
915.057	0.7784130845556999
916.057	0.871833535877458
917.048	0.8524556467478699
918.039	0.8333079762092388
919.03	0.8339500086354036
920.0210000000001	0.8342866764174294
921.0120000000001	0.8442590165015679
922.0120000000001	0.89562690048556
922.987	0.8011129570377254
923.9780000000001	0.7811683355417632
924.964	0.7357425215408218
925.955	0.695839742625204
926.941	0.5313884579771875
927.929	0.5124411884663695
928.9200000000001	0.5818308515880456
929.908	0.42593862643037556
930.899	0.23920612393589238
931.89	0.3088089687581914
932.881	0.3297803220750835
933.8720000000001	0.3401766605268994
934.863	0.32186737073327343
935.854	0.3518807824183975
936.846	0.4800120608281995
937.838	0.5486758009265996
938.8290000000001	0.5487380812755887
939.818	0.3227829945841965
940.8100000000001	0.44940240170299056
941.792	0.28014609679298635
942.792	0.6063989488896857
943.783	0.6352509652189997
944.765	0.3577105540859337
945.756	0.4939938788176985
946.7470000000001	0.6416951753011998
947.737	0.5647268860399997
948.725	0.3892481374090995
949.716	0.36962315901608955
950.707	0.40967034194219853
951.698	0.44004018990989957
952.684	0.4157730116498995
953.678	0.5122053468250997
954.669	0.6115880616948997
955.66	0.6815333294553997
956.644	0.2915200064301025
957.635	0.4099070523357935
958.625	0.3521998400646273
959.616	0.4424219089885996
960.607	0.27602995242949935
961.5980000000001	0.1291163848837903
962.589	0.16083694195558834
963.586	0.3050387637047924
964.577	0.2981160317487984
965.568	0.1925352614644884
966.568	0.2556693765380984
967.568	0.5694467498984996
968.568	0.8347643766159969
969.568	0.8919177727453669
970.568	0.9193167260090036
971.568	0.9369986696911825
972.568	0.9348829032690158
973.567	0.8938345405682999
974.563	0.5456378854099997
975.563	0.7428899422333999
976.563	0.8703525661409429
977.563	0.918135650975403
978.563	0.9161825292670366
979.554	0.7203775381999997
980.554	0.9019355465462998
981.5450000000001	0.8838746229946437
982.5360000000001	0.7960584805426488
983.527	0.7979273663373188
984.518	0.7899132253604247
985.509	0.7918223693851597
986.509	0.8043821152397749
987.5	0.8057689652221488
988.5	0.8069019004521911
989.491	0.8080534095026998
990.491	0.81303691733468
991.482	0.807483253246196
992.4730000000001	0.8325580746077936
993.457	0.7951137033345439
994.457	0.8620125143503171
995.457	0.8793471836583016
996.457	0.9270405173835401
997.455	0.6571725728192988
998.455	0.8946729796790878
999.455	0.9425319351535597
1000.455	0.9506253012420168
1001.439	0.458959004782719
1002.4300000000001	0.5296421630786985
1003.421	0.4025213504648925
1004.412	0.32524670241829645
1005.4110000000001	0.35108622932076744
1006.4110000000001	0.5850240141899996
1007.4110000000001	0.867555494101195
1008.402	0.7527890828726999
1009.3960000000001	0.4560831259354906
1010.38	0.27401925466775456
1011.364	0.2800718145838666
1012.347	0.2848719038398869
1013.33	0.34752093448894317
1014.313	0.3812571208143102
1015.296	0.31694324477735664
1016.278	0.27142767498546716
1017.26	0.27655305380146866
1018.2420000000001	0.2820292334489881
1019.2230000000001	0.2890107286980162
1020.2040000000001	0.25745075118409505
1021.184	0.1368970937125242
1022.174	0.13444339133217226
1023.171	0.15641310989548332
1024.171	0.2853295449414865
1025.17	0.36743568595319254
1026.17	0.7089629509964999
1027.167	0.6181219124061516
1028.167	0.8643108996476999
1029.164	0.8649124510639088
1030.164	0.9331832762856267
1031.164	0.9419637043664032
1032.164	0.9408235231515576
1033.164	0.9396857571786191
1034.164	0.9385479912056809
1035.159	0.36220199999999947
1036.159	0.6597725239999999
1037.159	0.8975919470439538
1038.159	0.9562683999622827
1039.159	0.9553361368244759
1040.159	0.9544183781040383
1041.159	0.9525336022449609
1042.159	0.9479561993936235
1043.152	0.7798538435076207
1044.134	0.3642770374033884
1045.132	0.3912211682064926
1046.132	0.6962624502889977
1047.132	0.8637401970806566
1048.13	0.7640489811397998
1049.13	0.9323167251972823
1050.13	0.948127577195097
1051.121	0.9479805470623665
1052.103	0.461200303433005
1053.103	0.8536894036071534
1054.094	0.6180621011253997
1055.093	0.5363081709991997
1056.093	0.873198017488147
1057.093	0.9519586192396352
1058.093	0.9577990967685812
1059.084	0.9477475628859757
1060.084	0.953084876996501
1061.066	0.47823198543979956
1062.066	0.8438752169699499
1063.066	0.9618502610351297
1064.057	0.7148217014907163
1065.048	0.5983990292620044
1066.039	0.7746957727332787
1067.028	0.5071763479059935
1068.019	0.7229343517177909
1069.001	0.6128910258690966
1069.992	0.6329390671892997
1070.983	0.6429439273076999
1071.973	0.6035298522051947
1072.964	0.7507468102361997
1073.9470000000001	0.5002540942591996
1074.938	0.6086106604249967
1075.926	0.46306170752239434
1076.917	0.5018961211981967
1077.9080000000001	0.6298417938120997
1078.8990000000001	0.7187972294594929
1079.887	0.4729934905344986
1080.878	0.4441386681599996
1081.869	0.3958690596192985
1082.857	0.3684017534856995
1083.848	0.4281732082484996
1084.848	0.7586745620639698
1085.839	0.8090004196375999
1086.82	0.4506347964574996
1087.813	0.5995058082587996
1088.813	0.8222209014908859
1089.806	0.7953393643563557
1090.801	0.5080561374290996
1091.801	0.7450911349671998
1092.801	0.893010213168486
1093.8	0.9324125345452845
1094.798	0.3830769968999995
1095.798	0.6413193475187998
1096.798	0.8698092361999816
1097.798	0.9585941408684685
1098.798	0.9576286370379157
1099.798	0.9567099485486239
1100.798	0.955791260059332
1101.789	0.6307388853056457
1102.789	0.8873131067190857
1103.788	0.41724009389999955
1104.788	0.6855318208288999
1105.788	0.8841832759201489
1106.788	0.9631020735455708
1107.788	0.9621333711499692
1108.779	0.9019733245979773
1109.76	0.47278815525349954
1110.76	0.5962906838054907
1111.751	0.6289940522008997
1112.742	0.3945574079670965
1113.742	0.7789110493869938
1114.742	0.9163234440983671
1115.742	0.9450543247522607
1116.73	0.2230558661880634
1117.73	0.6055325493464125
1118.724	0.8767659625562828
1119.724	0.944443044757201
1120.715	0.8455930472893938
1121.715	0.9419908791982339
1122.707	0.5182271676196997
1123.707	0.8752326835383939
1124.7060000000001	0.5951985939999997
1125.7060000000001	0.9137220275666926
1126.6970000000001	0.7243483148341877
1127.688	0.44939897980989957
1128.681	0.33205175315789653
1129.679	0.5669078640077987
1130.671	0.3019306823484984
1131.662	0.45090423079539166
1132.662	0.7752642283115978
1133.66	0.6736468046695997
1134.654	0.7364745065199999
1135.654	0.9437653334951435
1136.654	0.9455056038061447
1137.635	0.5159653888575777
1138.626	0.5947980199386997
1139.617	0.46860208628999955
1140.617	0.7531087570740986
1141.611	0.8356864535079629
1142.6000000000001	0.3990282771455956
1143.6000000000001	0.6730006594619776
1144.5910000000001	0.2894245814344904
1145.5910000000001	0.6638632933458999
1146.582	0.4280183907323265
1147.573	0.5666157863632676
1148.563	0.5485144561043996
1149.554	0.4319344364270995
1150.554	0.7043464799867998
1151.544	0.5291699597582002
1152.535	0.6869661791995969
1153.535	0.8496288485584516
1154.535	0.913730613244856
1155.512	0.7256603430825967
1156.502	0.5687437107123677
1157.493	0.3146803417397995
1158.493	0.6784206222650938
1159.484	0.6488367337077637
1160.482	0.7946707697781469
1161.467	0.6105465152957626
1162.457	0.6403480530498767
1163.4470000000001	0.6584984040357357
1164.4470000000001	0.8385258212959156
1165.438	0.840158393323972
1166.429	0.8483939731660839
1167.42	0.8763341527609456
1168.411	0.8745793041703608
1169.392	0.833693873508551
1170.383	0.8844489555093599
1171.374	0.8573101178099753
1172.374	0.8811310926020343
1173.374	0.8942907388791009
1174.355	0.8737663216695408
1175.346	0.8434687841621747
1176.33	0.8085875688376425
1177.311	0.5860675158242388
1178.292	0.5229381567990229
1179.2830000000001	0.6392153134355035
1180.275	0.7049900746692462
1181.275	0.8614723987028198
1182.275	0.8879541558044107
1183.247	0.8633508318441961
1184.2160000000001	0.6903658791690737
1185.204	0.7689198343963255
1186.185	0.6490496595049927
1187.166	0.5280775749461986
1188.157	0.6258790707931957
1189.146	0.5777469447190986
1190.136	0.5610866453386997
1191.136	0.7739682380779979
1192.136	0.8693641661383978
1193.126	0.6168340275991997
1194.126	0.8634506891884999
1195.126	0.9111619491691891
1196.126	0.919152690531879
1197.124	0.9292091833511489
1198.115	0.5146079844934395
1199.106	0.3906388573863942
1200.1000000000001	0.2831088623453914
1201.1000000000001	0.47697614697999957
1202.1000000000001	0.7419009754390788
1203.1000000000001	0.919209349167152
1204.099	0.7286008859999998
1205.099	0.9169574267800678
1206.099	0.9355156935936556
1207.099	0.9542357932761059
1208.099	0.9631758476565813
1209.099	0.96217548386247
1210.099	0.9611751200683588
1211.099	0.9601747562742478
1212.099	0.9591743924801367
1213.099	0.9562553959238221
1214.09	0.8111759358560839
1215.09	0.9586495801353468
1216.09	0.9576259051237482
1217.0810000000001	0.8103034394128846
1218.0810000000001	0.9571471739132602
1219.0810000000001	0.9539095063920513
1220.0720000000001	0.9086012848255893
1221.0720000000001	0.9547760416274008
1222.063	0.8791818018805964
1223.063	0.9550775540114138
1224.045	0.5944506290988508
1225.045	0.8685279869134517
1226.036	0.8428417327437479
1227.036	0.9400008507107438
1228.035	0.9195792439370253
1229.035	0.9540358615865036
1230.035	0.9493952432294565
1231.035	0.9440133427549
1232.017	0.9381874571311404
1233.017	0.9333906179730476
1234.008	0.9484146898948477
1235.008	0.9540507512408208
1235.999	0.9611577207567186
1236.999	0.960242353997767
1237.98	0.26279480988719844
1238.971	0.34252999464694234
1239.971	0.6356392317498998
1240.962	0.42123795088949856
1241.962	0.6761042825798996
1242.961	0.8437944520360999
1243.961	0.9522326124848577
1244.942	0.3044991122864787
1245.923	0.27359251312472144
1246.923	0.28681031218899944
1247.923	0.4410922855699995
1248.923	0.8068412006399999
1249.923	0.9347667878986553
1250.923	0.9638013028984367
1251.923	0.9629049261313516
1252.923	0.9620085493642664
1253.923	0.9611121725971813
1254.904	0.3033703643317607
1255.885	0.27233399087425825
1256.885	0.2855671801589994
1257.885	0.45000116957999964
1258.885	0.8057565888372998
1259.885	0.9337299443744113
1260.866	0.39459026273082237
1261.857	0.5521729795203192
1262.857	0.7250037250645939
1263.848	0.7387916020282997
1264.848	0.8857039973890879
1265.844	0.9273094172649701
1266.844	0.9559774646032103
1267.826	0.3281732568360777
1268.816	0.3592590747357869
1269.816	0.5420508053388997
1270.816	0.8388189938133899
1271.816	0.9269490407003087
1272.816	0.9656518429037019
1273.815	0.9656052767729116
1274.798	0.29718255036170826
1275.788	0.28906729564438094
1276.788	0.6417658699776997
1277.788	0.8584449745970858
1278.788	0.956469542012711
1279.787	0.8362627847199998
1280.787	0.955076499258514
1281.787	0.9640856171688205
1282.768	0.2861461054350837
1283.758	0.13126903452828131
1284.752	0.21951361106849937
1285.749	0.3833963518739193
1286.74	0.3073999248667944
1287.739	0.3825279434198995
1288.739	0.6874200180268947
1289.733	0.6997732317799918
1290.733	0.9466707572020447
1291.722	0.3813275494435493
1292.713	0.3241619071546236
1293.713	0.6492555455960937
1294.713	0.8769465144434059
1295.704	0.7492624418587251
1296.695	0.47391713358975146
1297.695	0.8485248336889297
1298.695	0.9564945001196488
1299.686	0.5999316485280778
1300.6770000000001	0.5123882408395997
1301.6770000000001	0.8264347845391999
1302.671	0.7591110849598999
1303.671	0.9564714678382831
1304.662	0.5999769428049908
1305.662	0.8821741960084989
1306.653	0.8369508930672969
1307.644	0.7281508006924697
1308.638	0.4805604413797996
1309.6290000000001	0.5305409429322944
1310.6200000000001	0.6296695415392364
1311.6200000000001	0.8148256204042958
1312.611	0.7946342001322698
1313.602	0.7351008796940818
1314.593	0.6200478302487987
1315.584	0.2760017187983994
1316.584	0.5198559795666996
1317.575	0.6005212595399997
1318.573	0.6872609003560999
1319.565	0.7757386815974949
1320.556	0.7960365863948898
1321.547	0.8064898070441017
1322.538	0.7875827280261676
1323.529	0.7288461846755254
1324.52	0.7098741300334774
1325.511	0.7305809316698234
1326.502	0.6807097293917198
1327.493	0.7189851830851961
1328.484	0.7379574925655089
1329.465	0.5466800279051016
1330.4560000000001	0.6250313265285916
1331.441	0.4322096488113965
1332.432	0.4220793854984815
1333.422	0.38372563997579756
1334.413	0.3836745043800972
1335.403	0.2658151771022844
1336.394	0.33407420231149554
1337.385	0.4043438630195996
1338.376	0.38572430293469656
1339.367	0.4261464807438986
1340.359	0.5347218381105996
1341.347	0.1809758226694863
1342.339	0.27855283850859947
1343.328	0.3683944650978975
1344.328	0.7455457896700998
1345.32	0.7544058688695998
1346.31	0.7550646005846757
1347.301	0.7649402811295998
1348.301	0.8956763328142978
1349.2830000000001	0.7749425553542979
1350.265	0.6939764948910228
1351.256	0.7235120083398998
1352.238	0.4136959117926995
1353.229	0.4531841813433976
1354.22	0.5433378611556997
1355.202	0.3344038807346868
1356.202	0.7417383850384397
1357.202	0.8234474922810731
1358.183	0.7234739639972958
1359.167	0.42362870152649756
1360.159	0.4630682223789996
1361.159	0.7636504148071956
1362.159	0.9061755725852909
1363.15	0.8891716897975991
1364.135	0.7481904082298628
1365.126	0.6206581275187978
1366.126	0.8812804580977979
1367.117	0.851611200348197
1368.108	0.852228029936897
1369.108	0.9034771979063
1370.108	0.9153679448976969
1371.099	0.9157005320149949
1372.099	0.9288579388273991
1373.099	0.9217790528477969
1374.09	0.923377732416096
1375.09	0.9169600117438971
1376.09	0.910174689031097
1377.09	0.9039476841797971
1378.09	0.897979041978397
1379.09	0.892309930197497
1380.09	0.8866666076095968
1381.09	0.8810747356177968
1382.082	0.8903878443175909
1383.064	0.8899604097902502
1384.046	0.8989674348341888
1385.019	0.8747846607551828
1386.019	0.8958560115263658
1386.992	0.8629286119113622
1387.964	0.8537002587484679
1388.945	0.8359745777104338
1389.936	0.8206993120648818
1390.93	0.8132173579555204
1391.93	0.8792498219680859
1392.923	0.9335700793669437
1393.923	0.9523851480026586
1394.923	0.9713788290584908
1395.923	0.9705798364585039
1396.923	0.9697835764846471
1397.923	0.9689873165107905
1398.923	0.9681910565369337
1399.923	0.9673947965630769
1400.923	0.9665985365892203
1401.923	0.9658022766153637
1402.923	0.965006016641507
1403.914	0.9559720551750651
1404.905	0.7785660401007877
1405.902	0.6169414625886978
1406.902	0.8620195277541438
1407.893	0.5988723265418696
1408.893	0.8667926699996268
1409.893	0.9556523033689847
1410.884	0.8769722925834595
1411.875	0.759321688745706
1412.865	0.3139770762290995
1413.865	0.6173530731448946
1414.856	0.3435075635489995
1415.855	0.6103329797167997
1416.855	0.9379503454894
1417.855	0.9670029508257589
1418.855	0.966276701465873
1419.855	0.9655544459441775
1420.846	0.7485203346108099
1421.837	0.582331696157224
1422.837	0.9267683007864167
1423.833	0.4493680817884935
1424.833	0.7968117004052978
1425.833	0.9350019950541951
1426.83	0.7760675713199997
1427.83	0.954607866059205
1428.83	0.96057088245786
1429.83	0.9564784532949163
1430.8120000000001	0.7186736252296657
1431.811	0.4277067726099995
1432.811	0.7618547444476785
1433.8020000000001	0.5678335415543916
1434.8020000000001	0.8448770074621835
1435.8020000000001	0.9405404328110685
1436.7930000000001	0.8158197280730046
1437.7930000000001	0.950698575478821
1438.784	0.8159719871135678
1439.784	0.9541096219510002
1440.775	0.9128458710193257
1441.766	0.9010446922390168
1442.757	0.874133318403777
1443.748	0.8572885074695848
1444.748	0.915450853832168
1445.746	0.8858701381348655
1446.746	0.9549274852708503
1447.737	0.8742197227797759
1448.728	0.9135724814445919
1449.719	0.896951811437871
1450.717	0.6969802649969948
1451.715	0.8667766389721859
1452.715	0.9513424714821879
1453.715	0.9457896277552991
1454.7060000000001	0.9458477108066949
1455.69	0.8538037304788989
1456.679	0.6096009574990997
1457.673	0.35262372126819747
1458.672	0.7292017758694365
1459.672	0.9265039481008092
1460.672	0.941683968228447
1461.663	0.8042845703233691
1462.651	0.4212315711994995
1463.651	0.8422437910151979
1464.642	0.6464626718361997
1465.633	0.40186703178869854
1466.628	0.2039773662787984
1467.621	0.20668378826607828
1468.614	0.21028754062398838
1469.607	0.21428065113835834
1470.6000000000001	0.22776866788584904
1471.593	0.22796847616167829
1472.586	0.2375229584475974
1473.579	0.2183123771916944
1474.5720000000001	0.21850354210046238
1475.565	0.21959715105604188
1476.558	0.2307516601017934
1477.5520000000001	0.2205044483109904
1478.546	0.22123373947229236
1479.54	0.2228877623497311
1480.534	0.2240376400463994
1481.528	0.22648831854102142
1482.528	0.32100180903172826
1483.519	0.34091419191757644
1484.509	0.26182464051857435
1485.502	0.2521989861182162
1486.496	0.2494658995721397
1487.49	0.25722958390401723
1488.484	0.2559251204902644
1489.478	0.2648629360853943
1490.472	0.2741726227984884
1491.4660000000001	0.21377546467266836
1492.461	0.2318505937456623
1493.4560000000001	0.25985204355529645
1494.451	0.3385455620558994
1495.4460000000001	0.3569688965069984
1496.441	0.41684658740669955
1497.436	0.4169596531834896
1498.431	0.39770552155547856
1499.426	0.43712012056639954
1500.421	0.47477408462718357
1501.421	0.6482971769930999
1502.42	0.7036318487067054
1503.411	0.5983176606097378
1504.402	0.37384965528358655
1505.3980000000001	0.38395077414599654
1506.394	0.39317248802619653
1507.394	0.6754512643594996
1508.39	0.6447874722266996
1509.381	0.36041880257116543
1510.378	0.37961175365569344
1511.372	0.23175966309298737
1512.371	0.4959735868298997
1513.3690000000001	0.5940049723344997
1514.366	0.5231763539895997
1515.364	0.4117456214991995
1516.362	0.5097912350685996
1517.3600000000001	0.4187755499689995
1518.358	0.5071967864781997
1519.355	0.4267059107996996
1520.355	0.6920773757593989
1521.355	0.8785692801592998
1522.352	0.38018500192989957
1523.351	0.37885396490989953
1524.351	0.48605688293989957
1525.351	0.6435771088797998
1526.351	0.8716072343493997
1527.351	0.9500646403256721
1528.347	0.6220085999999997
1529.347	0.9194677421260933
1530.347	0.9578280941919833
1531.347	0.9563752185785899
1532.338	0.9366955138791532
1533.329	0.8584461399535929
1534.329	0.9232361370080947
1535.319	0.5995865525590998
1536.311	0.6824627630082567
1537.311	0.9192265344142989
1538.308	0.3708829226188985
1539.308	0.6585722589499997
1540.308	0.8969451098127399
1541.308	0.9556768851327894
1542.308	0.950746818775431
1543.299	0.9062648491082433
1544.298	0.49603329099999965
1545.298	0.8542227230240033
1546.289	0.9027354533750014
1547.28	0.9111635426528676
1548.271	0.9096670228814115
1549.262	0.8975221320159463
1550.243	0.7434294244621777
1551.224	0.6502514176448938
1552.205	0.6082015342937926
1553.1960000000001	0.6374151596519908
1554.1870000000001	0.679635992025096
1555.178	0.5828159590660986
1556.178	0.7583625787151999
1557.175	0.6984703603394987
1558.175	0.895754025614455
1559.174	0.6655525929999997
1560.171	0.5864571939899996
1561.171	0.9044683169771247
1562.171	0.9636244301045009
1563.171	0.9630064136794584
1564.171	0.9623957399407465
1565.171	0.9617850662020346
1566.171	0.9611743924633227
1567.171	0.9595919635266026
1568.171	0.9550663644870234
1569.171	0.9500719103498644
1570.152	0.4349842679674996
1571.147	0.7441038388493989
1572.147	0.9215534243125307
1573.145	0.7225588293997997
1574.145	0.9311482434512837
1575.145	0.9503312721602545
1576.136	0.752835925951447
1577.127	0.6260239894237479
1578.127	0.9204213277463501
1579.127	0.9242921927173178
1580.127	0.9282222609242571
1581.108	0.5726984159799997
1582.099	0.26864319131649644
1583.099	0.6244525201954997
1584.099	0.9021433120966297
1585.098	0.7122974439999997
1586.098	0.9512723009164074
1587.098	0.9570158135455702
1588.098	0.9527837073349914
1589.098	0.9586415011244125
1590.07	0.38137198684697354
1591.07	0.8139182337853884
1592.07	0.9218379812051962
1593.061	0.8625554867434171
1594.061	0.9369993569615801
1595.0520000000001	0.8730042853082548
1596.051	0.8226147671305509
1597.051	0.9416613672726103
1598.0420000000001	0.9116967379590549
1599.0420000000001	0.9479218335404418
1600.0330000000001	0.8732782963546164
1601.0330000000001	0.9519981122578167
1602.0330000000001	0.961331283186382
1603.0240000000001	0.9213699641575528
1604.0240000000001	0.9575393629393519
1605.015	0.8913539126192314
1606.006	0.5954721930373243
1606.997	0.40991241210319757
1607.997	0.8445061222537354
1608.997	0.9495183900086341
1609.988	0.5541514407127407
1610.979	0.7165226059175389
1611.978	0.5740523899936707
1612.97	0.6674109868794988
1613.97	0.9442805048740521
1614.97	0.9635437080714838
1615.97	0.9694306620083313
1616.961	0.8945710166370254
1617.961	0.9697568543364282
1618.952	0.8948774694967089
1619.952	0.9736904802373323
1620.952	0.969650224044636
1621.943	0.894785669496709
1622.943	0.9735986802373324
1623.943	0.969559324044636
1624.934	0.8946938694967089
1625.934	0.9735068802373322
1626.934	0.969468424044636
1627.925	0.8946020694967091
1628.925	0.9734150802373324
1629.925	0.969377524044636
1630.916	0.8945102694967089
1631.916	0.9833323802373323
1632.916	0.9792857059546359
1633.907	0.9044275694967091
1634.907	0.9833314802373323
1635.907	0.979284805954636
1636.8980000000001	0.9044266694967091
1637.8980000000001	0.9833305802373323
1638.8980000000001	0.979283905954636
1639.8890000000001	0.904425769496709
1640.8890000000001	0.9833296802373322
1641.8890000000001	0.979283005954636
1642.88	0.8705479542255928
1643.88	0.9454955477404917
1644.8700000000001	0.8098705455599997
1645.861	0.6969820486399998
1646.861	0.9250658713397596
1647.861	0.9646008955593051
1648.861	0.9742643284208463
1649.861	0.9703042721898543
1650.852	0.8954923318886707
1651.852	0.9844948881423994
1652.852	0.9842460647366446
1653.852	0.9802750414452891
1654.843	0.9054716828418986
1655.843	0.9844772029927614
1656.843	0.9842288010524426
1657.843	0.980256728790724
1658.834	0.9054520337951267
1659.834	0.9844595178431231
1660.834	0.9842115373682406
1661.834	0.9839715647366447
1662.825	0.9340586327797011
1663.816	0.8467968380651517
1664.816	0.9450698338738279
1665.815	0.9554583649729197
1666.815	0.9650692566372764
1667.815	0.9811654606943381
1668.806	0.9064078001870886
1669.806	0.9855145257481904
1670.806	0.9853469821052115
1671.806	0.9851815457894135
1672.806	0.9850161094736155
1673.806	0.9848506731578174
1674.806	0.9846852368420194
1675.806	0.9845198005262213
1676.806	0.9806096769359423
1677.797	0.9058610961870884
1678.797	0.9638495758167036
1679.797	0.9817299839999998
1680.7930000000001	0.9852879
1681.7930000000001	0.985197
1682.7930000000001	0.9851061
1683.7930000000001	0.9850152
1684.7930000000001	0.9849243
1685.7930000000001	0.9848334
1686.7930000000001	0.9847425
1687.7930000000001	0.9846516
1688.7930000000001	0.9945900000000001
1689.7930000000001	0.9945900000000001
1690.7930000000001	0.9945900000000001
1691.7930000000001	0.9945900000000001
1692.7930000000001	0.9945900000000001
1693.7930000000001	0.9945900000000001
1694.7930000000001	0.9945900000000001
1695.7930000000001	0.9945900000000001
1696.7930000000001	0.9945900000000001
1697.7930000000001	0.9945900000000001
1698.7930000000001	0.9945900000000001
1699.7930000000001	0.9945900000000001
1700.7930000000001	0.9945900000000001
1701.7930000000001	0.9945900000000001
1702.7930000000001	0.9945900000000001
1703.7930000000001	0.9945900000000001
1704.7930000000001	0.9945900000000001
1705.7930000000001	0.9945900000000001
1706.7930000000001	0.9945900000000001
1707.7930000000001	0.9945900000000001
1708.7930000000001	0.9945900000000001
1709.7930000000001	0.9945900000000001
1710.7930000000001	0.9945900000000001
1711.7930000000001	0.9945900000000001
1712.7930000000001	0.9945900000000001
1713.7930000000001	0.9945900000000001
1714.7930000000001	0.9945900000000001
1715.7930000000001	0.9945900000000001
1716.7930000000001	0.9945900000000001
1717.7930000000001	0.9945900000000001
1718.7930000000001	0.9945900000000001
1719.7930000000001	0.9945900000000001
1720.7930000000001	0.9945900000000001
1721.7930000000001	0.9945900000000001
1722.7930000000001	0.9945900000000001
1723.7930000000001	0.9945900000000001
1724.7930000000001	0.9945900000000001
1725.7930000000001	0.9945900000000001
1726.7930000000001	0.9945900000000001
1727.7930000000001	0.9945900000000001
1728.7930000000001	0.9945900000000001
1729.7930000000001	0.9945900000000001
1730.7930000000001	0.9945900000000001
1731.7930000000001	0.9945900000000001
1732.7930000000001	0.9945900000000001
1733.7930000000001	0.9945900000000001
1734.7930000000001	0.9945900000000001
1735.7930000000001	0.9945900000000001
1736.7930000000001	0.9945900000000001
1737.7930000000001	0.9945900000000001
1738.7930000000001	0.9945900000000001
1739.7930000000001	0.9945900000000001
1740.7930000000001	0.9945900000000001
1741.7930000000001	0.9945900000000001
1742.7930000000001	0.9945900000000001
1743.7930000000001	0.9945900000000001
1744.7930000000001	0.9945900000000001
1745.7930000000001	0.9945900000000001
1746.7930000000001	0.9945900000000001
1747.7930000000001	0.9945900000000001
1748.7930000000001	0.9945900000000001
1749.7930000000001	0.9945900000000001
1750.7930000000001	0.9945900000000001
1751.7930000000001	0.9945900000000001
1752.7930000000001	0.9945900000000001
1753.7930000000001	0.9945900000000001
1754.7930000000001	0.9945900000000001
1755.7930000000001	0.9945900000000001
1756.7930000000001	0.9945900000000001
1757.7930000000001	0.9945900000000001
1758.7930000000001	0.9945900000000001
1759.7930000000001	0.9945900000000001
1760.7930000000001	0.9945900000000001
1761.7930000000001	0.9945900000000001
1762.7930000000001	0.9945900000000001
1763.7930000000001	0.9945900000000001
1764.7930000000001	0.9945900000000001
1765.7930000000001	0.9945900000000001
1766.7930000000001	0.9945900000000001
1767.7930000000001	0.9945900000000001
1768.7930000000001	0.9945900000000001
1769.7930000000001	0.9945900000000001
1770.7930000000001	0.9945900000000001
1771.7930000000001	0.9945900000000001
1772.7930000000001	0.9945900000000001
1773.7930000000001	0.9945900000000001
1774.7930000000001	0.9945900000000001
1775.7930000000001	0.9945900000000001
1776.7930000000001	0.9945900000000001
1777.7930000000001	0.9945900000000001
1778.7930000000001	0.9945900000000001
1779.7930000000001	0.9945900000000001
1780.7930000000001	0.9945900000000001
1781.7930000000001	0.9945900000000001
1782.7930000000001	0.9945900000000001
1783.7930000000001	0.9945900000000001
1784.7930000000001	0.9945900000000001
1785.7930000000001	0.9945900000000001
1786.7930000000001	0.9945900000000001
1787.7930000000001	0.9945900000000001
1788.7930000000001	0.9945900000000001
1789.7930000000001	0.9945900000000001
1790.7930000000001	0.9945900000000001
1791.7930000000001	0.9945900000000001
1792.7930000000001	0.9945900000000001
1793.7930000000001	0.9945900000000001
1794.7930000000001	0.9945900000000001
1795.7930000000001	0.9945900000000001
1796.7930000000001	0.9945900000000001
1797.7930000000001	0.9945900000000001
1798.7930000000001	0.9945900000000001
1799.7930000000001	0.9945900000000001
1800.7930000000001	0.9945900000000001
1801.7930000000001	0.9945900000000001
1802.7930000000001	0.9945900000000001
1803.7930000000001	0.9945900000000001
1804.7930000000001	0.9945900000000001
1805.7930000000001	0.9945900000000001
1806.7930000000001	0.9945900000000001
1807.7930000000001	0.9945900000000001
1808.7930000000001	0.9945900000000001
1809.7930000000001	0.9945900000000001
1810.7930000000001	0.9945900000000001
1811.7930000000001	0.9945900000000001
1812.7930000000001	0.9945900000000001
1813.7930000000001	0.9945900000000001
1814.7930000000001	0.9945900000000001
1815.7930000000001	0.9945900000000001
1816.7930000000001	0.9945900000000001
1817.7930000000001	0.9945900000000001
1818.7930000000001	0.9945900000000001
1819.7930000000001	0.9945900000000001
1820.7930000000001	0.9945900000000001
1821.7930000000001	0.9945900000000001
1822.7930000000001	0.9945900000000001
1823.7930000000001	0.9945900000000001
1824.7930000000001	0.9945900000000001
1825.7930000000001	0.9945900000000001
1826.7930000000001	0.9945900000000001
1827.7930000000001	0.9945900000000001
1828.7930000000001	0.9945900000000001
1829.7930000000001	0.9945900000000001
1830.7930000000001	0.9945900000000001
1831.7930000000001	0.9945900000000001
1832.7930000000001	0.9945900000000001
1833.7930000000001	0.9945900000000001
1834.7930000000001	0.9945900000000001
1835.7930000000001	0.9945900000000001
1836.7930000000001	0.9945900000000001
1837.7930000000001	0.9945900000000001
1838.7930000000001	0.9945900000000001
1839.7930000000001	0.9945900000000001
1840.7930000000001	0.9945900000000001
1841.7930000000001	0.9945900000000001
1842.7930000000001	0.9945900000000001
1843.7930000000001	0.9945900000000001
1844.7930000000001	0.9945900000000001
1845.7930000000001	0.9945900000000001
1846.7930000000001	0.9945900000000001
1847.7930000000001	0.9945900000000001
1848.7930000000001	0.9945900000000001
1849.7930000000001	0.9945900000000001
1850.7930000000001	0.9945900000000001
1851.7930000000001	0.9945900000000001
1852.7930000000001	0.9945900000000001
1853.7930000000001	0.9945900000000001
1854.7930000000001	0.9945900000000001
1855.7930000000001	0.9945900000000001
1856.7930000000001	0.9945900000000001
1857.7930000000001	0.9945900000000001
1858.7930000000001	0.9945900000000001
1859.7930000000001	0.9945900000000001
1860.7930000000001	0.9945900000000001
1861.7930000000001	0.9945900000000001
1862.7930000000001	0.9945900000000001
1863.7930000000001	0.9945900000000001
1864.7930000000001	0.9945900000000001
1865.7930000000001	0.9945900000000001
1866.7930000000001	0.9945900000000001
1867.7930000000001	0.9945900000000001
1868.7930000000001	0.9945900000000001
1869.7930000000001	0.9945900000000001
1870.7930000000001	0.9945900000000001
1871.7930000000001	0.9945900000000001
1872.7930000000001	0.9945900000000001
1873.7930000000001	0.9945900000000001
1874.7930000000001	0.9945900000000001
1875.7930000000001	0.9945900000000001
1876.7930000000001	0.9945900000000001
1877.7930000000001	0.9945900000000001
1878.7930000000001	0.9945900000000001
1879.7930000000001	0.9945900000000001
1880.7930000000001	0.9945900000000001
1881.7930000000001	0.9945900000000001
1882.7930000000001	0.9945900000000001
1883.7930000000001	0.9945900000000001
1884.7930000000001	0.9945900000000001
1885.7930000000001	0.9945900000000001
1886.7930000000001	0.9945900000000001
1887.7930000000001	0.9945900000000001
1888.7930000000001	0.9945900000000001
1889.7930000000001	0.9945900000000001
1890.7930000000001	0.9945900000000001
1891.7930000000001	0.9945900000000001
1892.7930000000001	0.9945900000000001
1893.7930000000001	0.9945900000000001
1894.7930000000001	0.9945900000000001
1895.7930000000001	0.9945900000000001
1896.7930000000001	0.9945900000000001
1897.7930000000001	0.9945900000000001
1898.7930000000001	0.9945900000000001
1899.7930000000001	0.9945900000000001
1900.7930000000001	0.9945900000000001
1901.7930000000001	0.9945900000000001
1902.7930000000001	0.9945900000000001
1903.7930000000001	0.9945900000000001
1904.7930000000001	0.9945900000000001
1905.7930000000001	0.9945900000000001
1906.7930000000001	0.9945900000000001
1907.7930000000001	0.9945900000000001
1908.7930000000001	0.9945900000000001
1909.7930000000001	0.9945900000000001
1910.7930000000001	0.9945900000000001
1911.7930000000001	0.9945900000000001
1912.7930000000001	0.9945900000000001
1913.7930000000001	0.9945900000000001
1914.7930000000001	0.9945900000000001
1915.7930000000001	0.9945900000000001
1916.7930000000001	0.9945900000000001
1917.7930000000001	0.9945900000000001
1918.7930000000001	0.9945900000000001
1919.7930000000001	0.9945900000000001
1920.7930000000001	0.9945900000000001
1921.7930000000001	0.9945900000000001
1922.7930000000001	0.9945900000000001
1923.7930000000001	0.9945900000000001
1924.7930000000001	0.9945900000000001
1925.7930000000001	0.9945900000000001
1926.7930000000001	0.9945900000000001
1927.7930000000001	0.9945900000000001
1928.7930000000001	0.9945900000000001
1929.7930000000001	0.9945900000000001
1930.7930000000001	0.9945900000000001
1931.7930000000001	0.9945900000000001
1932.7930000000001	0.9945900000000001
1933.7930000000001	0.9945900000000001
1934.7930000000001	0.9945900000000001
1935.7930000000001	0.9945900000000001
1936.7930000000001	0.9945900000000001
1937.7930000000001	0.9945900000000001
1938.7930000000001	0.9945900000000001
1939.7930000000001	0.9945900000000001
1940.7930000000001	0.9945900000000001
1941.7930000000001	0.9945900000000001
1942.7930000000001	0.9945900000000001
1943.7930000000001	0.9945900000000001
1944.7930000000001	0.9945900000000001
1945.7930000000001	0.9945900000000001
1946.7930000000001	0.9945900000000001
1947.7930000000001	0.9945900000000001
1948.7930000000001	0.9945900000000001
1949.7930000000001	0.9945900000000001
1950.7930000000001	0.9945900000000001
1951.7930000000001	0.9945900000000001
1952.7930000000001	0.9945900000000001
1953.7930000000001	0.9945900000000001
1954.7930000000001	0.9945900000000001
1955.7930000000001	0.9945900000000001
1956.7930000000001	0.9945900000000001
1957.7930000000001	0.9945900000000001
1958.7930000000001	0.9945900000000001
1959.7930000000001	0.9945900000000001
1960.7930000000001	0.9945900000000001
1961.7930000000001	0.9945900000000001
1962.7930000000001	0.9945900000000001
1963.7930000000001	0.9945900000000001
1964.7930000000001	0.9945900000000001
1965.7930000000001	0.9945900000000001
1966.7930000000001	0.9945900000000001
1967.7930000000001	0.9945900000000001
1968.7930000000001	0.9945900000000001
1969.7930000000001	0.9945900000000001
1970.7930000000001	0.9945900000000001
1971.7930000000001	0.9945900000000001
1972.7930000000001	0.9945900000000001
1973.7930000000001	0.9945900000000001
1974.7930000000001	0.9945900000000001
1975.7930000000001	0.9945900000000001
1976.7930000000001	0.9945900000000001
1977.7930000000001	0.9945900000000001
1978.7930000000001	0.9945900000000001
1979.7930000000001	0.9945900000000001
1980.7930000000001	0.9945900000000001
1981.7930000000001	0.9945900000000001
1982.7930000000001	0.9945900000000001
1983.7930000000001	0.9945900000000001
1984.7930000000001	0.9945900000000001
1985.7930000000001	0.9945900000000001
1986.7930000000001	0.9945900000000001
1987.7930000000001	0.9945900000000001
1988.7930000000001	0.9945900000000001
1989.7930000000001	0.9945900000000001
1990.7930000000001	0.9945900000000001
1991.7930000000001	0.9945900000000001
1992.7930000000001	0.9945900000000001
1993.7930000000001	0.9945900000000001
1994.7930000000001	0.9945900000000001
1995.7930000000001	0.9945900000000001
1996.7930000000001	0.9945900000000001
1997.7930000000001	0.9945900000000001
1998.7930000000001	0.9945900000000001
1999.7930000000001	0.9945900000000001
2000.7930000000001	0.9945900000000001
2001.7930000000001	0.9945900000000001
2002.7930000000001	0.9945900000000001
2003.7930000000001	0.9945900000000001
2004.7930000000001	0.9945900000000001
2005.7930000000001	0.9945900000000001
2006.7930000000001	0.9945900000000001
2007.7930000000001	0.9945900000000001
2008.7930000000001	0.9945900000000001
2009.7930000000001	0.9945900000000001
2010.7930000000001	0.9945900000000001
2011.7930000000001	0.9945900000000001
2012.7930000000001	0.9945900000000001
2013.7930000000001	0.9945900000000001
2014.7930000000001	0.9945900000000001
2015.7930000000001	0.9945900000000001
2016.7930000000001	0.9945900000000001
2017.7930000000001	0.9945900000000001
2018.7930000000001	0.9945900000000001
2019.7930000000001	0.9945900000000001
2020.7930000000001	0.9945900000000001
2021.7930000000001	0.9945900000000001
2022.7930000000001	0.9945900000000001
2023.7930000000001	0.9945900000000001
2024.7930000000001	0.9945900000000001
2025.7930000000001	0.9945900000000001
2026.7930000000001	0.9945900000000001
2027.7930000000001	0.9945900000000001
2028.7930000000001	0.9945900000000001
2029.7930000000001	0.9945900000000001
2030.7930000000001	0.9945900000000001
2031.7930000000001	0.9945900000000001
2032.7930000000001	0.9945900000000001
2033.7930000000001	0.9945900000000001
2034.7930000000001	0.9945900000000001
2035.7930000000001	0.9945900000000001
2036.7930000000001	0.9945900000000001
2037.7930000000001	0.9945900000000001
2038.7930000000001	0.9945900000000001
2039.7930000000001	0.9945900000000001
2040.7930000000001	0.9945900000000001
2041.7930000000001	0.9945900000000001
2042.7930000000001	0.9945900000000001
2043.7930000000001	0.9945900000000001
2044.7930000000001	0.9945900000000001
2045.7930000000001	0.9945900000000001
2046.7930000000001	0.9945900000000001
2047.7930000000001	0.9945900000000001
2048.793	0.9945900000000001
2049.793	0.9945900000000001
2050.793	0.9945900000000001
2051.793	0.9945900000000001
2052.793	0.9945900000000001
2053.793	0.9945900000000001
2054.793	0.9945900000000001
2055.793	0.9945900000000001
2056.793	0.9945900000000001
2057.793	0.9945900000000001
2058.793	0.9945900000000001
2059.793	0.9945900000000001
2060.793	0.9945900000000001
2061.793	0.9945900000000001
2062.793	0.9945900000000001
2063.793	0.9945900000000001
2064.793	0.9945900000000001
2065.793	0.9945900000000001
2066.793	0.9945900000000001
2067.793	0.9945900000000001
2068.793	0.9945900000000001
2069.793	0.9945900000000001
2070.793	0.9945900000000001
2071.793	0.9945900000000001
2072.793	0.9945900000000001
2073.793	0.9945900000000001
2074.793	0.9945900000000001
2075.793	0.9945900000000001
2076.793	0.9945900000000001
2077.793	0.9945900000000001
2078.793	0.9945900000000001
2079.793	0.9945900000000001
2080.793	0.9945900000000001
2081.793	0.9945900000000001
2082.793	0.9945900000000001
2083.793	0.9945900000000001
2084.793	0.9945900000000001
2085.793	0.9945900000000001
2086.793	0.9945900000000001
2087.793	0.9945900000000001
2088.793	0.9945900000000001
2089.793	0.9945900000000001
2090.793	0.9945900000000001
2091.793	0.9945900000000001
2092.793	0.9945900000000001
2093.793	0.9945900000000001
2094.793	0.9945900000000001
2095.793	0.9945900000000001
2096.793	0.9945900000000001
2097.793	0.9945900000000001
2098.793	0.9945900000000001
2099.793	0.9945900000000001
2100.793	0.9945900000000001
2101.793	0.9945900000000001
2102.793	0.9945900000000001
2103.793	0.9945900000000001
2104.793	0.9945900000000001
2105.793	0.9945900000000001
2106.793	0.9945900000000001
2107.793	0.9945900000000001
2108.793	0.9945900000000001
2109.793	0.9945900000000001
2110.793	0.9945900000000001
2111.793	0.9945900000000001
2112.793	0.9945900000000001
2113.793	0.9945900000000001
2114.793	0.9945900000000001
2115.793	0.9945900000000001
2116.793	0.9945900000000001
2117.793	0.9945900000000001
2118.793	0.9945900000000001
2119.793	0.9945900000000001
2120.793	0.9945900000000001
2121.793	0.9945900000000001
2122.793	0.9945900000000001
2123.793	0.9945900000000001
2124.793	0.9945900000000001
2125.793	0.9945900000000001
2126.793	0.9945900000000001
2127.793	0.9945900000000001
2128.793	0.9945900000000001
2129.793	0.9945900000000001
2130.793	0.9945900000000001
2131.793	0.9945900000000001
2132.793	0.9945900000000001
2133.793	0.9945900000000001
2134.793	0.9945900000000001
2135.793	0.9945900000000001
2136.793	0.9945900000000001
2137.793	0.9945900000000001
2138.793	0.9945900000000001
2139.793	0.9945900000000001
2140.793	0.9945900000000001
2141.793	0.9945900000000001
2142.793	0.9945900000000001
2143.793	0.9945900000000001
2144.793	0.9945900000000001
2145.793	0.9945900000000001
2146.793	0.9945900000000001
2147.793	0.9945900000000001
2148.793	0.9945900000000001
2149.793	0.9945900000000001
2150.793	0.9945900000000001
2151.793	0.9945900000000001
2152.793	0.9945900000000001
2153.793	0.9945900000000001
2154.793	0.9945900000000001
2155.793	0.9945900000000001
2156.793	0.9945900000000001
2157.793	0.9945900000000001
2158.793	0.9945900000000001
2159.793	0.9945900000000001
2160.793	0.9945900000000001
2161.793	0.9945900000000001
2162.793	0.9945900000000001
2163.793	0.9945900000000001
2164.793	0.9945900000000001
2165.793	0.9945900000000001
2166.793	0.9945900000000001
2167.793	0.9945900000000001
2168.793	0.9945900000000001
2169.793	0.9945900000000001
2170.793	0.9945900000000001
2171.793	0.9945900000000001
2172.793	0.9945900000000001
2173.793	0.9945900000000001
2174.793	0.9945900000000001
2175.793	0.9945900000000001
2176.793	0.9945900000000001
2177.793	0.9945900000000001
2178.793	0.9945900000000001
2179.793	0.9945900000000001
2180.793	0.9945900000000001
2181.793	0.9945900000000001
2182.793	0.9945900000000001
2183.793	0.9945900000000001
2184.793	0.9945900000000001
2185.793	0.9945900000000001
2186.793	0.9945900000000001
2187.793	0.9945900000000001
2188.793	0.9945900000000001
2189.793	0.9945900000000001
2190.793	0.9945900000000001
2191.793	0.9945900000000001
2192.793	0.9945900000000001
2193.793	0.9945900000000001
2194.793	0.9945900000000001
2195.793	0.9945900000000001
2196.793	0.9945900000000001
2197.793	0.9945900000000001
2198.793	0.9945900000000001
2199.793	0.9945900000000001
2200.793	0.9945900000000001
2201.793	0.9945900000000001
2202.793	0.9945900000000001
2203.793	0.9945900000000001
2204.793	0.9945900000000001
2205.793	0.9945900000000001
2206.793	0.9945900000000001
2207.793	0.9945900000000001
2208.793	0.9945900000000001
2209.793	0.9945900000000001
2210.793	0.9945900000000001
2211.793	0.9945900000000001
2212.793	0.9945900000000001
2213.793	0.9945900000000001
2214.793	0.9945900000000001
2215.793	0.9945900000000001
2216.793	0.9945900000000001
2217.793	0.9945900000000001
2218.793	0.9945900000000001
2219.793	0.9945900000000001
2220.793	0.9945900000000001
2221.793	0.9945900000000001
2222.793	0.9945900000000001
2223.793	0.9945900000000001
2224.793	0.9945900000000001
2225.793	0.9945900000000001
2226.793	0.9945900000000001
2227.793	0.9945900000000001
2228.793	0.9945900000000001
2229.793	0.9945900000000001
2230.793	0.9945900000000001
2231.793	0.9945900000000001
2232.793	0.9945900000000001
2233.793	0.9945900000000001
2234.793	0.9945900000000001
2235.793	0.9945900000000001
2236.793	0.9945900000000001
2237.793	0.9945900000000001
2238.793	0.9945900000000001
2239.793	0.9945900000000001
2240.793	0.9945900000000001
2241.793	0.9945900000000001
2242.793	0.9945900000000001
2243.793	0.9945900000000001
2244.793	0.9945900000000001
2245.793	0.9945900000000001
2246.793	0.9945900000000001
2247.793	0.9945900000000001
2248.793	0.9945900000000001
2249.793	0.9945900000000001
2250.793	0.9945900000000001
2251.793	0.9945900000000001
2252.793	0.9945900000000001
2253.793	0.9945900000000001
2254.793	0.9945900000000001
2255.793	0.9945900000000001
2256.793	0.9945900000000001
2257.793	0.9945900000000001
2258.793	0.9945900000000001
2259.793	0.9945900000000001
2260.793	0.9945900000000001
2261.793	0.9945900000000001
2262.793	0.9945900000000001
2263.793	0.9945900000000001
2264.793	0.9945900000000001
2265.793	0.9945900000000001
2266.793	0.9945900000000001
2267.793	0.9945900000000001
2268.793	0.9945900000000001
2269.793	0.9945900000000001
2270.793	0.9945900000000001
2271.793	0.9945900000000001
2272.793	0.9945900000000001
2273.793	0.9945900000000001
2274.793	0.9945900000000001
2275.793	0.9945900000000001
2276.793	0.9945900000000001
2277.793	0.9945900000000001
2278.793	0.9945900000000001
2279.793	0.9945900000000001
2280.793	0.9945900000000001
2281.793	0.9945900000000001
2282.793	0.9945900000000001
2283.793	0.9945900000000001
2284.793	0.9945900000000001
2285.793	0.9945900000000001
2286.793	0.9945900000000001
2287.793	0.9945900000000001
2288.793	0.9945900000000001
2289.793	0.9945900000000001
2290.793	0.9945900000000001
2291.793	0.9945900000000001
2292.793	0.9945900000000001
2293.793	0.9945900000000001
2294.793	0.9945900000000001
2295.793	0.9945900000000001
2296.793	0.9945900000000001
2297.793	0.9945900000000001
2298.793	0.9945900000000001
2299.793	0.9945900000000001
2300.793	0.9945900000000001
2301.793	0.9945900000000001
2302.793	0.9945900000000001
2303.793	0.9945900000000001
2304.793	0.9945900000000001
2305.793	0.9945900000000001
2306.793	0.9945900000000001
2307.793	0.9945900000000001
2308.793	0.9945900000000001
2309.793	0.9945900000000001
2310.793	0.9945900000000001
2311.793	0.9945900000000001
2312.793	0.9945900000000001
2313.793	0.9945900000000001
2314.793	0.9945900000000001
2315.793	0.9945900000000001
2316.793	0.9945900000000001
2317.793	0.9945900000000001
2318.793	0.9945900000000001
2319.793	0.9945900000000001
2320.793	0.9945900000000001
2321.793	0.9945900000000001
2322.793	0.9945900000000001
2323.793	0.9945900000000001
2324.793	0.9945900000000001
2325.793	0.9945900000000001
2326.793	0.9945900000000001
2327.793	0.9945900000000001
2328.793	0.9945900000000001
2329.793	0.9945900000000001
2330.793	0.9945900000000001
2331.793	0.9945900000000001
2332.793	0.9945900000000001
2333.793	0.9945900000000001
2334.793	0.9945900000000001
2335.793	0.9945900000000001
2336.793	0.9945900000000001
2337.793	0.9945900000000001
2338.793	0.9945900000000001
2339.793	0.9945900000000001
2340.793	0.9945900000000001
2341.793	0.9945900000000001
2342.793	0.9945900000000001
2343.793	0.9945900000000001
2344.793	0.9945900000000001
2345.793	0.9945900000000001
2346.793	0.9945900000000001
2347.793	0.9945900000000001
2348.793	0.9945900000000001
2349.793	0.9945900000000001
2350.793	0.9945900000000001
2351.793	0.9945900000000001
2352.793	0.9945900000000001
2353.793	0.9945900000000001
2354.793	0.9945900000000001
2355.793	0.9945900000000001
2356.793	0.9945900000000001
2357.793	0.9945900000000001
2358.793	0.9945900000000001
2359.793	0.9945900000000001
2360.793	0.9945900000000001
2361.793	0.9945900000000001
2362.793	0.9945900000000001
2363.793	0.9945900000000001
2364.793	0.9945900000000001
2365.793	0.9945900000000001
2366.793	0.9945900000000001
2367.793	0.9945900000000001
2368.793	0.9945900000000001
2369.793	0.9945900000000001
2370.793	0.9945900000000001
2371.793	0.9945900000000001
2372.793	0.9945900000000001
2373.793	0.9945900000000001
2374.793	0.9945900000000001
2375.793	0.9945900000000001
2376.793	0.9945900000000001
2377.793	0.9945900000000001
2378.793	0.9945900000000001
2379.793	0.9945900000000001
2380.793	0.9945900000000001
2381.793	0.9945900000000001
2382.793	0.9945900000000001
2383.793	0.9945900000000001
2384.793	0.9945900000000001
2385.793	0.9945900000000001
2386.793	0.9945900000000001
2387.793	0.9945900000000001
2388.793	0.9945900000000001
2389.793	0.9945900000000001
2390.793	0.9945900000000001
2391.793	0.9945900000000001
2392.793	0.9945900000000001
2393.793	0.9945900000000001
2394.793	0.9945900000000001
2395.793	0.9945900000000001
2396.793	0.9945900000000001
2397.793	0.9945900000000001
2398.793	0.9945900000000001
2399.793	0.9945900000000001
2400.793	0.9945900000000001
2401.793	0.9945900000000001
2402.793	0.9945900000000001
2403.793	0.9945900000000001
2404.793	0.9945900000000001
2405.793	0.9945900000000001
2406.793	0.9945900000000001
2407.793	0.9945900000000001
2408.793	0.9945900000000001
2409.793	0.9945900000000001
2410.793	0.9945900000000001
2411.793	0.9945900000000001
2412.793	0.9945900000000001
2413.793	0.9945900000000001
2414.793	0.9945900000000001
2415.793	0.9945900000000001
2416.793	0.9945900000000001
2417.793	0.9945900000000001
2418.793	0.9945900000000001
2419.793	0.9945900000000001
2420.793	0.9945900000000001
2421.793	0.9945900000000001
2422.793	0.9945900000000001
2423.793	0.9945900000000001
2424.793	0.9945900000000001
2425.793	0.9945900000000001
2426.793	0.9945900000000001
2427.793	0.9945900000000001
2428.793	0.9945900000000001
2429.793	0.9945900000000001
2430.793	0.9945900000000001
2431.793	0.9945900000000001
2432.793	0.9945900000000001
2433.793	0.9945900000000001
2434.793	0.9945900000000001
2435.793	0.9945900000000001
2436.793	0.9945900000000001
2437.793	0.9945900000000001
2438.793	0.9945900000000001
2439.793	0.9945900000000001
2440.793	0.9945900000000001
2441.793	0.9945900000000001
2442.793	0.9945900000000001
2443.793	0.9945900000000001
2444.793	0.9945900000000001
2445.793	0.9945900000000001
2446.793	0.9945900000000001
2447.793	0.9945900000000001
2448.793	0.9945900000000001
2449.793	0.9945900000000001
2450.793	0.9945900000000001
2451.793	0.9945900000000001
2452.793	0.9945900000000001
2453.793	0.9945900000000001
2454.793	0.9945900000000001
2455.793	0.9945900000000001
2456.793	0.9945900000000001
2457.793	0.9945900000000001
2458.793	0.9945900000000001
2459.793	0.9945900000000001
2460.793	0.9945900000000001
2461.793	0.9945900000000001
2462.793	0.9945900000000001
2463.793	0.9945900000000001
2464.793	0.9945900000000001
2465.793	0.9945900000000001
2466.793	0.9945900000000001
2467.793	0.9945900000000001
2468.793	0.9945900000000001
2469.793	0.9945900000000001
2470.793	0.9945900000000001
2471.793	0.9945900000000001
2472.793	0.9945900000000001
2473.793	0.9945900000000001
2474.793	0.9945900000000001
2475.793	0.9945900000000001
2476.793	0.9945900000000001
2477.793	0.9945900000000001
2478.793	0.9945900000000001
2479.793	0.9945900000000001
2480.793	0.9945900000000001
2481.793	0.9945900000000001
2482.793	0.9945900000000001
2483.793	0.9945900000000001
2484.793	0.9945900000000001
2485.793	0.9945900000000001
2486.793	0.9945900000000001
2487.793	0.9945900000000001
2488.793	0.9945900000000001
2489.793	0.9945900000000001
2490.793	0.9945900000000001
2491.793	0.9945900000000001
2492.793	0.9945900000000001
2493.793	0.9945900000000001
2494.793	0.9945900000000001
2495.793	0.9945900000000001
2496.793	0.9945900000000001
2497.793	0.9945900000000001
2498.793	0.9945900000000001
2499.793	0.9945900000000001
2500.793	0.9945900000000001
2501.793	0.9945900000000001
2502.793	0.9945900000000001
2503.793	0.9945900000000001
2504.793	0.9945900000000001
2505.793	0.9945900000000001
2506.793	0.9945900000000001
2507.793	0.9945900000000001
2508.793	0.9945900000000001
2509.793	0.9945900000000001
2510.793	0.9945900000000001
2511.793	0.9945900000000001
2512.793	0.9945900000000001
2513.793	0.9945900000000001
2514.793	0.9945900000000001
2515.793	0.9945900000000001
2516.793	0.9945900000000001
2517.793	0.9945900000000001
2518.793	0.9945900000000001
2519.793	0.9945900000000001
2520.793	0.9945900000000001
2521.793	0.9945900000000001
2522.793	0.9945900000000001
2523.793	0.9945900000000001
2524.793	0.9945900000000001
2525.793	0.9945900000000001
2526.793	0.9945900000000001
2527.793	0.9945900000000001
2528.793	0.9945900000000001
2529.793	0.9945900000000001
2530.793	0.9945900000000001
2531.793	0.9945900000000001
2532.793	0.9945900000000001
2533.793	0.9945900000000001
2534.793	0.9945900000000001
2535.793	0.9945900000000001
2536.793	0.9945900000000001
2537.793	0.9945900000000001
2538.793	0.9945900000000001
2539.793	0.9945900000000001
2540.793	0.9945900000000001
2541.793	0.9945900000000001
2542.793	0.9945900000000001
2543.793	0.9945900000000001
2544.793	0.9945900000000001
2545.793	0.9945900000000001
2546.793	0.9945900000000001
2547.793	0.9945900000000001
2548.793	0.9945900000000001
2549.793	0.9945900000000001
2550.793	0.9945900000000001
2551.793	0.9945900000000001
2552.793	0.9945900000000001
2553.793	0.9945900000000001
2554.793	0.9945900000000001
2555.793	0.9945900000000001
2556.793	0.9945900000000001
2557.793	0.9945900000000001
2558.793	0.9945900000000001
2559.793	0.9945900000000001
2560.793	0.9945900000000001
2561.793	0.9945900000000001
2562.793	0.9945900000000001
2563.793	0.9945900000000001
2564.793	0.9945900000000001
2565.793	0.9945900000000001
2566.793	0.9945900000000001
2567.793	0.9945900000000001
2568.793	0.9945900000000001
2569.793	0.9945900000000001
2570.793	0.9945900000000001
2571.793	0.9945900000000001
2572.793	0.9945900000000001
2573.793	0.9945900000000001
2574.793	0.9945900000000001
2575.793	0.9945900000000001
2576.793	0.9945900000000001
2577.793	0.9945900000000001
2578.793	0.9945900000000001
2579.793	0.9945900000000001
2580.793	0.9945900000000001
2581.793	0.9945900000000001
2582.793	0.9945900000000001
2583.793	0.9945900000000001
2584.793	0.9945900000000001
2585.793	0.9945900000000001
2586.793	0.9945900000000001
2587.793	0.9945900000000001
2588.793	0.9945900000000001
2589.793	0.9945900000000001
2590.793	0.9945900000000001
2591.793	0.9945900000000001
2592.793	0.9945900000000001
2593.793	0.9945900000000001
2594.793	0.9945900000000001
2595.793	0.9945900000000001
2596.793	0.9945900000000001
2597.793	0.9945900000000001
2598.793	0.9945900000000001
2599.793	0.9945900000000001
2600.793	0.9945900000000001
2601.793	0.9945900000000001
2602.793	0.9945900000000001
2603.793	0.9945900000000001
2604.793	0.9945900000000001
2605.793	0.9945900000000001
2606.793	0.9945900000000001
2607.793	0.9945900000000001
2608.793	0.9945900000000001
2609.793	0.9945900000000001
2610.793	0.9945900000000001
2611.793	0.9945900000000001
2612.793	0.9945900000000001
2613.793	0.9945900000000001
2614.793	0.9945900000000001
2615.793	0.9945900000000001
2616.793	0.9945900000000001
2617.793	0.9945900000000001
2618.793	0.9945900000000001
2619.793	0.9945900000000001
2620.793	0.9945900000000001
2621.793	0.9945900000000001
2622.793	0.9945900000000001
2623.793	0.9945900000000001
2624.793	0.9945900000000001
2625.793	0.9945900000000001
2626.793	0.9945900000000001
2627.793	0.9945900000000001
2628.793	0.9945900000000001
2629.793	0.9945900000000001
2630.793	0.9945900000000001
2631.793	0.9945900000000001
2632.793	0.9945900000000001
2633.793	0.9945900000000001
2634.793	0.9945900000000001
2635.793	0.9945900000000001
2636.793	0.9945900000000001
2637.793	0.9945900000000001
2638.793	0.9945900000000001
2639.793	0.9945900000000001
2640.793	0.9945900000000001
2641.793	0.9945900000000001
2642.793	0.9945900000000001
2643.793	0.9945900000000001
2644.793	0.9945900000000001
2645.793	0.9945900000000001
2646.793	0.9945900000000001
2647.793	0.9945900000000001
2648.793	0.9945900000000001
2649.793	0.9945900000000001
2650.793	0.9945900000000001
2651.793	0.9945900000000001
2652.793	0.9945900000000001
2653.793	0.9945900000000001
2654.793	0.9945900000000001
2655.793	0.9945900000000001
2656.793	0.9945900000000001
2657.793	0.9945900000000001
2658.793	0.9945900000000001
2659.793	0.9945900000000001
2660.793	0.9945900000000001
2661.793	0.9945900000000001
2662.793	0.9945900000000001
2663.793	0.9945900000000001
2664.793	0.9945900000000001
2665.793	0.9945900000000001
2666.793	0.9945900000000001
2667.793	0.9945900000000001
2668.793	0.9945900000000001
2669.793	0.9945900000000001
2670.793	0.9945900000000001
2671.793	0.9945900000000001
2672.793	0.9945900000000001
2673.793	0.9945900000000001
2674.793	0.9945900000000001
2675.793	0.9945900000000001
2676.793	0.9945900000000001
2677.793	0.9945900000000001
2678.793	0.9945900000000001
2679.793	0.9945900000000001
2680.793	0.9945900000000001
2681.793	0.9945900000000001
2682.793	0.9945900000000001
2683.793	0.9945900000000001
2684.793	0.9945900000000001
2685.793	0.9945900000000001
2686.793	0.9945900000000001
2687.793	0.9945900000000001
2688.793	0.9945900000000001
2689.793	0.9945900000000001
2690.793	0.9945900000000001
2691.793	0.9945900000000001
2692.793	0.9945900000000001
2693.793	0.9945900000000001
2694.793	0.9945900000000001
2695.793	0.9945900000000001
2696.793	0.9945900000000001
2697.793	0.9945900000000001
2698.793	0.9945900000000001
2699.793	0.9945900000000001
2700.793	0.9945900000000001
2701.793	0.9945900000000001
2702.793	0.9945900000000001
2703.793	0.9945900000000001
2704.793	0.9945900000000001
2705.793	0.9945900000000001
2706.793	0.9945900000000001
2707.793	0.9945900000000001
2708.793	0.9945900000000001
2709.793	0.9945900000000001
2710.793	0.9945900000000001
2711.793	0.9945900000000001
2712.793	0.9945900000000001
2713.793	0.9945900000000001
2714.793	0.9945900000000001
2715.793	0.9945900000000001
2716.793	0.9945900000000001
2717.793	0.9945900000000001
2718.793	0.9945900000000001
2719.793	0.9945900000000001
2720.793	0.9945900000000001
2721.793	0.9945900000000001
2722.793	0.9945900000000001
2723.793	0.9945900000000001
2724.793	0.9945900000000001
2725.793	0.9945900000000001
2726.793	0.9945900000000001
2727.793	0.9945900000000001
2728.793	0.9945900000000001
2729.793	0.9945900000000001
2730.793	0.9945900000000001
2731.793	0.9945900000000001
2732.793	0.9945900000000001
2733.793	0.9945900000000001
2734.793	0.9945900000000001
2735.793	0.9945900000000001
2736.793	0.9945900000000001
2737.793	0.9945900000000001
2738.793	0.9945900000000001
2739.793	0.9945900000000001
2740.793	0.9945900000000001
2741.793	0.9945900000000001
2742.793	0.9945900000000001
2743.793	0.9945900000000001
2744.793	0.9945900000000001
2745.793	0.9945900000000001
2746.793	0.9945900000000001
2747.793	0.9945900000000001
2748.793	0.9945900000000001
2749.793	0.9945900000000001
2750.793	0.9945900000000001
2751.793	0.9945900000000001
2752.793	0.9945900000000001
2753.793	0.9945900000000001
2754.793	0.9945900000000001
2755.793	0.9945900000000001
2756.793	0.9945900000000001
2757.793	0.9945900000000001
2758.793	0.9945900000000001
2759.793	0.9945900000000001
2760.793	0.9945900000000001
2761.793	0.9945900000000001
2762.793	0.9945900000000001
2763.793	0.9945900000000001
2764.793	0.9945900000000001
2765.793	0.9945900000000001
2766.793	0.9945900000000001
2767.793	0.9945900000000001
2768.793	0.9945900000000001
2769.793	0.9945900000000001
2770.793	0.9945900000000001
2771.793	0.9945900000000001
2772.793	0.9945900000000001
2773.793	0.9945900000000001
2774.793	0.9945900000000001
2775.793	0.9945900000000001
2776.793	0.9945900000000001
2777.793	0.9945900000000001
2778.793	0.9945900000000001
2779.793	0.9945900000000001
2780.793	0.9945900000000001
2781.793	0.9945900000000001
2782.793	0.9945900000000001
2783.793	0.9945900000000001
2784.793	0.9945900000000001
2785.793	0.9945900000000001
2786.793	0.9945900000000001
2787.793	0.9945900000000001
2788.793	0.9945900000000001
2789.793	0.9945900000000001
2790.793	0.9945900000000001
2791.793	0.9945900000000001
2792.793	0.9945900000000001
2793.793	0.9945900000000001
2794.793	0.9945900000000001
2795.793	0.9945900000000001
2796.793	0.9945900000000001
2797.793	0.9945900000000001
2798.793	0.9945900000000001
2799.793	0.9945900000000001
2800.793	0.9945900000000001
2801.793	0.9945900000000001
2802.793	0.9945900000000001
2803.793	0.9945900000000001
2804.793	0.9945900000000001
2805.793	0.9945900000000001
2806.793	0.9945900000000001
2807.793	0.9945900000000001
2808.793	0.9945900000000001
2809.793	0.9945900000000001
2810.793	0.9945900000000001
2811.793	0.9945900000000001
2812.793	0.9945900000000001
2813.793	0.9945900000000001
2814.793	0.9945900000000001
2815.793	0.9945900000000001
2816.793	0.9945900000000001
2817.793	0.9945900000000001
2818.793	0.9945900000000001
2819.793	0.9945900000000001
2820.793	0.9945900000000001
2821.793	0.9945900000000001
2822.793	0.9945900000000001
2823.793	0.9945900000000001
2824.793	0.9945900000000001
2825.793	0.9945900000000001
2826.793	0.9945900000000001
2827.793	0.9945900000000001
2828.793	0.9945900000000001
2829.793	0.9945900000000001
2830.793	0.9945900000000001
2831.793	0.9945900000000001
2832.793	0.9945900000000001
2833.793	0.9945900000000001
2834.793	0.9945900000000001
2835.793	0.9945900000000001
2836.793	0.9945900000000001
2837.793	0.9945900000000001
2838.793	0.9945900000000001
2839.793	0.9945900000000001
2840.793	0.9945900000000001
2841.793	0.9945900000000001
2842.793	0.9945900000000001
2843.793	0.9945900000000001
2844.793	0.9945900000000001
2845.793	0.9945900000000001
2846.793	0.9945900000000001
2847.793	0.9945900000000001
2848.793	0.9945900000000001
2849.793	0.9945900000000001
2850.793	0.9945900000000001
2851.793	0.9945900000000001
2852.793	0.9945900000000001
2853.793	0.9945900000000001
2854.793	0.9945900000000001
2855.793	0.9945900000000001
2856.793	0.9945900000000001
2857.793	0.9945900000000001
2858.793	0.9945900000000001
2859.793	0.9945900000000001
2860.793	0.9945900000000001
2861.793	0.9945900000000001
2862.793	0.9945900000000001
2863.793	0.9945900000000001
2864.793	0.9945900000000001
2865.793	0.9945900000000001
2866.793	0.9945900000000001
2867.793	0.9945900000000001
2868.793	0.9945900000000001
2869.793	0.9945900000000001
2870.793	0.9945900000000001
2871.793	0.9945900000000001
2872.793	0.9945900000000001
2873.793	0.9945900000000001
2874.793	0.9945900000000001
2875.793	0.9945900000000001
2876.793	0.9945900000000001
2877.793	0.9945900000000001
2878.793	0.9945900000000001
2879.793	0.9945900000000001
2880.793	0.9945900000000001
2881.793	0.9945900000000001
2882.793	0.9945900000000001
2883.793	0.9945900000000001
2884.793	0.9945900000000001
2885.793	0.9945900000000001
2886.793	0.9945900000000001
2887.793	0.9945900000000001
2888.793	0.9945900000000001
2889.793	0.9945900000000001
2890.793	0.9945900000000001
2891.793	0.9945900000000001
2892.793	0.9945900000000001
2893.793	0.9945900000000001
2894.793	0.9945900000000001
2895.793	0.9945900000000001
2896.793	0.9945900000000001
2897.793	0.9945900000000001
2898.793	0.9945900000000001
2899.793	0.9945900000000001
2900.793	0.9945900000000001
2901.793	0.9945900000000001
2902.793	0.9945900000000001
2903.793	0.9945900000000001
2904.793	0.9945900000000001
2905.793	0.9945900000000001
2906.793	0.9945900000000001
2907.793	0.9945900000000001
2908.793	0.9945900000000001
2909.793	0.9945900000000001
2910.793	0.9945900000000001
2911.793	0.9945900000000001
2912.793	0.9945900000000001
2913.793	0.9945900000000001
2914.793	0.9945900000000001
2915.793	0.9945900000000001
2916.793	0.9945900000000001
2917.793	0.9945900000000001
2918.793	0.9945900000000001
2919.793	0.9945900000000001
2920.793	0.9945900000000001
2921.793	0.9945900000000001
2922.793	0.9945900000000001
2923.793	0.9945900000000001
2924.793	0.9945900000000001
2925.793	0.9945900000000001
2926.793	0.9945900000000001
2927.793	0.9945900000000001
2928.793	0.9945900000000001
2929.793	0.9945900000000001
2930.793	0.9945900000000001
2931.793	0.9945900000000001
2932.793	0.9945900000000001
2933.793	0.9945900000000001
2934.793	0.9945900000000001
2935.793	0.9945900000000001
2936.793	0.9945900000000001
2937.793	0.9945900000000001
2938.793	0.9945900000000001
2939.793	0.9945900000000001
2940.793	0.9945900000000001
2941.793	0.9945900000000001
2942.793	0.9945900000000001
2943.793	0.9945900000000001
2944.793	0.9945900000000001
2945.793	0.9945900000000001
2946.793	0.9945900000000001
2947.793	0.9945900000000001
2948.793	0.9945900000000001
2949.793	0.9945900000000001
2950.793	0.9945900000000001
2951.793	0.9945900000000001
2952.793	0.9945900000000001
2953.793	0.9945900000000001
2954.793	0.9945900000000001
2955.793	0.9945900000000001
2956.793	0.9945900000000001
2957.793	0.9945900000000001
2958.793	0.9945900000000001
2959.793	0.9945900000000001
2960.793	0.9945900000000001
2961.793	0.9945900000000001
2962.793	0.9945900000000001
2963.793	0.9945900000000001
2964.793	0.9945900000000001
2965.793	0.9945900000000001
2966.793	0.9945900000000001
2967.793	0.9945900000000001
2968.793	0.9945900000000001
2969.793	0.9945900000000001
2970.793	0.9945900000000001
2971.793	0.9945900000000001
2972.793	0.9945900000000001
2973.793	0.9945900000000001
2974.793	0.9945900000000001
2975.793	0.9945900000000001
2976.793	0.9945900000000001
2977.793	0.9945900000000001
2978.793	0.9945900000000001
2979.793	0.9945900000000001
2980.793	0.9945900000000001
2981.793	0.9945900000000001
2982.793	0.9945900000000001
2983.793	0.9945900000000001
2984.793	0.9945900000000001
2985.793	0.9945900000000001
