0.18	0.5079735187840729
1.164	0.502092934900288
2.148	0.5053250458266727
3.133	0.5090278043438712
4.118	0.511873057188042
5.11	0.5392479162582912
6.086	0.5129767338821156
7.062	0.5363458636232865
8.048	0.551018582594151
9.026	0.5734218681519822
10.002	0.5576695117297052
10.987	0.5730565726671578
11.974	0.5675647298610985
12.96	0.5720191884033177
13.947000000000001	0.575786733208618
14.934000000000001	0.5897274266925969
15.918000000000001	0.5955575455360917
16.896	0.6074132600612415
17.88	0.6036327528074017
18.864	0.5997647299827028
19.843	0.6015372263557083
20.822	0.5946742431813606
21.801000000000002	0.5965448275200503
22.78	0.6095614389165216
23.759	0.6126841394778788
24.739	0.6154041915156232
25.719	0.6073554502116361
26.699	0.5895702852621804
27.679000000000002	0.5807275142596411
28.659	0.5735444882260932
29.64	0.5753660879954453
30.63	0.5692535933421063
31.612000000000002	0.5704481522292837
32.594	0.5713309456081616
33.576	0.5724990516793356
34.562	0.569641797258953
35.545	0.5701782657629785
36.528	0.5686699661750453
37.511	0.5686658331623525
38.494	0.5678248396563644
39.477000000000004	0.5678784240226342
40.46	0.5670061327972524
41.444	0.5650051131896487
42.428000000000004	0.5639178706643659
43.412	0.5715097566573294
44.399	0.5767386845605035
45.384	0.575545595499186
46.371	0.5722882262590335
47.364000000000004	0.5623590784394064
48.352000000000004	0.5485499031112447
49.34	0.5346597716855127
50.328	0.5306695824529474
51.317	0.5243657800578763
52.313	0.5313256963917101
53.302	0.5248484965536716
54.291000000000004	0.5295594613230559
55.281	0.5332578722835012
56.271	0.5259871778193227
57.265	0.516512112216616
58.251	0.5145142239601155
59.233000000000004	0.5162334477611779
60.215	0.5167590893853684
61.198	0.5177134485329469
62.181000000000004	0.5182222722023857
63.164	0.5195831552749118
64.151	0.5167694924705336
65.135	0.5169931999832369
66.125	0.5122776638186085
67.114	0.516158546715906
68.103	0.5128156753561455
69.09400000000001	0.516986000564987
70.084	0.5122809774981751
71.074	0.5078962941241035
72.06400000000001	0.5032327694913048
73.056	0.5144561474348918
74.049	0.5054838430707316
75.037	0.5019069828729242
76.03	0.49434243479851764
77.022	0.5059223755911885
78.016	0.49567167534616674
79.005	0.49078585529265845
79.995	0.5049994631616336
80.988	0.4966237828072731
81.983	0.4859173918481614
82.974	0.478439582627996
83.97	0.47637516570089394
84.964	0.49569738174775835
85.961	0.48256192681565785
86.958	0.46867983373751865
87.952	0.45760222536252376
88.946	0.446618891291243
89.944	0.45121317544004874
90.94	0.4481685733457308
91.926	0.4446233726596202
92.913	0.43985757102841366
93.901	0.43504779316866093
94.889	0.4294969238367915
95.88	0.43149936087965485
96.868	0.42555122890525804
97.857	0.4177550729924089
98.846	0.4121404610471667
99.83500000000001	0.40460163545188366
100.825	0.40742365734934227
101.815	0.40121003427199675
102.806	0.4327602990107404
103.797	0.4447826881310696
104.78	0.446414234143531
105.771	0.44872792121049376
106.763	0.4600381749209124
107.751	0.4554601082303508
108.74000000000001	0.4495078777206523
109.73	0.4531983427049739
110.723	0.46346821042863245
111.712	0.457908737391884
112.708	0.46636625724784736
113.69500000000001	0.4628284292362336
114.69200000000001	0.4496343228854966
115.687	0.4373801483812836
116.673	0.4451206696693407
117.66	0.4701011660616286
118.657	0.45720577816582414
119.654	0.44459555066274
120.652	0.42986800581311463
121.651	0.4260773456255776
122.649	0.4208900958389459
123.648	0.4258521510656157
124.647	0.4316850055352208
125.638	0.4649654562006104
126.629	0.4580157836330103
127.62	0.45988196911685003
128.612	0.46125681968756643
129.592	0.4647266596324497
130.574	0.4672112073668324
131.553	0.46350399033512024
132.534	0.47574536562170455
133.51500000000001	0.46841663507773856
134.496	0.4816982124912386
135.477	0.4946144534651806
136.459	0.4975666293084771
137.436	0.5047434412766357
138.427	0.5279133868940654
139.409	0.5202499577780887
140.392	0.5222561295678144
141.374	0.5231063765070186
142.352	0.5085401663649667
143.344	0.5199961428697645
144.327	0.5208544215052037
145.30100000000002	0.5006236001733686
146.281	0.49629608772159656
147.264	0.5079000416410697
148.247	0.5090620849327245
149.23	0.5204513431419177
150.223	0.5213203144590275
151.217	0.5137505723401276
152.202	0.5140634288465278
153.177	0.5036916624423968
154.162	0.5032627351219526
155.147	0.5020079232261735
156.132	0.5009004644735635
157.108	0.4885424793019727
158.084	0.47591687154710516
159.06	0.4832914417329714
160.046	0.4795868514712263
161.032	0.4762055755478302
162.023	0.47960716589543995
163.005	0.48079974385220725
163.982	0.4790192074188176
164.959	0.46603414396138876
165.945	0.4655414418024698
166.922	0.46198630485069947
167.901	0.4670791551963609
168.888	0.4536056592384626
169.875	0.44078368181801836
170.862	0.46945139164679167
171.849	0.4767746389319412
172.836	0.47470238646197643
173.814	0.4799014631936464
174.793	0.4853735872386951
175.77100000000002	0.4820371088035891
176.758	0.4896876348071077
177.746	0.48646990130515133
178.725	0.48208758679658364
179.713	0.4897603932476601
180.701	0.487000157196036
181.689	0.48376804067484663
182.668	0.48849812962474737
183.647	0.48307564759202565
184.636	0.4897330476724606
185.625	0.4851001793603632
186.606	0.46841153634985866
187.597	0.4611761230646986
188.586	0.45512159957826975
189.571	0.4539641622947686
190.562	0.44603740804059855
191.553	0.4492142304265196
192.535	0.4517004915136025
193.507	0.46405195392368653
194.479	0.4360463658768606
195.471	0.45814304507003556
196.453	0.43180263586145157
197.435	0.4436206747094136
198.418	0.43455255526978526
199.401	0.4158208139882531
200.38400000000001	0.41779131585685403
201.367	0.42938881201674756
202.351	0.4294104323846792
203.335	0.430012126635526
204.31900000000002	0.42902078049680165
205.304	0.42776783924741607
206.28900000000002	0.41785279421443194
207.275	0.4168459473792198
208.261	0.4153589710758815
209.254	0.41714200431945714
210.233	0.42150709985921
211.22	0.3984199893859705
212.214	0.40840254629637385
213.193	0.41340162635925487
214.181	0.38853779094842394
215.175	0.41948578950595705
216.16400000000002	0.41407227132287827
217.153	0.4099475943233143
218.143	0.4250955813903773
219.133	0.42044765275866935
220.123	0.42432518520819007
221.114	0.42842572714615995
222.104	0.4533134390626606
223.095	0.4481771026416172
224.077	0.4307674415099639
225.06900000000002	0.441178036268223
226.052	0.42368940633855906
227.04500000000002	0.4842354826015922
228.029	0.5038776274996057
229.013	0.49355743552682263
230.007	0.5627766827024357
231.001	0.6114432364497532
231.996	0.6694853970898537
232.983	0.675951037562308
233.97	0.6917332542565323
234.958	0.709057495019541
235.936	0.7039180286149196
236.924	0.6903773767079356
237.903	0.6958090880538328
238.882	0.7104124066978276
239.86100000000002	0.6951954038736275
240.85	0.7099910864961728
241.839	0.7252275267203888
242.828	0.7197478206000004
243.818	0.7235855952777793
244.808	0.7276927733680629
245.798	0.7235067304410667
246.79	0.7154141508550963
247.782	0.7085355224338237
248.773	0.7018666291460347
249.764	0.6976351902379365
250.764	0.6838760335879325
251.74800000000002	0.6867884083487873
252.74	0.6813312584336899
253.725	0.7002232014381786
254.725	0.685167256069971
255.70000000000002	0.6943291032467716
256.69100000000003	0.6980588455897377
257.682	0.6924812065036998
258.658	0.6914559050044247
259.641	0.6938416543182667
260.624	0.6955368937844609
261.6	0.6956480770017122
262.583	0.700198330284818
263.574	0.7049454685283166
264.558	0.7062074109632351
265.549	0.7015227338030948
266.541	0.6946096415210284
267.533	0.6894684867000963
268.51800000000003	0.6905428747059642
269.51	0.6840720092798561
270.496	0.6829465649491284
271.482	0.6821889754684203
272.474	0.6756238234990941
273.466	0.6696326017708195
274.458	0.6635780303572055
275.451	0.6566320368467163
276.431	0.6521451583239926
277.431	0.6387402558242045
278.412	0.6440819389801494
279.40500000000003	0.64595538613826
280.394	0.6429058642792177
281.387	0.6459438162657283
282.38	0.6490782806620478
283.363	0.6407864199217709
284.346	0.6443417756760655
285.339	0.6592380679588422
286.33	0.655265468238211
287.321	0.6505334659123484
288.313	0.6466217421217705
289.298	0.6506701028083398
290.291	0.6651431014582622
291.284	0.660082736408718
292.27500000000003	0.6768057247964947
293.261	0.677847793331793
294.261	0.6753054595658987
295.246	0.6789786504053313
296.232	0.6806739797668537
297.217	0.6941972920556604
298.195	0.7023719049922904
299.173	0.7016705534239759
300.159	0.7036345263822814
301.145	0.7059610917458111
302.13100000000003	0.708299838405065
303.109	0.7181090329640127
304.087	0.7262699709498684
305.08	0.7197476448476923
306.06600000000003	0.7202572875708267
307.06600000000003	0.70607159594156
308.059	0.7107358238963151
309.045	0.7119891554194363
310.031	0.7128388917434912
311.01	0.7106338000819844
311.98900000000003	0.7180763328333967
312.975	0.7204891561424951
313.961	0.7218091762127898
314.939	0.7317891163643879
315.932	0.7257962881416511
316.918	0.7271612708433801
317.904	0.7203434499764634
318.89	0.7213124232288157
319.883	0.718997603360511
320.87600000000003	0.7147203593219567
321.862	0.7169200134600598
322.855	0.7126467015457318
323.848	0.7087708650989261
324.826	0.7203091863214077
325.819	0.7179967490841918
326.812	0.716572925962906
327.79	0.7305506493625554
328.783	0.7281810301764888
329.776	0.7254569209148717
330.776	0.7171238545636437
331.762	0.7210603193919164
332.74	0.7351238399878512
333.733	0.7338020698272433
334.726	0.7414590473910647
335.70300000000003	0.7469225485840938
336.688	0.753010875170284
337.688	0.7456731262880978
338.688	0.7375204758241938
339.681	0.7370179366265919
340.67400000000004	0.7353385645984859
341.67400000000004	0.7266673653420868
342.659	0.7243146120987989
343.659	0.7170890529766958
344.659	0.708886917026798
345.659	0.7009909312298547
346.637	0.7233492742480335
347.63	0.7314087671847913
348.63	0.7241190934073397
349.63	0.7158446898951027
350.608	0.7285563869210638
351.601	0.7261702655423768
352.601	0.7173464612233073
353.594	0.7152252248997898
354.594	0.7062173009668478
355.587	0.7037055183530573
356.58	0.7021464337100657
357.573	0.7001170943551166
358.56600000000003	0.6973413270336777
359.56600000000003	0.6881202004437926
360.56600000000003	0.6805333852575838
361.56600000000003	0.6726528488475618
362.56600000000003	0.6650271075262978
363.56	0.6633046404373818
364.54	0.6739828724782418
365.52	0.6739909923052463
366.507	0.6767073488008513
367.487	0.6854039343265845
368.474	0.6872794238472588
369.454	0.6966736132022594
370.433	0.7063895010244967
371.42	0.7094423693416201
372.399	0.7088754976012338
373.385	0.7120026456734948
374.36400000000003	0.7113290194896937
375.343	0.7207095270050317
376.329	0.7245610893567838
377.307	0.7261496756353424
378.293	0.7287087819056929
379.271	0.7403887900494317
380.249	0.7424747500427148
381.22700000000003	0.7513326008780907
382.212	0.7547567098741607
383.197	0.7576737794430936
384.17400000000004	0.7690135892252898
385.166	0.7649920730808788
386.166	0.7552292108521557
387.159	0.751136623780291
388.152	0.7494953714389737
389.13	0.7603303843428073
390.116	0.7524155257369288
391.093	0.7630805951188111
392.07800000000003	0.7642256393721106
393.071	0.761096566952646
394.048	0.7718244024285298
395.048	0.759943787709748
396.033	0.7638994974523347
397.026	0.7490021298864343
398.026	0.7479911439183476
399.004	0.7494613958428573
400.004	0.7368757604683932
400.98900000000003	0.7409536827477797
401.974	0.7440264074386523
402.974	0.7351539378087857
403.967	0.7316020790117878
404.967	0.7238180727123888
405.96000000000004	0.7236496695478827
406.96000000000004	0.7136743316831649
407.95300000000003	0.711685303026096
408.946	0.7101821859565998
409.946	0.7028455747135918
410.939	0.7029452038747919
411.932	0.7034391180163998
412.925	0.7041502133377988
413.911	0.7111733991421878
414.897	0.7182325218490998
415.89	0.7089065153986996
416.883	0.7106507843948997
417.87600000000003	0.7117032845154999
418.87600000000003	0.7047206131568998
419.869	0.7065142314423958
420.862	0.7088559484897847
421.855	0.7096614222766998
422.848	0.7111520312375998
423.841	0.7127988475373958
424.827	0.7177843852667887
425.813	0.7226271229094278
426.798	0.7290608655616495
427.798	0.7192257312974999
428.791	0.7190014209897
429.784	0.7185629090955757
430.762	0.7317455178579477
431.747	0.7383726030150949
432.747	0.7307427879650937
433.74	0.7297282508558328
434.733	0.7284542709017917
435.733	0.7196114725651077
436.726	0.7203330934792628
437.719	0.7207773629331998
438.712	0.7205010860783946
439.69800000000004	0.7269430460274797
440.69100000000003	0.7265993609668748
441.669	0.7392982865658969
442.647	0.7312177717478743
443.632	0.7372014727579597
444.60900000000004	0.7514161482072863
445.586	0.7658521750728937
446.562	0.7815747439046947
447.546	0.7895279780515898
448.53000000000003	0.7968230443321468
449.505	0.8135442243519759
450.497	0.8139983779885
451.48900000000003	0.8144345722694998
452.481	0.8148809515199998
453.473	0.8159341932392998
454.456	0.8257965204376557
455.44800000000004	0.8259525235464938
456.44	0.826126585690773
457.432	0.8265577600820707
458.415	0.8360612522093999
459.398	0.8361300419184989
460.38100000000003	0.8469705894681998
461.363	0.8587621114090848
462.355	0.8566522018893821
463.338	0.8653513349338877
464.329	0.8667023286753488
465.32	0.8673017647043517
466.312	0.8668686020549948
467.294	0.8761806090962959
468.285	0.87561269282349
469.285	0.8678146639691837
470.276	0.8689347405102218
471.25800000000004	0.8783301900068607
472.25800000000004	0.8709637252598277
473.24	0.8813136854546997
474.24	0.8749577205598906
475.232	0.8746175023317839
476.232	0.8690367806918178
477.21500000000003	0.8786459006917223
478.197	0.8883698895116879
479.17900000000003	0.8885403098322908
480.17	0.88836052260008
481.161	0.8886672401841929
482.161	0.8801521291914908
483.161	0.8728539432607956
484.153	0.8727495010964639
485.153	0.865285202986677
486.145	0.8651599934168
487.145	0.8569797494799748
488.137	0.8568348487431939
489.129	0.8572344441654647
490.112	0.8573913403393039
491.095	0.8580336074779957
492.07800000000003	0.8582827479148538
493.06	0.8685533663318509
494.04200000000003	0.8773905538787677
495.024	0.8874466773889516
496.00600000000003	0.887519385578464
496.997	0.8894201497231288
497.997	0.8808312953242928
498.988	0.8809957750650326
499.979	0.882962181327284
500.97	0.8852199697571628
501.961	0.8768652955161998
502.952	0.8683177312652758
503.943	0.8685187455529539
504.925	0.8672639493423869
505.907	0.876136809778679
506.88800000000003	0.8570893976381
507.879	0.8873924589718548
508.85	0.6491088250156948
509.836	0.46592136279999946
510.827	0.4965033785096996
511.818	0.5070391634495995
512.809	0.5375999952789996
513.798	0.48029664145889955
514.787	0.3354307543688984
515.778	0.3664124864891985
516.769	0.3683389288976986
517.758	0.31065901921899947
518.749	0.23132387662618722
519.742	0.4369285476197996
520.742	0.7377861995194
521.7330000000001	0.6793238587099998
522.7330000000001	0.8215930868288
523.713	0.5545585951787987
524.7040000000001	0.5652185496095997
525.695	0.6544519884295998
526.686	0.6357926031188997
527.681	0.6929132004194998
528.672	0.6732823515294999
529.659	0.5492699192379977
530.649	0.5313722018799997
531.64	0.5524997084190997
532.631	0.5042960107798996
533.622	0.49670993185999956
534.613	0.4498610097089996
535.604	0.4418969239792996
536.595	0.4438453087689995
537.586	0.44603901419939956
538.577	0.44822123242989953
539.568	0.45017393315969956
540.568	0.4704605221731926
541.568	0.5700524771785996
542.568	0.7807251649293998
543.549	0.5447765389499997
544.549	0.7769543806279516
545.544	0.7861597293187998
546.544	0.8495826823892999
547.544	0.8741923099754938
548.535	0.8570950417904919
549.5260000000001	0.8595673438785998
550.5260000000001	0.8841625485467999
551.5260000000001	0.8791591951164921
552.5260000000001	0.8853812257244336
553.5260000000001	0.8823602636875735
554.517	0.8983338520543245
555.508	0.9042659825367535
556.506	0.893401058723477
557.506	0.8907007142335543
558.4780000000001	0.6057297004381653
559.468	0.7516947064031494
560.468	0.8015461436665448
561.4590000000001	0.8019377266179238
562.44	0.7817047687289318
563.44	0.8037272700707156
564.44	0.8861620218882978
565.431	0.8889052942096999
566.431	0.8938419738414537
567.431	0.8995079572621667
568.422	0.8850434286429105
569.413	0.8709292906475988
570.404	0.8768087189288916
571.395	0.8828871830882058
572.395	0.8901441692406773
573.376	0.6985673365352578
574.367	0.7679486074268967
575.357	0.6808590855498998
576.357	0.7932655445448998
577.348	0.796252795359
578.348	0.8216569929473998
579.339	0.7966521028077999
580.339	0.8425669286468999
581.33	0.7484055980892999
582.33	0.8450269682530819
583.33	0.8919000961968999
584.309	0.6127600270231577
585.3000000000001	0.6926933010014928
586.291	0.6836928616043497
587.278	0.5107435437584975
588.269	0.4735520966396996
589.26	0.27725586020509246
590.251	0.2601908940489994
591.242	0.17311501961968234
592.242	0.4443067864499996
593.2330000000001	0.3169450733891985
594.2330000000001	0.6191621818186996
595.2330000000001	0.7324361414490999
596.224	0.5476793056296997
597.222	0.6638185457988997
598.2040000000001	0.34585513283034336
599.2040000000001	0.6757616248953917
600.195	0.6478210313878968
601.195	0.7901813985091999
602.186	0.7924894696247997
603.186	0.8671838164271118
604.168	0.7636622813460587
605.145	0.45701585750531154
606.136	0.6143541987114652
607.118	0.3435549832623675
608.109	0.45897342779575756
609.09	0.34845069411169854
610.081	0.45379587442093133
611.072	0.5399853999333926
612.053	0.3298404623149744
613.044	0.4561057544471595
614.025	0.33474310257968853
615.006	0.19484901712377337
615.991	0.19001187067599534
616.981	0.17988053258409234
617.972	0.17040202282819833
618.972	0.2495876312347914
619.962	0.23092229203979941
620.953	0.27035769039969937
621.944	0.2612131303561944
622.9350000000001	0.25198085809439236
623.926	0.34007138960399147
624.917	0.3499649144832744
625.912	0.6238541040625113
626.903	0.7130480797131727
627.894	0.7328143363916034
628.879	0.44966731002217947
629.87	0.4991736635194986
630.861	0.5190198685991987
631.852	0.5490451415852856
632.852	0.8286684356156307
633.843	0.8668587056350588
634.8340000000001	0.8572705799335918
635.815	0.6591439520783996
636.799	0.3099526878178974
637.79	0.3115557936096994
638.7810000000001	0.29243427176499337
639.772	0.3129454133569965
640.763	0.3331367812288994
641.754	0.3438920673133904
642.745	0.3740642366499995
643.736	0.4040875689195995
644.736	0.7916223250322819
645.717	0.5229602012372956
646.705	0.3959878358248985
647.696	0.37664261892859946
648.687	0.4076687504493995
649.678	0.41899605466799955
650.669	0.36017983576879753
651.66	0.3419929254693994
652.6510000000001	0.3827362207497996
653.642	0.36419677066989947
654.633	0.35612411167999947
655.624	0.33845839663999944
656.616	0.33951789243949954
657.6080000000001	0.3792492737099995
658.6	0.40966017073999955
659.6	0.6395223562998997
660.591	0.7189210313744918
661.582	0.6799171071387997
662.571	0.6520444546799996
663.561	0.7031466445784967
664.546	0.4217388775296995
665.537	0.38393345532919954
666.528	0.3556184886991985
667.519	0.3679385816699995
668.51	0.3109025023593995
669.501	0.3233996773095994
670.492	0.32551125031979944
671.4830000000001	0.3276115744981995
672.474	0.33050470991999953
673.465	0.3421357174796995
674.456	0.36179464662669353
675.455	0.4328554246680995
676.446	0.38396312499939955
677.437	0.3733970432734334
678.428	0.38398523034949955
679.419	0.47417196058539157
680.41	0.4056471005171966
681.41	0.6760530906695998
682.41	0.7686549182295999
683.404	0.7980493763364959
684.395	0.7802024562393999
685.386	0.6629040475499999
686.3770000000001	0.7040967883494998
687.3770000000001	0.7963818785364949
688.368	0.8077267137099997
689.359	0.7500671648099998
690.359	0.823344871611885
691.359	0.8264702625710859
692.359	0.839706297678899
693.359	0.8415850904169969
694.341	0.8414535323903398
695.313	0.8414301890684999
696.304	0.7723575209696998
697.304	0.8443501424385998
698.295	0.8254061810258979
699.295	0.8464436706385999
700.2860000000001	0.8466393632858958
701.277	0.837458147787195
702.268	0.8382839229214909
703.249	0.8572007105373989
704.249	0.8484323312469999
705.24	0.8489686461111629
706.231	0.849905996737697
707.222	0.8503574001583719
708.213	0.8508729792007839
709.2040000000001	0.852382037456799
710.195	0.8540603685739918
711.186	0.8661461806108909
712.177	0.8680213000257001
713.168	0.859994158867692
714.159	0.8617924878978259
715.15	0.8641372192592139
716.141	0.8462967463970353
717.1320000000001	0.8388904837742289
718.123	0.7217998093771999
719.114	0.6450123363772998
720.109	0.6340725336573996
721.109	0.6577947108551997
722.1	0.7275807469864998
723.1	0.7992158471743197
724.091	0.8396845928444507
725.091	0.850191549362879
726.082	0.8489954695771761
727.073	0.849935587516398
728.064	0.851020700605363
729.0550000000001	0.8511962937851998
730.046	0.8523427506231226
731.037	0.8546933150517725
732.035	0.8508230417726779
733.035	0.8650512992928766
734.016	0.8437725133993804
734.9970000000001	0.855308605930558
735.988	0.856818634491165
736.979	0.8578235431426958
737.97	0.8605498034435999
738.961	0.863511572960595
739.961	0.8677850302738378
740.943	0.8630004671725681
741.9250000000001	0.8694640060028506
742.916	0.8684662144395909
743.907	0.8674660418104958
744.888	0.8666230154879326
745.869	0.7851464452167738
746.86	0.803418195678474
747.851	0.8432701738458188
748.842	0.8531765256210845
749.842	0.8740477450095758
750.833	0.8549474288436839
751.8050000000001	0.7338395601736878
752.796	0.8042156581883977
753.787	0.8042383681941258
754.787	0.8656136965077907
755.787	0.89726425434947
756.778	0.8900871613417379
757.778	0.8845331887474387
758.769	0.877718501901591
759.769	0.8819217629787617
760.76	0.8751611866642629
761.76	0.8692788692034749
762.76	0.863293793807067
763.76	0.8568597869633598
764.751	0.8573174451188489
765.742	0.859501110547291
766.7330000000001	0.8516231406692316
767.7330000000001	0.8542886941800293
768.724	0.836748106420988
769.715	0.8389585857393917
770.706	0.8408649149866859
771.697	0.8426971242337877
772.688	0.8449056311108759
773.679	0.8435519115804972
774.6610000000001	0.8411867531848854
775.652	0.8503520318255414
776.624	0.8371142798937771
777.624	0.8382131244229738
778.606	0.8557171233666959
779.587	0.8349969868130808
780.568	0.8035298781427828
781.549	0.753973486045989
782.54	0.7642740384290134
783.5310000000001	0.7839985151900631
784.522	0.7846918013879418
785.513	0.7750713330889504
786.504	0.7754229927138846
787.495	0.8153416277224481
788.476	0.6858875344893997
789.467	0.7255125139478997
790.458	0.7449503511185998
791.4490000000001	0.5478892835483966
792.44	0.5092137543838835
793.421	0.20256264334473326
794.412	0.2510387263779994
795.403	0.26116021892719604
796.394	0.26199215683819843
797.385	0.2923768838618774
798.376	0.2934564103499021
799.367	0.3726245402350925
800.357	0.3833484583287714
801.3480000000001	0.3442734346073984
802.339	0.3833498951381975
803.328	0.27741773819909943
804.319	0.2504096744799994
805.3100000000001	0.2531714092090994
806.301	0.25657518548969943
807.292	0.25928484724999945
808.283	0.2617065918982994
809.274	0.2643063005364994
810.265	0.26758271961758345
811.265	0.3682381834774995
812.265	0.43777173039519957
813.256	0.46666820878137555
814.2470000000001	0.42727828320909955
815.2470000000001	0.6760961626096997
816.238	0.7358724124890987
817.229	0.75614574884
818.229	0.8778699377981001
819.229	0.8800351591786999
820.22	0.8616802366567958
821.211	0.8631019515995999
822.211	0.8666149883193
823.202	0.8790387297984
824.193	0.8923760172543989
825.184	0.8965597105565577
826.184	0.8914351308455
827.1750000000001	0.892834481360283
828.166	0.8841201419829539
829.157	0.88499083299324
830.148	0.866057817616082
831.139	0.8766945061850749
832.13	0.8969895409642779
833.121	0.88774689092269
834.112	0.898595957849388
835.1030000000001	0.8991145302603063
836.094	0.879758805001991
837.085	0.8604748633719619
838.066	0.8606149804442951
839.066	0.8719449631255948
840.047	0.8423005078371698
841.028	0.7623615816461958
842.019	0.7921826447264958
843.01	0.7526995665354929
844.001	0.7631610080779978
844.99	0.8046347251387987
845.979	0.8183787465492998
846.968	0.6429625601296998
847.958	0.45701961229879856
848.9490000000001	0.31098854535959947
849.9490000000001	0.5634550207593986
850.948	0.6987022498399997
851.948	0.8231240756167999
852.948	0.8674580944358258
853.939	0.8293521433222888
854.9300000000001	0.8503323653492998
855.921	0.8617618439365979
856.912	0.8830100419944931
857.903	0.8940094221436236
858.889	0.6727858231759919
859.88	0.3980485919645815
860.88	0.5423020298497996
861.88	0.7763728732063998
862.871	0.6208309867395997
863.871	0.8358183658897999
864.862	0.5410464567901251
865.8530000000001	0.44436860843288556
866.844	0.4662594145797996
867.844	0.8077002749086
868.844	0.8732780319335789
869.844	0.9001805416594
870.835	0.39687329597999954
871.83	0.6261580158472472
872.821	0.7255896121652458
873.812	0.7457752319828999
874.802	0.7571851609038
875.793	0.7872632831340998
876.782	0.6697835147391997
877.773	0.6696306294596
878.764	0.7398572435697
879.763	0.841447524206194
880.754	0.8518099857127678
881.745	0.8621802070234689
882.745	0.9121153574833901
883.736	0.8925033304061257
884.727	0.8533810729068986
885.708	0.8526856527340605
886.689	0.7234639252516999
887.6800000000001	0.6938339309642688
888.671	0.7233776525140538
889.671	0.8040216704776829
890.662	0.822534309548072
891.643	0.8029282894671997
892.624	0.6716897296587817
893.605	0.48155723844569154
894.596	0.5016843633592996
895.587	0.5212070668659996
896.577	0.5419643459905906
897.567	0.4937670087512906
898.548	0.33271938337359946
899.539	0.39110206869196645
900.5210000000001	0.2601379480490574
901.5120000000001	0.25863693098948937
902.503	0.31529369423748044
903.494	0.43239229336689844
904.475	0.23407461943852723
905.466	0.2422577844656343
906.457	0.26114438382589134
907.448	0.30134407267256746
908.439	0.34118902329719947
909.4300000000001	0.3420033848724168
910.421	0.3227067356540229
911.412	0.32305274977738063
912.403	0.3828452744911861
913.394	0.3826528798166395
914.385	0.3822853569720151
915.376	0.362916382565069
916.3670000000001	0.403651377307144
917.3580000000001	0.4036569333420872
918.349	0.39378105172842376
919.34	0.3941055627984166
920.331	0.34482042551090475
921.323	0.2660698015090994
922.314	0.2863460089915624
923.3050000000001	0.3067174784824795
924.296	0.3555456790829234
925.288	0.4141664458075765
926.279	0.4843761472732996
927.265	0.36084260343329944
928.265	0.6692757067309187
929.256	0.6794276437232877
930.256	0.809655687062016
931.2470000000001	0.8108788224052949
932.238	0.7918739991385089
933.219	0.6923640583063788
934.21	0.6534524498649535
935.21	0.852727864901231
936.21	0.843159592693525
937.201	0.8915482231762506
938.192	0.8924588668339577
939.192	0.8845464615702596
940.192	0.8771219420202595
941.183	0.8780619085818506
942.183	0.8716028920332577
943.183	0.8650693231681439
944.183	0.8789813070661314
945.183	0.8730868240105297
946.183	0.8673681962865227
947.183	0.8591015910054984
948.166	0.8647497544504428
949.158	0.8638506028900679
950.1410000000001	0.8701882713918258
951.124	0.8665571894044901
952.107	0.8735640725433284
953.09	0.8902272945232218
954.072	0.8794229904157318
955.054	0.8780532181259711
956.0360000000001	0.8866775549165589
957.0360000000001	0.8765061129816608
958.027	0.8771233742736507
959.018	0.8870769218669199
960.0	0.8859547559190619
960.982	0.8748784292027999
961.963	0.8748841790572408
962.9540000000001	0.8840865079306518
963.945	0.8738774571940798
964.945	0.8850193588167998
965.945	0.8870820607830929
966.927	0.8843634818231068
967.909	0.8619492730950777
968.89	0.8709306016023858
969.871	0.6916682680340098
970.852	0.3950438056140815
971.8430000000001	0.39579699490949954
972.8340000000001	0.37643132739869956
973.8240000000001	0.36768908602079414
974.815	0.3971936817191996
975.806	0.4928418813478996
976.787	0.23467700854539536
977.787	0.6703794679101857
978.7760000000001	0.5713231290585996
979.767	0.6013896777482995
980.758	0.7382943501776998
981.739	0.39112167643969953
982.73	0.4499826205380975
983.721	0.46976966629959954
984.721	0.8090148537181
985.712	0.8004373748042909
986.703	0.7907239139450237
987.684	0.5314832735462935
988.673	0.40384938469559956
989.664	0.5114289327371957
990.655	0.5315892013292787
991.655	0.8124244693447739
992.6460000000001	0.8123904579194989
993.6460000000001	0.8942565621331174
994.6460000000001	0.8950792566037188
995.6460000000001	0.8861407926931768
996.6370000000001	0.8773894225166046
997.6370000000001	0.8794223447653848
998.619	0.8892595063744249
999.6	0.8710352886749305
1000.591	0.8605775206067316
1001.562	0.8106613454250919
1002.562	0.8611235864776998
1003.553	0.8817521370043288
1004.544	0.8830988380992443
1005.535	0.8944245221728948
1006.523	0.8282429995511326
1007.504	0.45040270699819956
1008.504	0.8689173612717859
1009.494	0.8402764760964
1010.475	0.5210981046595997
1011.456	0.27402711401679947
1012.456	0.4918455922336895
1013.447	0.5310334565595997
1014.438	0.5705203868975967
1015.429	0.668521711158399
1016.4200000000001	0.7481599569759928
1017.4110000000001	0.7787857634312688
1018.395	0.4984076764974655
1019.386	0.5885603747058218
1020.3770000000001	0.6492341745364133
1021.368	0.5715694491120786
1022.359	0.5543754472101696
1023.35	0.45730011158849665
1024.3410000000001	0.46826445501579156
1025.332	0.47004086404799866
1026.332	0.6408716336094997
1027.332	0.7929470635899998
1028.323	0.8134421533792
1029.323	0.8567420095496999
1030.323	0.88867625569
1031.323	0.9023981879286
1032.314	0.9057426113879999
1033.314	0.9005126953966979
1034.305	0.8849009491583
1035.286	0.8662278048217483
1036.268	0.6789129191828915
1037.265	0.7466035114493377
1038.256	0.7474623759000911
1039.247	0.7587759563223793
1040.238	0.7009597553980769
1041.229	0.5740020358492334
1042.22	0.5761818750527685
1043.211	0.5788839195326968
1044.202	0.581860140324729
1045.193	0.584836191605018
1046.184	0.5879724191411969
1047.173	0.46201046951435354
1048.164	0.5312555929562998
1049.155	0.5202037326477905
1050.145	0.5107287677914657
1051.145	0.6706090185971706
1052.126	0.5405238313030125
1053.126	0.6805938842808809
1054.105	0.4247299296940936
1055.096	0.44343023159489564
1056.087	0.43354125455358355
1057.078	0.48332040512341834
1058.069	0.4838026109007836
1059.06	0.5335990634922801
1060.051	0.5635727044256303
1061.042	0.5636074239224501
1062.042	0.7125749967289768
1063.0330000000001	0.7513168838438368
1064.0330000000001	0.8717748122650978
1065.0140000000001	0.7722508035773978
1065.998	0.6486594436807538
1066.998	0.8388551880485758
1067.979	0.7684226117557147
1068.97	0.7599718743946918
1069.951	0.3445309268799995
1070.944	0.3761118515896994
1071.94	0.3250277167999995
1072.936	0.3348836996296995
1073.933	0.3335133968599995
1074.93	0.3334182109699995
1075.9270000000001	0.3333249303787994
1076.924	0.33362874871989945
1077.921	0.3340808226299994
1078.9180000000001	0.3340138984499994
1079.915	0.3725414894590995
1080.912	0.37115267381999945
1081.909	0.5286221966499997
1082.904	0.47881022171576637
1083.903	0.5445234552496996
1084.901	0.3630919979199995
1085.8990000000001	0.5493972075699997
1086.897	0.5270462013559996
1087.895	0.5540883124762996
1088.883	0.6280128451984998
1089.883	0.7829849427940979
1090.874	0.5181663420753996
1091.872	0.5648711912756997
1092.8700000000001	0.5228996693559997
1093.858	0.6955757856825576
1094.857	0.7813136110599999
1095.857	0.817084900933698
1096.848	0.8111296084955337
1097.839	0.6155812990753996
1098.834	0.5359626485930926
1099.833	0.5324204006613816
1100.8220000000001	0.5951059221581977
1101.813	0.6967190354299997
1102.804	0.6300299904599997
1103.803	0.7265738533383969
1104.797	0.31056034266466265
1105.797	0.5659613228297996
1106.797	0.7521557098698999
1107.788	0.32900132493999945
1108.788	0.5345442897996997
1109.782	0.4760445782532996
1110.773	0.5845659482425987
1111.7640000000001	0.6443130944592987
1112.755	0.4397465188398995
1113.755	0.8219790661025
1114.744	0.5387051063599997
1115.744	0.7737908122099998
1116.737	0.43834778339678754
1117.737	0.5944823658096997
1118.737	0.8474866075670389
1119.726	0.6543521471699997
1120.724	0.6125319146391996
1121.717	0.7737673484997929
1122.708	0.7058842371890988
1123.699	0.29278804798447133
1124.699	0.6645664713588997
1125.69	0.49873717992999966
1126.681	0.4896010454872505
1127.672	0.34382186154919947
1128.672	0.7461402041199999
1129.664	0.2821049795783964
1130.66	0.5173112362299996
1131.651	0.3819887549599995
1132.651	0.6464268057494997
1133.643	0.37137389428889955
1134.643	0.6162365707483967
1135.628	0.4232963118482966
1136.619	0.4339662992786995
1137.6100000000001	0.26848377729088474
1138.601	0.40690087386238155
1139.592	0.47594629177969966
1140.583	0.4090510407251905
1141.583	0.7901668127997
1142.577	0.4531467799799995
1143.577	0.6883706964630999
1144.558	0.3700513550347966
1145.549	0.35065529126127437
1146.54	0.2642679565289984
1147.54	0.5074869688099997
1148.54	0.8006187840834998
1149.521	0.38224101842679453
1150.512	0.45120016509939953
1151.512	0.8600825753104899
1152.503	0.8397104008193699
1153.494	0.7824058714069929
1154.4850000000001	0.7531981378187989
1155.476	0.7562048654089999
1156.467	0.6397251003495996
1157.458	0.4140759728697996
1158.449	0.40787938018909947
1159.449	0.6394015508299997
1160.438	0.45553414450979957
1161.438	0.7987254041127659
1162.438	0.8626975516454938
1163.438	0.8865023364554989
1164.419	0.720620478120263
1165.41	0.6936141635193988
1166.401	0.5172501768694986
1167.392	0.35268093635686243
1168.392	0.5260097277597996
1169.392	0.7306837058573948
1170.383	0.6835804297898997
1171.383	0.7891934743397999
1172.383	0.8947363891886
1173.383	0.8916489417951279
1174.383	0.8983319585126999
1175.365	0.7687550066663958
1176.356	0.8096373162196998
1177.347	0.7417213565098999
1178.338	0.6545766948899998
1179.337	0.8192082740590999
1180.328	0.8311425911268908
1181.311	0.4627279807099996
1182.3020000000001	0.4830709556995996
1183.2930000000001	0.48545316067999955
1184.282	0.38888782508889963
1185.2730000000001	0.4484564544193996
1186.2640000000001	0.4301734195654896
1187.259	0.5673597325991987
1188.259	0.7498086992324857
1189.248	0.6945684215699999
1190.239	0.6277019518499997
1191.237	0.7237321218799998
1192.228	0.4685908408699996
1193.228	0.8389683349924778
1194.219	0.8695576221039909
1195.201	0.6507444014794997
1196.198	0.7065688148397997
1197.198	0.867638246895963
1198.189	0.8583138457085998
1199.18	0.859134322817699
1200.161	0.7309006981232877
1201.161	0.8541234108229908
1202.152	0.8351918282883989
1203.143	0.8361675782794998
1204.134	0.8267351576496997
1205.115	0.5201088498099995
1206.115	0.8021571059999999
1207.1100000000001	0.8313647623130869
1208.102	0.7049443881864457
1209.093	0.6384675329230747
1210.09	0.6929377618992997
1211.09	0.8375179530274959
1212.0810000000001	0.8781312377996033
1213.0810000000001	0.899452809849365
1214.0620000000001	0.8294534124670989
1215.0620000000001	0.9015478899164998
1216.0430000000001	0.8715931202190553
1217.034	0.871464387616597
1218.034	0.9015483035712508
1219.025	0.8924911284875989
1220.006	0.8527995531182989
1220.987	0.7335210389501777
1221.976	0.6668615495495998
1222.967	0.6292110228299997
1223.958	0.6104409016796997
1224.949	0.5809468581676966
1225.949	0.7728230141190998
1226.94	0.782545308413789
1227.921	0.5735549320174966
1228.915	0.6117733155996997
1229.915	0.811767131716896
1230.915	0.8729995969018789
1231.915	0.8943751034007157
1232.915	0.8959295528486709
1233.906	0.9073394880883737
1234.897	0.908412816749562
1235.888	0.8988677476849999
1236.869	0.8896526863347318
1237.8600000000001	0.8911920986850548
1238.851	0.8924745459571594
1239.842	0.8940550952748889
1240.833	0.8944216373887249
1241.824	0.893871984481888
1242.824	0.8962240445901729
1243.824	0.9086995164913789
1244.815	0.900214322243087
1245.815	0.893285801925894
1246.806	0.8952867493523539
1247.788	0.8874150322653002
1248.769	0.9006594387426899
1249.769	0.895458706891387
1250.75	0.8592132547786998
1251.741	0.7122221169488996
1252.732	0.7048168024898996
1253.723	0.7071508134899998
1254.714	0.7480071414364957
1255.695	0.6367010875793997
1256.676	0.6045128069877976
1257.667	0.6721878730856937
1258.667	0.8318969327891
1259.667	0.8725885284872988
1260.638	0.7419345324109848
1261.626	0.7062182859428887
1262.607	0.3875563095479995
1263.598	0.35868851991849854
1264.589	0.3686647054264965
1265.58	0.35905429132949945
1266.571	0.3690773504289984
1267.5620000000001	0.34028524244087444
1268.553	0.3229508447197735
1269.544	0.32438470697358446
1270.535	0.3561232931715814
1271.526	0.2993748633842964
1272.517	0.24124928804607473
1273.508	0.2429986536960632
1274.499	0.24519729108487137
1275.49	0.24765305995452738
1276.481	0.2489591953387394
1277.481	0.5157667172288144
1278.472	0.5438104660955997
1279.463	0.5537031854730897
1280.454	0.36629120176947544
1281.445	0.46456956814919964
1282.436	0.5148774763493996
1283.426	0.5047359348086996
1284.417	0.5446657843288987
1285.407	0.43867110257989966
1286.397	0.27411851174989943
1287.388	0.2577064384443894
1288.3790000000001	0.26240042704809935
1289.3700000000001	0.26730817373769944
1290.361	0.27279259672369943
1291.352	0.2584064890442994
1292.343	0.2306135899255704
1293.334	0.2314931682768994
1294.325	0.23193491507139735
1295.316	0.23191903047559936
1296.307	0.23208203355729942
1297.298	0.23364526807739439
1298.289	0.23413421176258642
1299.28	0.2351498798782994
1300.271	0.23651965675789938
1301.262	0.2381401537964994
1302.253	0.23921373534449838
1303.244	0.2402619587730984
1304.2350000000001	0.2414339717179884
1305.2350000000001	0.25949542370650236
1306.233	0.33079920939749335
1307.224	0.32873393397719847
1308.215	0.37723104823349346
1309.215	0.7067427147198998
1310.215	0.8092088894392997
1311.2060000000001	0.7115822095294996
1312.2060000000001	0.8143555542390998
1313.2060000000001	0.8485796438710459
1314.2060000000001	0.8723032469222919
1315.1970000000001	0.8761494162314638
1316.1970000000001	0.8719392485709679
1317.1970000000001	0.8882520968206911
1318.1970000000001	0.8849127794501416
1319.1970000000001	0.891666467496429
1320.1970000000001	0.898391567539083
1321.188	0.9022868050614637
1322.188	0.89865574486412
1323.179	0.8936055980177998
1324.179	0.8900018829612729
1325.179	0.8867601840872879
1326.17	0.8894950669014198
1327.161	0.8620791776657327
1328.152	0.843963004502191
1329.143	0.8170811906709798
1330.143	0.8701304959192939
1331.143	0.8746138197127677
1332.134	0.8788044450003969
1333.134	0.8743473633505829
1334.134	0.8708578428304428
1335.125	0.8864496017259716
1336.116	0.8915984787028909
1337.116	0.8881488286878798
1338.107	0.8925982250992868
1339.107	0.8887839737713966
1340.098	0.8923287274569347
1341.089	0.8662281414490808
1342.08	0.8595414346979999
1343.08	0.8744900283512649
1344.0710000000001	0.7884703365799998
1345.0710000000001	0.8616193344968959
1346.0620000000001	0.8354276019803639
1347.053	0.7395827036266998
1348.044	0.7974494868300998
1349.025	0.5858786479886977
1350.006	0.41599537232899947
1350.997	0.49502171366827663
1351.988	0.5416010665078976
1352.98	0.7162982641920362
1353.972	0.8007703347553078
1354.954	0.765817738553685
1355.945	0.8418032304469366
1356.9270000000001	0.7581852631285109
1357.9180000000001	0.7952895265664378
1358.909	0.8519375412056037
1359.909	0.8898333548057221
1360.891	0.8479637265316369
1361.882	0.8665385635965943
1362.873	0.8756360647684346
1363.855	0.8628538838753456
1364.855	0.8840071549808919
1365.846	0.8634279936653978
1366.828	0.8724442062392999
1367.819	0.8732723738473177
1368.8	0.8743967246561549
1369.781	0.8179618039987
1370.772	0.8214923736349998
1371.772	0.896318106365796
1372.763	0.8100829416868999
1373.762	0.7959461802473998
1374.753	0.8166319777741928
1375.7440000000001	0.810726793093476
1376.7440000000001	0.8657690814399998
1377.7350000000001	0.8304252399986999
1378.7350000000001	0.9065698563400001
1379.73	0.7882582036195399
1380.711	0.4294079766564946
1381.702	0.41111753976669446
1382.693	0.5277525299932886
1383.684	0.6080821036755977
1384.675	0.5798346573341806
1385.675	0.8604701378799788
1386.675	0.9031533245186668
1387.656	0.7854183460585616
1388.656	0.838778810481293
1389.647	0.850868226761288
1390.638	0.8341245288938999
1391.6290000000001	0.6193831809199997
1392.6200000000001	0.4346064609699996
1393.6200000000001	0.5399997248796997
1394.6200000000001	0.6156265492899997
1395.611	0.6473023302046838
1396.611	0.7806953959093998
1397.596	0.6654607162192997
1398.587	0.7610385131189957
1399.568	0.6979718805488396
1400.549	0.5477013261694906
1401.53	0.4470174791411836
1402.521	0.5136743803839966
1403.502	0.39210235299609747
1404.493	0.4597066026776996
1405.484	0.5363247305881995
1406.4750000000001	0.5362635227981997
1407.462	0.4021136131084985
1408.458	0.47755820067989957
1409.451	0.6640813325176995
1410.442	0.6257250783054817
1411.433	0.5859348452673947
1412.424	0.6067108073488998
1413.415	0.6671033261988998
1414.406	0.6382311236950917
1415.401	0.7655291422168939
1416.392	0.5891897176892997
1417.384	0.6186665290876977
1418.375	0.5601127488298997
1419.375	0.8418487070034868
1420.366	0.8138350533093999
1421.357	0.8058100291893906
1422.357	0.8914240725481
1423.349	0.7653813721181999
1424.349	0.8812679531300505
1425.34	0.8709694900460941
1426.34	0.9126151163191758
1427.34	0.9164582024483677
1428.3310000000001	0.9204507991622052
1429.3310000000001	0.9259827614056552
1430.3220000000001	0.9156965896858558
1431.303	0.8956171231995381
1432.284	0.8249314246052795
1433.284	0.896431608449657
1434.275	0.9074062047971375
1435.275	0.8992763640216909
1436.256	0.9003974261488479
1437.237	0.8294890978471394
1438.228	0.8299731420917638
1439.219	0.8894530709153422
1440.21	0.8209185690411066
1441.21	0.8141111711758662
1442.21	0.827353358268878
1443.201	0.8378344104489446
1444.192	0.8404071418243708
1445.192	0.874271729810967
1446.173	0.8740840477092378
1447.164	0.8920922997374627
1448.145	0.890186485177899
1449.136	0.9001636736270003
1450.117	0.6905413980083566
1451.108	0.7503348013968959
1452.093	0.4489047080986996
1453.084	0.30253542734879946
1454.075	0.28519434232909846
1455.067	0.3458016549576995
1456.061	0.41482788352899946
1457.055	0.4136538914492995
1458.049	0.4027866849663935
1459.0430000000001	0.49082651864317456
1460.037	0.5483210087799996
1461.031	0.4392254889867936
1462.022	0.5291831313160946
1463.013	0.48117388234949965
1464.0040000000001	0.35474689365939954
1465.0040000000001	0.7635596206987998
1465.9950000000001	0.6460595515794987
1466.986	0.4902513373189996
1467.977	0.5386951072689996
1468.968	0.45137780549829354
1469.959	0.41419277078999955
1470.95	0.4067814358549896
1471.941	0.3774013732041894
1472.932	0.46618334255117555
1473.923	0.6337953023991997
1474.914	0.6722968863774916
1475.905	0.5940740733278926
1476.896	0.42726983539919955
1477.887	0.30100527073959943
1478.878	0.30320547141959947
1479.8690000000001	0.29565907226859844
1480.8600000000001	0.27851296075989945
1481.851	0.28147595321869945
1482.842	0.2532365981279954
1483.833	0.2811213087462387
1484.833	0.5675966614814385
1485.817	0.36475497453697153
1486.798	0.18666099445074727
1487.789	0.16714535402519232
1488.78	0.20591965746288537
1489.771	0.19660208965909937
1490.757	0.17234251067219133
1491.747	0.1728011515227533
1492.737	0.19474725221919936
1493.728	0.20546935052789933
1494.719	0.2081160022893994
1495.71	0.21058920144959933
1496.701	0.21279283858719736
1497.691	0.21624666044909838
1498.681	0.16178277640585076
1499.681	0.21326328181583318
1500.681	0.379042623992785
1501.676	0.5219644484899996
1502.676	0.7812935432989998
1503.6670000000001	0.8217585594762977
1504.6480000000001	0.5131573535191997
1505.636	0.38661247318929953
1506.627	0.28983798528859744
1507.618	0.26255832408490826
1508.609	0.21525300847959936
1509.609	0.41675929681999946
1510.604	0.4949914568399996
1511.597	0.5446747116194995
1512.588	0.4763213154691996
1513.579	0.47672606362113945
1514.57	0.3499358947558915
1515.57	0.5127497497196996
1516.561	0.41583165745237344
1517.5520000000001	0.4081845888498995
1518.5520000000001	0.6007040266496997
1519.5520000000001	0.8136894966368
1520.5430000000001	0.7090998357299996
1521.54	0.7377417741996476
1522.54	0.8238627980137728
1523.54	0.8698939721599999
1524.534	0.7324562201226575
1525.534	0.899090422320868
1526.534	0.8963723548177256
1527.534	0.8937818338204089
1528.534	0.9010580411281756
1529.525	0.5263317557990552
1530.516	0.5303984759414098
1531.507	0.5342991197685141
1532.498	0.5383696307891395
1533.489	0.5426507628097649
1534.479	0.34856470210252544
1535.479	0.4901080761599996
1536.479	0.5213455777594996
1537.479	0.6438481207393998
1538.479	0.8194167852576999
1539.478	0.7073628702738998
1540.469	0.7067188762838598
1541.45	0.5737402309331756
1542.431	0.5213182492976616
1543.412	0.48852093096164956
1544.393	0.5054250053871354
1545.374	0.48096391275782546
1546.365	0.5752148180811997
1547.365	0.6635746963571997
1548.365	0.7906621985941987
1549.347	0.7294704840227698
1550.347	0.8202799433480797
1551.347	0.82172339124427
1552.338	0.8115420695330998
1553.329	0.8322259882814838
1554.32	0.8611955158312579
1555.311	0.8608675557533719
1556.2830000000001	0.8289932013147948
1557.2740000000001	0.8391282521317879
1558.265	0.857295994335905
1559.246	0.8563295562136959
1560.227	0.8185520597191999
1561.227	0.8610686623849999
1562.218	0.8642674243699
1563.218	0.8556608589910765
1564.189	0.6857248006778979
1565.17	0.30836772847499144
1566.156	0.2639906537311824
1567.143	0.21957185281669542
1568.14	0.28311092883749644
1569.131	0.37135311677729654
1570.131	0.6801016504396997
1571.131	0.8402037681646859
1572.131	0.8635963077904969
1573.131	0.8766406206715949
1574.131	0.8724080197653998
1575.122	0.8869106197013
1576.122	0.882619602094935
1577.113	0.8877647171594518
1578.094	0.8393851459828028
1579.085	0.8149904127163912
1580.083	0.8241169478537326
1581.083	0.9012220156596825
1582.083	0.9188511812837339
1583.0810000000001	0.9285856227992515
1584.0720000000001	0.8487886415323735
1585.053	0.3617549076974995
1586.044	0.3913288952154965
1587.035	0.43989271628489357
1588.026	0.46914037175228757
1589.007	0.4062958829826895
1589.988	0.3322482347535915
1590.979	0.3901942049114875
1591.97	0.5263813164767986
1592.97	0.8048170311952958
1593.961	0.8629341124974019
1594.952	0.8704272628154602
1595.933	0.8012416883049521
1596.914	0.4240265898073975
1597.905	0.5125678379625876
1598.896	0.4544793403689995
1599.887	0.5147599789749835
1600.878	0.5060194115372977
1601.878	0.7658432879790997
1602.8690000000001	0.6983943202590998
1603.8690000000001	0.8311970004886
1604.8600000000001	0.7545659291094998
1605.851	0.5886565986699996
1606.8500000000001	0.7524361711693998
1607.8310000000001	0.5916163883289273
1608.818	0.6630301895463968
1609.799	0.29574407969479344
1610.79	0.2647717954576984
1611.781	0.2643721637175964
1612.772	0.2358202380779954
1613.763	0.2175251770788994
1614.7540000000001	0.2199324639299994
1615.7450000000001	0.14215837845222412
1616.736	0.1450331268614903
1617.736	0.4048616564998996
1618.736	0.7056960190068938
1619.727	0.34221884861117646
1620.72	0.24487217167929937
1621.7150000000001	0.24592338035759542
1622.7150000000001	0.6866445531373978
1623.7060000000001	0.5207124109644826
1624.6970000000001	0.3458150215797995
1625.69	0.24872670532338642
1626.685	0.24852827409809944
1627.68	0.24919905392999941
1628.68	0.3230669065051453
1629.671	0.30492428425865936
1630.662	0.2974752627599994
1631.655	0.23963238518839944
1632.65	0.23958705942519137
1633.645	0.24030470038969934
1634.64	0.24186972569949944
1635.635	0.24462483087579245
1636.635	0.2597915536514373
1637.626	0.2598162918334694
1638.617	0.2528069186591994
1639.6100000000001	0.2440142342991994
1640.605	0.24341837139869837
1641.6000000000001	0.24404939519919935
1642.595	0.2453088677299994
1643.595	0.2591056305168032
1644.586	0.21945574322912204
1645.577	0.2493120135171984
1646.577	0.5567458411483996
1647.568	0.5086227972425855
1648.559	0.4714135029549395
1649.55	0.38431681992679445
1650.534	0.28457258160999943
1651.526	0.24721398546699636
1652.521	0.2452079535797994
1653.516	0.24584036549979935
1654.511	0.24651087049869738
1655.506	0.24830431173949943
1656.506	0.2627764137851914
1657.497	0.22327781325942206
1658.488	0.22381296282578536
1659.479	0.2540859441770994
1660.479	0.5017779482076996
1661.468	0.3769311886299995
1662.459	0.37875753506859944
1663.45	0.32996603619389037
1664.441	0.26264143682552415
1665.432	0.2742211553791984
1666.423	0.2949910844590984
1667.414	0.2476401005199994
1668.405	0.2505864276353924
1669.3980000000001	0.24195292377739938
1670.392	0.24285387629509544
1671.386	0.25161192955709744
1672.38	0.2511387165594994
1673.38	0.27379695834715534
1674.371	0.26394268594969944
1675.352	0.23286593787593815
1676.342	0.2507153559463236
1677.323	0.24801531192071724
1678.304	0.25435832558030286
1679.295	0.24288116055719944
1680.286	0.23146276413736339
1681.276	0.23027383303545135
1682.267	0.2498178314882994
1683.258	0.2876523244036934
1684.249	0.3065259805751964
1685.24	0.31599209075819845
1686.231	0.3253945527582984
1687.222	0.33550936299849843
1688.213	0.3445241384271964
1689.213	0.6714526145883988
1690.194	0.34441359092839946
1691.179	0.2712874006480984
1692.17	0.33022411264829843
1693.161	0.3794224062992984
1694.1490000000001	0.22568503216909938
1695.1390000000001	0.22747086208639936
1696.13	0.23720220314519339
1697.121	0.18855136334939934
1698.112	0.19142982329328734
1699.104	0.19530989661939938
1700.096	0.1990596718679994
1701.088	0.20301420792438737
1702.08	0.2076771817860994
1703.0720000000001	0.2216139298047994
1704.063	0.16345618362454156
1705.054	0.16423932575741218
1706.045	0.1654565450755429
1707.036	0.16801657582667143
1708.027	0.17110653996931716
1709.018	0.17494326215667702
1710.009	0.17698047232634573
1711.0	0.17818508076070905
1711.991	0.18041756008989907
1712.982	0.18140376727403373
1713.973	0.1822908626074848
1714.964	0.182741705641989
1715.964	0.27953763893691574
1716.964	0.32451018477361665
1717.955	0.32272309675988853
1718.9460000000001	0.3007826146750795
1719.9460000000001	0.5564799063290986
1720.9370000000001	0.5850634002491997
1721.9370000000001	0.8138992865439463
1722.928	0.7860156903538968
1723.919	0.7783990583095999
1724.915	0.8262011843793999
1725.915	0.8689740632369001
1726.915	0.8613409567999609
1727.896	0.8224048938256996
1728.878	0.7023719978097998
1729.8690000000001	0.7819708611582997
1730.8600000000001	0.7721878302768919
1731.851	0.7845124386091998
1732.851	0.8387697443069997
1733.851	0.8433076274754998
1734.842	0.827897280337398
1735.842	0.8640687179369999
1736.842	0.8909996124295
1737.833	0.8967203970647397
1738.833	0.9444391704200927
1739.833	0.9524295555179569
1740.824	0.8743797977610066
1741.815	0.758002566326222
1742.813	0.4874061044803424
1743.8120000000001	0.6944087761267878
1744.8120000000001	0.9321682517476859
1745.8120000000001	0.96047296613415
1746.803	0.5253089974707786
1747.794	0.6349968979291216
1748.784	0.6652927577041603
1749.775	0.6757832660845383
1750.766	0.6374602017728495
1751.747	0.2712928543164984
1752.747	0.5698751145499048
1753.747	0.7812223822740733
1754.728	0.43434031918946353
1755.71	0.39072030054911033
1756.701	0.5158509531972195
1757.682	0.4717928929087533
1758.661	0.4118730547294092
1759.642	0.3104101386184995
1760.633	0.3279333447679965
1761.624	0.3064403775786994
1762.615	0.3346614930061954
1763.615	0.6904313680894998
1764.615	0.8607488446749
1765.606	0.8511533663662
1766.606	0.8925724041412668
1767.597	0.9031735826827958
1768.588	0.8645411046332395
1769.569	0.8643051437288
1770.56	0.8635349164377479
1771.541	0.7443927165057947
1772.527	0.6410686992644916
1773.518	0.6223045828053877
1774.508	0.5931551799865976
1775.49	0.2743650975466964
1776.48	0.2450531008687984
1777.48	0.6140340876895997
1778.48	0.7271161422486998
1779.471	0.766624402906997
1780.462	0.7471570849809988
1781.453	0.80559647871938
1782.434	0.5870754610580976
1783.434	0.806383189597396
1784.434	0.8673558134875959
1785.425	0.8982419226701869
1786.406	0.840783125784797
1787.393	0.6273130340959916
1788.384	0.5395044836008637
1789.375	0.5705668559337757
1790.365	0.5434102588019564
1791.353	0.31028312638679945
1792.343	0.17462573312899932
1793.339	0.20203501578649433
1794.335	0.2692575719177984
1795.332	0.3452970779695664
1796.329	0.42186246371999947
1797.329	0.7160051189299997
1798.32	0.30261984439889944
1799.316	0.2328903358599994
1800.313	0.2332249346183964
1801.31	0.23366065017729643
1802.307	0.23410541860849637
1803.304	0.2348211396994994
1804.301	0.23600139516875734
1805.298	0.2372834366455453
1806.295	0.2388398781223333
1807.2920000000001	0.24030601959912132
1808.289	0.24177216107590926
1809.286	0.24323830255269718
1810.2830000000001	0.24382964402948518
1811.2830000000001	0.2574742473834774
1812.2740000000001	0.21718655377204305
1813.265	0.24622766539167135
1814.256	0.2563782354828994
1815.256	0.4940959674077956
1816.247	0.4367152064598996
1817.238	0.30876973308999944
1818.229	0.3793126146298995
1819.22	0.2337367590893994
1820.2150000000001	0.2230981026559934
1821.212	0.23097716776999938
1822.209	0.23012963150939933
1823.2060000000001	0.2297276666088974
1824.203	0.22998445079959942
1825.203	0.28494404423238545
1826.194	0.28763357027879843
1827.188	0.22964074355729938
1828.185	0.22696735672979937
1829.182	0.2252416793992994
1830.179	0.22418887894999937
1831.166	0.2120949624992371
1832.1480000000001	0.237974230646523
1833.14	0.31405887142399247
1834.122	0.33054229995012646
1835.104	0.3369169167138519
1836.085	0.31552637901205743
1837.066	0.3132126331036607
1838.047	0.32072216844545204
1839.03	0.238263613018321
1840.029	0.35639063539000704
1841.02	0.3546044967280475
1842.011	0.2936977034495823
1843.002	0.3480328362416473
1843.993	0.42244176565545344
1844.9840000000002	0.45023144460037356
1845.973	0.45003287114878254
1846.973	0.6567759134721948
1847.973	0.8170254906078678
1848.954	0.6873199744166976
1849.945	0.7374094046748988
1850.928	0.5267184196095998
1851.919	0.6156558651260866
1852.91	0.6941249244694997
1853.893	0.25720584975799843
1854.8880000000001	0.23641805660969945
1855.884	0.17685286271619433
1856.88	0.24606617572999942
1857.876	0.1965497682338453
1858.872	0.25642869779839944
1859.8690000000001	0.2545727918699994
1860.866	0.29403027589999947
1861.863	0.30322142173999944
1862.8600000000001	0.30253287284979946
1863.857	0.3028038048797994
1864.854	0.26375801552919936
1865.851	0.3012177275490995
1866.848	0.2613907137294984
1867.845	0.30104236849949845
1868.842	0.26100728731939943
1869.839	0.30007533938939945
1870.837	0.2986324207375994
1871.835	0.26783658097659446
1872.833	0.30651017473969944
1873.83	0.45540088966478864
1874.828	0.31511150658429044
1875.826	0.3441851268199994
1876.8210000000001	0.3061282308099994
1877.8210000000001	0.7512988752161869
1878.816	0.32487679799999947
1879.814	0.29435188048909944
1880.8120000000001	0.4434357218499996
1881.81	0.3334560463688362
1882.808	0.4116629917398996
1883.806	0.7893502204308688
1884.805	0.7280834942852817
1885.805	0.8946333476493991
1886.796	0.4214584388899995
1887.794	0.7100788115481969
1888.794	0.9363726224483969
1889.785	0.6014617164478967
1890.78	0.26501150007829943
1891.778	0.3035785386491984
1892.776	0.32343318191989945
1893.7740000000001	0.5323338355473917
1894.7730000000001	0.5411855267906087
1895.77	0.5314869865179925
1896.769	0.5400004176767278
1897.766	0.5306727205779925
1898.766	0.7885048151549838
1899.7640000000001	0.5389196697317745
1900.76	0.5305683195779927
1901.759	0.3601713033775955
1902.758	0.5686431659599996
1903.757	0.27863862985999943
1904.756	0.2782263879799994
1905.755	0.2782084999999994
1906.7540000000001	0.27842719999999943
1907.753	0.5460548799399997
1908.753	0.9022413461573968
1909.753	0.9499490221838607
1910.753	0.9458180126572507
1911.739	0.41804369528829755
1912.738	0.5863230897493997
1913.737	0.31650528290989943
1914.736	0.31630438696999946
1915.733	0.48737446871829354
1916.733	0.825212652546988
1917.733	0.9441187716180255
1918.733	0.9535788309134392
1919.733	0.9527558127129652
1920.728	0.48600604855789364
1921.728	0.823820437416588
1922.728	0.9527449716180257
1923.727	0.37310809999999955
1924.727	0.8022223839599999
1925.727	0.961600259046495
1926.727	0.9597740703946737
1927.722	0.9119493999999999
1928.722	0.9712812
1929.722	0.9710085
1930.722	0.9707357999999999
1931.722	0.9704631
1932.722	0.9701903999999999
1933.722	0.9699177
1934.722	0.9796843999999999
1935.722	0.9795025999999999
1936.722	0.99944
1937.722	0.99944
1938.722	0.99944
1939.722	0.99944
1940.722	0.99944
1941.722	0.99944
1942.722	0.99944
1943.722	0.99944
1944.722	0.99944
1945.722	0.99944
1946.722	0.99944
1947.722	0.99944
1948.722	0.99944
1949.722	0.99944
1950.722	0.99944
1951.722	0.99944
1952.722	0.99944
1953.722	0.99944
1954.722	0.99944
1955.722	0.99944
1956.722	0.99944
1957.722	0.99944
1958.722	0.99944
1959.722	0.99944
1960.722	0.99944
1961.722	0.99944
1962.722	0.99944
1963.722	0.99944
1964.722	0.99944
1965.722	0.99944
1966.722	0.99944
1967.722	0.99944
1968.722	0.99944
1969.722	0.99944
1970.722	0.99944
1971.722	0.99944
1972.722	0.99944
1973.722	0.99944
1974.722	0.99944
1975.722	0.99944
1976.722	0.99944
1977.722	0.99944
1978.722	0.99944
1979.722	0.99944
1980.722	0.99944
1981.722	0.99944
1982.722	0.99944
1983.722	0.99944
1984.722	0.99944
1985.722	0.99944
1986.722	0.99944
1987.722	0.99944
1988.722	0.99944
1989.722	0.99944
1990.722	0.99944
1991.722	0.99944
1992.722	0.99944
1993.722	0.99944
1994.722	0.99944
1995.722	0.99944
1996.722	0.99944
1997.722	0.99944
1998.722	0.99944
1999.722	0.99944
2000.722	0.99944
2001.722	0.99944
2002.722	0.99944
2003.722	0.99944
2004.722	0.99944
2005.722	0.99944
2006.722	0.99944
2007.722	0.99944
2008.722	0.99944
2009.722	0.99944
2010.722	0.99944
2011.722	0.99944
2012.722	0.99944
2013.722	0.99944
2014.722	0.99944
2015.722	0.99944
2016.722	0.99944
2017.722	0.99944
2018.722	0.99944
2019.722	0.99944
2020.722	0.99944
2021.722	0.99944
2022.722	0.99944
2023.722	0.99944
2024.722	0.99944
2025.722	0.99944
2026.722	0.99944
2027.722	0.99944
2028.722	0.99944
2029.722	0.99944
2030.722	0.99944
2031.722	0.99944
2032.722	0.99944
2033.722	0.99944
2034.722	0.99944
2035.722	0.99944
2036.722	0.99944
2037.722	0.99944
2038.722	0.99944
2039.722	0.99944
2040.722	0.99944
2041.722	0.99944
2042.722	0.99944
2043.722	0.99944
2044.722	0.99944
2045.722	0.99944
2046.722	0.99944
2047.722	0.99944
2048.722	0.99944
2049.722	0.99944
2050.722	0.99944
2051.722	0.99944
2052.722	0.99944
2053.722	0.99944
2054.722	0.99944
2055.722	0.99944
2056.722	0.99944
2057.722	0.99944
2058.722	0.99944
2059.722	0.99944
2060.722	0.99944
2061.722	0.99944
2062.722	0.99944
2063.722	0.99944
2064.722	0.99944
2065.722	0.99944
2066.722	0.99944
2067.722	0.99944
2068.722	0.99944
2069.722	0.99944
2070.722	0.99944
2071.722	0.99944
2072.722	0.99944
2073.722	0.99944
2074.722	0.99944
2075.722	0.99944
2076.722	0.99944
2077.722	0.99944
2078.722	0.99944
2079.722	0.99944
2080.722	0.99944
2081.722	0.99944
2082.722	0.99944
2083.722	0.99944
2084.722	0.99944
2085.722	0.99944
2086.722	0.99944
2087.722	0.99944
2088.722	0.99944
2089.722	0.99944
2090.722	0.99944
2091.722	0.99944
2092.722	0.99944
2093.722	0.99944
2094.722	0.99944
2095.722	0.99944
2096.722	0.99944
2097.722	0.99944
2098.722	0.99944
2099.722	0.99944
2100.722	0.99944
2101.722	0.99944
2102.722	0.99944
2103.722	0.99944
2104.722	0.99944
2105.722	0.99944
2106.722	0.99944
2107.722	0.99944
2108.722	0.99944
2109.722	0.99944
2110.722	0.99944
2111.722	0.99944
2112.722	0.99944
2113.722	0.99944
2114.722	0.99944
2115.722	0.99944
2116.722	0.99944
2117.722	0.99944
2118.722	0.99944
2119.722	0.99944
2120.722	0.99944
2121.722	0.99944
2122.722	0.99944
2123.722	0.99944
2124.722	0.99944
2125.722	0.99944
2126.722	0.99944
2127.722	0.99944
2128.722	0.99944
2129.722	0.99944
2130.722	0.99944
2131.722	0.99944
2132.722	0.99944
2133.722	0.99944
2134.722	0.99944
2135.722	0.99944
2136.722	0.99944
2137.722	0.99944
2138.722	0.99944
2139.722	0.99944
2140.722	0.99944
2141.722	0.99944
2142.722	0.99944
2143.722	0.99944
2144.722	0.99944
2145.722	0.99944
2146.722	0.99944
2147.722	0.99944
2148.722	0.99944
2149.722	0.99944
2150.722	0.99944
2151.722	0.99944
2152.722	0.99944
2153.722	0.99944
2154.722	0.99944
2155.722	0.99944
2156.722	0.99944
2157.722	0.99944
2158.722	0.99944
2159.722	0.99944
2160.722	0.99944
2161.722	0.99944
2162.722	0.99944
2163.722	0.99944
2164.722	0.99944
2165.722	0.99944
2166.722	0.99944
2167.722	0.99944
2168.722	0.99944
2169.722	0.99944
2170.722	0.99944
2171.722	0.99944
2172.722	0.99944
2173.722	0.99944
2174.722	0.99944
2175.722	0.99944
2176.722	0.99944
2177.722	0.99944
2178.722	0.99944
2179.722	0.99944
2180.722	0.99944
2181.722	0.99944
2182.722	0.99944
2183.722	0.99944
2184.722	0.99944
2185.722	0.99944
2186.722	0.99944
2187.722	0.99944
2188.722	0.99944
2189.722	0.99944
2190.722	0.99944
2191.722	0.99944
2192.722	0.99944
2193.722	0.99944
2194.722	0.99944
2195.722	0.99944
2196.722	0.99944
2197.722	0.99944
2198.722	0.99944
2199.722	0.99944
2200.722	0.99944
2201.722	0.99944
2202.722	0.99944
2203.722	0.99944
2204.722	0.99944
2205.722	0.99944
2206.722	0.99944
2207.722	0.99944
2208.722	0.99944
2209.722	0.99944
2210.722	0.99944
2211.722	0.99944
2212.722	0.99944
2213.722	0.99944
2214.722	0.99944
2215.722	0.99944
2216.722	0.99944
2217.722	0.99944
2218.722	0.99944
2219.722	0.99944
2220.722	0.99944
2221.722	0.99944
2222.722	0.99944
2223.722	0.99944
2224.722	0.99944
2225.722	0.99944
2226.722	0.99944
2227.722	0.99944
2228.722	0.99944
2229.722	0.99944
2230.722	0.99944
2231.722	0.99944
2232.722	0.99944
2233.722	0.99944
2234.722	0.99944
2235.722	0.99944
2236.722	0.99944
2237.722	0.99944
2238.722	0.99944
2239.722	0.99944
2240.722	0.99944
2241.722	0.99944
2242.722	0.99944
2243.722	0.99944
2244.722	0.99944
2245.722	0.99944
2246.722	0.99944
2247.722	0.99944
2248.722	0.99944
2249.722	0.99944
2250.722	0.99944
2251.722	0.99944
2252.722	0.99944
2253.722	0.99944
2254.722	0.99944
2255.722	0.99944
2256.722	0.99944
2257.722	0.99944
2258.722	0.99944
2259.722	0.99944
2260.722	0.99944
2261.722	0.99944
2262.722	0.99944
2263.722	0.99944
2264.722	0.99944
2265.722	0.99944
2266.722	0.99944
2267.722	0.99944
2268.722	0.99944
2269.722	0.99944
2270.722	0.99944
2271.722	0.99944
2272.722	0.99944
2273.722	0.99944
2274.722	0.99944
2275.722	0.99944
2276.722	0.99944
2277.722	0.99944
2278.722	0.99944
2279.722	0.99944
2280.722	0.99944
2281.722	0.99944
2282.722	0.99944
2283.722	0.99944
2284.722	0.99944
2285.722	0.99944
2286.722	0.99944
2287.722	0.99944
2288.722	0.99944
2289.722	0.99944
2290.722	0.99944
2291.722	0.99944
2292.722	0.99944
2293.722	0.99944
2294.722	0.99944
2295.722	0.99944
2296.722	0.99944
2297.722	0.99944
2298.722	0.99944
2299.722	0.99944
2300.722	0.99944
2301.722	0.99944
2302.722	0.99944
2303.722	0.99944
2304.722	0.99944
2305.722	0.99944
2306.722	0.99944
2307.722	0.99944
2308.722	0.99944
2309.722	0.99944
2310.722	0.99944
2311.722	0.99944
2312.722	0.99944
2313.722	0.99944
2314.722	0.99944
2315.722	0.99944
2316.722	0.99944
2317.722	0.99944
2318.722	0.99944
2319.722	0.99944
2320.722	0.99944
2321.722	0.99944
2322.722	0.99944
2323.722	0.99944
2324.722	0.99944
2325.722	0.99944
2326.722	0.99944
2327.722	0.99944
2328.722	0.99944
2329.722	0.99944
2330.722	0.99944
2331.722	0.99944
2332.722	0.99944
2333.722	0.99944
2334.722	0.99944
2335.722	0.99944
2336.722	0.99944
2337.722	0.99944
2338.722	0.99944
2339.722	0.99944
2340.722	0.99944
2341.722	0.99944
2342.722	0.99944
2343.722	0.99944
2344.722	0.99944
2345.722	0.99944
2346.722	0.99944
2347.722	0.99944
2348.722	0.99944
2349.722	0.99944
2350.722	0.99944
2351.722	0.99944
2352.722	0.99944
2353.722	0.99944
2354.722	0.99944
2355.722	0.99944
2356.722	0.99944
2357.722	0.99944
2358.722	0.99944
2359.722	0.99944
2360.722	0.99944
2361.722	0.99944
2362.722	0.99944
2363.722	0.99944
2364.722	0.99944
2365.722	0.99944
2366.722	0.99944
2367.722	0.99944
2368.722	0.99944
2369.722	0.99944
2370.722	0.99944
2371.722	0.99944
2372.722	0.99944
2373.722	0.99944
2374.722	0.99944
2375.722	0.99944
2376.722	0.99944
2377.722	0.99944
2378.722	0.99944
2379.722	0.99944
2380.722	0.99944
2381.722	0.99944
2382.722	0.99944
2383.722	0.99944
2384.722	0.99944
2385.722	0.99944
2386.722	0.99944
2387.722	0.99944
2388.722	0.99944
2389.722	0.99944
2390.722	0.99944
2391.722	0.99944
2392.722	0.99944
2393.722	0.99944
2394.722	0.99944
2395.722	0.99944
2396.722	0.99944
2397.722	0.99944
2398.722	0.99944
2399.722	0.99944
2400.722	0.99944
2401.722	0.99944
2402.722	0.99944
2403.722	0.99944
2404.722	0.99944
2405.722	0.99944
2406.722	0.99944
2407.722	0.99944
2408.722	0.99944
2409.722	0.99944
2410.722	0.99944
2411.722	0.99944
2412.722	0.99944
2413.722	0.99944
2414.722	0.99944
2415.722	0.99944
2416.722	0.99944
2417.722	0.99944
2418.722	0.99944
2419.722	0.99944
2420.722	0.99944
2421.722	0.99944
2422.722	0.99944
2423.722	0.99944
2424.722	0.99944
2425.722	0.99944
2426.722	0.99944
2427.722	0.99944
2428.722	0.99944
2429.722	0.99944
2430.722	0.99944
2431.722	0.99944
2432.722	0.99944
2433.722	0.99944
2434.722	0.99944
2435.722	0.99944
2436.722	0.99944
2437.722	0.99944
2438.722	0.99944
2439.722	0.99944
2440.722	0.99944
2441.722	0.99944
2442.722	0.99944
2443.722	0.99944
2444.722	0.99944
2445.722	0.99944
2446.722	0.99944
2447.722	0.99944
2448.722	0.99944
2449.722	0.99944
2450.722	0.99944
2451.722	0.99944
2452.722	0.99944
2453.722	0.99944
2454.722	0.99944
2455.722	0.99944
2456.722	0.99944
2457.722	0.99944
2458.722	0.99944
2459.722	0.99944
2460.722	0.99944
2461.722	0.99944
2462.722	0.99944
2463.722	0.99944
2464.722	0.99944
2465.722	0.99944
2466.722	0.99944
2467.722	0.99944
2468.722	0.99944
2469.722	0.99944
2470.722	0.99944
2471.722	0.99944
2472.722	0.99944
2473.722	0.99944
2474.722	0.99944
2475.722	0.99944
2476.722	0.99944
2477.722	0.99944
2478.722	0.99944
2479.722	0.99944
2480.722	0.99944
2481.722	0.99944
2482.722	0.99944
2483.722	0.99944
2484.722	0.99944
2485.722	0.99944
2486.722	0.99944
2487.722	0.99944
2488.722	0.99944
2489.722	0.99944
2490.722	0.99944
2491.722	0.99944
2492.722	0.99944
2493.722	0.99944
2494.722	0.99944
2495.722	0.99944
2496.722	0.99944
2497.722	0.99944
2498.722	0.99944
2499.722	0.99944
2500.722	0.99944
2501.722	0.99944
2502.722	0.99944
2503.722	0.99944
2504.722	0.99944
2505.722	0.99944
2506.722	0.99944
2507.722	0.99944
2508.722	0.99944
2509.722	0.99944
2510.722	0.99944
2511.722	0.99944
2512.722	0.99944
2513.722	0.99944
2514.722	0.99944
2515.722	0.99944
2516.722	0.99944
2517.722	0.99944
2518.722	0.99944
2519.722	0.99944
2520.722	0.99944
2521.722	0.99944
2522.722	0.99944
2523.722	0.99944
2524.722	0.99944
2525.722	0.99944
2526.722	0.99944
2527.722	0.99944
2528.722	0.99944
2529.722	0.99944
2530.722	0.99944
2531.722	0.99944
2532.722	0.99944
2533.722	0.99944
2534.722	0.99944
2535.722	0.99944
2536.722	0.99944
2537.722	0.99944
2538.722	0.99944
2539.722	0.99944
2540.722	0.99944
2541.722	0.99944
2542.722	0.99944
2543.722	0.99944
2544.722	0.99944
2545.722	0.99944
2546.722	0.99944
2547.722	0.99944
2548.722	0.99944
2549.722	0.99944
2550.722	0.99944
2551.722	0.99944
2552.722	0.99944
2553.722	0.99944
2554.722	0.99944
2555.722	0.99944
2556.722	0.99944
2557.722	0.99944
2558.722	0.99944
2559.722	0.99944
2560.722	0.99944
2561.722	0.99944
2562.722	0.99944
2563.722	0.99944
2564.722	0.99944
2565.722	0.99944
2566.722	0.99944
2567.722	0.99944
2568.722	0.99944
2569.722	0.99944
2570.722	0.99944
2571.722	0.99944
2572.722	0.99944
2573.722	0.99944
2574.722	0.99944
2575.722	0.99944
2576.722	0.99944
2577.722	0.99944
2578.722	0.99944
2579.722	0.99944
2580.722	0.99944
2581.722	0.99944
2582.722	0.99944
2583.722	0.99944
2584.722	0.99944
2585.722	0.99944
2586.722	0.99944
2587.722	0.99944
2588.722	0.99944
2589.722	0.99944
2590.722	0.99944
2591.722	0.99944
2592.722	0.99944
2593.722	0.99944
2594.722	0.99944
2595.722	0.99944
2596.722	0.99944
2597.722	0.99944
2598.722	0.99944
2599.722	0.99944
2600.722	0.99944
2601.722	0.99944
2602.722	0.99944
2603.722	0.99944
2604.722	0.99944
2605.722	0.99944
2606.722	0.99944
2607.722	0.99944
2608.722	0.99944
2609.722	0.99944
2610.722	0.99944
2611.722	0.99944
2612.722	0.99944
2613.722	0.99944
2614.722	0.99944
2615.722	0.99944
2616.722	0.99944
2617.722	0.99944
2618.722	0.99944
2619.722	0.99944
2620.722	0.99944
2621.722	0.99944
2622.722	0.99944
2623.722	0.99944
2624.722	0.99944
2625.722	0.99944
2626.722	0.99944
2627.722	0.99944
2628.722	0.99944
2629.722	0.99944
2630.722	0.99944
2631.722	0.99944
2632.722	0.99944
2633.722	0.99944
2634.722	0.99944
2635.722	0.99944
2636.722	0.99944
2637.722	0.99944
2638.722	0.99944
2639.722	0.99944
2640.722	0.99944
2641.722	0.99944
2642.722	0.99944
2643.722	0.99944
2644.722	0.99944
2645.722	0.99944
2646.722	0.99944
2647.722	0.99944
2648.722	0.99944
2649.722	0.99944
2650.722	0.99944
2651.722	0.99944
2652.722	0.99944
2653.722	0.99944
2654.722	0.99944
2655.722	0.99944
2656.722	0.99944
2657.722	0.99944
2658.722	0.99944
2659.722	0.99944
2660.722	0.99944
2661.722	0.99944
2662.722	0.99944
2663.722	0.99944
2664.722	0.99944
2665.722	0.99944
2666.722	0.99944
2667.722	0.99944
2668.722	0.99944
2669.722	0.99944
2670.722	0.99944
2671.722	0.99944
2672.722	0.99944
2673.722	0.99944
2674.722	0.99944
2675.722	0.99944
2676.722	0.99944
2677.722	0.99944
2678.722	0.99944
2679.722	0.99944
2680.722	0.99944
2681.722	0.99944
2682.722	0.99944
2683.722	0.99944
2684.722	0.99944
2685.722	0.99944
2686.722	0.99944
2687.722	0.99944
2688.722	0.99944
2689.722	0.99944
2690.722	0.99944
2691.722	0.99944
2692.722	0.99944
2693.722	0.99944
2694.722	0.99944
2695.722	0.99944
2696.722	0.99944
2697.722	0.99944
2698.722	0.99944
2699.722	0.99944
2700.722	0.99944
2701.722	0.99944
2702.722	0.99944
2703.722	0.99944
2704.722	0.99944
2705.722	0.99944
2706.722	0.99944
2707.722	0.99944
2708.722	0.99944
2709.722	0.99944
2710.722	0.99944
2711.722	0.99944
2712.722	0.99944
2713.722	0.99944
2714.722	0.99944
2715.722	0.99944
2716.722	0.99944
2717.722	0.99944
2718.722	0.99944
2719.722	0.99944
2720.722	0.99944
2721.722	0.99944
2722.722	0.99944
2723.722	0.99944
2724.722	0.99944
2725.722	0.99944
2726.722	0.99944
2727.722	0.99944
2728.722	0.99944
2729.722	0.99944
2730.722	0.99944
2731.722	0.99944
2732.722	0.99944
2733.722	0.99944
2734.722	0.99944
2735.722	0.99944
2736.722	0.99944
2737.722	0.99944
2738.722	0.99944
2739.722	0.99944
2740.722	0.99944
2741.722	0.99944
2742.722	0.99944
2743.722	0.99944
2744.722	0.99944
2745.722	0.99944
2746.722	0.99944
2747.722	0.99944
2748.722	0.99944
2749.722	0.99944
2750.722	0.99944
2751.722	0.99944
2752.722	0.99944
2753.722	0.99944
2754.722	0.99944
2755.722	0.99944
2756.722	0.99944
2757.722	0.99944
2758.722	0.99944
2759.722	0.99944
2760.722	0.99944
2761.722	0.99944
2762.722	0.99944
2763.722	0.99944
2764.722	0.99944
2765.722	0.99944
2766.722	0.99944
2767.722	0.99944
2768.722	0.99944
2769.722	0.99944
2770.722	0.99944
2771.722	0.99944
2772.722	0.99944
2773.722	0.99944
2774.722	0.99944
2775.722	0.99944
2776.722	0.99944
2777.722	0.99944
2778.722	0.99944
2779.722	0.99944
2780.722	0.99944
2781.722	0.99944
2782.722	0.99944
2783.722	0.99944
2784.722	0.99944
2785.722	0.99944
2786.722	0.99944
2787.722	0.99944
2788.722	0.99944
2789.722	0.99944
2790.722	0.99944
2791.722	0.99944
2792.722	0.99944
2793.722	0.99944
2794.722	0.99944
2795.722	0.99944
2796.722	0.99944
2797.722	0.99944
2798.722	0.99944
2799.722	0.99944
2800.722	0.99944
2801.722	0.99944
2802.722	0.99944
2803.722	0.99944
2804.722	0.99944
2805.722	0.99944
2806.722	0.99944
2807.722	0.99944
2808.722	0.99944
2809.722	0.99944
2810.722	0.99944
2811.722	0.99944
2812.722	0.99944
2813.722	0.99944
2814.722	0.99944
2815.722	0.99944
2816.722	0.99944
2817.722	0.99944
2818.722	0.99944
2819.722	0.99944
2820.722	0.99944
2821.722	0.99944
2822.722	0.99944
2823.722	0.99944
2824.722	0.99944
2825.722	0.99944
2826.722	0.99944
2827.722	0.99944
2828.722	0.99944
2829.722	0.99944
2830.722	0.99944
2831.722	0.99944
2832.722	0.99944
2833.722	0.99944
2834.722	0.99944
2835.722	0.99944
2836.722	0.99944
2837.722	0.99944
2838.722	0.99944
2839.722	0.99944
2840.722	0.99944
2841.722	0.99944
2842.722	0.99944
2843.722	0.99944
2844.722	0.99944
2845.722	0.99944
2846.722	0.99944
2847.722	0.99944
2848.722	0.99944
2849.722	0.99944
2850.722	0.99944
2851.722	0.99944
2852.722	0.99944
2853.722	0.99944
2854.722	0.99944
2855.722	0.99944
2856.722	0.99944
2857.722	0.99944
2858.722	0.99944
2859.722	0.99944
2860.722	0.99944
2861.722	0.99944
2862.722	0.99944
2863.722	0.99944
2864.722	0.99944
2865.722	0.99944
2866.722	0.99944
2867.722	0.99944
2868.722	0.99944
2869.722	0.99944
2870.722	0.99944
2871.722	0.99944
2872.722	0.99944
2873.722	0.99944
2874.722	0.99944
2875.722	0.99944
2876.722	0.99944
2877.722	0.99944
2878.722	0.99944
2879.722	0.99944
2880.722	0.99944
2881.722	0.99944
2882.722	0.99944
2883.722	0.99944
2884.722	0.99944
2885.722	0.99944
2886.722	0.99944
2887.722	0.99944
2888.722	0.99944
2889.722	0.99944
2890.722	0.99944
2891.722	0.99944
2892.722	0.99944
2893.722	0.99944
2894.722	0.99944
2895.722	0.99944
2896.722	0.99944
2897.722	0.99944
2898.722	0.99944
2899.722	0.99944
2900.722	0.99944
2901.722	0.99944
2902.722	0.99944
2903.722	0.99944
2904.722	0.99944
2905.722	0.99944
2906.722	0.99944
2907.722	0.99944
2908.722	0.99944
2909.722	0.99944
2910.722	0.99944
2911.722	0.99944
2912.722	0.99944
2913.722	0.99944
2914.722	0.99944
2915.722	0.99944
2916.722	0.99944
2917.722	0.99944
2918.722	0.99944
2919.722	0.99944
2920.722	0.99944
2921.722	0.99944
2922.722	0.99944
2923.722	0.99944
2924.722	0.99944
2925.722	0.99944
2926.722	0.99944
2927.722	0.99944
2928.722	0.99944
2929.722	0.99944
2930.722	0.99944
2931.722	0.99944
2932.722	0.99944
2933.722	0.99944
2934.722	0.99944
2935.722	0.99944
2936.722	0.99944
2937.722	0.99944
2938.722	0.99944
2939.722	0.99944
2940.722	0.99944
2941.722	0.99944
2942.722	0.99944
2943.722	0.99944
2944.722	0.99944
2945.722	0.99944
2946.722	0.99944
2947.722	0.99944
2948.722	0.99944
2949.722	0.99944
2950.722	0.99944
2951.722	0.99944
2952.722	0.99944
2953.722	0.99944
2954.722	0.99944
2955.722	0.99944
2956.722	0.99944
2957.722	0.99944
2958.722	0.99944
2959.722	0.99944
2960.722	0.99944
2961.722	0.99944
2962.722	0.99944
2963.722	0.99944
2964.722	0.99944
2965.722	0.99944
2966.722	0.99944
2967.722	0.99944
2968.722	0.99944
2969.722	0.99944
2970.722	0.99944
2971.722	0.99944
2972.722	0.99944
2973.722	0.99944
2974.722	0.99944
2975.722	0.99944
2976.722	0.99944
2977.722	0.99944
2978.722	0.99944
2979.722	0.99944
2980.722	0.99944
2981.722	0.99944
