0.964	0.48251027659433865
1.93	0.4810688955178685
2.8890000000000002	0.4942610490244043
3.849	0.5029201499513835
4.804	0.4841203027409169
5.768	0.5035309635074361
6.715	0.5071585041383428
7.663	0.5009802109947051
8.619	0.5064245179515787
9.585	0.5129356435232457
10.535	0.5198365856471473
11.487	0.530315523047196
12.443	0.5209552094201563
13.409	0.5182944572110976
14.362	0.520208214304778
15.324	0.5266526867179042
16.289	0.5497358716389367
17.254	0.5498931362806116
18.217	0.5496716346391567
19.182000000000002	0.5387111447035776
20.143	0.5493687820001669
21.098	0.5482798158177548
22.068	0.5420147415236034
23.042	0.5303831554657589
24.015	0.5332119523927121
24.991	0.5144955177098262
25.952	0.5082747735349225
26.923000000000002	0.4848796458785996
27.904	0.4712969513578791
28.893	0.4661368301380295
29.874000000000002	0.4376049161235079
30.866	0.4026183339055379
31.856	0.3779297431240778
32.835	0.3895442806105934
33.82	0.4350233159039732
34.794000000000004	0.4755678532178635
35.762	0.4667988614783246
36.723	0.4627786952933777
37.691	0.48945430709140947
38.67	0.5192780513776655
39.641	0.5774100429126882
40.595	0.5989553843412088
41.542	0.6387457263721467
42.515	0.6704589364030756
43.461	0.6870701851963867
44.415	0.6843057544360543
45.379	0.6905779654928281
46.335	0.7061140456089299
47.31	0.7061556214239124
48.266	0.7245302425631305
49.214	0.737008123122914
50.18	0.7323623769395039
51.120000000000005	0.7422102603805223
52.085	0.7457150598346197
53.041000000000004	0.7512342372927333
54.006	0.7514825183064411
54.936	0.7739225019211773
55.9	0.7750889802888271
56.856	0.7821844993790006
57.82	0.78481005845939
58.794000000000004	0.7851811811536381
59.768	0.7819105611171554
60.742000000000004	0.7980013349596714
61.707	0.7976854762649368
62.690000000000005	0.7873087698728918
63.656	0.786662200697307
64.639	0.7877438042806763
65.622	0.775464374945416
66.614	0.7669162889750758
67.59	0.7633532322906311
68.558	0.7737334489727103
69.517	0.7828665294011016
70.484	0.7921216383083718
71.468	0.7834225429204686
72.444	0.779329081839717
73.42	0.7783159884946499
74.387	0.7824998013284749
75.371	0.7739235281919595
76.339	0.7782486283407312
77.298	0.7938769267395756
78.273	0.7980991770361137
79.257	0.7943343470846717
80.241	0.789332486270186
81.217	0.7945396142180733
82.217	0.7799335847338468
83.193	0.7860174234668004
84.185	0.7731630066111925
85.169	0.7699805085106077
86.154	0.7641028820968956
87.115	0.7789247034894152
88.09100000000001	0.783168465971504
89.06700000000001	0.7882428720560358
90.051	0.7884866647697083
91.019	0.7975906885044531
92.003	0.7952406858285609
92.995	0.7854219918818666
93.96300000000001	0.79794291862292
94.93900000000001	0.8046323603937241
95.914	0.8129014181990265
96.898	0.8116289968677529
97.86500000000001	0.8276836208127526
98.813	0.8542363355147148
99.796	0.8519484172022751
100.77	0.8659982912708946
101.735	0.8815659059949706
102.717	0.8829954488340744
103.69	0.8860687838004687
104.663	0.8912716191792256
105.627	0.903726153953562
106.60900000000001	0.909160558236897
107.58200000000001	0.9158297421089023
108.545	0.9308924735556064
109.517	0.9329367178868702
110.489	0.9195260603179489
111.46000000000001	0.7906874474570365
112.438	0.3646992611285712
113.419	0.3129385652048068
114.4	0.2519847368202716
115.4	0.9421157104103893
116.372	0.7433485063354051
117.355	0.8157570691165565
118.336	0.7317958514375801
119.31700000000001	0.7560222405026142
120.299	0.6576232225911208
121.287	0.8636588096711793
122.268	0.870688100642109
123.24900000000001	0.7567547691625411
124.24000000000001	0.9269140478051221
125.221	0.9440588372288591
126.212	0.9269780602936883
127.174	0.8397828991519065
128.165	0.9296257950855656
129.14600000000002	0.9265469427157155
130.117	0.8160183236665809
131.098	0.8521125302650063
132.079	0.8654449151278139
133.06	0.6607047488273953
134.041	0.6451088181956905
135.022	0.5708269634368497
136.00300000000001	0.7510199159304227
136.984	0.7997802497723387
137.975	0.9250357604437742
138.966	0.9390679815751342
139.947	0.9464981702693671
140.928	0.9580715647705395
141.89600000000002	0.9320567106160801
142.887	0.9622444806970155
143.87800000000001	0.9560382322917741
144.859	0.9472130291674813
145.84	0.9475185627474335
146.821	0.9401775640484179
147.802	0.9476423889077961
148.776	0.7209088845709982
149.757	0.7325255309225184
150.738	0.4518276495658512
151.719	0.19330027293231905
152.705	0.36674194033309987
153.686	0.25121990238661734
154.672	0.46550908121447815
155.662	0.8446465010343264
156.65	0.8483368602388563
157.636	0.6539113407776915
158.621	0.5372756795819572
159.611	0.833000289236815
160.592	0.5930816079232213
161.582	0.8091753597299683
162.578	0.9521802817771874
163.56	0.8700500143142879
164.55100000000002	0.8609050368668775
165.542	0.5911314335425621
166.53300000000002	0.385331016344025
167.524	0.2180766724419906
168.524	0.7833485721660783
169.52100000000002	0.8064319155387987
170.52	0.8144723178586961
171.517	0.958900015149292
172.50300000000001	0.9302438567653684
173.496	0.9382353920975594
174.496	0.9637896875256922
175.492	0.9537063608815992
176.492	0.963381232773684
177.481	0.95612173550649
178.471	0.764202382380476
179.471	0.9181528062571395
180.471	0.9669834731139313
181.45600000000002	0.9544700768281474
182.445	0.8911948555086271
183.42600000000002	0.6391580680601774
184.417	0.87535387033106
185.40800000000002	0.9222396030587642
186.40200000000002	0.6541799291718742
187.398	0.8457979756603268
188.398	0.9718644392036258
189.389	0.9495490094851806
190.38	0.9375551820494172
191.371	0.6816650723097779
192.371	0.972779871606076
193.366	0.89855586765805
194.358	0.8790478742926223
195.353	0.9174351299770485
196.34900000000002	0.9647912585797924
197.348	0.9866058335746188
198.348	0.9877478726896307
199.339	0.98316128480288
200.334	0.8614383934633149
201.332	0.887203557137935
202.332	0.9827422912353336
203.324	0.824943936371731
204.324	0.984705132139336
205.31900000000002	0.9906045288572849
206.31900000000002	0.9876290463140048
207.314	0.9905642707208818
208.314	0.9880802189811986
209.31	0.9903841729057439
210.309	0.956307631950872
211.30700000000002	0.9833671641013495
212.306	0.9901970293288991
213.306	0.9926117181717549
214.305	0.9922158611613887
215.303	0.9967270771566666
216.303	1.0
217.303	1.0
218.303	1.0
219.303	1.0
220.303	1.0
221.303	1.0
222.303	1.0
223.303	1.0
224.303	1.0
225.303	1.0
226.303	1.0
227.303	1.0
228.303	1.0
229.303	1.0
230.303	1.0
231.303	1.0
232.303	1.0
233.303	1.0
234.303	1.0
235.303	1.0
236.303	1.0
237.303	1.0
238.303	1.0
239.303	1.0
240.303	1.0
241.303	1.0
242.303	1.0
243.303	1.0
244.303	1.0
245.303	1.0
246.303	1.0
247.303	1.0
248.303	1.0
249.303	1.0
250.303	1.0
251.303	1.0
252.303	1.0
253.303	1.0
254.303	1.0
255.303	1.0
256.303	1.0
257.303	1.0
258.303	1.0
259.303	1.0
260.303	1.0
261.303	1.0
262.303	1.0
263.303	1.0
264.303	1.0
265.303	1.0
266.303	1.0
267.303	1.0
268.303	1.0
269.303	1.0
270.303	1.0
271.303	1.0
272.303	1.0
273.303	1.0
274.303	1.0
275.303	1.0
276.303	1.0
277.303	1.0
278.303	1.0
279.303	1.0
280.303	1.0
281.303	1.0
282.303	1.0
283.303	1.0
284.303	1.0
285.303	1.0
286.303	1.0
287.303	1.0
288.303	1.0
289.303	1.0
290.303	1.0
291.303	1.0
292.303	1.0
293.303	1.0
294.303	1.0
295.303	1.0
296.303	1.0
297.303	1.0
298.303	1.0
299.303	1.0
300.303	1.0
301.303	1.0
302.303	1.0
303.303	1.0
304.303	1.0
305.303	1.0
306.303	1.0
307.303	1.0
308.303	1.0
309.303	1.0
310.303	1.0
311.303	1.0
312.303	1.0
313.303	1.0
314.303	1.0
315.303	1.0
316.303	1.0
317.303	1.0
318.303	1.0
319.303	1.0
320.303	1.0
321.303	1.0
322.303	1.0
323.303	1.0
324.303	1.0
325.303	1.0
326.303	1.0
327.303	1.0
328.303	1.0
329.303	1.0
330.303	1.0
331.303	1.0
332.303	1.0
333.303	1.0
334.303	1.0
335.303	1.0
336.303	1.0
337.303	1.0
338.303	1.0
339.303	1.0
340.303	1.0
341.303	1.0
342.303	1.0
343.303	1.0
344.303	1.0
345.303	1.0
346.303	1.0
347.303	1.0
348.303	1.0
349.303	1.0
350.303	1.0
351.303	1.0
352.303	1.0
353.303	1.0
354.303	1.0
355.303	1.0
356.303	1.0
357.303	1.0
358.303	1.0
359.303	1.0
360.303	1.0
361.303	1.0
362.303	1.0
363.303	1.0
364.303	1.0
365.303	1.0
366.303	1.0
367.303	1.0
368.303	1.0
369.303	1.0
370.303	1.0
371.303	1.0
372.303	1.0
373.303	1.0
374.303	1.0
375.303	1.0
376.303	1.0
377.303	1.0
378.303	1.0
379.303	1.0
380.303	1.0
381.303	1.0
382.303	1.0
383.303	1.0
384.303	1.0
385.303	1.0
386.303	1.0
387.303	1.0
388.303	1.0
389.303	1.0
390.303	1.0
391.303	1.0
392.303	1.0
393.303	1.0
394.303	1.0
395.303	1.0
396.303	1.0
397.303	1.0
398.303	1.0
399.303	1.0
400.303	1.0
401.303	1.0
402.303	1.0
403.303	1.0
404.303	1.0
405.303	1.0
406.303	1.0
407.303	1.0
408.303	1.0
409.303	1.0
410.303	1.0
411.303	1.0
412.303	1.0
413.303	1.0
414.303	1.0
415.303	1.0
416.303	1.0
417.303	1.0
418.303	1.0
419.303	1.0
420.303	1.0
421.303	1.0
422.303	1.0
423.303	1.0
424.303	1.0
425.303	1.0
426.303	1.0
427.303	1.0
428.303	1.0
429.303	1.0
430.303	1.0
431.303	1.0
432.303	1.0
433.303	1.0
434.303	1.0
435.303	1.0
436.303	1.0
437.303	1.0
438.303	1.0
439.303	1.0
440.303	1.0
441.303	1.0
442.303	1.0
443.303	1.0
444.303	1.0
445.303	1.0
446.303	1.0
447.303	1.0
448.303	1.0
449.303	1.0
450.303	1.0
451.303	1.0
452.303	1.0
453.303	1.0
454.303	1.0
455.303	1.0
456.303	1.0
457.303	1.0
458.303	1.0
459.303	1.0
460.303	1.0
461.303	1.0
462.303	1.0
463.303	1.0
464.303	1.0
465.303	1.0
466.303	1.0
467.303	1.0
468.303	1.0
469.303	1.0
470.303	1.0
471.303	1.0
472.303	1.0
473.303	1.0
474.303	1.0
475.303	1.0
476.303	1.0
477.303	1.0
478.303	1.0
479.303	1.0
480.303	1.0
481.303	1.0
482.303	1.0
483.303	1.0
484.303	1.0
485.303	1.0
486.303	1.0
487.303	1.0
488.303	1.0
489.303	1.0
490.303	1.0
491.303	1.0
492.303	1.0
493.303	1.0
494.303	1.0
495.303	1.0
496.303	1.0
497.303	1.0
498.303	1.0
499.303	1.0
500.303	1.0
501.303	1.0
502.303	1.0
503.303	1.0
504.303	1.0
505.303	1.0
506.303	1.0
507.303	1.0
508.303	1.0
509.303	1.0
510.303	1.0
511.303	1.0
512.303	1.0
513.303	1.0
514.303	1.0
515.303	1.0
516.303	1.0
517.303	1.0
518.303	1.0
519.303	1.0
520.303	1.0
521.303	1.0
522.303	1.0
523.303	1.0
524.303	1.0
525.303	1.0
526.303	1.0
527.303	1.0
528.303	1.0
529.303	1.0
530.303	1.0
531.303	1.0
532.303	1.0
533.303	1.0
534.303	1.0
535.303	1.0
536.303	1.0
537.303	1.0
538.303	1.0
539.303	1.0
540.303	1.0
541.303	1.0
542.303	1.0
543.303	1.0
544.303	1.0
545.303	1.0
546.303	1.0
547.303	1.0
548.303	1.0
549.303	1.0
550.303	1.0
551.303	1.0
552.303	1.0
553.303	1.0
554.303	1.0
555.303	1.0
556.303	1.0
557.303	1.0
558.303	1.0
559.303	1.0
560.303	1.0
561.303	1.0
562.303	1.0
563.303	1.0
564.303	1.0
565.303	1.0
566.303	1.0
567.303	1.0
568.303	1.0
569.303	1.0
570.303	1.0
571.303	1.0
572.303	1.0
573.303	1.0
574.303	1.0
575.303	1.0
576.303	1.0
577.303	1.0
578.303	1.0
579.303	1.0
580.303	1.0
581.303	1.0
582.303	1.0
583.303	1.0
584.303	1.0
585.303	1.0
586.303	1.0
587.303	1.0
588.303	1.0
589.303	1.0
590.303	1.0
591.303	1.0
592.303	1.0
593.303	1.0
594.303	1.0
595.303	1.0
596.303	1.0
597.303	1.0
598.303	1.0
599.303	1.0
600.303	1.0
601.303	1.0
602.303	1.0
603.303	1.0
604.303	1.0
605.303	1.0
606.303	1.0
607.303	1.0
608.303	1.0
609.303	1.0
610.303	1.0
611.303	1.0
612.303	1.0
613.303	1.0
614.303	1.0
615.303	1.0
616.303	1.0
617.303	1.0
618.303	1.0
619.303	1.0
620.303	1.0
621.303	1.0
622.303	1.0
623.303	1.0
624.303	1.0
625.303	1.0
626.303	1.0
627.303	1.0
628.303	1.0
629.303	1.0
630.303	1.0
631.303	1.0
632.303	1.0
633.303	1.0
634.303	1.0
635.303	1.0
636.303	1.0
637.303	1.0
638.303	1.0
639.303	1.0
640.303	1.0
641.303	1.0
642.303	1.0
643.303	1.0
644.303	1.0
645.303	1.0
646.303	1.0
647.303	1.0
648.303	1.0
649.303	1.0
650.303	1.0
651.303	1.0
652.303	1.0
653.303	1.0
654.303	1.0
655.303	1.0
656.303	1.0
657.303	1.0
658.303	1.0
659.303	1.0
660.303	1.0
661.303	1.0
662.303	1.0
663.303	1.0
664.303	1.0
665.303	1.0
666.303	1.0
667.303	1.0
668.303	1.0
669.303	1.0
670.303	1.0
671.303	1.0
672.303	1.0
673.303	1.0
674.303	1.0
675.303	1.0
676.303	1.0
677.303	1.0
678.303	1.0
679.303	1.0
680.303	1.0
681.303	1.0
682.303	1.0
683.303	1.0
684.303	1.0
685.303	1.0
686.303	1.0
687.303	1.0
688.303	1.0
689.303	1.0
690.303	1.0
691.303	1.0
692.303	1.0
693.303	1.0
694.303	1.0
695.303	1.0
696.303	1.0
697.303	1.0
698.303	1.0
699.303	1.0
700.303	1.0
701.303	1.0
702.303	1.0
703.303	1.0
704.303	1.0
705.303	1.0
706.303	1.0
707.303	1.0
708.303	1.0
709.303	1.0
710.303	1.0
711.303	1.0
712.303	1.0
713.303	1.0
714.303	1.0
715.303	1.0
716.303	1.0
717.303	1.0
718.303	1.0
719.303	1.0
720.303	1.0
721.303	1.0
722.303	1.0
723.303	1.0
724.303	1.0
725.303	1.0
726.303	1.0
727.303	1.0
728.303	1.0
729.303	1.0
730.303	1.0
731.303	1.0
732.303	1.0
733.303	1.0
734.303	1.0
735.303	1.0
736.303	1.0
737.303	1.0
738.303	1.0
739.303	1.0
740.303	1.0
741.303	1.0
742.303	1.0
743.303	1.0
744.303	1.0
745.303	1.0
746.303	1.0
747.303	1.0
748.303	1.0
749.303	1.0
750.303	1.0
751.303	1.0
752.303	1.0
753.303	1.0
754.303	1.0
755.303	1.0
756.303	1.0
757.303	1.0
758.303	1.0
759.303	1.0
760.303	1.0
761.303	1.0
762.303	1.0
763.303	1.0
764.303	1.0
765.303	1.0
766.303	1.0
767.303	1.0
768.303	1.0
769.303	1.0
770.303	1.0
771.303	1.0
772.303	1.0
773.303	1.0
774.303	1.0
775.303	1.0
776.303	1.0
777.303	1.0
778.303	1.0
779.303	1.0
780.303	1.0
781.303	1.0
782.303	1.0
783.303	1.0
784.303	1.0
785.303	1.0
786.303	1.0
787.303	1.0
788.303	1.0
789.303	1.0
790.303	1.0
791.303	1.0
792.303	1.0
793.303	1.0
794.303	1.0
795.303	1.0
796.303	1.0
797.303	1.0
798.303	1.0
799.303	1.0
800.303	1.0
801.303	1.0
802.303	1.0
803.303	1.0
804.303	1.0
805.303	1.0
806.303	1.0
807.303	1.0
808.303	1.0
809.303	1.0
810.303	1.0
811.303	1.0
812.303	1.0
813.303	1.0
814.303	1.0
815.303	1.0
816.303	1.0
817.303	1.0
818.303	1.0
819.303	1.0
820.303	1.0
821.303	1.0
822.303	1.0
823.303	1.0
824.303	1.0
825.303	1.0
826.303	1.0
827.303	1.0
828.303	1.0
829.303	1.0
830.303	1.0
831.303	1.0
832.303	1.0
833.303	1.0
834.303	1.0
835.303	1.0
836.303	1.0
837.303	1.0
838.303	1.0
839.303	1.0
840.303	1.0
841.303	1.0
842.303	1.0
843.303	1.0
844.303	1.0
845.303	1.0
846.303	1.0
847.303	1.0
848.303	1.0
849.303	1.0
850.303	1.0
851.303	1.0
852.303	1.0
853.303	1.0
854.303	1.0
855.303	1.0
856.303	1.0
857.303	1.0
858.303	1.0
859.303	1.0
860.303	1.0
861.303	1.0
862.303	1.0
863.303	1.0
864.303	1.0
865.303	1.0
866.303	1.0
867.303	1.0
868.303	1.0
869.303	1.0
870.303	1.0
871.303	1.0
872.303	1.0
873.303	1.0
874.303	1.0
875.303	1.0
876.303	1.0
877.303	1.0
878.303	1.0
879.303	1.0
880.303	1.0
881.303	1.0
882.303	1.0
883.303	1.0
884.303	1.0
885.303	1.0
886.303	1.0
887.303	1.0
888.303	1.0
889.303	1.0
890.303	1.0
891.303	1.0
892.303	1.0
893.303	1.0
894.303	1.0
895.303	1.0
896.303	1.0
897.303	1.0
898.303	1.0
899.303	1.0
900.303	1.0
901.303	1.0
902.303	1.0
903.303	1.0
904.303	1.0
905.303	1.0
906.303	1.0
907.303	1.0
908.303	1.0
909.303	1.0
910.303	1.0
911.303	1.0
912.303	1.0
913.303	1.0
914.303	1.0
915.303	1.0
916.303	1.0
917.303	1.0
918.303	1.0
919.303	1.0
920.303	1.0
921.303	1.0
922.303	1.0
923.303	1.0
924.303	1.0
925.303	1.0
926.303	1.0
927.303	1.0
928.303	1.0
929.303	1.0
930.303	1.0
931.303	1.0
932.303	1.0
933.303	1.0
934.303	1.0
935.303	1.0
936.303	1.0
937.303	1.0
938.303	1.0
939.303	1.0
940.303	1.0
941.303	1.0
942.303	1.0
943.303	1.0
944.303	1.0
945.303	1.0
946.303	1.0
947.303	1.0
948.303	1.0
949.303	1.0
950.303	1.0
951.303	1.0
952.303	1.0
953.303	1.0
954.303	1.0
955.303	1.0
956.303	1.0
957.303	1.0
958.303	1.0
959.303	1.0
960.303	1.0
961.303	1.0
962.303	1.0
963.303	1.0
964.303	1.0
965.303	1.0
966.303	1.0
967.303	1.0
968.303	1.0
969.303	1.0
970.303	1.0
971.303	1.0
972.303	1.0
973.303	1.0
974.303	1.0
975.303	1.0
976.303	1.0
977.303	1.0
978.303	1.0
979.303	1.0
980.303	1.0
981.303	1.0
982.303	1.0
983.303	1.0
984.303	1.0
985.303	1.0
986.303	1.0
987.303	1.0
988.303	1.0
989.303	1.0
990.303	1.0
991.303	1.0
992.303	1.0
993.303	1.0
994.303	1.0
995.303	1.0
