0.163	0.5084321964639091
1.08	0.5068329719249828
1.99	0.5064236654408258
2.914	0.49922738864466415
3.849	0.5064207709029716
4.784	0.5036799005345455
5.7250000000000005	0.5045066850650053
6.668	0.5014054835950793
7.609	0.4886093967059091
8.552	0.4742135081089328
9.489	0.4721332172836281
10.417	0.4805782075001444
11.353	0.4907901260275879
12.277000000000001	0.5093427433176684
13.217	0.49726813012336246
14.16	0.48849703852583237
15.09	0.4837861904365315
16.037	0.4788351985660641
16.973	0.4854951910467099
17.914	0.48422422951947597
18.851	0.4805366546670051
19.788	0.49031124026002826
20.733	0.49162171399532173
21.664	0.4999581600398233
22.586000000000002	0.5062075229257595
23.503	0.4929064211553013
24.441	0.4987868577099249
25.381	0.49299570972730256
26.336000000000002	0.4904504491625199
27.288	0.4979766330355015
28.235	0.49237908774967565
29.197	0.47721997234770147
30.150000000000002	0.48434016399832813
31.079	0.49318859822007144
32.013	0.5029657073454016
32.934	0.5183878822861183
33.855000000000004	0.5423514401555662
34.784	0.5523015052457976
35.693	0.5731472605192693
36.622	0.5826528299308426
37.558	0.5747766237182569
38.494	0.5824737801033972
39.428	0.5867123394001609
40.353	0.6118758491921662
41.29	0.6229766355891931
42.218	0.6162300966965762
43.166000000000004	0.6330792322745489
44.085	0.6466188447246363
45.029	0.635176766396827
45.956	0.6333711925204473
46.9	0.635471112808848
47.835	0.6400759623910315
48.767	0.6014799171910211
49.72	0.6085644284623831
50.658	0.6048942835608809
51.604	0.5959385220728385
52.550000000000004	0.5457112362980768
53.502	0.5628285993244168
54.437	0.49844019906488757
55.388	0.48829144790986456
56.328	0.4723468184628237
57.265	0.4215786172460087
58.224000000000004	0.4529437626379419
59.185	0.5075993537712818
60.142	0.49015969981969865
61.099000000000004	0.5260587198726991
62.061	0.5623264880710634
63.025	0.6577138264061754
63.972	0.5189197442331624
64.937	0.546865221541689
65.902	0.6229176546140399
66.862	0.4882623854902482
67.83800000000001	0.7473445342562302
68.805	0.7617609760615536
69.771	0.7563972812779293
70.73	0.5825709630920078
71.69500000000001	0.5166454888754185
72.662	0.44355671358890203
73.637	0.6062073791810635
74.604	0.26233488004023076
75.584	0.5525853045076328
76.56	0.6159775589783917
77.536	0.611859166189259
78.507	0.4478872122076526
79.485	0.6256847786442841
80.455	0.19639650931349947
81.432	0.321516238349415
82.406	0.2569365695867883
83.386	0.36809461313951664
84.365	0.5885184544441646
85.336	0.4418591997355796
86.311	0.5096889987076537
87.287	0.582017851859624
88.264	0.5070039245080064
89.241	0.6223863800068836
90.221	0.7455710136199933
91.194	0.4344331877840106
92.171	0.5220818270983695
93.148	0.3530344185565053
94.129	0.5229119503448623
95.107	0.48068529367187
96.087	0.4868560884970177
97.07000000000001	0.6007512976147236
98.048	0.461571002207991
99.027	0.1944856674383138
100.011	0.5592623156990509
100.997	0.68859804629496
101.97800000000001	0.7707283132888715
102.959	0.450283590187524
103.94200000000001	0.5060982470117814
104.926	0.28030789255040156
105.913	0.7347525376624762
106.892	0.45024398954570016
107.874	0.4447820277774518
108.857	0.553079200343412
109.845	0.7168153876426046
110.83200000000001	0.8485662686450115
111.807	0.6204025422352416
112.791	0.6167140560593384
113.771	0.264455986316899
114.753	0.38577812640721654
115.73700000000001	0.653536822085667
116.71600000000001	0.22824316904112643
117.7	0.4110682372470976
118.679	0.15232491322282832
119.665	0.5940754466181132
120.645	0.44724978270334875
121.634	0.7485792151148294
122.613	0.5042797010298837
123.59400000000001	0.3735773374471754
124.57900000000001	0.5659678659387488
125.563	0.38217786880956006
126.548	0.41723430800151545
127.531	0.39165713212314973
128.514	0.5020679808566533
129.495	0.28669480738047576
130.478	0.37848492462474176
131.464	0.49902223865191186
132.442	0.1593153508226557
133.425	0.3224207457017638
134.40800000000002	0.5358722797658322
135.389	0.35968943280909654
136.371	0.39197118121387275
137.353	0.3854384067118808
138.333	0.15111660172260122
139.314	0.35835378181719485
140.29500000000002	0.34625716599062484
141.276	0.24283319203814144
142.26500000000001	0.7139973977961876
143.247	0.7286936313191444
144.228	0.19277974270894127
145.213	0.20357839890727247
146.195	0.08893952853308136
147.184	0.3545451622699588
148.174	0.8662451669036
149.161	0.8976210138402001
150.142	0.8408521289142264
151.123	0.7768236013170366
152.104	0.31522128047953135
153.094	0.7105517028766626
154.078	0.7136755288440044
155.06	0.8033975866883458
156.04500000000002	0.7241083366155947
157.026	0.5289576360869878
158.016	0.8420104976894913
158.997	0.6107757979791483
159.984	0.3349411871564829
160.974	0.57689548736117
161.964	0.8367683052224686
162.946	0.24408908402279295
163.936	0.7736787477244756
164.924	0.880953537466505
165.905	0.4791991712248037
166.891	0.430449023038213
167.877	0.4173056691899703
168.861	0.12869478821918084
169.851	0.4342375975121363
170.84	0.6572330562236166
171.821	0.3602719425118082
172.811	0.6475368831676838
173.799	0.41575676433898534
174.78900000000002	0.6667709036856941
175.776	0.11520086452672082
176.767	0.33238701242599433
177.755	0.33057769283142124
178.742	0.46932993450951
179.723	0.1652054756312963
180.713	0.4694436383548799
181.699	0.5196347149720367
182.68800000000002	0.32411126552124553
183.678	0.34952498130642184
184.667	0.4802080698026498
185.65	0.41810898613839825
186.64000000000001	0.7929585285186476
187.623	0.4830333946400203
188.611	0.6947994078268321
189.592	0.4151959147339628
190.577	0.1304343496276923
191.56900000000002	0.7409745299405821
192.558	0.863175039161615
193.542	0.9027085841748295
194.52	0.4598531036439832
195.508	0.5250512702606378
196.494	0.36733596510170924
197.484	0.68076747675462
198.46800000000002	0.6875040391346886
199.447	0.3108941886738809
200.43	0.22398830716274815
201.42000000000002	0.43448738705235485
202.40800000000002	0.3899326443054683
203.391	0.11740374950456425
204.381	0.30158821190825275
205.366	0.3149076799146778
206.35500000000002	0.39188745551313847
207.34	0.24910072144200665
208.33	0.4436010416526407
209.321	0.7876679090657598
210.31	0.7280476453220239
211.30100000000002	0.906701852749538
212.29	0.49395011531260613
213.281	0.8495147822996669
214.27100000000002	0.6702482166191782
215.261	0.6273050520240843
216.25	0.1829888980439491
217.24	0.2580291942420921
218.23600000000002	0.5995391019371172
219.225	0.6956502501197971
220.215	0.7478373571624246
221.20600000000002	0.7318513223898874
222.197	0.7779624366411735
223.197	0.9473319924088011
224.186	0.5692408460811992
225.184	0.8648954276300072
226.181	0.8474566631037125
227.178	0.554906483078278
228.178	0.9919804348088286
229.175	1.0
230.175	1.0
231.175	1.0
232.175	1.0
233.175	1.0
234.175	1.0
235.175	1.0
236.175	1.0
237.175	1.0
238.175	1.0
239.175	1.0
240.175	1.0
241.175	1.0
242.175	1.0
243.175	1.0
244.175	1.0
245.175	1.0
246.175	1.0
247.175	1.0
248.175	1.0
249.175	1.0
250.175	1.0
251.175	1.0
252.175	1.0
253.175	1.0
254.175	1.0
255.175	1.0
256.175	1.0
257.175	1.0
258.175	1.0
259.175	1.0
260.175	1.0
261.175	1.0
262.175	1.0
263.175	1.0
264.175	1.0
265.175	1.0
266.175	1.0
267.175	1.0
268.175	1.0
269.175	1.0
270.175	1.0
271.175	1.0
272.175	1.0
273.175	1.0
274.175	1.0
275.175	1.0
276.175	1.0
277.175	1.0
278.175	1.0
279.175	1.0
280.175	1.0
281.175	1.0
282.175	1.0
283.175	1.0
284.175	1.0
285.175	1.0
286.175	1.0
287.175	1.0
288.175	1.0
289.175	1.0
290.175	1.0
291.175	1.0
292.175	1.0
293.175	1.0
294.175	1.0
295.175	1.0
296.175	1.0
297.175	1.0
298.175	1.0
299.175	1.0
300.175	1.0
301.175	1.0
302.175	1.0
303.175	1.0
304.175	1.0
305.175	1.0
306.175	1.0
307.175	1.0
308.175	1.0
309.175	1.0
310.175	1.0
311.175	1.0
312.175	1.0
313.175	1.0
314.175	1.0
315.175	1.0
316.175	1.0
317.175	1.0
318.175	1.0
319.175	1.0
320.175	1.0
321.175	1.0
322.175	1.0
323.175	1.0
324.175	1.0
325.175	1.0
326.175	1.0
327.175	1.0
328.175	1.0
329.175	1.0
330.175	1.0
331.175	1.0
332.175	1.0
333.175	1.0
334.175	1.0
335.175	1.0
336.175	1.0
337.175	1.0
338.175	1.0
339.175	1.0
340.175	1.0
341.175	1.0
342.175	1.0
343.175	1.0
344.175	1.0
345.175	1.0
346.175	1.0
347.175	1.0
348.175	1.0
349.175	1.0
350.175	1.0
351.175	1.0
352.175	1.0
353.175	1.0
354.175	1.0
355.175	1.0
356.175	1.0
357.175	1.0
358.175	1.0
359.175	1.0
360.175	1.0
361.175	1.0
362.175	1.0
363.175	1.0
364.175	1.0
365.175	1.0
366.175	1.0
367.175	1.0
368.175	1.0
369.175	1.0
370.175	1.0
371.175	1.0
372.175	1.0
373.175	1.0
374.175	1.0
375.175	1.0
376.175	1.0
377.175	1.0
378.175	1.0
379.175	1.0
380.175	1.0
381.175	1.0
382.175	1.0
383.175	1.0
384.175	1.0
385.175	1.0
386.175	1.0
387.175	1.0
388.175	1.0
389.175	1.0
390.175	1.0
391.175	1.0
392.175	1.0
393.175	1.0
394.175	1.0
395.175	1.0
396.175	1.0
397.175	1.0
398.175	1.0
399.175	1.0
400.175	1.0
401.175	1.0
402.175	1.0
403.175	1.0
404.175	1.0
405.175	1.0
406.175	1.0
407.175	1.0
408.175	1.0
409.175	1.0
410.175	1.0
411.175	1.0
412.175	1.0
413.175	1.0
414.175	1.0
415.175	1.0
416.175	1.0
417.175	1.0
418.175	1.0
419.175	1.0
420.175	1.0
421.175	1.0
422.175	1.0
423.175	1.0
424.175	1.0
425.175	1.0
426.175	1.0
427.175	1.0
428.175	1.0
429.175	1.0
430.175	1.0
431.175	1.0
432.175	1.0
433.175	1.0
434.175	1.0
435.175	1.0
436.175	1.0
437.175	1.0
438.175	1.0
439.175	1.0
440.175	1.0
441.175	1.0
442.175	1.0
443.175	1.0
444.175	1.0
445.175	1.0
446.175	1.0
447.175	1.0
448.175	1.0
449.175	1.0
450.175	1.0
451.175	1.0
452.175	1.0
453.175	1.0
454.175	1.0
455.175	1.0
456.175	1.0
457.175	1.0
458.175	1.0
459.175	1.0
460.175	1.0
461.175	1.0
462.175	1.0
463.175	1.0
464.175	1.0
465.175	1.0
466.175	1.0
467.175	1.0
468.175	1.0
469.175	1.0
470.175	1.0
471.175	1.0
472.175	1.0
473.175	1.0
474.175	1.0
475.175	1.0
476.175	1.0
477.175	1.0
478.175	1.0
479.175	1.0
480.175	1.0
481.175	1.0
482.175	1.0
483.175	1.0
484.175	1.0
485.175	1.0
486.175	1.0
487.175	1.0
488.175	1.0
489.175	1.0
490.175	1.0
491.175	1.0
492.175	1.0
493.175	1.0
494.175	1.0
495.175	1.0
496.175	1.0
497.175	1.0
498.175	1.0
499.175	1.0
500.175	1.0
501.175	1.0
502.175	1.0
503.175	1.0
504.175	1.0
505.175	1.0
506.175	1.0
507.175	1.0
508.175	1.0
509.175	1.0
510.175	1.0
511.175	1.0
512.175	1.0
513.175	1.0
514.175	1.0
515.175	1.0
516.175	1.0
517.175	1.0
518.175	1.0
519.175	1.0
520.175	1.0
521.175	1.0
522.175	1.0
523.175	1.0
524.175	1.0
525.175	1.0
526.175	1.0
527.175	1.0
528.175	1.0
529.175	1.0
530.175	1.0
531.175	1.0
532.175	1.0
533.175	1.0
534.175	1.0
535.175	1.0
536.175	1.0
537.175	1.0
538.175	1.0
539.175	1.0
540.175	1.0
541.175	1.0
542.175	1.0
543.175	1.0
544.175	1.0
545.175	1.0
546.1750000000001	1.0
547.1750000000001	1.0
548.1750000000001	1.0
549.1750000000001	1.0
550.1750000000001	1.0
551.1750000000001	1.0
552.1750000000001	1.0
553.1750000000001	1.0
554.1750000000001	1.0
555.1750000000001	1.0
556.1750000000001	1.0
557.1750000000001	1.0
558.1750000000001	1.0
559.1750000000001	1.0
560.1750000000001	1.0
561.1750000000001	1.0
562.1750000000001	1.0
563.1750000000001	1.0
564.1750000000001	1.0
565.1750000000001	1.0
566.1750000000001	1.0
567.1750000000001	1.0
568.1750000000001	1.0
569.1750000000001	1.0
570.1750000000001	1.0
571.1750000000001	1.0
572.1750000000001	1.0
573.1750000000001	1.0
574.1750000000001	1.0
575.1750000000001	1.0
576.1750000000001	1.0
577.1750000000001	1.0
578.1750000000001	1.0
579.1750000000001	1.0
580.1750000000001	1.0
581.1750000000001	1.0
582.1750000000001	1.0
583.1750000000001	1.0
584.1750000000001	1.0
585.1750000000001	1.0
586.1750000000001	1.0
587.1750000000001	1.0
588.1750000000001	1.0
589.1750000000001	1.0
590.1750000000001	1.0
591.1750000000001	1.0
592.1750000000001	1.0
593.1750000000001	1.0
594.1750000000001	1.0
595.1750000000001	1.0
596.1750000000001	1.0
597.1750000000001	1.0
598.1750000000001	1.0
599.1750000000001	1.0
600.1750000000001	1.0
601.1750000000001	1.0
602.1750000000001	1.0
603.1750000000001	1.0
604.1750000000001	1.0
605.1750000000001	1.0
606.1750000000001	1.0
607.1750000000001	1.0
608.1750000000001	1.0
609.1750000000001	1.0
610.1750000000001	1.0
611.1750000000001	1.0
612.1750000000001	1.0
613.1750000000001	1.0
614.1750000000001	1.0
615.1750000000001	1.0
616.1750000000001	1.0
617.1750000000001	1.0
618.1750000000001	1.0
619.1750000000001	1.0
620.1750000000001	1.0
621.1750000000001	1.0
622.1750000000001	1.0
623.1750000000001	1.0
624.1750000000001	1.0
625.1750000000001	1.0
626.1750000000001	1.0
627.1750000000001	1.0
628.1750000000001	1.0
629.1750000000001	1.0
630.1750000000001	1.0
631.1750000000001	1.0
632.1750000000001	1.0
633.1750000000001	1.0
634.1750000000001	1.0
635.1750000000001	1.0
636.1750000000001	1.0
637.1750000000001	1.0
638.1750000000001	1.0
639.1750000000001	1.0
640.1750000000001	1.0
641.1750000000001	1.0
642.1750000000001	1.0
643.1750000000001	1.0
644.1750000000001	1.0
645.1750000000001	1.0
646.1750000000001	1.0
647.1750000000001	1.0
648.1750000000001	1.0
649.1750000000001	1.0
650.1750000000001	1.0
651.1750000000001	1.0
652.1750000000001	1.0
653.1750000000001	1.0
654.1750000000001	1.0
655.1750000000001	1.0
656.1750000000001	1.0
657.1750000000001	1.0
658.1750000000001	1.0
659.1750000000001	1.0
660.1750000000001	1.0
661.1750000000001	1.0
662.1750000000001	1.0
663.1750000000001	1.0
664.1750000000001	1.0
665.1750000000001	1.0
666.1750000000001	1.0
667.1750000000001	1.0
668.1750000000001	1.0
669.1750000000001	1.0
670.1750000000001	1.0
671.1750000000001	1.0
672.1750000000001	1.0
673.1750000000001	1.0
674.1750000000001	1.0
675.1750000000001	1.0
676.1750000000001	1.0
677.1750000000001	1.0
678.1750000000001	1.0
679.1750000000001	1.0
680.1750000000001	1.0
681.1750000000001	1.0
682.1750000000001	1.0
683.1750000000001	1.0
684.1750000000001	1.0
685.1750000000001	1.0
686.1750000000001	1.0
687.1750000000001	1.0
688.1750000000001	1.0
689.1750000000001	1.0
690.1750000000001	1.0
691.1750000000001	1.0
692.1750000000001	1.0
693.1750000000001	1.0
694.1750000000001	1.0
695.1750000000001	1.0
696.1750000000001	1.0
697.1750000000001	1.0
698.1750000000001	1.0
699.1750000000001	1.0
700.1750000000001	1.0
701.1750000000001	1.0
702.1750000000001	1.0
703.1750000000001	1.0
704.1750000000001	1.0
705.1750000000001	1.0
706.1750000000001	1.0
707.1750000000001	1.0
708.1750000000001	1.0
709.1750000000001	1.0
710.1750000000001	1.0
711.1750000000001	1.0
712.1750000000001	1.0
713.1750000000001	1.0
714.1750000000001	1.0
715.1750000000001	1.0
716.1750000000001	1.0
717.1750000000001	1.0
718.1750000000001	1.0
719.1750000000001	1.0
720.1750000000001	1.0
721.1750000000001	1.0
722.1750000000001	1.0
723.1750000000001	1.0
724.1750000000001	1.0
725.1750000000001	1.0
726.1750000000001	1.0
727.1750000000001	1.0
728.1750000000001	1.0
729.1750000000001	1.0
730.1750000000001	1.0
731.1750000000001	1.0
732.1750000000001	1.0
733.1750000000001	1.0
734.1750000000001	1.0
735.1750000000001	1.0
736.1750000000001	1.0
737.1750000000001	1.0
738.1750000000001	1.0
739.1750000000001	1.0
740.1750000000001	1.0
741.1750000000001	1.0
742.1750000000001	1.0
743.1750000000001	1.0
744.1750000000001	1.0
745.1750000000001	1.0
746.1750000000001	1.0
747.1750000000001	1.0
748.1750000000001	1.0
749.1750000000001	1.0
750.1750000000001	1.0
751.1750000000001	1.0
752.1750000000001	1.0
753.1750000000001	1.0
754.1750000000001	1.0
755.1750000000001	1.0
756.1750000000001	1.0
757.1750000000001	1.0
758.1750000000001	1.0
759.1750000000001	1.0
760.1750000000001	1.0
761.1750000000001	1.0
762.1750000000001	1.0
763.1750000000001	1.0
764.1750000000001	1.0
765.1750000000001	1.0
766.1750000000001	1.0
767.1750000000001	1.0
768.1750000000001	1.0
769.1750000000001	1.0
770.1750000000001	1.0
771.1750000000001	1.0
772.1750000000001	1.0
773.1750000000001	1.0
774.1750000000001	1.0
775.1750000000001	1.0
776.1750000000001	1.0
777.1750000000001	1.0
778.1750000000001	1.0
779.1750000000001	1.0
780.1750000000001	1.0
781.1750000000001	1.0
782.1750000000001	1.0
783.1750000000001	1.0
784.1750000000001	1.0
785.1750000000001	1.0
786.1750000000001	1.0
787.1750000000001	1.0
788.1750000000001	1.0
789.1750000000001	1.0
790.1750000000001	1.0
791.1750000000001	1.0
792.1750000000001	1.0
793.1750000000001	1.0
794.1750000000001	1.0
795.1750000000001	1.0
796.1750000000001	1.0
797.1750000000001	1.0
798.1750000000001	1.0
799.1750000000001	1.0
800.1750000000001	1.0
801.1750000000001	1.0
802.1750000000001	1.0
803.1750000000001	1.0
804.1750000000001	1.0
805.1750000000001	1.0
806.1750000000001	1.0
807.1750000000001	1.0
808.1750000000001	1.0
809.1750000000001	1.0
810.1750000000001	1.0
811.1750000000001	1.0
812.1750000000001	1.0
813.1750000000001	1.0
814.1750000000001	1.0
815.1750000000001	1.0
816.1750000000001	1.0
817.1750000000001	1.0
818.1750000000001	1.0
819.1750000000001	1.0
820.1750000000001	1.0
821.1750000000001	1.0
822.1750000000001	1.0
823.1750000000001	1.0
824.1750000000001	1.0
825.1750000000001	1.0
826.1750000000001	1.0
827.1750000000001	1.0
828.1750000000001	1.0
829.1750000000001	1.0
830.1750000000001	1.0
831.1750000000001	1.0
832.1750000000001	1.0
833.1750000000001	1.0
834.1750000000001	1.0
835.1750000000001	1.0
836.1750000000001	1.0
837.1750000000001	1.0
838.1750000000001	1.0
839.1750000000001	1.0
840.1750000000001	1.0
841.1750000000001	1.0
842.1750000000001	1.0
843.1750000000001	1.0
844.1750000000001	1.0
845.1750000000001	1.0
846.1750000000001	1.0
847.1750000000001	1.0
848.1750000000001	1.0
849.1750000000001	1.0
850.1750000000001	1.0
851.1750000000001	1.0
852.1750000000001	1.0
853.1750000000001	1.0
854.1750000000001	1.0
855.1750000000001	1.0
856.1750000000001	1.0
857.1750000000001	1.0
858.1750000000001	1.0
859.1750000000001	1.0
860.1750000000001	1.0
861.1750000000001	1.0
862.1750000000001	1.0
863.1750000000001	1.0
864.1750000000001	1.0
865.1750000000001	1.0
866.1750000000001	1.0
867.1750000000001	1.0
868.1750000000001	1.0
869.1750000000001	1.0
870.1750000000001	1.0
871.1750000000001	1.0
872.1750000000001	1.0
873.1750000000001	1.0
874.1750000000001	1.0
875.1750000000001	1.0
876.1750000000001	1.0
877.1750000000001	1.0
878.1750000000001	1.0
879.1750000000001	1.0
880.1750000000001	1.0
881.1750000000001	1.0
882.1750000000001	1.0
883.1750000000001	1.0
884.1750000000001	1.0
885.1750000000001	1.0
886.1750000000001	1.0
887.1750000000001	1.0
888.1750000000001	1.0
889.1750000000001	1.0
890.1750000000001	1.0
891.1750000000001	1.0
892.1750000000001	1.0
893.1750000000001	1.0
894.1750000000001	1.0
895.1750000000001	1.0
896.1750000000001	1.0
897.1750000000001	1.0
898.1750000000001	1.0
899.1750000000001	1.0
900.1750000000001	1.0
901.1750000000001	1.0
902.1750000000001	1.0
903.1750000000001	1.0
904.1750000000001	1.0
905.1750000000001	1.0
906.1750000000001	1.0
907.1750000000001	1.0
908.1750000000001	1.0
909.1750000000001	1.0
910.1750000000001	1.0
911.1750000000001	1.0
912.1750000000001	1.0
913.1750000000001	1.0
914.1750000000001	1.0
915.1750000000001	1.0
916.1750000000001	1.0
917.1750000000001	1.0
918.1750000000001	1.0
919.1750000000001	1.0
920.1750000000001	1.0
921.1750000000001	1.0
922.1750000000001	1.0
923.1750000000001	1.0
924.1750000000001	1.0
925.1750000000001	1.0
926.1750000000001	1.0
927.1750000000001	1.0
928.1750000000001	1.0
929.1750000000001	1.0
930.1750000000001	1.0
931.1750000000001	1.0
932.1750000000001	1.0
933.1750000000001	1.0
934.1750000000001	1.0
935.1750000000001	1.0
936.1750000000001	1.0
937.1750000000001	1.0
938.1750000000001	1.0
939.1750000000001	1.0
940.1750000000001	1.0
941.1750000000001	1.0
942.1750000000001	1.0
943.1750000000001	1.0
944.1750000000001	1.0
945.1750000000001	1.0
946.1750000000001	1.0
947.1750000000001	1.0
948.1750000000001	1.0
949.1750000000001	1.0
950.1750000000001	1.0
951.1750000000001	1.0
952.1750000000001	1.0
953.1750000000001	1.0
954.1750000000001	1.0
955.1750000000001	1.0
956.1750000000001	1.0
957.1750000000001	1.0
958.1750000000001	1.0
959.1750000000001	1.0
960.1750000000001	1.0
961.1750000000001	1.0
962.1750000000001	1.0
963.1750000000001	1.0
964.1750000000001	1.0
965.1750000000001	1.0
966.1750000000001	1.0
967.1750000000001	1.0
968.1750000000001	1.0
969.1750000000001	1.0
970.1750000000001	1.0
971.1750000000001	1.0
972.1750000000001	1.0
973.1750000000001	1.0
974.1750000000001	1.0
975.1750000000001	1.0
976.1750000000001	1.0
977.1750000000001	1.0
978.1750000000001	1.0
979.1750000000001	1.0
980.1750000000001	1.0
981.1750000000001	1.0
982.1750000000001	1.0
983.1750000000001	1.0
984.1750000000001	1.0
985.1750000000001	1.0
986.1750000000001	1.0
987.1750000000001	1.0
988.1750000000001	1.0
989.1750000000001	1.0
990.1750000000001	1.0
991.1750000000001	1.0
992.1750000000001	1.0
