0.966	0.44904945779171707
1.944	0.4602384945121827
2.922	0.45973480598580024
3.9010000000000002	0.4586581316113326
4.88	0.45786410534595584
5.86	0.4567213703386368
6.84	0.4559893506537099
7.821	0.45474258257093114
8.803	0.44406008991867046
9.788	0.4495468410139005
10.767	0.4415333637631097
11.75	0.4485557344746539
12.733	0.45584483575367174
13.716000000000001	0.45472675827193626
14.698	0.47291031982878584
15.68	0.5115000481494891
16.652	0.5104553936969964
17.624	0.5101518077246254
18.602	0.5043743353636196
19.583000000000002	0.48609569876664294
20.563	0.4784130579966667
21.548000000000002	0.49570937488822026
22.525000000000002	0.4822660494060582
23.506	0.49333956418426317
24.493000000000002	0.4795074123414233
25.478	0.48663039473647707
26.462	0.45687059740935376
27.443	0.4978345593374119
28.428	0.4666881310980247
29.413	0.4938804333331515
30.394000000000002	0.4757466523081548
31.375	0.4474467577134096
32.356	0.45877412409370977
33.337	0.4600248270732875
34.319	0.4507241747262949
35.296	0.4478949249547817
36.276	0.4508960418637335
37.259	0.4519226201956414
38.237	0.44715892185223133
39.216	0.4518833860776486
40.199	0.45297344675712276
41.182	0.4233380178912177
42.165	0.4425065311936103
43.138	0.43150985473437736
44.12	0.42375673969612243
45.102000000000004	0.4256004839233832
46.08	0.42177295403863996
47.062	0.42178912147516434
48.044000000000004	0.43244603346105026
49.017	0.40335041773305064
50.004	0.39057929060828683
50.985	0.3937942629649009
51.967	0.3874940729318563
52.954	0.3651261588024618
53.935	0.3684101693196796
54.92	0.3678387116445431
55.901	0.3698909130925102
56.886	0.35825076132376416
57.874	0.3748936410968147
58.855000000000004	0.3783534592101072
59.84	0.3971783746037672
60.823	0.39796877145399534
61.807	0.38791194767992837
62.792	0.38599829008482295
63.778	0.39575998386482003
64.763	0.3756450029395927
65.749	0.4133555579952289
66.735	0.38228909972688896
67.721	0.3901023520098194
68.71000000000001	0.40414989301864135
69.699	0.4391893663498862
70.685	0.4267072273275989
71.672	0.45275488020495586
72.65	0.40001453040786816
73.639	0.39479665445936435
74.628	0.4304947790387283
75.615	0.43009578811028837
76.601	0.4479875153607179
77.59700000000001	0.47592636509250724
78.593	0.48409921301223496
79.57600000000001	0.47699031040406836
80.553	0.446811607383113
81.549	0.45604934963052757
82.548	0.5201764495598402
83.534	0.5194391242021473
84.515	0.5213581107995687
85.505	0.505829023053836
86.492	0.541953175535928
87.479	0.5204970106988283
88.45700000000001	0.5171117439530761
89.437	0.5104146323701696
90.417	0.5138894689610205
91.407	0.5200149886747816
92.387	0.5244326385457004
93.367	0.5198352503608455
94.35300000000001	0.5183488981586675
95.339	0.5368291086405879
96.316	0.5254913127350114
97.302	0.545376887558775
98.288	0.5053353844154127
99.276	0.5423456033063159
100.252	0.5003242705048117
101.24000000000001	0.497750275114017
102.232	0.5304791284907657
103.22	0.5378695269422448
104.19800000000001	0.5454587625952422
105.183	0.5346960610061516
106.172	0.5399337368861383
107.153	0.5320759321334961
108.136	0.474290487906515
109.123	0.48180102734321023
110.108	0.5304705805211478
111.083	0.44029143389914194
112.077	0.5499129994794335
113.062	0.548111862468401
114.049	0.4861454332667449
115.034	0.49493731583997175
116.019	0.5525820904143822
117.004	0.5605843289638066
117.985	0.5735340363991817
118.97	0.5437544536966297
119.961	0.5760753214861379
120.946	0.5757852063190723
121.922	0.5340737934287777
122.897	0.5032547660527803
123.881	0.5242173400347339
124.864	0.5360874802558646
125.845	0.5392428083754778
126.82900000000001	0.5395503019756925
127.804	0.5097860394848336
128.778	0.49852954317059955
129.755	0.49640488377402653
130.737	0.4781980351821496
131.713	0.4269374848764241
132.697	0.4266523954254534
133.677	0.4217173577638175
134.662	0.44918192495419845
135.647	0.49858208991723474
136.629	0.4824619400556985
137.612	0.45455501127231657
138.595	0.4382372316127386
139.574	0.41455491660166255
140.555	0.3885416686081875
141.536	0.39212601784510853
142.518	0.4529425529830135
143.494	0.4031531071546053
144.472	0.4087507572676406
145.456	0.41940193710356544
146.44	0.44958731730971185
147.429	0.4853103386384056
148.41	0.4875341383448105
149.394	0.49729342385199743
150.374	0.5022705041502536
151.353	0.49742680308636145
152.332	0.4823063055848534
153.321	0.4872602799552148
154.31	0.4825995675431002
155.29500000000002	0.5112583937268469
156.285	0.5839394913559368
157.275	0.6182959289045762
158.256	0.5813248063211925
159.238	0.6119335826213086
160.213	0.5504758981214037
161.192	0.5240047211102354
162.172	0.5775519024168164
163.14600000000002	0.5093646043271937
164.12	0.4893122522137536
165.095	0.4974992540043301
166.074	0.5020931711964816
167.062	0.5265626397165946
168.036	0.5174790119653584
169.019	0.48951150039143565
170.006	0.4855037487133128
170.99	0.4859599662366784
171.974	0.4961479477829134
172.953	0.4911335098664361
173.931	0.47683884677619753
174.915	0.525310153727338
175.894	0.4899866396699901
176.876	0.5024658611435684
177.855	0.4976589109361194
178.832	0.4943452355811216
179.818	0.5120666134401987
180.804	0.5497044211989419
181.781	0.5074763406795857
182.758	0.4950615910357536
183.732	0.4844486086376217
184.709	0.4814208006098214
185.686	0.48928293631970116
186.667	0.4919225126659624
187.648	0.4951245809467284
188.623	0.48389560437442086
189.598	0.4825593489147964
190.58100000000002	0.4838957834377844
191.564	0.5253733696593996
192.54500000000002	0.5295018075226996
193.52700000000002	0.5222554013431886
194.507	0.5371744976917996
195.481	0.5081318904861827
196.463	0.49100005671743363
197.436	0.4930815524999392
198.42000000000002	0.5043836293752986
199.394	0.5134374174347917
200.374	0.5167318354859797
201.35500000000002	0.5288517178878317
202.335	0.5120172231298427
203.315	0.5350553202352556
204.294	0.5397324029946826
205.266	0.5314009754524536
206.247	0.5631664544468716
207.217	0.5764998337820457
208.196	0.5804140389207273
209.17600000000002	0.5749633514141705
210.156	0.5702551704859675
211.12800000000001	0.5636999511027286
212.108	0.5676938473910874
213.08700000000002	0.5728882424649333
214.065	0.5814169396116137
215.046	0.5751154261706417
216.035	0.5607606101975887
217.014	0.5662577379738944
218.00300000000001	0.5616208428664862
218.99200000000002	0.5566775934531737
219.971	0.5612886319511629
220.95000000000002	0.5672355165362836
221.939	0.5611108208801393
222.927	0.5585078158689555
223.907	0.5723794107051576
224.891	0.5721326416748436
225.871	0.5469480968660132
226.85	0.5709801850624527
227.84	0.5756509812600177
228.818	0.5649287005890775
229.802	0.5867557467900787
230.79	0.6037182770661248
231.778	0.6208368409447194
232.756	0.6086379762727008
233.743	0.627108039621261
234.715	0.611543062068503
235.69400000000002	0.6197909851205966
236.671	0.5771382976110496
237.648	0.5250991658737914
238.63	0.5368893519259326
239.608	0.43519914100136325
240.586	0.4225107708113034
241.564	0.40968617209753666
242.549	0.41126712869646703
243.526	0.39143387963473203
244.51	0.3826195210276845
245.489	0.39700073168837124
246.475	0.39498003569923773
247.461	0.40384057210974456
248.445	0.38384575796316284
249.429	0.414820777564294
250.416	0.4830176888902078
251.403	0.463304757386175
252.39000000000001	0.4328462533325554
253.377	0.46191405856191
254.368	0.5059930331989085
255.344	0.4460910421654981
256.327	0.41838172604348267
257.31	0.4395372079250677
258.294	0.4223810569185915
259.281	0.42185130750269956
260.26800000000003	0.43122033483281347
261.26	0.5029925663163757
262.243	0.49625415140919565
263.223	0.4627298723326906
264.206	0.4558594687843896
265.19100000000003	0.38738896253640936
266.178	0.4063739629831383
267.16	0.4196566690593495
268.142	0.30654425252922435
269.124	0.2516948750072393
270.107	0.25439854712568233
271.092	0.2574617526754273
272.073	0.26324242300727935
273.057	0.2670332438631324
274.047	0.26317573941202
275.028	0.26054158901582275
276.009	0.2579200836187397
276.999	0.25442044678789805
277.98900000000003	0.2503089841399803
278.979	0.2468867997201982
279.97	0.26209879319699625
280.961	0.30637482567034624
281.947	0.29922673655197146
282.933	0.31898836857081336
283.923	0.31640356162539646
284.913	0.3246409691662934
285.901	0.3338866320553975
286.88800000000003	0.32464609841549247
287.878	0.34379236462588947
288.868	0.37873692784187646
289.858	0.4065020237623926
290.848	0.45296330201656454
291.82800000000003	0.4008925583260995
292.82	0.46607808936432854
293.81	0.49353289773799064
294.799	0.5513683424896455
295.78000000000003	0.5172145190012936
296.77	0.5335671171574965
297.759	0.6009087591892877
298.73900000000003	0.5189638563847576
299.728	0.5871728321592556
300.717	0.6257482460400956
301.696	0.4762801417760935
302.682	0.46880961657879966
303.661	0.41767069381199556
304.65000000000003	0.4648627306867796
305.639	0.47443836493967956
306.624	0.4186226751987875
307.617	0.48379136872325157
308.606	0.45432610043899857
309.595	0.47570461325899965
310.584	0.4955955741026486
311.571	0.3977252576426972
312.559	0.39925552622057353
313.547	0.3412689929868615
314.536	0.3125803748201665
315.52500000000003	0.19647120830155437
316.514	0.15924285638880423
317.503	0.16216844614291331
318.492	0.16480758781341634
319.481	0.1272139022473833
320.47	0.12877514224021597
321.459	0.12997964211433174
322.448	0.13197464655428548
323.438	0.1421033050033793
324.427	0.1434545472687873
325.41700000000003	0.1437974363538983
326.407	0.14283836393673122
327.396	0.14535296406757733
328.386	0.14513782993747226
329.37600000000003	0.14527904479476328
330.366	0.14580569324827128
331.356	0.14641381246306232
332.347	0.13650088065006025
333.337	0.13758117309392365
334.32800000000003	0.1370657094382158
335.319	0.1366851815384883
336.31	0.13602740607512773
337.302	0.13382295538213818
338.294	0.1525046759437833
339.286	0.1509812327924773
340.278	0.14979575728252814
341.27	0.14901450742792519
342.262	0.16891631975697632
343.255	0.23619946552599735
344.247	0.40403364066569947
345.23900000000003	0.4818257406173996
346.233	0.5778304843943707
347.219	0.3244066326349874
348.209	0.35551024704839745
349.198	0.3081310178383974
350.192	0.46386425002579956
351.184	0.4337276507351996
352.178	0.48194382758334664
353.168	0.45475600194034066
354.158	0.43733980200683353
355.147	0.3102821129717494
356.13800000000003	0.35905084902099843
357.129	0.4361828962596185
358.12	0.48356104469063943
359.11	0.45494824888410124
360.1	0.46440734830751995
361.091	0.4830160406376796
362.079	0.3770042228469775
363.062	0.29310174313873366
364.052	0.3215744109051457
365.036	0.2964730634191959
366.027	0.35453312661045083
367.01800000000003	0.42202298745844957
368.008	0.4111145338063156
369.0	0.6360373534671466
369.988	0.5083547924546786
370.975	0.34208811715499343
371.962	0.3651500494790995
372.949	0.34817866538779846
373.94	0.42576550509679945
374.92900000000003	0.35721162969949943
375.911	0.2941267698854994
376.901	0.3506857652097905
377.892	0.41657974459699854
378.878	0.34861950564507843
379.862	0.3226237117300754
380.843	0.3102244241707995
381.833	0.28885193258024733
382.82300000000004	0.31620533493259645
383.817	0.42993913071859957
384.808	0.47872341501938764
385.798	0.4781775491386977
386.789	0.5373249918613997
387.779	0.47825758903779947
388.77	0.4775956686115926
389.759	0.4585305051059925
390.752	0.5749880224178896
391.738	0.3006218132396995
392.728	0.3196141884764915
393.719	0.4083071806786995
394.709	0.3991256467273945
395.699	0.44874431794629954
396.689	0.4490000636148996
397.682	0.48632486581969964
398.672	0.5264529579920997
399.661	0.45867493725499947
400.652	0.46914714577409966
401.64300000000003	0.4694249820334996
402.633	0.48835581471929657
403.623	0.4686567727644701
404.613	0.4196158888150445
405.612	0.7294859109802219
406.601	0.7004747885076177
407.6	0.8394000524286486
408.579	0.7098578373316939
409.565	0.5343218300607953
410.556	0.5623155946894396
411.544	0.5148337185876217
412.533	0.5043634814131395
413.521	0.4957496099354996
414.515	0.6005044754922997
415.507	0.6678440575912644
416.495	0.6391100363477227
417.493	0.8091386692384869
418.474	0.7177642853584998
419.462	0.6896421540295996
420.44	0.42355406874836654
421.43	0.40364581214849965
422.42400000000004	0.5386068127471314
423.41200000000003	0.5098967738999917
424.401	0.4409902890863986
425.38800000000003	0.3739161320623865
426.378	0.42360406943709356
427.366	0.3270739097484845
428.363	0.6975518631454948
429.353	0.7561339999484941
430.34000000000003	0.4690979679351355
431.327	0.5484685499916926
432.313	0.4722333155431995
433.29900000000004	0.40457386891939257
434.288	0.45389086090888464
435.274	0.5038789685255946
436.26	0.44634960703953835
437.249	0.4170048150597996
438.241	0.6110974826718905
439.236	0.6748070014094877
440.22200000000004	0.6679991645055375
441.208	0.5911086441764497
442.194	0.48507021826844804
443.18600000000004	0.5714238674130305
444.172	0.4648485472600937
445.16	0.4846310737503046
446.15000000000003	0.5241595699312847
447.139	0.47557401535699656
448.129	0.3564915054144975
449.12	0.39609771549871553
450.111	0.4165099476444086
451.10200000000003	0.41684864395952054
452.093	0.42779186390699947
453.086	0.4750648923158006
454.077	0.4844764702452756
455.068	0.5339886389024676
456.059	0.4461317052493626
457.05	0.44787761182522656
458.041	0.44950938804229346
459.032	0.4813462984958365
460.023	0.48341222527676736
461.014	0.4854252005658932
462.005	0.4872461071519427
462.99600000000004	0.44968908582014094
463.987	0.4796478461621447
464.978	0.46928835082408854
465.969	0.4977577266928456
466.96000000000004	0.4969548959462526
467.951	0.4967248338469556
468.942	0.47694449521915855
469.933	0.47655165601835864
470.92400000000004	0.43646137382966654
471.915	0.45457071296059454
472.906	0.4631468345921535
473.89	0.3508264960956744
474.882	0.3883360094823835
475.872	0.3875309437231314
476.863	0.3967412680371985
477.855	0.23684356523247438
478.84700000000004	0.20715991705153022
479.839	0.21590214865749835
480.831	0.21645197948719933
481.82300000000004	0.21610708505088141
482.815	0.21662096683239038
483.807	0.2179605584127924
484.79900000000004	0.22889550843569936
485.791	0.22832969312269338
486.783	0.22745231379508138
487.77500000000003	0.22748501725907033
488.767	0.2279933886848994
489.75800000000004	0.2297222546596994
490.749	0.23271607558644233
491.735	0.16965874205856707
492.726	0.11588031819622018
493.717	0.12296294983482252
494.708	0.12132867794726336
495.699	0.13167907410556925
496.69	0.12985634263934825
497.681	0.13966579331340287
498.673	0.09956806981685976
499.671	0.16999770185916233
500.67	0.42961367921929955
501.67	0.7678603792776998
502.659	0.7108633492698999
503.65000000000003	0.6913875241197998
504.641	0.6717608741811327
505.632	0.6726422691860137
506.623	0.6538787233406945
507.61400000000003	0.6348634573340695
508.605	0.6456390913574446
509.596	0.6465882923608194
510.587	0.6476002872428883
511.57800000000003	0.6286781159846573
512.568	0.6678369187631987
513.552	0.49451225179589753
514.546	0.6600179230101998
515.532	0.5343472123698996
516.521	0.3970232982037915
517.51	0.3291361511732875
518.499	0.28103302997967444
519.488	0.3007465864844984
520.477	0.35027663313584545
521.468	0.3889248095966895
522.457	0.43014941203849766
523.45	0.5058894432172986
524.438	0.5176273706137866
525.427	0.4599202726677996
526.416	0.3614051340088835
527.405	0.4021932421406705
528.396	0.4312696645184465
529.3870000000001	0.4011922202421996
530.385	0.7614053447872938
531.37	0.5282831838187997
532.3580000000001	0.4312246664403756
533.349	0.4113260014990995
534.337	0.35472352313559746
535.33	0.5305179597728956
536.328	0.7430393292190844
537.316	0.6751710993238461
538.304	0.519620591227023
539.295	0.6081696439721037
540.285	0.6673992304677705
541.271	0.39276367600124146
542.259	0.33589140727420747
543.254	0.6287345008174116
544.241	0.5713116089403873
545.226	0.3488719420533278
546.222	0.5329743021083724
547.207	0.42805663745779854
548.2040000000001	0.7499858610646
549.195	0.7884066370081979
550.1800000000001	0.5944086174792997
551.167	0.4783016522798997
552.1610000000001	0.6733274546354788
553.148	0.6244070496918461
554.135	0.4598070657899996
555.122	0.40265098467859145
556.11	0.4336402892693094
557.1030000000001	0.4901189866637413
558.09	0.40372188139456205
559.076	0.3574953062560165
560.067	0.3380052647732255
561.056	0.28943347551749243
562.042	0.2746512508683503
563.0360000000001	0.28962213970639045
564.022	0.30330365731078746
565.008	0.2983454568253994
566.003	0.33214578695659647
566.993	0.3320751678903975
567.984	0.36186931372580944
568.969	0.3362122993662654
569.958	0.29772511663979945
570.949	0.2866490462359954
571.944	0.5201584862008174
572.929	0.2887572793098023
573.922	0.3657249851393994
574.909	0.30025969862689844
575.899	0.348939111907326
576.894	0.4051768163729845
577.888	0.40320966037925854
578.874	0.2989313892739764
579.868	0.3545862222012955
580.855	0.2986428909769964
581.849	0.4838165785196996
582.843	0.5419516911909996
583.833	0.41381957980246653
584.824	0.4051904548250926
585.815	0.37579510935344546
586.803	0.3479580111918634
587.793	0.3889454168204986
588.783	0.28059301334127534
589.773	0.3016160454259734
590.766	0.20987412050947638
591.759	0.13148486042919832
592.7520000000001	0.11230755095799629
593.745	0.12371240106789928
594.738	0.1249857049324923
595.731	0.14458070057979933
596.724	0.18237914396789734
597.714	0.11464114520356691
598.707	0.25065010108404534
599.7	0.4077236959014494
600.693	0.4351005019812875
601.679	0.3095763064779995
602.671	0.41674641130947954
603.6610000000001	0.40743710777746356
604.6510000000001	0.3779212906671996
605.643	0.4858841660277996
606.635	0.49521687485699956
607.6270000000001	0.5732918669646997
608.615	0.4270675033058695
609.607	0.44630633335689346
610.595	0.24155223469599338
611.587	0.44926044421879957
612.5790000000001	0.4882487889065997
613.571	0.5279034559664997
614.563	0.5481938586862996
615.5550000000001	0.5481920685986786
616.542	0.40311444243779954
617.533	0.42288522656469957
618.524	0.38386835326517754
619.5120000000001	0.2076348268743553
620.503	0.24783866049826936
621.494	0.2577418529208844
622.485	0.2577181360830634
623.476	0.26575207253318944
624.465	0.24674276367186912
625.455	0.2546785720697784
626.445	0.2745014565518894
627.436	0.3232786063442564
628.428	0.4601581823199996
629.428	0.7389737039169578
630.419	0.7480833626990123
631.407	0.7109816151406438
632.39	0.4386418182063385
633.3770000000001	0.44176188236189956
634.366	0.34312812764131045
635.356	0.34245754826537356
636.346	0.3408116269091815
637.336	0.34973965970729454
638.316	0.2791898917652674
639.306	0.28647879763987205
640.2860000000001	0.25458036483849844
641.2760000000001	0.2615385663277984
642.265	0.27228253059370205
643.256	0.2811382174792794
644.247	0.3193574653538905
645.229	0.2181369987548984
646.218	0.2269367501735834
647.207	0.22618529217388839
648.196	0.22717235875909939
649.1850000000001	0.23726143524759638
650.174	0.21729673492370735
651.171	0.30778964461054525
652.1560000000001	0.3014342719721694
653.145	0.2530247566240884
654.143	0.5518107018803777
655.142	0.751559960271042
656.131	0.6839982256785697
657.13	0.7959871032050481
658.109	0.5788959622171699
659.095	0.6017960123948226
660.081	0.4660355874716435
661.071	0.4753671985169263
662.059	0.34972332879500845
663.049	0.4375394543889995
664.037	0.37026587503357944
665.028	0.3896221922288985
666.016	0.37100753078829946
667.009	0.41775513524447855
668.005	0.6898564864854237
668.994	0.5818204426624887
669.9730000000001	0.28510878443303933
670.961	0.24650229724669237
671.958	0.6049085667563867
672.946	0.5367155263496997
673.924	0.3183700560140995
674.9110000000001	0.2704562802741624
675.9010000000001	0.3370253203086835
676.888	0.3182948843208042
677.885	0.5288032939185996
678.8720000000001	0.5790169587766978
679.8580000000001	0.45365573280819854
680.845	0.33859279937459447
681.832	0.25223731869144805
682.819	0.2533721055635724
683.815	0.4057472139849996
684.802	0.3588574635129996
685.792	0.4365118773136995
686.778	0.31136711702739545
687.764	0.26572549433068643
688.75	0.22927871155580448
689.737	0.23084197218776534
690.7230000000001	0.2337387881353961
691.7090000000001	0.23685360084809937
692.7040000000001	0.29021788806329146
693.693	0.2703332572854253
694.678	0.2939482020930514
695.664	0.2569081040285014
696.649	0.2990082671859534
697.634	0.29193927614659143
698.619	0.2844625879284594
699.604	0.3067490599745914
700.594	0.30356833272319944
701.5790000000001	0.2660454435695834
702.564	0.28834313753967844
703.549	0.2723611436586475
704.543	0.3159139896548955
705.537	0.37029592635219144
706.525	0.3225468645140894
707.515	0.3702281262977565
708.499	0.31536634387668605
709.4830000000001	0.3002777625494542
710.467	0.2743806951142675
711.451	0.2871492541424119
712.4350000000001	0.31030914135717563
713.419	0.3049402100419265
714.402	0.2701282488716868
715.385	0.2940549280631861
716.368	0.2890877689350115
717.352	0.25356514392491236
718.343	0.251388909912767
719.3340000000001	0.2674889268169468
720.325	0.28506911325886375
721.317	0.30840573916362035
722.309	0.40365682580749956
723.299	0.4223220333328854
724.291	0.5075405700184846
725.277	0.4213891647853864
726.269	0.47634706763926665
727.251	0.4609034873638784
728.243	0.5747437899892784
729.221	0.43641138873067936
730.202	0.40339941552048664
731.183	0.36967540472557947
732.174	0.4265968468532966
733.1610000000001	0.4073727302158995
734.1510000000001	0.38497152737208445
735.1320000000001	0.3514301555980955
736.1220000000001	0.41856916291329843
737.112	0.3976801750182996
738.102	0.41811396893679853
739.092	0.4176775761883665
740.082	0.3867269579244694
741.075	0.5237520528899996
742.065	0.5625868584993997
743.0550000000001	0.4946149817493996
744.045	0.5059345582683996
745.044	0.6670256406590996
746.03	0.5923791514320996
747.02	0.5820360960176997
748.01	0.4930105623274996
749.0	0.5328716067715465
749.99	0.48410738224833966
750.988	0.7845674916706403
751.9780000000001	0.7857502891856509
752.968	0.6471376726092498
753.958	0.6180893701602366
754.948	0.6771531118971919
755.937	0.7183043978853945
756.927	0.6194307114863686
757.917	0.6302265888409484
758.907	0.5819589464904147
759.897	0.5632075380792346
760.897	0.8037596900438292
761.88	0.5034966537649547
762.8720000000001	0.5031495569618026
763.863	0.43489261865649653
764.854	0.41603411555719944
765.8530000000001	0.6383207098072867
766.843	0.5804398851969838
767.833	0.5814368811545496
768.827	0.6877510333116998
769.816	0.5313226788100996
770.815	0.7631039728390272
771.806	0.734006128496759
772.7950000000001	0.7263065144537196
773.794	0.8673314905793614
774.77	0.41455740768997457
775.759	0.2286572338240924
776.748	0.16035319168779605
777.737	0.1616157020813813
778.73	0.20850862426319738
779.726	0.6101615449026787
780.713	0.31569531697519543
781.702	0.19897745974319833
782.694	0.28768218353006436
783.683	0.21979731319532317
784.671	0.18265282774068034
785.659	0.19504545246972016
786.647	0.1772906274588543
787.636	0.1799013290835533
788.626	0.17954789893247036
789.616	0.17997274817486428
790.607	0.19909381827435932
791.5980000000001	0.2089971957539813
792.589	0.20920634555539436
793.58	0.2178108755576984
794.571	0.21742603478499337
795.562	0.21765680156869938
796.553	0.22821452805629838
797.544	0.22956686297709836
798.535	0.22969329352198836
799.5260000000001	0.23022684371709842
800.517	0.23172133274789936
801.508	0.23358870812328839
802.499	0.2344393051247894
803.49	0.2356821639250904
804.486	0.3098985538819123
805.472	0.18480600969832614
806.464	0.2125941576031028
807.456	0.23163269483859938
808.448	0.2295066326875984
809.44	0.25773004552839646
810.432	0.26603748448916636
811.424	0.28553567222769943
812.416	0.28610888459548445
813.408	0.2851672527639165
814.4	0.28530373470835935
815.393	0.2935816914687995
816.386	0.3820198948391995
817.379	0.3525543610631634
818.3720000000001	0.4402767404984996
819.365	0.4394125937480965
820.3580000000001	0.44918644295999954
821.3530000000001	0.5768029711179987
822.3480000000001	0.6547415450661976
823.343	0.701655810374227
824.338	0.7784301834058818
825.333	0.7763135066261277
826.328	0.7347143031475936
827.323	0.8228453344045517
828.318	0.8010455978100718
829.313	0.8388308088787485
830.308	0.7669789941437233
831.303	0.7654651529109364
832.298	0.8024510014149948
833.293	0.8107103197301521
834.2760000000001	0.7604607725398006
835.2710000000001	0.7883110484892248
836.266	0.7869766292666118
837.261	0.8151142814167478
838.256	0.7932679534756566
839.251	0.7722409129260237
840.246	0.7798521904449504
841.241	0.7882704005085799
842.236	0.7874381322105745
843.231	0.7459938058811457
844.226	0.7453173311404104
845.221	0.7434946716658604
846.216	0.7419179999245209
847.211	0.7402539227550835
848.206	0.6991048583248
849.201	0.7272849325858377
850.196	0.6662910485209557
851.191	0.5761293237101337
852.186	0.6049775332490998
853.181	0.48487175328999954
854.176	0.47376011779879756
855.171	0.4529349276686995
856.166	0.39158279505879956
857.1610000000001	0.33061597760949946
858.1560000000001	0.32981084735979943
859.1510000000001	0.32879213571989946
860.1460000000001	0.32836574340989944
861.141	0.3278586929083995
862.136	0.3272640011973995
863.131	0.3271332491599994
864.126	0.32591756480799944
865.121	0.3246699693868984
866.116	0.3245803642070153
867.111	0.32327902324072594
868.106	0.32213049634262503
869.101	0.32988513125569946
870.096	0.32795373387789944
871.091	0.3261254555402865
872.086	0.39385476742949954
873.081	0.3914904536253894
874.076	0.4479846082418655
875.071	0.5142955512128656
876.066	0.5018443390451995
877.058	0.5116589299067547
878.043	0.4956431436478945
879.03	0.4878747655860966
880.017	0.4912146067795996
881.0020000000001	0.5346506856316957
881.987	0.45763764503678467
882.969	0.42458771815092805
883.95	0.4314416887159825
884.933	0.4937522602973946
885.917	0.43043540975536454
886.891	0.3631954790517515
887.871	0.3004016057860154
888.8580000000001	0.23058204113714112
889.847	0.26723587400827636
890.839	0.2923319442717533
891.831	0.3577978174926995
892.823	0.4036582192862996
893.8050000000001	0.262769617050642
894.793	0.2530108020058695
895.785	0.30915209338719746
896.777	0.29783861297869946
897.769	0.29769676565579645
898.761	0.39642283087549957
899.7520000000001	0.36637688094338555
900.7420000000001	0.28755610312669944
901.729	0.2909550075480984
902.721	0.4183927507731915
903.713	0.3979844538953796
904.7040000000001	0.47758005051959956
905.695	0.4882718000299996
906.686	0.4306023781172945
907.677	0.35287776934308746
908.668	0.32504674897979946
909.659	0.3272694154662894
910.65	0.3296669679589984
911.641	0.2423127699967974
912.6320000000001	0.21213081586372393
913.623	0.18170082761573325
914.614	0.19079856582629734
915.609	0.4432185250926035
916.605	0.48876404712356775
917.596	0.4987260420546617
918.586	0.31345384069158644
919.586	0.6240445541464634
920.5790000000001	0.6050223966986829
921.575	0.6220227825982715
922.571	0.5906075755015011
923.571	0.6839635280198268
924.562	0.5980394823669837
925.558	0.6364370756273758
926.554	0.6055667814383825
927.5500000000001	0.6045116698800856
928.5500000000001	0.6974276526153966
929.5500000000001	0.7704376875133626
930.541	0.7824115761355378
931.522	0.6061590450687561
932.514	0.4596921286697996
933.51	0.37852990054528746
934.506	0.38714722117568556
935.5020000000001	0.3862193353677955
936.498	0.32587510476979953
937.495	0.3247873653088995
938.4920000000001	0.48143249083979955
939.489	0.5966242439432746
940.489	0.8267176072731917
941.479	0.7885265028834337
942.471	0.7883692644712617
943.458	0.7039494040653572
944.458	0.766115652324831
945.448	0.6984530889101834
946.438	0.700297408580091
947.41	0.39001890531667754
948.3910000000001	0.16195022224671823
949.371	0.17037047468795183
950.351	0.15953428558205718
951.339	0.14149572202289432
952.328	0.13258002426539828
953.322	0.10795142580129528
954.317	0.12268365649525624
955.312	0.11853036467029028
956.307	0.19297595716719834
957.303	0.46456491210678746
958.294	0.29806673350276935
959.289	0.49459472838999957
960.285	0.5527127386697998
961.2810000000001	0.49254858755999964
962.2760000000001	0.39390400838969947
963.272	0.3943271048268934
964.268	0.4245229388686985
965.2660000000001	0.5022151631992996
966.26	0.4137105171127785
967.258	0.4316072024896996
968.2520000000001	0.3829118078971955
969.25	0.4702028563896995
970.2470000000001	0.47874590147959956
971.244	0.5668282879299997
972.241	0.4868850120369935
973.238	0.4862883386099996
974.235	0.4859475847799996
975.232	0.48580055879999956
976.23	0.49235756080999965
977.219	0.3589246193789995
978.213	0.17066206962659436
979.21	0.22889716293258433
980.207	0.24759718478789838
981.205	0.3858655876694996
982.202	0.42484833693999946
983.198	0.21614458805528136
984.196	0.21520039068589336
985.1940000000001	0.32318363908639347
986.192	0.3224214348798995
987.19	0.3221028877396995
988.188	0.3218250983988995
989.181	0.17637585145448334
990.179	0.29397068869619547
991.177	0.37183363692979954
992.1750000000001	0.2221714409274984
993.173	0.22040125805659436
994.171	0.2989256029298995
995.1700000000001	0.29813133229659045
996.169	0.35728236970358246
997.166	0.1883857522828783
998.164	0.08765424361669527
999.163	0.23520195759859738
1000.162	0.3338355588297995
1001.1610000000001	0.20314621973949934
1002.16	0.20214973984969936
1003.159	0.29107816083969945
1004.158	0.15080036729799734
1005.157	0.15027703267879736
1006.1560000000001	0.15006916981959934
1007.155	0.15006382236679033
1008.154	0.14997048095999932
1009.153	0.14991359999999934
1010.152	0.2492696999999994
1011.152	0.6062259279999997
1012.152	0.9239855213969939
1013.152	0.9634946815475159
1014.152	0.9731864646556468
1015.152	0.9729409328157859
1016.152	0.9726962586842066
1017.152	0.9724515845526271
1018.152	0.9722069104210478
1019.143	0.834231166702476
1020.143	0.9718399186470579
1021.14	0.8833679
1022.14	0.9729097
1023.14	0.9727279
1024.14	0.9825551999999999
1025.14	0.9824643000000001
1026.14	0.9823733999999998
1027.14	0.9822825000000001
1028.14	0.9821916
1029.14	0.99213
1030.14	0.99213
1031.14	0.99213
1032.14	0.99213
1033.14	0.99213
1034.14	0.99213
1035.14	0.99213
1036.14	0.99213
1037.14	0.99213
1038.14	0.99213
1039.14	0.99213
1040.14	0.99213
1041.14	0.99213
1042.14	0.99213
1043.14	0.99213
1044.14	0.99213
1045.14	0.99213
1046.14	0.99213
1047.14	0.99213
1048.14	0.99213
1049.14	0.99213
1050.14	0.99213
1051.14	0.99213
1052.14	0.99213
1053.14	0.99213
1054.14	0.99213
1055.14	0.99213
1056.14	0.99213
1057.14	0.99213
1058.14	0.99213
1059.14	0.99213
1060.14	0.99213
1061.14	0.99213
1062.14	0.99213
1063.14	0.99213
1064.14	0.99213
1065.14	0.99213
1066.14	0.99213
1067.14	0.99213
1068.14	0.99213
1069.14	0.99213
1070.14	0.99213
1071.14	0.99213
1072.14	0.99213
1073.14	0.99213
1074.14	0.99213
1075.14	0.99213
1076.14	0.99213
1077.14	0.99213
1078.14	0.99213
1079.14	0.99213
1080.14	0.99213
1081.14	0.99213
1082.14	0.99213
1083.14	0.99213
1084.14	0.99213
1085.14	0.99213
1086.14	0.99213
1087.14	0.99213
1088.14	0.99213
1089.14	0.99213
1090.14	0.99213
1091.14	0.99213
1092.14	0.99213
1093.14	0.99213
1094.14	0.99213
1095.14	0.99213
1096.14	0.99213
1097.14	0.99213
1098.14	0.99213
1099.14	0.99213
1100.14	0.99213
1101.14	0.99213
1102.14	0.99213
1103.14	0.99213
1104.14	0.99213
1105.14	0.99213
1106.14	0.99213
1107.14	0.99213
1108.14	0.99213
1109.14	0.99213
1110.14	0.99213
1111.14	0.99213
1112.14	0.99213
1113.14	0.99213
1114.14	0.99213
1115.14	0.99213
1116.14	0.99213
1117.14	0.99213
1118.14	0.99213
1119.14	0.99213
1120.14	0.99213
1121.14	0.99213
1122.14	0.99213
1123.14	0.99213
1124.14	0.99213
1125.14	0.99213
1126.14	0.99213
1127.14	0.99213
1128.14	0.99213
1129.14	0.99213
1130.14	0.99213
1131.14	0.99213
1132.14	0.99213
1133.14	0.99213
1134.14	0.99213
1135.14	0.99213
1136.14	0.99213
1137.14	0.99213
1138.14	0.99213
1139.14	0.99213
1140.14	0.99213
1141.14	0.99213
1142.14	0.99213
1143.14	0.99213
1144.14	0.99213
1145.14	0.99213
1146.14	0.99213
1147.14	0.99213
1148.14	0.99213
1149.14	0.99213
1150.14	0.99213
1151.14	0.99213
1152.14	0.99213
1153.14	0.99213
1154.14	0.99213
1155.14	0.99213
1156.14	0.99213
1157.14	0.99213
1158.14	0.99213
1159.14	0.99213
1160.14	0.99213
1161.14	0.99213
1162.14	0.99213
1163.14	0.99213
1164.14	0.99213
1165.14	0.99213
1166.14	0.99213
1167.14	0.99213
1168.14	0.99213
1169.14	0.99213
1170.14	0.99213
1171.14	0.99213
1172.14	0.99213
1173.14	0.99213
1174.14	0.99213
1175.14	0.99213
1176.14	0.99213
1177.14	0.99213
1178.14	0.99213
1179.14	0.99213
1180.14	0.99213
1181.14	0.99213
1182.14	0.99213
1183.14	0.99213
1184.14	0.99213
1185.14	0.99213
1186.14	0.99213
1187.14	0.99213
1188.14	0.99213
1189.14	0.99213
1190.14	0.99213
1191.14	0.99213
1192.14	0.99213
1193.14	0.99213
1194.14	0.99213
1195.14	0.99213
1196.14	0.99213
1197.14	0.99213
1198.14	0.99213
1199.14	0.99213
1200.14	0.99213
1201.14	0.99213
1202.14	0.99213
1203.14	0.99213
1204.14	0.99213
1205.14	0.99213
1206.14	0.99213
1207.14	0.99213
1208.14	0.99213
1209.14	0.99213
1210.14	0.99213
1211.14	0.99213
1212.14	0.99213
1213.14	0.99213
1214.14	0.99213
1215.14	0.99213
1216.14	0.99213
1217.14	0.99213
1218.14	0.99213
1219.14	0.99213
1220.14	0.99213
1221.14	0.99213
1222.14	0.99213
1223.14	0.99213
1224.14	0.99213
1225.14	0.99213
1226.14	0.99213
1227.14	0.99213
1228.14	0.99213
1229.14	0.99213
1230.14	0.99213
1231.14	0.99213
1232.14	0.99213
1233.14	0.99213
1234.14	0.99213
1235.14	0.99213
1236.14	0.99213
1237.14	0.99213
1238.14	0.99213
1239.14	0.99213
1240.14	0.99213
1241.14	0.99213
1242.14	0.99213
1243.14	0.99213
1244.14	0.99213
1245.14	0.99213
1246.14	0.99213
1247.14	0.99213
1248.14	0.99213
1249.14	0.99213
1250.14	0.99213
1251.14	0.99213
1252.14	0.99213
1253.14	0.99213
1254.14	0.99213
1255.14	0.99213
1256.14	0.99213
1257.14	0.99213
1258.14	0.99213
1259.14	0.99213
1260.14	0.99213
1261.14	0.99213
1262.14	0.99213
1263.14	0.99213
1264.14	0.99213
1265.14	0.99213
1266.14	0.99213
1267.14	0.99213
1268.14	0.99213
1269.14	0.99213
1270.14	0.99213
1271.14	0.99213
1272.14	0.99213
1273.14	0.99213
1274.14	0.99213
1275.14	0.99213
1276.14	0.99213
1277.14	0.99213
1278.14	0.99213
1279.14	0.99213
1280.14	0.99213
1281.14	0.99213
1282.14	0.99213
1283.14	0.99213
1284.14	0.99213
1285.14	0.99213
1286.14	0.99213
1287.14	0.99213
1288.14	0.99213
1289.14	0.99213
1290.14	0.99213
1291.14	0.99213
1292.14	0.99213
1293.14	0.99213
1294.14	0.99213
1295.14	0.99213
1296.14	0.99213
1297.14	0.99213
1298.14	0.99213
1299.14	0.99213
1300.14	0.99213
1301.14	0.99213
1302.14	0.99213
1303.14	0.99213
1304.14	0.99213
1305.14	0.99213
1306.14	0.99213
1307.14	0.99213
1308.14	0.99213
1309.14	0.99213
1310.14	0.99213
1311.14	0.99213
1312.14	0.99213
1313.14	0.99213
1314.14	0.99213
1315.14	0.99213
1316.14	0.99213
1317.14	0.99213
1318.14	0.99213
1319.14	0.99213
1320.14	0.99213
1321.14	0.99213
1322.14	0.99213
1323.14	0.99213
1324.14	0.99213
1325.14	0.99213
1326.14	0.99213
1327.14	0.99213
1328.14	0.99213
1329.14	0.99213
1330.14	0.99213
1331.14	0.99213
1332.14	0.99213
1333.14	0.99213
1334.14	0.99213
1335.14	0.99213
1336.14	0.99213
1337.14	0.99213
1338.14	0.99213
1339.14	0.99213
1340.14	0.99213
1341.14	0.99213
1342.14	0.99213
1343.14	0.99213
1344.14	0.99213
1345.14	0.99213
1346.14	0.99213
1347.14	0.99213
1348.14	0.99213
1349.14	0.99213
1350.14	0.99213
1351.14	0.99213
1352.14	0.99213
1353.14	0.99213
1354.14	0.99213
1355.14	0.99213
1356.14	0.99213
1357.14	0.99213
1358.14	0.99213
1359.14	0.99213
1360.14	0.99213
1361.14	0.99213
1362.14	0.99213
1363.14	0.99213
1364.14	0.99213
1365.14	0.99213
1366.14	0.99213
1367.14	0.99213
1368.14	0.99213
1369.14	0.99213
1370.14	0.99213
1371.14	0.99213
1372.14	0.99213
1373.14	0.99213
1374.14	0.99213
1375.14	0.99213
1376.14	0.99213
1377.14	0.99213
1378.14	0.99213
1379.14	0.99213
1380.14	0.99213
1381.14	0.99213
1382.14	0.99213
1383.14	0.99213
1384.14	0.99213
1385.14	0.99213
1386.14	0.99213
1387.14	0.99213
1388.14	0.99213
1389.14	0.99213
1390.14	0.99213
1391.14	0.99213
1392.14	0.99213
1393.14	0.99213
1394.14	0.99213
1395.14	0.99213
1396.14	0.99213
1397.14	0.99213
1398.14	0.99213
1399.14	0.99213
1400.14	0.99213
1401.14	0.99213
1402.14	0.99213
1403.14	0.99213
1404.14	0.99213
1405.14	0.99213
1406.14	0.99213
1407.14	0.99213
1408.14	0.99213
1409.14	0.99213
1410.14	0.99213
1411.14	0.99213
1412.14	0.99213
1413.14	0.99213
1414.14	0.99213
1415.14	0.99213
1416.14	0.99213
1417.14	0.99213
1418.14	0.99213
1419.14	0.99213
1420.14	0.99213
1421.14	0.99213
1422.14	0.99213
1423.14	0.99213
1424.14	0.99213
1425.14	0.99213
1426.14	0.99213
1427.14	0.99213
1428.14	0.99213
1429.14	0.99213
1430.14	0.99213
1431.14	0.99213
1432.14	0.99213
1433.14	0.99213
1434.14	0.99213
1435.14	0.99213
1436.14	0.99213
1437.14	0.99213
1438.14	0.99213
1439.14	0.99213
1440.14	0.99213
1441.14	0.99213
1442.14	0.99213
1443.14	0.99213
1444.14	0.99213
1445.14	0.99213
1446.14	0.99213
1447.14	0.99213
1448.14	0.99213
1449.14	0.99213
1450.14	0.99213
1451.14	0.99213
1452.14	0.99213
1453.14	0.99213
1454.14	0.99213
1455.14	0.99213
1456.14	0.99213
1457.14	0.99213
1458.14	0.99213
1459.14	0.99213
1460.14	0.99213
1461.14	0.99213
1462.14	0.99213
1463.14	0.99213
1464.14	0.99213
1465.14	0.99213
1466.14	0.99213
1467.14	0.99213
1468.14	0.99213
1469.14	0.99213
1470.14	0.99213
1471.14	0.99213
1472.14	0.99213
1473.14	0.99213
1474.14	0.99213
1475.14	0.99213
1476.14	0.99213
1477.14	0.99213
1478.14	0.99213
1479.14	0.99213
1480.14	0.99213
1481.14	0.99213
1482.14	0.99213
1483.14	0.99213
1484.14	0.99213
1485.14	0.99213
1486.14	0.99213
1487.14	0.99213
1488.14	0.99213
1489.14	0.99213
1490.14	0.99213
1491.14	0.99213
1492.14	0.99213
1493.14	0.99213
1494.14	0.99213
1495.14	0.99213
1496.14	0.99213
1497.14	0.99213
1498.14	0.99213
1499.14	0.99213
1500.14	0.99213
1501.14	0.99213
1502.14	0.99213
1503.14	0.99213
1504.14	0.99213
1505.14	0.99213
1506.14	0.99213
1507.14	0.99213
1508.14	0.99213
1509.14	0.99213
1510.14	0.99213
1511.14	0.99213
1512.14	0.99213
1513.14	0.99213
1514.14	0.99213
1515.14	0.99213
1516.14	0.99213
1517.14	0.99213
1518.14	0.99213
1519.14	0.99213
1520.14	0.99213
1521.14	0.99213
1522.14	0.99213
1523.14	0.99213
1524.14	0.99213
1525.14	0.99213
1526.14	0.99213
1527.14	0.99213
1528.14	0.99213
1529.14	0.99213
1530.14	0.99213
1531.14	0.99213
1532.14	0.99213
1533.14	0.99213
1534.14	0.99213
1535.14	0.99213
1536.14	0.99213
1537.14	0.99213
1538.14	0.99213
1539.14	0.99213
1540.14	0.99213
1541.14	0.99213
1542.14	0.99213
1543.14	0.99213
1544.14	0.99213
1545.14	0.99213
1546.14	0.99213
1547.14	0.99213
1548.14	0.99213
1549.14	0.99213
1550.14	0.99213
1551.14	0.99213
1552.14	0.99213
1553.14	0.99213
1554.14	0.99213
1555.14	0.99213
1556.14	0.99213
1557.14	0.99213
1558.14	0.99213
1559.14	0.99213
1560.14	0.99213
1561.14	0.99213
1562.14	0.99213
1563.14	0.99213
1564.14	0.99213
1565.14	0.99213
1566.14	0.99213
1567.14	0.99213
1568.14	0.99213
1569.14	0.99213
1570.14	0.99213
1571.14	0.99213
1572.14	0.99213
1573.14	0.99213
1574.14	0.99213
1575.14	0.99213
1576.14	0.99213
1577.14	0.99213
1578.14	0.99213
1579.14	0.99213
1580.14	0.99213
1581.14	0.99213
1582.14	0.99213
1583.14	0.99213
1584.14	0.99213
1585.14	0.99213
1586.14	0.99213
1587.14	0.99213
1588.14	0.99213
1589.14	0.99213
1590.14	0.99213
1591.14	0.99213
1592.14	0.99213
1593.14	0.99213
1594.14	0.99213
1595.14	0.99213
1596.14	0.99213
1597.14	0.99213
1598.14	0.99213
1599.14	0.99213
1600.14	0.99213
1601.14	0.99213
1602.14	0.99213
1603.14	0.99213
1604.14	0.99213
1605.14	0.99213
1606.14	0.99213
1607.14	0.99213
1608.14	0.99213
1609.14	0.99213
1610.14	0.99213
1611.14	0.99213
1612.14	0.99213
1613.14	0.99213
1614.14	0.99213
1615.14	0.99213
1616.14	0.99213
1617.14	0.99213
1618.14	0.99213
1619.14	0.99213
1620.14	0.99213
1621.14	0.99213
1622.14	0.99213
1623.14	0.99213
1624.14	0.99213
1625.14	0.99213
1626.14	0.99213
1627.14	0.99213
1628.14	0.99213
1629.14	0.99213
1630.14	0.99213
1631.14	0.99213
1632.14	0.99213
1633.14	0.99213
1634.14	0.99213
1635.14	0.99213
1636.14	0.99213
1637.14	0.99213
1638.14	0.99213
1639.14	0.99213
1640.14	0.99213
1641.14	0.99213
1642.14	0.99213
1643.14	0.99213
1644.14	0.99213
1645.14	0.99213
1646.14	0.99213
1647.14	0.99213
1648.14	0.99213
1649.14	0.99213
1650.14	0.99213
1651.14	0.99213
1652.14	0.99213
1653.14	0.99213
1654.14	0.99213
1655.14	0.99213
1656.14	0.99213
1657.14	0.99213
1658.14	0.99213
1659.14	0.99213
1660.14	0.99213
1661.14	0.99213
1662.14	0.99213
1663.14	0.99213
1664.14	0.99213
1665.14	0.99213
1666.14	0.99213
1667.14	0.99213
1668.14	0.99213
1669.14	0.99213
1670.14	0.99213
1671.14	0.99213
1672.14	0.99213
1673.14	0.99213
1674.14	0.99213
1675.14	0.99213
1676.14	0.99213
1677.14	0.99213
1678.14	0.99213
1679.14	0.99213
1680.14	0.99213
1681.14	0.99213
1682.14	0.99213
1683.14	0.99213
1684.14	0.99213
1685.14	0.99213
1686.14	0.99213
1687.14	0.99213
1688.14	0.99213
1689.14	0.99213
1690.14	0.99213
1691.14	0.99213
1692.14	0.99213
1693.14	0.99213
1694.14	0.99213
1695.14	0.99213
1696.14	0.99213
1697.14	0.99213
1698.14	0.99213
1699.14	0.99213
1700.14	0.99213
1701.14	0.99213
1702.14	0.99213
1703.14	0.99213
1704.14	0.99213
1705.14	0.99213
1706.14	0.99213
1707.14	0.99213
1708.14	0.99213
1709.14	0.99213
1710.14	0.99213
1711.14	0.99213
1712.14	0.99213
1713.14	0.99213
1714.14	0.99213
1715.14	0.99213
1716.14	0.99213
1717.14	0.99213
1718.14	0.99213
1719.14	0.99213
1720.14	0.99213
1721.14	0.99213
1722.14	0.99213
1723.14	0.99213
1724.14	0.99213
1725.14	0.99213
1726.14	0.99213
1727.14	0.99213
1728.14	0.99213
1729.14	0.99213
1730.14	0.99213
1731.14	0.99213
1732.14	0.99213
1733.14	0.99213
1734.14	0.99213
1735.14	0.99213
1736.14	0.99213
1737.14	0.99213
1738.14	0.99213
1739.14	0.99213
1740.14	0.99213
1741.14	0.99213
1742.14	0.99213
1743.14	0.99213
1744.14	0.99213
1745.14	0.99213
1746.14	0.99213
1747.14	0.99213
1748.14	0.99213
1749.14	0.99213
1750.14	0.99213
1751.14	0.99213
1752.14	0.99213
1753.14	0.99213
1754.14	0.99213
1755.14	0.99213
1756.14	0.99213
1757.14	0.99213
1758.14	0.99213
1759.14	0.99213
1760.14	0.99213
1761.14	0.99213
1762.14	0.99213
1763.14	0.99213
1764.14	0.99213
1765.14	0.99213
1766.14	0.99213
1767.14	0.99213
1768.14	0.99213
1769.14	0.99213
1770.14	0.99213
1771.14	0.99213
1772.14	0.99213
1773.14	0.99213
1774.14	0.99213
1775.14	0.99213
1776.14	0.99213
1777.14	0.99213
1778.14	0.99213
1779.14	0.99213
1780.14	0.99213
1781.14	0.99213
1782.14	0.99213
1783.14	0.99213
1784.14	0.99213
1785.14	0.99213
1786.14	0.99213
1787.14	0.99213
1788.14	0.99213
1789.14	0.99213
1790.14	0.99213
1791.14	0.99213
1792.14	0.99213
1793.14	0.99213
1794.14	0.99213
1795.14	0.99213
1796.14	0.99213
1797.14	0.99213
1798.14	0.99213
1799.14	0.99213
1800.14	0.99213
1801.14	0.99213
1802.14	0.99213
1803.14	0.99213
1804.14	0.99213
1805.14	0.99213
1806.14	0.99213
1807.14	0.99213
1808.14	0.99213
1809.14	0.99213
1810.14	0.99213
1811.14	0.99213
1812.14	0.99213
1813.14	0.99213
1814.14	0.99213
1815.14	0.99213
1816.14	0.99213
1817.14	0.99213
1818.14	0.99213
1819.14	0.99213
1820.14	0.99213
1821.14	0.99213
1822.14	0.99213
1823.14	0.99213
1824.14	0.99213
1825.14	0.99213
1826.14	0.99213
1827.14	0.99213
1828.14	0.99213
1829.14	0.99213
1830.14	0.99213
1831.14	0.99213
1832.14	0.99213
1833.14	0.99213
1834.14	0.99213
1835.14	0.99213
1836.14	0.99213
1837.14	0.99213
1838.14	0.99213
1839.14	0.99213
1840.14	0.99213
1841.14	0.99213
1842.14	0.99213
1843.14	0.99213
1844.14	0.99213
1845.14	0.99213
1846.14	0.99213
1847.14	0.99213
1848.14	0.99213
1849.14	0.99213
1850.14	0.99213
1851.14	0.99213
1852.14	0.99213
1853.14	0.99213
1854.14	0.99213
1855.14	0.99213
1856.14	0.99213
1857.14	0.99213
1858.14	0.99213
1859.14	0.99213
1860.14	0.99213
1861.14	0.99213
1862.14	0.99213
1863.14	0.99213
1864.14	0.99213
1865.14	0.99213
1866.14	0.99213
1867.14	0.99213
1868.14	0.99213
1869.14	0.99213
1870.14	0.99213
1871.14	0.99213
1872.14	0.99213
1873.14	0.99213
1874.14	0.99213
1875.14	0.99213
1876.14	0.99213
1877.14	0.99213
1878.14	0.99213
1879.14	0.99213
1880.14	0.99213
1881.14	0.99213
1882.14	0.99213
1883.14	0.99213
1884.14	0.99213
1885.14	0.99213
1886.14	0.99213
1887.14	0.99213
1888.14	0.99213
1889.14	0.99213
1890.14	0.99213
1891.14	0.99213
1892.14	0.99213
1893.14	0.99213
1894.14	0.99213
1895.14	0.99213
1896.14	0.99213
1897.14	0.99213
1898.14	0.99213
1899.14	0.99213
1900.14	0.99213
1901.14	0.99213
1902.14	0.99213
1903.14	0.99213
1904.14	0.99213
1905.14	0.99213
1906.14	0.99213
1907.14	0.99213
1908.14	0.99213
1909.14	0.99213
1910.14	0.99213
1911.14	0.99213
1912.14	0.99213
1913.14	0.99213
1914.14	0.99213
1915.14	0.99213
1916.14	0.99213
1917.14	0.99213
1918.14	0.99213
1919.14	0.99213
1920.14	0.99213
1921.14	0.99213
1922.14	0.99213
1923.14	0.99213
1924.14	0.99213
1925.14	0.99213
1926.14	0.99213
1927.14	0.99213
1928.14	0.99213
1929.14	0.99213
1930.14	0.99213
1931.14	0.99213
1932.14	0.99213
1933.14	0.99213
1934.14	0.99213
1935.14	0.99213
1936.14	0.99213
1937.14	0.99213
1938.14	0.99213
1939.14	0.99213
1940.14	0.99213
1941.14	0.99213
1942.14	0.99213
1943.14	0.99213
1944.14	0.99213
1945.14	0.99213
1946.14	0.99213
1947.14	0.99213
1948.14	0.99213
1949.14	0.99213
1950.14	0.99213
1951.14	0.99213
1952.14	0.99213
1953.14	0.99213
1954.14	0.99213
1955.14	0.99213
1956.14	0.99213
1957.14	0.99213
1958.14	0.99213
1959.14	0.99213
1960.14	0.99213
1961.14	0.99213
1962.14	0.99213
1963.14	0.99213
1964.14	0.99213
1965.14	0.99213
1966.14	0.99213
1967.14	0.99213
1968.14	0.99213
1969.14	0.99213
1970.14	0.99213
1971.14	0.99213
1972.14	0.99213
1973.14	0.99213
1974.14	0.99213
1975.14	0.99213
1976.14	0.99213
1977.14	0.99213
1978.14	0.99213
1979.14	0.99213
1980.14	0.99213
1981.14	0.99213
1982.14	0.99213
1983.14	0.99213
1984.14	0.99213
1985.14	0.99213
1986.14	0.99213
1987.14	0.99213
1988.14	0.99213
1989.14	0.99213
1990.14	0.99213
1991.14	0.99213
1992.14	0.99213
1993.14	0.99213
1994.14	0.99213
1995.14	0.99213
1996.14	0.99213
1997.14	0.99213
1998.14	0.99213
1999.14	0.99213
2000.14	0.99213
2001.14	0.99213
2002.14	0.99213
2003.14	0.99213
2004.14	0.99213
2005.14	0.99213
2006.14	0.99213
2007.14	0.99213
2008.14	0.99213
2009.14	0.99213
2010.14	0.99213
2011.14	0.99213
2012.14	0.99213
2013.14	0.99213
2014.14	0.99213
2015.14	0.99213
2016.14	0.99213
2017.14	0.99213
2018.14	0.99213
2019.14	0.99213
2020.14	0.99213
2021.14	0.99213
2022.14	0.99213
2023.14	0.99213
2024.14	0.99213
2025.14	0.99213
2026.14	0.99213
2027.14	0.99213
2028.14	0.99213
2029.14	0.99213
2030.14	0.99213
2031.14	0.99213
2032.14	0.99213
2033.14	0.99213
2034.14	0.99213
2035.14	0.99213
2036.14	0.99213
2037.14	0.99213
2038.14	0.99213
2039.14	0.99213
2040.14	0.99213
2041.14	0.99213
2042.14	0.99213
2043.14	0.99213
2044.14	0.99213
2045.14	0.99213
2046.14	0.99213
2047.14	0.99213
2048.14	0.99213
2049.14	0.99213
2050.14	0.99213
2051.14	0.99213
2052.14	0.99213
2053.14	0.99213
2054.14	0.99213
2055.14	0.99213
2056.14	0.99213
2057.14	0.99213
2058.14	0.99213
2059.14	0.99213
2060.14	0.99213
2061.14	0.99213
2062.14	0.99213
2063.14	0.99213
2064.14	0.99213
2065.14	0.99213
2066.14	0.99213
2067.14	0.99213
2068.14	0.99213
2069.14	0.99213
2070.14	0.99213
2071.14	0.99213
2072.14	0.99213
2073.14	0.99213
2074.14	0.99213
2075.14	0.99213
2076.14	0.99213
2077.14	0.99213
2078.14	0.99213
2079.14	0.99213
2080.14	0.99213
2081.14	0.99213
2082.14	0.99213
2083.14	0.99213
2084.14	0.99213
2085.14	0.99213
2086.14	0.99213
2087.14	0.99213
2088.14	0.99213
2089.14	0.99213
2090.14	0.99213
2091.14	0.99213
2092.14	0.99213
2093.14	0.99213
2094.14	0.99213
2095.14	0.99213
2096.14	0.99213
2097.14	0.99213
2098.14	0.99213
2099.14	0.99213
2100.14	0.99213
2101.14	0.99213
2102.14	0.99213
2103.14	0.99213
2104.14	0.99213
2105.14	0.99213
2106.14	0.99213
2107.14	0.99213
2108.14	0.99213
2109.14	0.99213
2110.14	0.99213
2111.14	0.99213
2112.14	0.99213
2113.14	0.99213
2114.14	0.99213
2115.14	0.99213
2116.14	0.99213
2117.14	0.99213
2118.14	0.99213
2119.14	0.99213
2120.14	0.99213
2121.14	0.99213
2122.14	0.99213
2123.14	0.99213
2124.14	0.99213
2125.14	0.99213
2126.14	0.99213
2127.14	0.99213
2128.14	0.99213
2129.14	0.99213
2130.14	0.99213
2131.14	0.99213
2132.14	0.99213
2133.14	0.99213
2134.14	0.99213
2135.14	0.99213
2136.14	0.99213
2137.14	0.99213
2138.14	0.99213
2139.14	0.99213
2140.14	0.99213
2141.14	0.99213
2142.14	0.99213
2143.14	0.99213
2144.14	0.99213
2145.14	0.99213
2146.14	0.99213
2147.14	0.99213
2148.14	0.99213
2149.14	0.99213
2150.14	0.99213
2151.14	0.99213
2152.14	0.99213
2153.14	0.99213
2154.14	0.99213
2155.14	0.99213
2156.14	0.99213
2157.14	0.99213
2158.14	0.99213
2159.14	0.99213
2160.14	0.99213
2161.14	0.99213
2162.14	0.99213
2163.14	0.99213
2164.14	0.99213
2165.14	0.99213
2166.14	0.99213
2167.14	0.99213
2168.14	0.99213
2169.14	0.99213
2170.14	0.99213
2171.14	0.99213
2172.14	0.99213
2173.14	0.99213
2174.14	0.99213
2175.14	0.99213
2176.14	0.99213
2177.14	0.99213
2178.14	0.99213
2179.14	0.99213
2180.14	0.99213
2181.14	0.99213
2182.14	0.99213
2183.14	0.99213
2184.14	0.99213
2185.14	0.99213
2186.14	0.99213
2187.14	0.99213
2188.14	0.99213
2189.14	0.99213
2190.14	0.99213
2191.14	0.99213
2192.14	0.99213
2193.14	0.99213
2194.14	0.99213
2195.14	0.99213
2196.14	0.99213
2197.14	0.99213
2198.14	0.99213
2199.14	0.99213
2200.14	0.99213
2201.14	0.99213
2202.14	0.99213
2203.14	0.99213
2204.14	0.99213
2205.14	0.99213
2206.14	0.99213
2207.14	0.99213
2208.14	0.99213
2209.14	0.99213
2210.14	0.99213
2211.14	0.99213
2212.14	0.99213
2213.14	0.99213
2214.14	0.99213
2215.14	0.99213
2216.14	0.99213
2217.14	0.99213
2218.14	0.99213
2219.14	0.99213
2220.14	0.99213
2221.14	0.99213
2222.14	0.99213
2223.14	0.99213
2224.14	0.99213
2225.14	0.99213
2226.14	0.99213
2227.14	0.99213
2228.14	0.99213
2229.14	0.99213
2230.14	0.99213
2231.14	0.99213
2232.14	0.99213
2233.14	0.99213
2234.14	0.99213
2235.14	0.99213
2236.14	0.99213
2237.14	0.99213
2238.14	0.99213
2239.14	0.99213
2240.14	0.99213
2241.14	0.99213
2242.14	0.99213
2243.14	0.99213
2244.14	0.99213
2245.14	0.99213
2246.14	0.99213
2247.14	0.99213
2248.14	0.99213
2249.14	0.99213
2250.14	0.99213
2251.14	0.99213
2252.14	0.99213
2253.14	0.99213
2254.14	0.99213
2255.14	0.99213
2256.14	0.99213
2257.14	0.99213
2258.14	0.99213
2259.14	0.99213
2260.14	0.99213
2261.14	0.99213
2262.14	0.99213
2263.14	0.99213
2264.14	0.99213
2265.14	0.99213
2266.14	0.99213
2267.14	0.99213
2268.14	0.99213
2269.14	0.99213
2270.14	0.99213
2271.14	0.99213
2272.14	0.99213
2273.14	0.99213
2274.14	0.99213
2275.14	0.99213
2276.14	0.99213
2277.14	0.99213
2278.14	0.99213
2279.14	0.99213
2280.14	0.99213
2281.14	0.99213
2282.14	0.99213
2283.14	0.99213
2284.14	0.99213
2285.14	0.99213
2286.14	0.99213
2287.14	0.99213
2288.14	0.99213
2289.14	0.99213
2290.14	0.99213
2291.14	0.99213
2292.14	0.99213
2293.14	0.99213
2294.14	0.99213
2295.14	0.99213
2296.14	0.99213
2297.14	0.99213
2298.14	0.99213
2299.14	0.99213
2300.14	0.99213
2301.14	0.99213
2302.14	0.99213
2303.14	0.99213
2304.14	0.99213
2305.14	0.99213
2306.14	0.99213
2307.14	0.99213
2308.14	0.99213
2309.14	0.99213
2310.14	0.99213
2311.14	0.99213
2312.14	0.99213
2313.14	0.99213
2314.14	0.99213
2315.14	0.99213
2316.14	0.99213
2317.14	0.99213
2318.14	0.99213
2319.14	0.99213
2320.14	0.99213
2321.14	0.99213
2322.14	0.99213
2323.14	0.99213
2324.14	0.99213
2325.14	0.99213
2326.14	0.99213
2327.14	0.99213
2328.14	0.99213
2329.14	0.99213
2330.14	0.99213
2331.14	0.99213
2332.14	0.99213
2333.14	0.99213
2334.14	0.99213
2335.14	0.99213
2336.14	0.99213
2337.14	0.99213
2338.14	0.99213
2339.14	0.99213
2340.14	0.99213
2341.14	0.99213
2342.14	0.99213
2343.14	0.99213
2344.14	0.99213
2345.14	0.99213
2346.14	0.99213
2347.14	0.99213
2348.14	0.99213
2349.14	0.99213
2350.14	0.99213
2351.14	0.99213
2352.14	0.99213
2353.14	0.99213
2354.14	0.99213
2355.14	0.99213
2356.14	0.99213
2357.14	0.99213
2358.14	0.99213
2359.14	0.99213
2360.14	0.99213
2361.14	0.99213
2362.14	0.99213
2363.14	0.99213
2364.14	0.99213
2365.14	0.99213
2366.14	0.99213
2367.14	0.99213
2368.14	0.99213
2369.14	0.99213
2370.14	0.99213
2371.14	0.99213
2372.14	0.99213
2373.14	0.99213
2374.14	0.99213
2375.14	0.99213
2376.14	0.99213
2377.14	0.99213
2378.14	0.99213
2379.14	0.99213
2380.14	0.99213
2381.14	0.99213
2382.14	0.99213
2383.14	0.99213
2384.14	0.99213
2385.14	0.99213
2386.14	0.99213
2387.14	0.99213
2388.14	0.99213
2389.14	0.99213
2390.14	0.99213
2391.14	0.99213
2392.14	0.99213
2393.14	0.99213
2394.14	0.99213
2395.14	0.99213
2396.14	0.99213
2397.14	0.99213
2398.14	0.99213
2399.14	0.99213
2400.14	0.99213
2401.14	0.99213
2402.14	0.99213
2403.14	0.99213
2404.14	0.99213
2405.14	0.99213
2406.14	0.99213
2407.14	0.99213
2408.14	0.99213
2409.14	0.99213
2410.14	0.99213
2411.14	0.99213
2412.14	0.99213
2413.14	0.99213
2414.14	0.99213
2415.14	0.99213
2416.14	0.99213
2417.14	0.99213
2418.14	0.99213
2419.14	0.99213
2420.14	0.99213
2421.14	0.99213
2422.14	0.99213
2423.14	0.99213
2424.14	0.99213
2425.14	0.99213
2426.14	0.99213
2427.14	0.99213
2428.14	0.99213
2429.14	0.99213
2430.14	0.99213
2431.14	0.99213
2432.14	0.99213
2433.14	0.99213
2434.14	0.99213
2435.14	0.99213
2436.14	0.99213
2437.14	0.99213
2438.14	0.99213
2439.14	0.99213
2440.14	0.99213
2441.14	0.99213
2442.14	0.99213
2443.14	0.99213
2444.14	0.99213
2445.14	0.99213
2446.14	0.99213
2447.14	0.99213
2448.14	0.99213
2449.14	0.99213
2450.14	0.99213
2451.14	0.99213
2452.14	0.99213
2453.14	0.99213
2454.14	0.99213
2455.14	0.99213
2456.14	0.99213
2457.14	0.99213
2458.14	0.99213
2459.14	0.99213
2460.14	0.99213
2461.14	0.99213
2462.14	0.99213
2463.14	0.99213
2464.14	0.99213
2465.14	0.99213
2466.14	0.99213
2467.14	0.99213
2468.14	0.99213
2469.14	0.99213
2470.14	0.99213
2471.14	0.99213
2472.14	0.99213
2473.14	0.99213
2474.14	0.99213
2475.14	0.99213
2476.14	0.99213
2477.14	0.99213
2478.14	0.99213
2479.14	0.99213
2480.14	0.99213
2481.14	0.99213
2482.14	0.99213
2483.14	0.99213
2484.14	0.99213
2485.14	0.99213
2486.14	0.99213
2487.14	0.99213
2488.14	0.99213
2489.14	0.99213
2490.14	0.99213
2491.14	0.99213
2492.14	0.99213
2493.14	0.99213
2494.14	0.99213
2495.14	0.99213
2496.14	0.99213
2497.14	0.99213
2498.14	0.99213
2499.14	0.99213
2500.14	0.99213
2501.14	0.99213
2502.14	0.99213
2503.14	0.99213
2504.14	0.99213
2505.14	0.99213
2506.14	0.99213
2507.14	0.99213
2508.14	0.99213
2509.14	0.99213
2510.14	0.99213
2511.14	0.99213
2512.14	0.99213
2513.14	0.99213
2514.14	0.99213
2515.14	0.99213
2516.14	0.99213
2517.14	0.99213
2518.14	0.99213
2519.14	0.99213
2520.14	0.99213
2521.14	0.99213
2522.14	0.99213
2523.14	0.99213
2524.14	0.99213
2525.14	0.99213
2526.14	0.99213
2527.14	0.99213
2528.14	0.99213
2529.14	0.99213
2530.14	0.99213
2531.14	0.99213
2532.14	0.99213
2533.14	0.99213
2534.14	0.99213
2535.14	0.99213
2536.14	0.99213
2537.14	0.99213
2538.14	0.99213
2539.14	0.99213
2540.14	0.99213
2541.14	0.99213
2542.14	0.99213
2543.14	0.99213
2544.14	0.99213
2545.14	0.99213
2546.14	0.99213
2547.14	0.99213
2548.14	0.99213
2549.14	0.99213
2550.14	0.99213
2551.14	0.99213
2552.14	0.99213
2553.14	0.99213
2554.14	0.99213
2555.14	0.99213
2556.14	0.99213
2557.14	0.99213
2558.14	0.99213
2559.14	0.99213
2560.14	0.99213
2561.14	0.99213
2562.14	0.99213
2563.14	0.99213
2564.14	0.99213
2565.14	0.99213
2566.14	0.99213
2567.14	0.99213
2568.14	0.99213
2569.14	0.99213
2570.14	0.99213
2571.14	0.99213
2572.14	0.99213
2573.14	0.99213
2574.14	0.99213
2575.14	0.99213
2576.14	0.99213
2577.14	0.99213
2578.14	0.99213
2579.14	0.99213
2580.14	0.99213
2581.14	0.99213
2582.14	0.99213
2583.14	0.99213
2584.14	0.99213
2585.14	0.99213
2586.14	0.99213
2587.14	0.99213
2588.14	0.99213
2589.14	0.99213
2590.14	0.99213
2591.14	0.99213
2592.14	0.99213
2593.14	0.99213
2594.14	0.99213
2595.14	0.99213
2596.14	0.99213
2597.14	0.99213
2598.14	0.99213
2599.14	0.99213
2600.14	0.99213
2601.14	0.99213
2602.14	0.99213
2603.14	0.99213
2604.14	0.99213
2605.14	0.99213
2606.14	0.99213
2607.14	0.99213
2608.14	0.99213
2609.14	0.99213
2610.14	0.99213
2611.14	0.99213
2612.14	0.99213
2613.14	0.99213
2614.14	0.99213
2615.14	0.99213
2616.14	0.99213
2617.14	0.99213
2618.14	0.99213
2619.14	0.99213
2620.14	0.99213
2621.14	0.99213
2622.14	0.99213
2623.14	0.99213
2624.14	0.99213
2625.14	0.99213
2626.14	0.99213
2627.14	0.99213
2628.14	0.99213
2629.14	0.99213
2630.14	0.99213
2631.14	0.99213
2632.14	0.99213
2633.14	0.99213
2634.14	0.99213
2635.14	0.99213
2636.14	0.99213
2637.14	0.99213
2638.14	0.99213
2639.14	0.99213
2640.14	0.99213
2641.14	0.99213
2642.14	0.99213
2643.14	0.99213
2644.14	0.99213
2645.14	0.99213
2646.14	0.99213
2647.14	0.99213
2648.14	0.99213
2649.14	0.99213
2650.14	0.99213
2651.14	0.99213
2652.14	0.99213
2653.14	0.99213
2654.14	0.99213
2655.14	0.99213
2656.14	0.99213
2657.14	0.99213
2658.14	0.99213
2659.14	0.99213
2660.14	0.99213
2661.14	0.99213
2662.14	0.99213
2663.14	0.99213
2664.14	0.99213
2665.14	0.99213
2666.14	0.99213
2667.14	0.99213
2668.14	0.99213
2669.14	0.99213
2670.14	0.99213
2671.14	0.99213
2672.14	0.99213
2673.14	0.99213
2674.14	0.99213
2675.14	0.99213
2676.14	0.99213
2677.14	0.99213
2678.14	0.99213
2679.14	0.99213
2680.14	0.99213
2681.14	0.99213
2682.14	0.99213
2683.14	0.99213
2684.14	0.99213
2685.14	0.99213
2686.14	0.99213
2687.14	0.99213
2688.14	0.99213
2689.14	0.99213
2690.14	0.99213
2691.14	0.99213
2692.14	0.99213
2693.14	0.99213
2694.14	0.99213
2695.14	0.99213
2696.14	0.99213
2697.14	0.99213
2698.14	0.99213
2699.14	0.99213
2700.14	0.99213
2701.14	0.99213
2702.14	0.99213
2703.14	0.99213
2704.14	0.99213
2705.14	0.99213
2706.14	0.99213
2707.14	0.99213
2708.14	0.99213
2709.14	0.99213
2710.14	0.99213
2711.14	0.99213
2712.14	0.99213
2713.14	0.99213
2714.14	0.99213
2715.14	0.99213
2716.14	0.99213
2717.14	0.99213
2718.14	0.99213
2719.14	0.99213
2720.14	0.99213
2721.14	0.99213
2722.14	0.99213
2723.14	0.99213
2724.14	0.99213
2725.14	0.99213
2726.14	0.99213
2727.14	0.99213
2728.14	0.99213
2729.14	0.99213
2730.14	0.99213
2731.14	0.99213
2732.14	0.99213
2733.14	0.99213
2734.14	0.99213
2735.14	0.99213
2736.14	0.99213
2737.14	0.99213
2738.14	0.99213
2739.14	0.99213
2740.14	0.99213
2741.14	0.99213
2742.14	0.99213
2743.14	0.99213
2744.14	0.99213
2745.14	0.99213
2746.14	0.99213
2747.14	0.99213
2748.14	0.99213
2749.14	0.99213
2750.14	0.99213
2751.14	0.99213
2752.14	0.99213
2753.14	0.99213
2754.14	0.99213
2755.14	0.99213
2756.14	0.99213
2757.14	0.99213
2758.14	0.99213
2759.14	0.99213
2760.14	0.99213
2761.14	0.99213
2762.14	0.99213
2763.14	0.99213
2764.14	0.99213
2765.14	0.99213
2766.14	0.99213
2767.14	0.99213
2768.14	0.99213
2769.14	0.99213
2770.14	0.99213
2771.14	0.99213
2772.14	0.99213
2773.14	0.99213
2774.14	0.99213
2775.14	0.99213
2776.14	0.99213
2777.14	0.99213
2778.14	0.99213
2779.14	0.99213
2780.14	0.99213
2781.14	0.99213
2782.14	0.99213
2783.14	0.99213
2784.14	0.99213
2785.14	0.99213
2786.14	0.99213
2787.14	0.99213
2788.14	0.99213
2789.14	0.99213
2790.14	0.99213
2791.14	0.99213
2792.14	0.99213
2793.14	0.99213
2794.14	0.99213
2795.14	0.99213
2796.14	0.99213
2797.14	0.99213
2798.14	0.99213
2799.14	0.99213
2800.14	0.99213
2801.14	0.99213
2802.14	0.99213
2803.14	0.99213
2804.14	0.99213
2805.14	0.99213
2806.14	0.99213
2807.14	0.99213
2808.14	0.99213
2809.14	0.99213
2810.14	0.99213
2811.14	0.99213
2812.14	0.99213
2813.14	0.99213
2814.14	0.99213
2815.14	0.99213
2816.14	0.99213
2817.14	0.99213
2818.14	0.99213
2819.14	0.99213
2820.14	0.99213
2821.14	0.99213
2822.14	0.99213
2823.14	0.99213
2824.14	0.99213
2825.14	0.99213
2826.14	0.99213
2827.14	0.99213
2828.14	0.99213
2829.14	0.99213
2830.14	0.99213
2831.14	0.99213
2832.14	0.99213
2833.14	0.99213
2834.14	0.99213
2835.14	0.99213
2836.14	0.99213
2837.14	0.99213
2838.14	0.99213
2839.14	0.99213
2840.14	0.99213
2841.14	0.99213
2842.14	0.99213
2843.14	0.99213
2844.14	0.99213
2845.14	0.99213
2846.14	0.99213
2847.14	0.99213
2848.14	0.99213
2849.14	0.99213
2850.14	0.99213
2851.14	0.99213
2852.14	0.99213
2853.14	0.99213
2854.14	0.99213
2855.14	0.99213
2856.14	0.99213
2857.14	0.99213
2858.14	0.99213
2859.14	0.99213
2860.14	0.99213
2861.14	0.99213
2862.14	0.99213
2863.14	0.99213
2864.14	0.99213
2865.14	0.99213
2866.14	0.99213
2867.14	0.99213
2868.14	0.99213
2869.14	0.99213
2870.14	0.99213
2871.14	0.99213
2872.14	0.99213
2873.14	0.99213
2874.14	0.99213
2875.14	0.99213
2876.14	0.99213
2877.14	0.99213
2878.14	0.99213
2879.14	0.99213
2880.14	0.99213
2881.14	0.99213
2882.14	0.99213
2883.14	0.99213
2884.14	0.99213
2885.14	0.99213
2886.14	0.99213
2887.14	0.99213
2888.14	0.99213
2889.14	0.99213
2890.14	0.99213
2891.14	0.99213
2892.14	0.99213
2893.14	0.99213
2894.14	0.99213
2895.14	0.99213
2896.14	0.99213
2897.14	0.99213
2898.14	0.99213
2899.14	0.99213
2900.14	0.99213
2901.14	0.99213
2902.14	0.99213
2903.14	0.99213
2904.14	0.99213
2905.14	0.99213
2906.14	0.99213
2907.14	0.99213
2908.14	0.99213
2909.14	0.99213
2910.14	0.99213
2911.14	0.99213
2912.14	0.99213
2913.14	0.99213
2914.14	0.99213
2915.14	0.99213
2916.14	0.99213
2917.14	0.99213
2918.14	0.99213
2919.14	0.99213
2920.14	0.99213
2921.14	0.99213
2922.14	0.99213
2923.14	0.99213
2924.14	0.99213
2925.14	0.99213
2926.14	0.99213
2927.14	0.99213
2928.14	0.99213
2929.14	0.99213
2930.14	0.99213
2931.14	0.99213
2932.14	0.99213
2933.14	0.99213
2934.14	0.99213
2935.14	0.99213
2936.14	0.99213
2937.14	0.99213
2938.14	0.99213
2939.14	0.99213
2940.14	0.99213
2941.14	0.99213
2942.14	0.99213
2943.14	0.99213
2944.14	0.99213
2945.14	0.99213
2946.14	0.99213
2947.14	0.99213
2948.14	0.99213
2949.14	0.99213
2950.14	0.99213
2951.14	0.99213
2952.14	0.99213
2953.14	0.99213
2954.14	0.99213
2955.14	0.99213
2956.14	0.99213
2957.14	0.99213
2958.14	0.99213
2959.14	0.99213
2960.14	0.99213
2961.14	0.99213
2962.14	0.99213
2963.14	0.99213
2964.14	0.99213
2965.14	0.99213
2966.14	0.99213
2967.14	0.99213
2968.14	0.99213
2969.14	0.99213
2970.14	0.99213
2971.14	0.99213
2972.14	0.99213
2973.14	0.99213
2974.14	0.99213
2975.14	0.99213
2976.14	0.99213
2977.14	0.99213
2978.14	0.99213
2979.14	0.99213
2980.14	0.99213
2981.14	0.99213
2982.14	0.99213
2983.14	0.99213
2984.14	0.99213
2985.14	0.99213
2986.14	0.99213
2987.14	0.99213
2988.14	0.99213
