0.182	0.5290554058699175
1.168	0.5162229920427134
2.1550000000000002	0.5040906167332153
3.146	0.5170077967617402
4.138	0.5094192937843655
5.127	0.5453472132385563
6.1160000000000005	0.5500518335601554
7.096	0.5553785748990073
8.076	0.5507668169866983
9.057	0.5551449301780658
10.040000000000001	0.5477744270219597
11.023	0.5421352081997062
12.014000000000001	0.528496393138752
13.005	0.5150442566944354
13.998000000000001	0.5379917245740514
14.981	0.5325643811655588
15.98	0.5130842441584946
16.964	0.5053954213104539
17.948	0.4985105537257568
18.932000000000002	0.4916515343865995
19.923000000000002	0.49738729471158194
20.898	0.5202909059691746
21.881	0.5267732768802226
22.863	0.5243313007193177
23.855	0.5413819887881944
24.847	0.5292358063497622
25.831	0.5331453084053809
26.806	0.5271179462163379
27.781	0.5300530147344017
28.763	0.5464931585358496
29.738	0.5510840606443562
30.713	0.5567352056186767
31.697	0.5528648030809896
32.679	0.560590116964728
33.662	0.5565817185953952
34.645	0.5532720435459292
35.638	0.6090232514252301
36.629	0.6084347294225121
37.622	0.5954646337264446
38.608000000000004	0.6084726842109565
39.602000000000004	0.6043478049851752
40.586	0.6015077524653569
41.563	0.615339591200148
42.557	0.6027414132885506
43.534	0.607176672057125
44.511	0.602221130541191
45.488	0.6160255356470992
46.465	0.609501440998911
47.449	0.6153432903377254
48.433	0.6119272736207381
49.424	0.602095187071571
50.409	0.597699201170267
51.387	0.6005474715427765
52.372	0.5960787493534465
53.357	0.5946687396907212
54.342	0.5926398438864617
55.327	0.5898740995754362
56.313	0.5860946636412258
57.299	0.584035639589859
58.285000000000004	0.5810427753526174
59.265	0.5826539725463085
60.251000000000005	0.5801009877575212
61.237	0.5774458491634463
62.230000000000004	0.5687317881707231
63.21	0.5713686751620658
64.19	0.5735220584973956
65.17	0.5762501663394746
66.157	0.5735507626025017
67.144	0.5691168475789514
68.132	0.5923436780210917
69.114	0.5935640614061816
70.109	0.5824446094795555
71.09700000000001	0.577425571960276
72.09100000000001	0.5674018538489201
73.08	0.5615992318024745
74.069	0.5650247691933604
75.058	0.5586502360957144
76.053	0.558543364143564
77.048	0.5482014577161136
78.032	0.5482023568397415
79.022	0.571838807976641
80.017	0.5612089956630922
81.007	0.5546098775587005
81.992	0.5538115658059206
82.982	0.5477691341718838
83.97200000000001	0.5432885246222282
84.962	0.5395885092468484
85.953	0.5435437144000532
86.93900000000001	0.5423006351291256
87.925	0.5426585805667723
88.916	0.5368521447962831
89.912	0.5259939548408082
90.898	0.5262568453894692
91.884	0.5262640626417171
92.87	0.525968042192902
93.857	0.5229760949347171
94.849	0.5157602820435292
95.84100000000001	0.5081354288784016
96.833	0.5205771641871728
97.825	0.5419063657958181
98.81700000000001	0.5336813309522345
99.81	0.5242463582378627
100.803	0.5161709624741385
101.796	0.5096900992131826
102.789	0.5039571416940322
103.778	0.49844286632329654
104.767	0.49497850548657446
105.76	0.4895117058315213
106.75	0.48580769337295604
107.74300000000001	0.4787180708500973
108.733	0.4738850346317093
109.723	0.47220054683116947
110.71300000000001	0.46975746871365237
111.71000000000001	0.46095923896521396
112.70100000000001	0.45663813925949037
113.69200000000001	0.45373916679612486
114.69	0.44253491414997626
115.685	0.43339405791878316
116.685	0.41937998245398894
117.68	0.4121252625071582
118.68	0.39799964132090726
119.675	0.3866633622336548
120.67	0.3782034184847116
121.665	0.3691150622256356
122.663	0.3581099275056295
123.659	0.3487163344569547
124.655	0.3395937738042494
125.651	0.3327478608785654
126.647	0.32413783517116745
127.644	0.3136562072850271
128.643	0.302344784811275
129.642	0.29159313979154733
130.641	0.2773954907396055
131.639	0.2671160706659385
132.638	0.2559209360053405
133.636	0.24571039170326808
134.636	0.23299430240445448
135.635	0.22136339265838853
136.63400000000001	0.2092757133889413
137.633	0.21761235945038934
138.632	0.20524090363481876
139.632	0.19348585752796313
140.632	0.19150563851411037
141.626	0.18557096334304302
142.617	0.18033477736613013
143.607	0.17946487371242284
144.601	0.17101316624092927
145.597	0.18080528491927633
146.597	0.26307324992498043
147.585	0.30926135893754436
148.566	0.2167624862694784
149.55700000000002	0.20358884181296535
150.548	0.16220377129187033
151.53900000000002	0.18926550230439632
152.53	0.22662093520118234
153.52100000000002	0.23592574902026633
154.511	0.16676412154679834
155.502	0.1859264776448603
156.492	0.1754641650872853
157.492	0.6702998991849998
158.483	0.6495364872690458
159.464	0.4083653072557184
160.445	0.1996740847539011
161.43200000000002	0.20195356536866732
162.423	0.2105641543192884
163.404	0.19004712976176932
164.395	0.2077022230079673
165.386	0.21488710661739233
166.377	0.2032552637108423
167.368	0.22053645224298538
168.359	0.27766392615029845
169.35	0.30468496632598646
170.341	0.3514147795230955
171.332	0.39964658084939847
172.323	0.4386803900491985
173.314	0.5362464719205997
174.314	0.824437797203195
175.305	0.8422624575242942
176.296	0.8198283034176975
177.287	0.8179402587283755
178.278	0.8157145814385468
179.25900000000001	0.7354949861425029
180.25	0.773219326039495
181.241	0.7540747553862418
182.225	0.5716526007614896
183.216	0.5434184383086886
184.207	0.5333771836869997
185.198	0.5049499272057966
186.198	0.7921616083693999
187.177	0.4452445512978976
188.165	0.29917399873449946
189.15200000000002	0.16354170650323924
190.143	0.1722827363401743
191.14000000000001	0.5609066989892998
192.14000000000001	0.7692162525183999
193.14000000000001	0.8277611951800097
194.14000000000001	0.8389068849004976
195.14000000000001	0.8401618233802687
196.131	0.8383575639401907
197.122	0.8374891071314997
198.122	0.827954206953391
199.113	0.8182993079618338
200.095	0.8262891662775546
201.076	0.8261711359477769
202.067	0.8266656003524715
203.058	0.8389071391722905
204.049	0.8418309676540129
205.04	0.8355112612620788
206.031	0.7496319863475536
207.022	0.43481475842044254
208.013	0.3990225398822056
209.004	0.3639079173248996
209.996	0.28808577003469943
210.993	0.3032048842685995
211.99	0.4064099405510975
212.985	0.3441402050129874
213.985	0.6271853481999997
214.985	0.7928665868294987
215.979	0.5953513046882937
216.979	0.8306307563373296
217.97400000000002	0.5820898798388977
218.97	0.27344405980729536
219.969	0.49031966580999964
220.967	0.23013575672959938
221.965	0.2294136849198994
222.963	0.22855746750779343
223.961	0.22822611111578733
224.959	0.34576026958438844
225.959	0.8468791345193998
226.959	0.9024852222572687
227.959	0.9095919499781578
228.948	0.9174992127880819
229.948	0.924201676237196
230.941	0.36002957199999946
231.94	0.31951473779849343
232.939	0.21925147722459898
233.93800000000002	0.2187042374982964
234.937	0.2181036869199994
235.937	0.5859439024114765
236.937	0.9239216421017552
237.937	0.9426955721463951
238.937	0.9616929472652477
239.937	0.9709094763241004
240.928	0.6347155197983999
241.928	0.9612612554703829
242.928	0.9907303274308213
243.928	0.9905115515415838
244.919	0.6343054764818666
245.91	0.6381357299495998
246.91	0.8824828170978414
247.909	0.5725505869999996
248.909	0.9314195220647186
249.909	0.9911191027549942
250.909	0.9909632200439492
251.909	0.9908092229073706
252.909	0.9906552257707919
253.9	0.6344928433165331
254.9	0.9712783462100546
255.9	0.990942908590264
256.9	0.9907889114536853
257.9	0.9906349143171066
258.9	0.9904809171805279
259.9	0.9886164086452993
260.894	0.871529
261.894	0.9907181
262.894	0.9906272
263.894	0.9905363
264.894	0.9904454
265.894	0.9903545
266.894	0.9902636
267.894	0.9901727
268.894	0.9900818
269.894	1.0
270.894	1.0
271.894	1.0
272.894	1.0
273.894	1.0
274.894	1.0
275.894	1.0
276.894	1.0
277.894	1.0
278.894	1.0
279.894	1.0
280.894	1.0
281.894	1.0
282.894	1.0
283.894	1.0
284.894	1.0
285.894	1.0
286.894	1.0
287.894	1.0
288.894	1.0
289.894	1.0
290.894	1.0
291.894	1.0
292.894	1.0
293.894	1.0
294.894	1.0
295.894	1.0
296.894	1.0
297.894	1.0
298.894	1.0
299.894	1.0
300.894	1.0
301.894	1.0
302.894	1.0
303.894	1.0
304.894	1.0
305.894	1.0
306.894	1.0
307.894	1.0
308.894	1.0
309.894	1.0
310.894	1.0
311.894	1.0
312.894	1.0
313.894	1.0
314.894	1.0
315.894	1.0
316.894	1.0
317.894	1.0
318.894	1.0
319.894	1.0
320.894	1.0
321.894	1.0
322.894	1.0
323.894	1.0
324.894	1.0
325.894	1.0
326.894	1.0
327.894	1.0
328.894	1.0
329.894	1.0
330.894	1.0
331.894	1.0
332.894	1.0
333.894	1.0
334.894	1.0
335.894	1.0
336.894	1.0
337.894	1.0
338.894	1.0
339.894	1.0
340.894	1.0
341.894	1.0
342.894	1.0
343.894	1.0
344.894	1.0
345.894	1.0
346.894	1.0
347.894	1.0
348.894	1.0
349.894	1.0
350.894	1.0
351.894	1.0
352.894	1.0
353.894	1.0
354.894	1.0
355.894	1.0
356.894	1.0
357.894	1.0
358.894	1.0
359.894	1.0
360.894	1.0
361.894	1.0
362.894	1.0
363.894	1.0
364.894	1.0
365.894	1.0
366.894	1.0
367.894	1.0
368.894	1.0
369.894	1.0
370.894	1.0
371.894	1.0
372.894	1.0
373.894	1.0
374.894	1.0
375.894	1.0
376.894	1.0
377.894	1.0
378.894	1.0
379.894	1.0
380.894	1.0
381.894	1.0
382.894	1.0
383.894	1.0
384.894	1.0
385.894	1.0
386.894	1.0
387.894	1.0
388.894	1.0
389.894	1.0
390.894	1.0
391.894	1.0
392.894	1.0
393.894	1.0
394.894	1.0
395.894	1.0
396.894	1.0
397.894	1.0
398.894	1.0
399.894	1.0
400.894	1.0
401.894	1.0
402.894	1.0
403.894	1.0
404.894	1.0
405.894	1.0
406.894	1.0
407.894	1.0
408.894	1.0
409.894	1.0
410.894	1.0
411.894	1.0
412.894	1.0
413.894	1.0
414.894	1.0
415.894	1.0
416.894	1.0
417.894	1.0
418.894	1.0
419.894	1.0
420.894	1.0
421.894	1.0
422.894	1.0
423.894	1.0
424.894	1.0
425.894	1.0
426.894	1.0
427.894	1.0
428.894	1.0
429.894	1.0
430.894	1.0
431.894	1.0
432.894	1.0
433.894	1.0
434.894	1.0
435.894	1.0
436.894	1.0
437.894	1.0
438.894	1.0
439.894	1.0
440.894	1.0
441.894	1.0
442.894	1.0
443.894	1.0
444.894	1.0
445.894	1.0
446.894	1.0
447.894	1.0
448.894	1.0
449.894	1.0
450.894	1.0
451.894	1.0
452.894	1.0
453.894	1.0
454.894	1.0
455.894	1.0
456.894	1.0
457.894	1.0
458.894	1.0
459.894	1.0
460.894	1.0
461.894	1.0
462.894	1.0
463.894	1.0
464.894	1.0
465.894	1.0
466.894	1.0
467.894	1.0
468.894	1.0
469.894	1.0
470.894	1.0
471.894	1.0
472.894	1.0
473.894	1.0
474.894	1.0
475.894	1.0
476.894	1.0
477.894	1.0
478.894	1.0
479.894	1.0
480.894	1.0
481.894	1.0
482.894	1.0
483.894	1.0
484.894	1.0
485.894	1.0
486.894	1.0
487.894	1.0
488.894	1.0
489.894	1.0
490.894	1.0
491.894	1.0
492.894	1.0
493.894	1.0
494.894	1.0
495.894	1.0
496.894	1.0
497.894	1.0
498.894	1.0
499.894	1.0
500.894	1.0
501.894	1.0
502.894	1.0
503.894	1.0
504.894	1.0
505.894	1.0
506.894	1.0
507.894	1.0
508.894	1.0
509.894	1.0
510.894	1.0
511.894	1.0
512.894	1.0
513.894	1.0
514.894	1.0
515.894	1.0
516.894	1.0
517.894	1.0
518.894	1.0
519.894	1.0
520.894	1.0
521.894	1.0
522.894	1.0
523.894	1.0
524.894	1.0
525.894	1.0
526.894	1.0
527.894	1.0
528.894	1.0
529.894	1.0
530.894	1.0
531.894	1.0
532.894	1.0
533.894	1.0
534.894	1.0
535.894	1.0
536.894	1.0
537.894	1.0
538.894	1.0
539.894	1.0
540.894	1.0
541.894	1.0
542.894	1.0
543.894	1.0
544.894	1.0
545.894	1.0
546.894	1.0
547.894	1.0
548.894	1.0
549.894	1.0
550.894	1.0
551.894	1.0
552.894	1.0
553.894	1.0
554.894	1.0
555.894	1.0
556.894	1.0
557.894	1.0
558.894	1.0
559.894	1.0
560.894	1.0
561.894	1.0
562.894	1.0
563.894	1.0
564.894	1.0
565.894	1.0
566.894	1.0
567.894	1.0
568.894	1.0
569.894	1.0
570.894	1.0
571.894	1.0
572.894	1.0
573.894	1.0
574.894	1.0
575.894	1.0
576.894	1.0
577.894	1.0
578.894	1.0
579.894	1.0
580.894	1.0
581.894	1.0
582.894	1.0
583.894	1.0
584.894	1.0
585.894	1.0
586.894	1.0
587.894	1.0
588.894	1.0
589.894	1.0
590.894	1.0
591.894	1.0
592.894	1.0
593.894	1.0
594.894	1.0
595.894	1.0
596.894	1.0
597.894	1.0
598.894	1.0
599.894	1.0
600.894	1.0
601.894	1.0
602.894	1.0
603.894	1.0
604.894	1.0
605.894	1.0
606.894	1.0
607.894	1.0
608.894	1.0
609.894	1.0
610.894	1.0
611.894	1.0
612.894	1.0
613.894	1.0
614.894	1.0
615.894	1.0
616.894	1.0
617.894	1.0
618.894	1.0
619.894	1.0
620.894	1.0
621.894	1.0
622.894	1.0
623.894	1.0
624.894	1.0
625.894	1.0
626.894	1.0
627.894	1.0
628.894	1.0
629.894	1.0
630.894	1.0
631.894	1.0
632.894	1.0
633.894	1.0
634.894	1.0
635.894	1.0
636.894	1.0
637.894	1.0
638.894	1.0
639.894	1.0
640.894	1.0
641.894	1.0
642.894	1.0
643.894	1.0
644.894	1.0
645.894	1.0
646.894	1.0
647.894	1.0
648.894	1.0
649.894	1.0
650.894	1.0
651.894	1.0
652.894	1.0
653.894	1.0
654.894	1.0
655.894	1.0
656.894	1.0
657.894	1.0
658.894	1.0
659.894	1.0
660.894	1.0
661.894	1.0
662.894	1.0
663.894	1.0
664.894	1.0
665.894	1.0
666.894	1.0
667.894	1.0
668.894	1.0
669.894	1.0
670.894	1.0
671.894	1.0
672.894	1.0
673.894	1.0
674.894	1.0
675.894	1.0
676.894	1.0
677.894	1.0
678.894	1.0
679.894	1.0
680.894	1.0
681.894	1.0
682.894	1.0
683.894	1.0
684.894	1.0
685.894	1.0
686.894	1.0
687.894	1.0
688.894	1.0
689.894	1.0
690.894	1.0
691.894	1.0
692.894	1.0
693.894	1.0
694.894	1.0
695.894	1.0
696.894	1.0
697.894	1.0
698.894	1.0
699.894	1.0
700.894	1.0
701.894	1.0
702.894	1.0
703.894	1.0
704.894	1.0
705.894	1.0
706.894	1.0
707.894	1.0
708.894	1.0
709.894	1.0
710.894	1.0
711.894	1.0
712.894	1.0
713.894	1.0
714.894	1.0
715.894	1.0
716.894	1.0
717.894	1.0
718.894	1.0
719.894	1.0
720.894	1.0
721.894	1.0
722.894	1.0
723.894	1.0
724.894	1.0
725.894	1.0
726.894	1.0
727.894	1.0
728.894	1.0
729.894	1.0
730.894	1.0
731.894	1.0
732.894	1.0
733.894	1.0
734.894	1.0
735.894	1.0
736.894	1.0
737.894	1.0
738.894	1.0
739.894	1.0
740.894	1.0
741.894	1.0
742.894	1.0
743.894	1.0
744.894	1.0
745.894	1.0
746.894	1.0
747.894	1.0
748.894	1.0
749.894	1.0
750.894	1.0
751.894	1.0
752.894	1.0
753.894	1.0
754.894	1.0
755.894	1.0
756.894	1.0
757.894	1.0
758.894	1.0
759.894	1.0
760.894	1.0
761.894	1.0
762.894	1.0
763.894	1.0
764.894	1.0
765.894	1.0
766.894	1.0
767.894	1.0
768.894	1.0
769.894	1.0
770.894	1.0
771.894	1.0
772.894	1.0
773.894	1.0
774.894	1.0
775.894	1.0
776.894	1.0
777.894	1.0
778.894	1.0
779.894	1.0
780.894	1.0
781.894	1.0
782.894	1.0
783.894	1.0
784.894	1.0
785.894	1.0
786.894	1.0
787.894	1.0
788.894	1.0
789.894	1.0
790.894	1.0
791.894	1.0
792.894	1.0
793.894	1.0
794.894	1.0
795.894	1.0
796.894	1.0
797.894	1.0
798.894	1.0
799.894	1.0
800.894	1.0
801.894	1.0
802.894	1.0
803.894	1.0
804.894	1.0
805.894	1.0
806.894	1.0
807.894	1.0
808.894	1.0
809.894	1.0
810.894	1.0
811.894	1.0
812.894	1.0
813.894	1.0
814.894	1.0
815.894	1.0
816.894	1.0
817.894	1.0
818.894	1.0
819.894	1.0
820.894	1.0
821.894	1.0
822.894	1.0
823.894	1.0
824.894	1.0
825.894	1.0
826.894	1.0
827.894	1.0
828.894	1.0
829.894	1.0
830.894	1.0
831.894	1.0
832.894	1.0
833.894	1.0
834.894	1.0
835.894	1.0
836.894	1.0
837.894	1.0
838.894	1.0
839.894	1.0
840.894	1.0
841.894	1.0
842.894	1.0
843.894	1.0
844.894	1.0
845.894	1.0
846.894	1.0
847.894	1.0
848.894	1.0
849.894	1.0
850.894	1.0
851.894	1.0
852.894	1.0
853.894	1.0
854.894	1.0
855.894	1.0
856.894	1.0
857.894	1.0
858.894	1.0
859.894	1.0
860.894	1.0
861.894	1.0
862.894	1.0
863.894	1.0
864.894	1.0
865.894	1.0
866.894	1.0
867.894	1.0
868.894	1.0
869.894	1.0
870.894	1.0
871.894	1.0
872.894	1.0
873.894	1.0
874.894	1.0
875.894	1.0
876.894	1.0
877.894	1.0
878.894	1.0
879.894	1.0
880.894	1.0
881.894	1.0
882.894	1.0
883.894	1.0
884.894	1.0
885.894	1.0
886.894	1.0
887.894	1.0
888.894	1.0
889.894	1.0
890.894	1.0
891.894	1.0
892.894	1.0
893.894	1.0
894.894	1.0
895.894	1.0
896.894	1.0
897.894	1.0
898.894	1.0
899.894	1.0
900.894	1.0
901.894	1.0
902.894	1.0
903.894	1.0
904.894	1.0
905.894	1.0
906.894	1.0
907.894	1.0
908.894	1.0
909.894	1.0
910.894	1.0
911.894	1.0
912.894	1.0
913.894	1.0
914.894	1.0
915.894	1.0
916.894	1.0
917.894	1.0
918.894	1.0
919.894	1.0
920.894	1.0
921.894	1.0
922.894	1.0
923.894	1.0
924.894	1.0
925.894	1.0
926.894	1.0
927.894	1.0
928.894	1.0
929.894	1.0
930.894	1.0
931.894	1.0
932.894	1.0
933.894	1.0
934.894	1.0
935.894	1.0
936.894	1.0
937.894	1.0
938.894	1.0
939.894	1.0
940.894	1.0
941.894	1.0
942.894	1.0
943.894	1.0
944.894	1.0
945.894	1.0
946.894	1.0
947.894	1.0
948.894	1.0
949.894	1.0
950.894	1.0
951.894	1.0
952.894	1.0
953.894	1.0
954.894	1.0
955.894	1.0
956.894	1.0
957.894	1.0
958.894	1.0
959.894	1.0
960.894	1.0
961.894	1.0
962.894	1.0
963.894	1.0
964.894	1.0
965.894	1.0
966.894	1.0
967.894	1.0
968.894	1.0
969.894	1.0
970.894	1.0
971.894	1.0
972.894	1.0
973.894	1.0
974.894	1.0
975.894	1.0
976.894	1.0
977.894	1.0
978.894	1.0
979.894	1.0
980.894	1.0
981.894	1.0
982.894	1.0
983.894	1.0
984.894	1.0
985.894	1.0
986.894	1.0
987.894	1.0
988.894	1.0
989.894	1.0
990.894	1.0
991.894	1.0
992.894	1.0
993.894	1.0
994.894	1.0
995.894	1.0
996.894	1.0
997.894	1.0
998.894	1.0
999.894	1.0
1000.894	1.0
1001.894	1.0
1002.894	1.0
1003.894	1.0
1004.894	1.0
1005.894	1.0
1006.894	1.0
1007.894	1.0
1008.894	1.0
1009.894	1.0
1010.894	1.0
1011.894	1.0
1012.894	1.0
1013.894	1.0
1014.894	1.0
1015.894	1.0
1016.894	1.0
1017.894	1.0
1018.894	1.0
1019.894	1.0
1020.894	1.0
1021.894	1.0
1022.894	1.0
1023.894	1.0
1024.894	1.0
1025.894	1.0
1026.894	1.0
1027.894	1.0
1028.894	1.0
1029.894	1.0
1030.894	1.0
1031.894	1.0
1032.894	1.0
1033.894	1.0
1034.894	1.0
1035.894	1.0
1036.894	1.0
1037.894	1.0
1038.894	1.0
1039.894	1.0
1040.894	1.0
1041.894	1.0
1042.894	1.0
1043.894	1.0
1044.894	1.0
1045.894	1.0
1046.894	1.0
1047.894	1.0
1048.894	1.0
1049.894	1.0
1050.894	1.0
1051.894	1.0
1052.894	1.0
1053.894	1.0
1054.894	1.0
1055.894	1.0
1056.894	1.0
1057.894	1.0
1058.894	1.0
1059.894	1.0
1060.894	1.0
1061.894	1.0
1062.894	1.0
1063.894	1.0
1064.894	1.0
1065.894	1.0
1066.894	1.0
1067.894	1.0
1068.894	1.0
1069.894	1.0
1070.894	1.0
1071.894	1.0
1072.894	1.0
1073.894	1.0
1074.894	1.0
1075.894	1.0
1076.894	1.0
1077.894	1.0
1078.894	1.0
1079.894	1.0
1080.894	1.0
1081.894	1.0
1082.894	1.0
1083.894	1.0
1084.894	1.0
1085.894	1.0
1086.894	1.0
1087.894	1.0
1088.894	1.0
1089.894	1.0
1090.894	1.0
1091.894	1.0
1092.894	1.0
1093.894	1.0
1094.894	1.0
1095.894	1.0
1096.894	1.0
1097.894	1.0
1098.894	1.0
1099.894	1.0
1100.894	1.0
1101.894	1.0
1102.894	1.0
1103.894	1.0
1104.894	1.0
1105.894	1.0
1106.894	1.0
1107.894	1.0
1108.894	1.0
1109.894	1.0
1110.894	1.0
1111.894	1.0
1112.894	1.0
1113.894	1.0
1114.894	1.0
1115.894	1.0
1116.894	1.0
1117.894	1.0
1118.894	1.0
1119.894	1.0
1120.894	1.0
1121.894	1.0
1122.894	1.0
1123.894	1.0
1124.894	1.0
1125.894	1.0
1126.894	1.0
1127.894	1.0
1128.894	1.0
1129.894	1.0
1130.894	1.0
1131.894	1.0
1132.894	1.0
1133.894	1.0
1134.894	1.0
1135.894	1.0
1136.894	1.0
1137.894	1.0
1138.894	1.0
1139.894	1.0
1140.894	1.0
1141.894	1.0
1142.894	1.0
1143.894	1.0
1144.894	1.0
1145.894	1.0
1146.894	1.0
1147.894	1.0
1148.894	1.0
1149.894	1.0
1150.894	1.0
1151.894	1.0
1152.894	1.0
1153.894	1.0
1154.894	1.0
1155.894	1.0
1156.894	1.0
1157.894	1.0
1158.894	1.0
1159.894	1.0
1160.894	1.0
1161.894	1.0
1162.894	1.0
1163.894	1.0
1164.894	1.0
1165.894	1.0
1166.894	1.0
1167.894	1.0
1168.894	1.0
1169.894	1.0
1170.894	1.0
1171.894	1.0
1172.894	1.0
1173.894	1.0
1174.894	1.0
1175.894	1.0
1176.894	1.0
1177.894	1.0
1178.894	1.0
1179.894	1.0
1180.894	1.0
1181.894	1.0
1182.894	1.0
1183.894	1.0
1184.894	1.0
1185.894	1.0
1186.894	1.0
1187.894	1.0
1188.894	1.0
1189.894	1.0
1190.894	1.0
1191.894	1.0
1192.894	1.0
1193.894	1.0
1194.894	1.0
1195.894	1.0
1196.894	1.0
1197.894	1.0
1198.894	1.0
1199.894	1.0
1200.894	1.0
1201.894	1.0
1202.894	1.0
1203.894	1.0
1204.894	1.0
1205.894	1.0
1206.894	1.0
1207.894	1.0
1208.894	1.0
1209.894	1.0
1210.894	1.0
1211.894	1.0
1212.894	1.0
1213.894	1.0
1214.894	1.0
1215.894	1.0
1216.894	1.0
1217.894	1.0
1218.894	1.0
1219.894	1.0
1220.894	1.0
1221.894	1.0
1222.894	1.0
1223.894	1.0
1224.894	1.0
1225.894	1.0
1226.894	1.0
1227.894	1.0
1228.894	1.0
1229.894	1.0
1230.894	1.0
1231.894	1.0
1232.894	1.0
1233.894	1.0
1234.894	1.0
1235.894	1.0
1236.894	1.0
1237.894	1.0
1238.894	1.0
1239.894	1.0
1240.894	1.0
1241.894	1.0
1242.894	1.0
1243.894	1.0
1244.894	1.0
1245.894	1.0
1246.894	1.0
1247.894	1.0
1248.894	1.0
1249.894	1.0
1250.894	1.0
1251.894	1.0
1252.894	1.0
1253.894	1.0
1254.894	1.0
1255.894	1.0
1256.894	1.0
1257.894	1.0
1258.894	1.0
1259.894	1.0
1260.894	1.0
1261.894	1.0
1262.894	1.0
1263.894	1.0
1264.894	1.0
1265.894	1.0
1266.894	1.0
1267.894	1.0
1268.894	1.0
1269.894	1.0
1270.894	1.0
1271.894	1.0
1272.894	1.0
1273.894	1.0
1274.894	1.0
1275.894	1.0
1276.894	1.0
1277.894	1.0
1278.894	1.0
1279.894	1.0
1280.894	1.0
1281.894	1.0
1282.894	1.0
1283.894	1.0
1284.894	1.0
1285.894	1.0
1286.894	1.0
1287.894	1.0
1288.894	1.0
1289.894	1.0
1290.894	1.0
1291.894	1.0
1292.894	1.0
1293.894	1.0
1294.894	1.0
1295.894	1.0
1296.894	1.0
1297.894	1.0
1298.894	1.0
1299.894	1.0
1300.894	1.0
1301.894	1.0
1302.894	1.0
1303.894	1.0
1304.894	1.0
1305.894	1.0
1306.894	1.0
1307.894	1.0
1308.894	1.0
1309.894	1.0
1310.894	1.0
1311.894	1.0
1312.894	1.0
1313.894	1.0
1314.894	1.0
1315.894	1.0
1316.894	1.0
1317.894	1.0
1318.894	1.0
1319.894	1.0
1320.894	1.0
1321.894	1.0
1322.894	1.0
1323.894	1.0
1324.894	1.0
1325.894	1.0
1326.894	1.0
1327.894	1.0
1328.894	1.0
1329.894	1.0
1330.894	1.0
1331.894	1.0
1332.894	1.0
1333.894	1.0
1334.894	1.0
1335.894	1.0
1336.894	1.0
1337.894	1.0
1338.894	1.0
1339.894	1.0
1340.894	1.0
1341.894	1.0
1342.894	1.0
1343.894	1.0
1344.894	1.0
1345.894	1.0
1346.894	1.0
1347.894	1.0
1348.894	1.0
1349.894	1.0
1350.894	1.0
1351.894	1.0
1352.894	1.0
1353.894	1.0
1354.894	1.0
1355.894	1.0
1356.894	1.0
1357.894	1.0
1358.894	1.0
1359.894	1.0
1360.894	1.0
1361.894	1.0
1362.894	1.0
1363.894	1.0
1364.894	1.0
1365.894	1.0
1366.894	1.0
1367.894	1.0
1368.894	1.0
1369.894	1.0
1370.894	1.0
1371.894	1.0
1372.894	1.0
1373.894	1.0
1374.894	1.0
1375.894	1.0
1376.894	1.0
1377.894	1.0
1378.894	1.0
1379.894	1.0
1380.894	1.0
1381.894	1.0
1382.894	1.0
1383.894	1.0
1384.894	1.0
1385.894	1.0
1386.894	1.0
1387.894	1.0
1388.894	1.0
1389.894	1.0
1390.894	1.0
1391.894	1.0
1392.894	1.0
1393.894	1.0
1394.894	1.0
1395.894	1.0
1396.894	1.0
1397.894	1.0
1398.894	1.0
1399.894	1.0
1400.894	1.0
1401.894	1.0
1402.894	1.0
1403.894	1.0
1404.894	1.0
1405.894	1.0
1406.894	1.0
1407.894	1.0
1408.894	1.0
1409.894	1.0
1410.894	1.0
1411.894	1.0
1412.894	1.0
1413.894	1.0
1414.894	1.0
1415.894	1.0
1416.894	1.0
1417.894	1.0
1418.894	1.0
1419.894	1.0
1420.894	1.0
1421.894	1.0
1422.894	1.0
1423.894	1.0
1424.894	1.0
1425.894	1.0
1426.894	1.0
1427.894	1.0
1428.894	1.0
1429.894	1.0
1430.894	1.0
1431.894	1.0
1432.894	1.0
1433.894	1.0
1434.894	1.0
1435.894	1.0
1436.894	1.0
1437.894	1.0
1438.894	1.0
1439.894	1.0
1440.894	1.0
1441.894	1.0
1442.894	1.0
1443.894	1.0
1444.894	1.0
1445.894	1.0
1446.894	1.0
1447.894	1.0
1448.894	1.0
1449.894	1.0
1450.894	1.0
1451.894	1.0
1452.894	1.0
1453.894	1.0
1454.894	1.0
1455.894	1.0
1456.894	1.0
1457.894	1.0
1458.894	1.0
1459.894	1.0
1460.894	1.0
1461.894	1.0
1462.894	1.0
1463.894	1.0
1464.894	1.0
1465.894	1.0
1466.894	1.0
1467.894	1.0
1468.894	1.0
1469.894	1.0
1470.894	1.0
1471.894	1.0
1472.894	1.0
1473.894	1.0
1474.894	1.0
1475.894	1.0
1476.894	1.0
1477.894	1.0
1478.894	1.0
1479.894	1.0
1480.894	1.0
1481.894	1.0
1482.894	1.0
1483.894	1.0
1484.894	1.0
1485.894	1.0
1486.894	1.0
1487.894	1.0
1488.894	1.0
1489.894	1.0
1490.894	1.0
1491.894	1.0
1492.894	1.0
1493.894	1.0
1494.894	1.0
1495.894	1.0
1496.894	1.0
1497.894	1.0
1498.894	1.0
1499.894	1.0
1500.894	1.0
1501.894	1.0
1502.894	1.0
1503.894	1.0
1504.894	1.0
1505.894	1.0
1506.894	1.0
1507.894	1.0
1508.894	1.0
1509.894	1.0
1510.894	1.0
1511.894	1.0
1512.894	1.0
1513.894	1.0
1514.894	1.0
1515.894	1.0
1516.894	1.0
1517.894	1.0
1518.894	1.0
1519.894	1.0
1520.894	1.0
1521.894	1.0
1522.894	1.0
1523.894	1.0
1524.894	1.0
1525.894	1.0
1526.894	1.0
1527.894	1.0
1528.894	1.0
1529.894	1.0
1530.894	1.0
1531.894	1.0
1532.894	1.0
1533.894	1.0
1534.894	1.0
1535.894	1.0
1536.894	1.0
1537.894	1.0
1538.894	1.0
1539.894	1.0
1540.894	1.0
1541.894	1.0
1542.894	1.0
1543.894	1.0
1544.894	1.0
1545.894	1.0
1546.894	1.0
1547.894	1.0
1548.894	1.0
1549.894	1.0
1550.894	1.0
1551.894	1.0
1552.894	1.0
1553.894	1.0
1554.894	1.0
1555.894	1.0
1556.894	1.0
1557.894	1.0
1558.894	1.0
1559.894	1.0
1560.894	1.0
1561.894	1.0
1562.894	1.0
1563.894	1.0
1564.894	1.0
1565.894	1.0
1566.894	1.0
1567.894	1.0
1568.894	1.0
1569.894	1.0
1570.894	1.0
1571.894	1.0
1572.894	1.0
1573.894	1.0
1574.894	1.0
1575.894	1.0
1576.894	1.0
1577.894	1.0
1578.894	1.0
1579.894	1.0
1580.894	1.0
1581.894	1.0
1582.894	1.0
1583.894	1.0
1584.894	1.0
1585.894	1.0
1586.894	1.0
1587.894	1.0
1588.894	1.0
1589.894	1.0
1590.894	1.0
1591.894	1.0
1592.894	1.0
1593.894	1.0
1594.894	1.0
1595.894	1.0
1596.894	1.0
1597.894	1.0
1598.894	1.0
1599.894	1.0
1600.894	1.0
1601.894	1.0
1602.894	1.0
1603.894	1.0
1604.894	1.0
1605.894	1.0
1606.894	1.0
1607.894	1.0
1608.894	1.0
1609.894	1.0
1610.894	1.0
1611.894	1.0
1612.894	1.0
1613.894	1.0
1614.894	1.0
1615.894	1.0
1616.894	1.0
1617.894	1.0
1618.894	1.0
1619.894	1.0
1620.894	1.0
1621.894	1.0
1622.894	1.0
1623.894	1.0
1624.894	1.0
1625.894	1.0
1626.894	1.0
1627.894	1.0
1628.894	1.0
1629.894	1.0
1630.894	1.0
1631.894	1.0
1632.894	1.0
1633.894	1.0
1634.894	1.0
1635.894	1.0
1636.894	1.0
1637.894	1.0
1638.894	1.0
1639.894	1.0
1640.894	1.0
1641.894	1.0
1642.894	1.0
1643.894	1.0
1644.894	1.0
1645.894	1.0
1646.894	1.0
1647.894	1.0
1648.894	1.0
1649.894	1.0
1650.894	1.0
1651.894	1.0
1652.894	1.0
1653.894	1.0
1654.894	1.0
1655.894	1.0
1656.894	1.0
1657.894	1.0
1658.894	1.0
1659.894	1.0
1660.894	1.0
1661.894	1.0
1662.894	1.0
1663.894	1.0
1664.894	1.0
1665.894	1.0
1666.894	1.0
1667.894	1.0
1668.894	1.0
1669.894	1.0
1670.894	1.0
1671.894	1.0
1672.894	1.0
1673.894	1.0
1674.894	1.0
1675.894	1.0
1676.894	1.0
1677.894	1.0
1678.894	1.0
1679.894	1.0
1680.894	1.0
1681.894	1.0
1682.894	1.0
1683.894	1.0
1684.894	1.0
1685.894	1.0
1686.894	1.0
1687.894	1.0
1688.894	1.0
1689.894	1.0
1690.894	1.0
1691.894	1.0
1692.894	1.0
1693.894	1.0
1694.894	1.0
1695.894	1.0
1696.894	1.0
1697.894	1.0
1698.894	1.0
1699.894	1.0
1700.894	1.0
1701.894	1.0
1702.894	1.0
1703.894	1.0
1704.894	1.0
1705.894	1.0
1706.894	1.0
1707.894	1.0
1708.894	1.0
1709.894	1.0
1710.894	1.0
1711.894	1.0
1712.894	1.0
1713.894	1.0
1714.894	1.0
1715.894	1.0
1716.894	1.0
1717.894	1.0
1718.894	1.0
1719.894	1.0
1720.894	1.0
1721.894	1.0
1722.894	1.0
1723.894	1.0
1724.894	1.0
1725.894	1.0
1726.894	1.0
1727.894	1.0
1728.894	1.0
1729.894	1.0
1730.894	1.0
1731.894	1.0
1732.894	1.0
1733.894	1.0
1734.894	1.0
1735.894	1.0
1736.894	1.0
1737.894	1.0
1738.894	1.0
1739.894	1.0
1740.894	1.0
1741.894	1.0
1742.894	1.0
1743.894	1.0
1744.894	1.0
1745.894	1.0
1746.894	1.0
1747.894	1.0
1748.894	1.0
1749.894	1.0
1750.894	1.0
1751.894	1.0
1752.894	1.0
1753.894	1.0
1754.894	1.0
1755.894	1.0
1756.894	1.0
1757.894	1.0
1758.894	1.0
1759.894	1.0
1760.894	1.0
1761.894	1.0
1762.894	1.0
1763.894	1.0
1764.894	1.0
1765.894	1.0
1766.894	1.0
1767.894	1.0
1768.894	1.0
1769.894	1.0
1770.894	1.0
1771.894	1.0
1772.894	1.0
1773.894	1.0
1774.894	1.0
1775.894	1.0
1776.894	1.0
1777.894	1.0
1778.894	1.0
1779.894	1.0
1780.894	1.0
1781.894	1.0
1782.894	1.0
1783.894	1.0
1784.894	1.0
1785.894	1.0
1786.894	1.0
1787.894	1.0
1788.894	1.0
1789.894	1.0
1790.894	1.0
1791.894	1.0
1792.894	1.0
1793.894	1.0
1794.894	1.0
1795.894	1.0
1796.894	1.0
1797.894	1.0
1798.894	1.0
1799.894	1.0
1800.894	1.0
1801.894	1.0
1802.894	1.0
1803.894	1.0
1804.894	1.0
1805.894	1.0
1806.894	1.0
1807.894	1.0
1808.894	1.0
1809.894	1.0
1810.894	1.0
1811.894	1.0
1812.894	1.0
1813.894	1.0
1814.894	1.0
1815.894	1.0
1816.894	1.0
1817.894	1.0
1818.894	1.0
1819.894	1.0
1820.894	1.0
1821.894	1.0
1822.894	1.0
1823.894	1.0
1824.894	1.0
1825.894	1.0
1826.894	1.0
1827.894	1.0
1828.894	1.0
1829.894	1.0
1830.894	1.0
1831.894	1.0
1832.894	1.0
1833.894	1.0
1834.894	1.0
1835.894	1.0
1836.894	1.0
1837.894	1.0
1838.894	1.0
1839.894	1.0
1840.894	1.0
1841.894	1.0
1842.894	1.0
1843.894	1.0
1844.894	1.0
1845.894	1.0
1846.894	1.0
1847.894	1.0
1848.894	1.0
1849.894	1.0
1850.894	1.0
1851.894	1.0
1852.894	1.0
1853.894	1.0
1854.894	1.0
1855.894	1.0
1856.894	1.0
1857.894	1.0
1858.894	1.0
1859.894	1.0
1860.894	1.0
1861.894	1.0
1862.894	1.0
1863.894	1.0
1864.894	1.0
1865.894	1.0
1866.894	1.0
1867.894	1.0
1868.894	1.0
1869.894	1.0
1870.894	1.0
1871.894	1.0
1872.894	1.0
1873.894	1.0
1874.894	1.0
1875.894	1.0
1876.894	1.0
1877.894	1.0
1878.894	1.0
1879.894	1.0
1880.894	1.0
1881.894	1.0
1882.894	1.0
1883.894	1.0
1884.894	1.0
1885.894	1.0
1886.894	1.0
1887.894	1.0
1888.894	1.0
1889.894	1.0
1890.894	1.0
1891.894	1.0
1892.894	1.0
1893.894	1.0
1894.894	1.0
1895.894	1.0
1896.894	1.0
1897.894	1.0
1898.894	1.0
1899.894	1.0
1900.894	1.0
1901.894	1.0
1902.894	1.0
1903.894	1.0
1904.894	1.0
1905.894	1.0
1906.894	1.0
1907.894	1.0
1908.894	1.0
1909.894	1.0
1910.894	1.0
1911.894	1.0
1912.894	1.0
1913.894	1.0
1914.894	1.0
1915.894	1.0
1916.894	1.0
1917.894	1.0
1918.894	1.0
1919.894	1.0
1920.894	1.0
1921.894	1.0
1922.894	1.0
1923.894	1.0
1924.894	1.0
1925.894	1.0
1926.894	1.0
1927.894	1.0
1928.894	1.0
1929.894	1.0
1930.894	1.0
1931.894	1.0
1932.894	1.0
1933.894	1.0
1934.894	1.0
1935.894	1.0
1936.894	1.0
1937.894	1.0
1938.894	1.0
1939.894	1.0
1940.894	1.0
1941.894	1.0
1942.894	1.0
1943.894	1.0
1944.894	1.0
1945.894	1.0
1946.894	1.0
1947.894	1.0
1948.894	1.0
1949.894	1.0
1950.894	1.0
1951.894	1.0
1952.894	1.0
1953.894	1.0
1954.894	1.0
1955.894	1.0
1956.894	1.0
1957.894	1.0
1958.894	1.0
1959.894	1.0
1960.894	1.0
1961.894	1.0
1962.894	1.0
1963.894	1.0
1964.894	1.0
1965.894	1.0
1966.894	1.0
1967.894	1.0
1968.894	1.0
1969.894	1.0
1970.894	1.0
1971.894	1.0
1972.894	1.0
1973.894	1.0
1974.894	1.0
1975.894	1.0
1976.894	1.0
1977.894	1.0
1978.894	1.0
1979.894	1.0
1980.894	1.0
1981.894	1.0
1982.894	1.0
1983.894	1.0
1984.894	1.0
1985.894	1.0
1986.894	1.0
1987.894	1.0
1988.894	1.0
1989.894	1.0
1990.894	1.0
1991.894	1.0
1992.894	1.0
1993.894	1.0
1994.894	1.0
1995.894	1.0
1996.894	1.0
1997.894	1.0
1998.894	1.0
1999.894	1.0
2000.894	1.0
2001.894	1.0
2002.894	1.0
2003.894	1.0
2004.894	1.0
2005.894	1.0
2006.894	1.0
2007.894	1.0
2008.894	1.0
2009.894	1.0
2010.894	1.0
2011.894	1.0
2012.894	1.0
2013.894	1.0
2014.894	1.0
2015.894	1.0
2016.894	1.0
2017.894	1.0
2018.894	1.0
2019.894	1.0
2020.894	1.0
2021.894	1.0
2022.894	1.0
2023.894	1.0
2024.894	1.0
2025.894	1.0
2026.894	1.0
2027.894	1.0
2028.894	1.0
2029.894	1.0
2030.894	1.0
2031.894	1.0
2032.894	1.0
2033.894	1.0
2034.894	1.0
2035.894	1.0
2036.894	1.0
2037.894	1.0
2038.894	1.0
2039.894	1.0
2040.894	1.0
2041.894	1.0
2042.894	1.0
2043.894	1.0
2044.894	1.0
2045.894	1.0
2046.894	1.0
2047.894	1.0
2048.8940000000002	1.0
2049.8940000000002	1.0
2050.8940000000002	1.0
2051.8940000000002	1.0
2052.8940000000002	1.0
2053.8940000000002	1.0
2054.8940000000002	1.0
2055.8940000000002	1.0
2056.8940000000002	1.0
2057.8940000000002	1.0
2058.8940000000002	1.0
2059.8940000000002	1.0
2060.8940000000002	1.0
2061.8940000000002	1.0
2062.8940000000002	1.0
2063.8940000000002	1.0
2064.8940000000002	1.0
2065.8940000000002	1.0
2066.8940000000002	1.0
2067.8940000000002	1.0
2068.8940000000002	1.0
2069.8940000000002	1.0
2070.8940000000002	1.0
2071.8940000000002	1.0
2072.8940000000002	1.0
2073.8940000000002	1.0
2074.8940000000002	1.0
2075.8940000000002	1.0
2076.8940000000002	1.0
2077.8940000000002	1.0
2078.8940000000002	1.0
2079.8940000000002	1.0
2080.8940000000002	1.0
2081.8940000000002	1.0
2082.8940000000002	1.0
2083.8940000000002	1.0
2084.8940000000002	1.0
2085.8940000000002	1.0
2086.8940000000002	1.0
2087.8940000000002	1.0
2088.8940000000002	1.0
2089.8940000000002	1.0
2090.8940000000002	1.0
2091.8940000000002	1.0
2092.8940000000002	1.0
2093.8940000000002	1.0
2094.8940000000002	1.0
2095.8940000000002	1.0
2096.8940000000002	1.0
2097.8940000000002	1.0
2098.8940000000002	1.0
2099.8940000000002	1.0
2100.8940000000002	1.0
2101.8940000000002	1.0
2102.8940000000002	1.0
2103.8940000000002	1.0
2104.8940000000002	1.0
2105.8940000000002	1.0
2106.8940000000002	1.0
2107.8940000000002	1.0
2108.8940000000002	1.0
2109.8940000000002	1.0
2110.8940000000002	1.0
2111.8940000000002	1.0
2112.8940000000002	1.0
2113.8940000000002	1.0
2114.8940000000002	1.0
2115.8940000000002	1.0
2116.8940000000002	1.0
2117.8940000000002	1.0
2118.8940000000002	1.0
2119.8940000000002	1.0
2120.8940000000002	1.0
2121.8940000000002	1.0
2122.8940000000002	1.0
2123.8940000000002	1.0
2124.8940000000002	1.0
2125.8940000000002	1.0
2126.8940000000002	1.0
2127.8940000000002	1.0
2128.8940000000002	1.0
2129.8940000000002	1.0
2130.8940000000002	1.0
2131.8940000000002	1.0
2132.8940000000002	1.0
2133.8940000000002	1.0
2134.8940000000002	1.0
2135.8940000000002	1.0
2136.8940000000002	1.0
2137.8940000000002	1.0
2138.8940000000002	1.0
2139.8940000000002	1.0
2140.8940000000002	1.0
2141.8940000000002	1.0
2142.8940000000002	1.0
2143.8940000000002	1.0
2144.8940000000002	1.0
2145.8940000000002	1.0
2146.8940000000002	1.0
2147.8940000000002	1.0
2148.8940000000002	1.0
2149.8940000000002	1.0
2150.8940000000002	1.0
2151.8940000000002	1.0
2152.8940000000002	1.0
2153.8940000000002	1.0
2154.8940000000002	1.0
2155.8940000000002	1.0
2156.8940000000002	1.0
2157.8940000000002	1.0
2158.8940000000002	1.0
2159.8940000000002	1.0
2160.8940000000002	1.0
2161.8940000000002	1.0
2162.8940000000002	1.0
2163.8940000000002	1.0
2164.8940000000002	1.0
2165.8940000000002	1.0
2166.8940000000002	1.0
2167.8940000000002	1.0
2168.8940000000002	1.0
2169.8940000000002	1.0
2170.8940000000002	1.0
2171.8940000000002	1.0
2172.8940000000002	1.0
2173.8940000000002	1.0
2174.8940000000002	1.0
2175.8940000000002	1.0
2176.8940000000002	1.0
2177.8940000000002	1.0
2178.8940000000002	1.0
2179.8940000000002	1.0
2180.8940000000002	1.0
2181.8940000000002	1.0
2182.8940000000002	1.0
2183.8940000000002	1.0
2184.8940000000002	1.0
2185.8940000000002	1.0
2186.8940000000002	1.0
2187.8940000000002	1.0
2188.8940000000002	1.0
2189.8940000000002	1.0
2190.8940000000002	1.0
2191.8940000000002	1.0
2192.8940000000002	1.0
2193.8940000000002	1.0
2194.8940000000002	1.0
2195.8940000000002	1.0
2196.8940000000002	1.0
2197.8940000000002	1.0
2198.8940000000002	1.0
2199.8940000000002	1.0
2200.8940000000002	1.0
2201.8940000000002	1.0
2202.8940000000002	1.0
2203.8940000000002	1.0
2204.8940000000002	1.0
2205.8940000000002	1.0
2206.8940000000002	1.0
2207.8940000000002	1.0
2208.8940000000002	1.0
2209.8940000000002	1.0
2210.8940000000002	1.0
2211.8940000000002	1.0
2212.8940000000002	1.0
2213.8940000000002	1.0
2214.8940000000002	1.0
2215.8940000000002	1.0
2216.8940000000002	1.0
2217.8940000000002	1.0
2218.8940000000002	1.0
2219.8940000000002	1.0
2220.8940000000002	1.0
2221.8940000000002	1.0
2222.8940000000002	1.0
2223.8940000000002	1.0
2224.8940000000002	1.0
2225.8940000000002	1.0
2226.8940000000002	1.0
2227.8940000000002	1.0
2228.8940000000002	1.0
2229.8940000000002	1.0
2230.8940000000002	1.0
2231.8940000000002	1.0
2232.8940000000002	1.0
2233.8940000000002	1.0
2234.8940000000002	1.0
2235.8940000000002	1.0
2236.8940000000002	1.0
2237.8940000000002	1.0
2238.8940000000002	1.0
2239.8940000000002	1.0
2240.8940000000002	1.0
2241.8940000000002	1.0
2242.8940000000002	1.0
2243.8940000000002	1.0
2244.8940000000002	1.0
2245.8940000000002	1.0
2246.8940000000002	1.0
2247.8940000000002	1.0
2248.8940000000002	1.0
2249.8940000000002	1.0
2250.8940000000002	1.0
2251.8940000000002	1.0
2252.8940000000002	1.0
2253.8940000000002	1.0
2254.8940000000002	1.0
2255.8940000000002	1.0
2256.8940000000002	1.0
2257.8940000000002	1.0
2258.8940000000002	1.0
2259.8940000000002	1.0
2260.8940000000002	1.0
2261.8940000000002	1.0
2262.8940000000002	1.0
2263.8940000000002	1.0
2264.8940000000002	1.0
2265.8940000000002	1.0
2266.8940000000002	1.0
2267.8940000000002	1.0
2268.8940000000002	1.0
2269.8940000000002	1.0
2270.8940000000002	1.0
2271.8940000000002	1.0
2272.8940000000002	1.0
2273.8940000000002	1.0
2274.8940000000002	1.0
2275.8940000000002	1.0
2276.8940000000002	1.0
2277.8940000000002	1.0
2278.8940000000002	1.0
2279.8940000000002	1.0
2280.8940000000002	1.0
2281.8940000000002	1.0
2282.8940000000002	1.0
2283.8940000000002	1.0
2284.8940000000002	1.0
2285.8940000000002	1.0
2286.8940000000002	1.0
2287.8940000000002	1.0
2288.8940000000002	1.0
2289.8940000000002	1.0
2290.8940000000002	1.0
2291.8940000000002	1.0
2292.8940000000002	1.0
2293.8940000000002	1.0
2294.8940000000002	1.0
2295.8940000000002	1.0
2296.8940000000002	1.0
2297.8940000000002	1.0
2298.8940000000002	1.0
2299.8940000000002	1.0
2300.8940000000002	1.0
2301.8940000000002	1.0
2302.8940000000002	1.0
2303.8940000000002	1.0
2304.8940000000002	1.0
2305.8940000000002	1.0
2306.8940000000002	1.0
2307.8940000000002	1.0
2308.8940000000002	1.0
2309.8940000000002	1.0
2310.8940000000002	1.0
2311.8940000000002	1.0
2312.8940000000002	1.0
2313.8940000000002	1.0
2314.8940000000002	1.0
2315.8940000000002	1.0
2316.8940000000002	1.0
2317.8940000000002	1.0
2318.8940000000002	1.0
2319.8940000000002	1.0
2320.8940000000002	1.0
2321.8940000000002	1.0
2322.8940000000002	1.0
2323.8940000000002	1.0
2324.8940000000002	1.0
2325.8940000000002	1.0
2326.8940000000002	1.0
2327.8940000000002	1.0
2328.8940000000002	1.0
2329.8940000000002	1.0
2330.8940000000002	1.0
2331.8940000000002	1.0
2332.8940000000002	1.0
2333.8940000000002	1.0
2334.8940000000002	1.0
2335.8940000000002	1.0
2336.8940000000002	1.0
2337.8940000000002	1.0
2338.8940000000002	1.0
2339.8940000000002	1.0
2340.8940000000002	1.0
2341.8940000000002	1.0
2342.8940000000002	1.0
2343.8940000000002	1.0
2344.8940000000002	1.0
2345.8940000000002	1.0
2346.8940000000002	1.0
2347.8940000000002	1.0
2348.8940000000002	1.0
2349.8940000000002	1.0
2350.8940000000002	1.0
2351.8940000000002	1.0
2352.8940000000002	1.0
2353.8940000000002	1.0
2354.8940000000002	1.0
2355.8940000000002	1.0
2356.8940000000002	1.0
2357.8940000000002	1.0
2358.8940000000002	1.0
2359.8940000000002	1.0
2360.8940000000002	1.0
2361.8940000000002	1.0
2362.8940000000002	1.0
2363.8940000000002	1.0
2364.8940000000002	1.0
2365.8940000000002	1.0
2366.8940000000002	1.0
2367.8940000000002	1.0
2368.8940000000002	1.0
2369.8940000000002	1.0
2370.8940000000002	1.0
2371.8940000000002	1.0
2372.8940000000002	1.0
2373.8940000000002	1.0
2374.8940000000002	1.0
2375.8940000000002	1.0
2376.8940000000002	1.0
2377.8940000000002	1.0
2378.8940000000002	1.0
2379.8940000000002	1.0
2380.8940000000002	1.0
2381.8940000000002	1.0
2382.8940000000002	1.0
2383.8940000000002	1.0
2384.8940000000002	1.0
2385.8940000000002	1.0
2386.8940000000002	1.0
2387.8940000000002	1.0
2388.8940000000002	1.0
2389.8940000000002	1.0
2390.8940000000002	1.0
2391.8940000000002	1.0
2392.8940000000002	1.0
2393.8940000000002	1.0
2394.8940000000002	1.0
2395.8940000000002	1.0
2396.8940000000002	1.0
2397.8940000000002	1.0
2398.8940000000002	1.0
2399.8940000000002	1.0
2400.8940000000002	1.0
2401.8940000000002	1.0
2402.8940000000002	1.0
2403.8940000000002	1.0
2404.8940000000002	1.0
2405.8940000000002	1.0
2406.8940000000002	1.0
2407.8940000000002	1.0
2408.8940000000002	1.0
2409.8940000000002	1.0
2410.8940000000002	1.0
2411.8940000000002	1.0
2412.8940000000002	1.0
2413.8940000000002	1.0
2414.8940000000002	1.0
2415.8940000000002	1.0
2416.8940000000002	1.0
2417.8940000000002	1.0
2418.8940000000002	1.0
2419.8940000000002	1.0
2420.8940000000002	1.0
2421.8940000000002	1.0
2422.8940000000002	1.0
2423.8940000000002	1.0
2424.8940000000002	1.0
2425.8940000000002	1.0
2426.8940000000002	1.0
2427.8940000000002	1.0
2428.8940000000002	1.0
2429.8940000000002	1.0
2430.8940000000002	1.0
2431.8940000000002	1.0
2432.8940000000002	1.0
2433.8940000000002	1.0
2434.8940000000002	1.0
2435.8940000000002	1.0
2436.8940000000002	1.0
2437.8940000000002	1.0
2438.8940000000002	1.0
2439.8940000000002	1.0
2440.8940000000002	1.0
2441.8940000000002	1.0
2442.8940000000002	1.0
2443.8940000000002	1.0
2444.8940000000002	1.0
2445.8940000000002	1.0
2446.8940000000002	1.0
2447.8940000000002	1.0
2448.8940000000002	1.0
2449.8940000000002	1.0
2450.8940000000002	1.0
2451.8940000000002	1.0
2452.8940000000002	1.0
2453.8940000000002	1.0
2454.8940000000002	1.0
2455.8940000000002	1.0
2456.8940000000002	1.0
2457.8940000000002	1.0
2458.8940000000002	1.0
2459.8940000000002	1.0
2460.8940000000002	1.0
2461.8940000000002	1.0
2462.8940000000002	1.0
2463.8940000000002	1.0
2464.8940000000002	1.0
2465.8940000000002	1.0
2466.8940000000002	1.0
2467.8940000000002	1.0
2468.8940000000002	1.0
2469.8940000000002	1.0
2470.8940000000002	1.0
2471.8940000000002	1.0
2472.8940000000002	1.0
2473.8940000000002	1.0
2474.8940000000002	1.0
2475.8940000000002	1.0
2476.8940000000002	1.0
2477.8940000000002	1.0
2478.8940000000002	1.0
2479.8940000000002	1.0
2480.8940000000002	1.0
2481.8940000000002	1.0
2482.8940000000002	1.0
2483.8940000000002	1.0
2484.8940000000002	1.0
2485.8940000000002	1.0
2486.8940000000002	1.0
2487.8940000000002	1.0
2488.8940000000002	1.0
2489.8940000000002	1.0
2490.8940000000002	1.0
2491.8940000000002	1.0
2492.8940000000002	1.0
2493.8940000000002	1.0
2494.8940000000002	1.0
2495.8940000000002	1.0
2496.8940000000002	1.0
2497.8940000000002	1.0
2498.8940000000002	1.0
2499.8940000000002	1.0
2500.8940000000002	1.0
2501.8940000000002	1.0
2502.8940000000002	1.0
2503.8940000000002	1.0
2504.8940000000002	1.0
2505.8940000000002	1.0
2506.8940000000002	1.0
2507.8940000000002	1.0
2508.8940000000002	1.0
2509.8940000000002	1.0
2510.8940000000002	1.0
2511.8940000000002	1.0
2512.8940000000002	1.0
2513.8940000000002	1.0
2514.8940000000002	1.0
2515.8940000000002	1.0
2516.8940000000002	1.0
2517.8940000000002	1.0
2518.8940000000002	1.0
2519.8940000000002	1.0
2520.8940000000002	1.0
2521.8940000000002	1.0
2522.8940000000002	1.0
2523.8940000000002	1.0
2524.8940000000002	1.0
2525.8940000000002	1.0
2526.8940000000002	1.0
2527.8940000000002	1.0
2528.8940000000002	1.0
2529.8940000000002	1.0
2530.8940000000002	1.0
2531.8940000000002	1.0
2532.8940000000002	1.0
2533.8940000000002	1.0
2534.8940000000002	1.0
2535.8940000000002	1.0
2536.8940000000002	1.0
2537.8940000000002	1.0
2538.8940000000002	1.0
2539.8940000000002	1.0
2540.8940000000002	1.0
2541.8940000000002	1.0
2542.8940000000002	1.0
2543.8940000000002	1.0
2544.8940000000002	1.0
2545.8940000000002	1.0
2546.8940000000002	1.0
2547.8940000000002	1.0
2548.8940000000002	1.0
2549.8940000000002	1.0
2550.8940000000002	1.0
2551.8940000000002	1.0
2552.8940000000002	1.0
2553.8940000000002	1.0
2554.8940000000002	1.0
2555.8940000000002	1.0
2556.8940000000002	1.0
2557.8940000000002	1.0
2558.8940000000002	1.0
2559.8940000000002	1.0
2560.8940000000002	1.0
2561.8940000000002	1.0
2562.8940000000002	1.0
2563.8940000000002	1.0
2564.8940000000002	1.0
2565.8940000000002	1.0
2566.8940000000002	1.0
2567.8940000000002	1.0
2568.8940000000002	1.0
2569.8940000000002	1.0
2570.8940000000002	1.0
2571.8940000000002	1.0
2572.8940000000002	1.0
2573.8940000000002	1.0
2574.8940000000002	1.0
2575.8940000000002	1.0
2576.8940000000002	1.0
2577.8940000000002	1.0
2578.8940000000002	1.0
2579.8940000000002	1.0
2580.8940000000002	1.0
2581.8940000000002	1.0
2582.8940000000002	1.0
2583.8940000000002	1.0
2584.8940000000002	1.0
2585.8940000000002	1.0
2586.8940000000002	1.0
2587.8940000000002	1.0
2588.8940000000002	1.0
2589.8940000000002	1.0
2590.8940000000002	1.0
2591.8940000000002	1.0
2592.8940000000002	1.0
2593.8940000000002	1.0
2594.8940000000002	1.0
2595.8940000000002	1.0
2596.8940000000002	1.0
2597.8940000000002	1.0
2598.8940000000002	1.0
2599.8940000000002	1.0
2600.8940000000002	1.0
2601.8940000000002	1.0
2602.8940000000002	1.0
2603.8940000000002	1.0
2604.8940000000002	1.0
2605.8940000000002	1.0
2606.8940000000002	1.0
2607.8940000000002	1.0
2608.8940000000002	1.0
2609.8940000000002	1.0
2610.8940000000002	1.0
2611.8940000000002	1.0
2612.8940000000002	1.0
2613.8940000000002	1.0
2614.8940000000002	1.0
2615.8940000000002	1.0
2616.8940000000002	1.0
2617.8940000000002	1.0
2618.8940000000002	1.0
2619.8940000000002	1.0
2620.8940000000002	1.0
2621.8940000000002	1.0
2622.8940000000002	1.0
2623.8940000000002	1.0
2624.8940000000002	1.0
2625.8940000000002	1.0
2626.8940000000002	1.0
2627.8940000000002	1.0
2628.8940000000002	1.0
2629.8940000000002	1.0
2630.8940000000002	1.0
2631.8940000000002	1.0
2632.8940000000002	1.0
2633.8940000000002	1.0
2634.8940000000002	1.0
2635.8940000000002	1.0
2636.8940000000002	1.0
2637.8940000000002	1.0
2638.8940000000002	1.0
2639.8940000000002	1.0
2640.8940000000002	1.0
2641.8940000000002	1.0
2642.8940000000002	1.0
2643.8940000000002	1.0
2644.8940000000002	1.0
2645.8940000000002	1.0
2646.8940000000002	1.0
2647.8940000000002	1.0
2648.8940000000002	1.0
2649.8940000000002	1.0
2650.8940000000002	1.0
2651.8940000000002	1.0
2652.8940000000002	1.0
2653.8940000000002	1.0
2654.8940000000002	1.0
2655.8940000000002	1.0
2656.8940000000002	1.0
2657.8940000000002	1.0
2658.8940000000002	1.0
2659.8940000000002	1.0
2660.8940000000002	1.0
2661.8940000000002	1.0
2662.8940000000002	1.0
2663.8940000000002	1.0
2664.8940000000002	1.0
2665.8940000000002	1.0
2666.8940000000002	1.0
2667.8940000000002	1.0
2668.8940000000002	1.0
2669.8940000000002	1.0
2670.8940000000002	1.0
2671.8940000000002	1.0
2672.8940000000002	1.0
2673.8940000000002	1.0
2674.8940000000002	1.0
2675.8940000000002	1.0
2676.8940000000002	1.0
2677.8940000000002	1.0
2678.8940000000002	1.0
2679.8940000000002	1.0
2680.8940000000002	1.0
2681.8940000000002	1.0
2682.8940000000002	1.0
2683.8940000000002	1.0
2684.8940000000002	1.0
2685.8940000000002	1.0
2686.8940000000002	1.0
2687.8940000000002	1.0
2688.8940000000002	1.0
2689.8940000000002	1.0
2690.8940000000002	1.0
2691.8940000000002	1.0
2692.8940000000002	1.0
2693.8940000000002	1.0
2694.8940000000002	1.0
2695.8940000000002	1.0
2696.8940000000002	1.0
2697.8940000000002	1.0
2698.8940000000002	1.0
2699.8940000000002	1.0
2700.8940000000002	1.0
2701.8940000000002	1.0
2702.8940000000002	1.0
2703.8940000000002	1.0
2704.8940000000002	1.0
2705.8940000000002	1.0
2706.8940000000002	1.0
2707.8940000000002	1.0
2708.8940000000002	1.0
2709.8940000000002	1.0
2710.8940000000002	1.0
2711.8940000000002	1.0
2712.8940000000002	1.0
2713.8940000000002	1.0
2714.8940000000002	1.0
2715.8940000000002	1.0
2716.8940000000002	1.0
2717.8940000000002	1.0
2718.8940000000002	1.0
2719.8940000000002	1.0
2720.8940000000002	1.0
2721.8940000000002	1.0
2722.8940000000002	1.0
2723.8940000000002	1.0
2724.8940000000002	1.0
2725.8940000000002	1.0
2726.8940000000002	1.0
2727.8940000000002	1.0
2728.8940000000002	1.0
2729.8940000000002	1.0
2730.8940000000002	1.0
2731.8940000000002	1.0
2732.8940000000002	1.0
2733.8940000000002	1.0
2734.8940000000002	1.0
2735.8940000000002	1.0
2736.8940000000002	1.0
2737.8940000000002	1.0
2738.8940000000002	1.0
2739.8940000000002	1.0
2740.8940000000002	1.0
2741.8940000000002	1.0
2742.8940000000002	1.0
2743.8940000000002	1.0
2744.8940000000002	1.0
2745.8940000000002	1.0
2746.8940000000002	1.0
2747.8940000000002	1.0
2748.8940000000002	1.0
2749.8940000000002	1.0
2750.8940000000002	1.0
2751.8940000000002	1.0
2752.8940000000002	1.0
2753.8940000000002	1.0
2754.8940000000002	1.0
2755.8940000000002	1.0
2756.8940000000002	1.0
2757.8940000000002	1.0
2758.8940000000002	1.0
2759.8940000000002	1.0
2760.8940000000002	1.0
2761.8940000000002	1.0
2762.8940000000002	1.0
2763.8940000000002	1.0
2764.8940000000002	1.0
2765.8940000000002	1.0
2766.8940000000002	1.0
2767.8940000000002	1.0
2768.8940000000002	1.0
2769.8940000000002	1.0
2770.8940000000002	1.0
2771.8940000000002	1.0
2772.8940000000002	1.0
2773.8940000000002	1.0
2774.8940000000002	1.0
2775.8940000000002	1.0
2776.8940000000002	1.0
2777.8940000000002	1.0
2778.8940000000002	1.0
2779.8940000000002	1.0
2780.8940000000002	1.0
2781.8940000000002	1.0
2782.8940000000002	1.0
2783.8940000000002	1.0
2784.8940000000002	1.0
2785.8940000000002	1.0
2786.8940000000002	1.0
2787.8940000000002	1.0
2788.8940000000002	1.0
2789.8940000000002	1.0
2790.8940000000002	1.0
2791.8940000000002	1.0
2792.8940000000002	1.0
2793.8940000000002	1.0
2794.8940000000002	1.0
2795.8940000000002	1.0
2796.8940000000002	1.0
2797.8940000000002	1.0
2798.8940000000002	1.0
2799.8940000000002	1.0
2800.8940000000002	1.0
2801.8940000000002	1.0
2802.8940000000002	1.0
2803.8940000000002	1.0
2804.8940000000002	1.0
2805.8940000000002	1.0
2806.8940000000002	1.0
2807.8940000000002	1.0
2808.8940000000002	1.0
2809.8940000000002	1.0
2810.8940000000002	1.0
2811.8940000000002	1.0
2812.8940000000002	1.0
2813.8940000000002	1.0
2814.8940000000002	1.0
2815.8940000000002	1.0
2816.8940000000002	1.0
2817.8940000000002	1.0
2818.8940000000002	1.0
2819.8940000000002	1.0
2820.8940000000002	1.0
2821.8940000000002	1.0
2822.8940000000002	1.0
2823.8940000000002	1.0
2824.8940000000002	1.0
2825.8940000000002	1.0
2826.8940000000002	1.0
2827.8940000000002	1.0
2828.8940000000002	1.0
2829.8940000000002	1.0
2830.8940000000002	1.0
2831.8940000000002	1.0
2832.8940000000002	1.0
2833.8940000000002	1.0
2834.8940000000002	1.0
2835.8940000000002	1.0
2836.8940000000002	1.0
2837.8940000000002	1.0
2838.8940000000002	1.0
2839.8940000000002	1.0
2840.8940000000002	1.0
2841.8940000000002	1.0
2842.8940000000002	1.0
2843.8940000000002	1.0
2844.8940000000002	1.0
2845.8940000000002	1.0
2846.8940000000002	1.0
2847.8940000000002	1.0
2848.8940000000002	1.0
2849.8940000000002	1.0
2850.8940000000002	1.0
2851.8940000000002	1.0
2852.8940000000002	1.0
2853.8940000000002	1.0
2854.8940000000002	1.0
2855.8940000000002	1.0
2856.8940000000002	1.0
2857.8940000000002	1.0
2858.8940000000002	1.0
2859.8940000000002	1.0
2860.8940000000002	1.0
2861.8940000000002	1.0
2862.8940000000002	1.0
2863.8940000000002	1.0
2864.8940000000002	1.0
2865.8940000000002	1.0
2866.8940000000002	1.0
2867.8940000000002	1.0
2868.8940000000002	1.0
2869.8940000000002	1.0
2870.8940000000002	1.0
2871.8940000000002	1.0
2872.8940000000002	1.0
2873.8940000000002	1.0
2874.8940000000002	1.0
2875.8940000000002	1.0
2876.8940000000002	1.0
2877.8940000000002	1.0
2878.8940000000002	1.0
2879.8940000000002	1.0
2880.8940000000002	1.0
2881.8940000000002	1.0
2882.8940000000002	1.0
2883.8940000000002	1.0
2884.8940000000002	1.0
2885.8940000000002	1.0
2886.8940000000002	1.0
2887.8940000000002	1.0
2888.8940000000002	1.0
2889.8940000000002	1.0
2890.8940000000002	1.0
2891.8940000000002	1.0
2892.8940000000002	1.0
2893.8940000000002	1.0
2894.8940000000002	1.0
2895.8940000000002	1.0
2896.8940000000002	1.0
2897.8940000000002	1.0
2898.8940000000002	1.0
2899.8940000000002	1.0
2900.8940000000002	1.0
2901.8940000000002	1.0
2902.8940000000002	1.0
2903.8940000000002	1.0
2904.8940000000002	1.0
2905.8940000000002	1.0
2906.8940000000002	1.0
2907.8940000000002	1.0
2908.8940000000002	1.0
2909.8940000000002	1.0
2910.8940000000002	1.0
2911.8940000000002	1.0
2912.8940000000002	1.0
2913.8940000000002	1.0
2914.8940000000002	1.0
2915.8940000000002	1.0
2916.8940000000002	1.0
2917.8940000000002	1.0
2918.8940000000002	1.0
2919.8940000000002	1.0
2920.8940000000002	1.0
2921.8940000000002	1.0
2922.8940000000002	1.0
2923.8940000000002	1.0
2924.8940000000002	1.0
2925.8940000000002	1.0
2926.8940000000002	1.0
2927.8940000000002	1.0
2928.8940000000002	1.0
2929.8940000000002	1.0
2930.8940000000002	1.0
2931.8940000000002	1.0
2932.8940000000002	1.0
2933.8940000000002	1.0
2934.8940000000002	1.0
2935.8940000000002	1.0
2936.8940000000002	1.0
2937.8940000000002	1.0
2938.8940000000002	1.0
2939.8940000000002	1.0
2940.8940000000002	1.0
2941.8940000000002	1.0
2942.8940000000002	1.0
2943.8940000000002	1.0
2944.8940000000002	1.0
2945.8940000000002	1.0
2946.8940000000002	1.0
2947.8940000000002	1.0
2948.8940000000002	1.0
2949.8940000000002	1.0
2950.8940000000002	1.0
2951.8940000000002	1.0
2952.8940000000002	1.0
2953.8940000000002	1.0
2954.8940000000002	1.0
2955.8940000000002	1.0
2956.8940000000002	1.0
2957.8940000000002	1.0
2958.8940000000002	1.0
2959.8940000000002	1.0
2960.8940000000002	1.0
2961.8940000000002	1.0
2962.8940000000002	1.0
2963.8940000000002	1.0
2964.8940000000002	1.0
2965.8940000000002	1.0
2966.8940000000002	1.0
2967.8940000000002	1.0
2968.8940000000002	1.0
2969.8940000000002	1.0
2970.8940000000002	1.0
2971.8940000000002	1.0
2972.8940000000002	1.0
2973.8940000000002	1.0
2974.8940000000002	1.0
2975.8940000000002	1.0
2976.8940000000002	1.0
2977.8940000000002	1.0
2978.8940000000002	1.0
2979.8940000000002	1.0
2980.8940000000002	1.0
2981.8940000000002	1.0
2982.8940000000002	1.0
2983.8940000000002	1.0
2984.8940000000002	1.0
2985.8940000000002	1.0
2986.8940000000002	1.0
2987.8940000000002	1.0
2988.8940000000002	1.0
2989.8940000000002	1.0
2990.8940000000002	1.0
2991.8940000000002	1.0
2992.8940000000002	1.0
2993.8940000000002	1.0
2994.8940000000002	1.0
2995.8940000000002	1.0
2996.8940000000002	1.0
