0.163	0.53152276044332
1.106	0.5421159334210376
2.017	0.5371026442268733
2.939	0.5392238366535583
3.867	0.5334369669402038
4.804	0.5184596429233843
5.732	0.5079605328662624
6.671	0.5047821909711523
7.61	0.5007475397612573
8.548	0.5172709027511354
9.482	0.510641771301515
10.406	0.5036247516924266
11.346	0.49883344430933146
12.296	0.5110792018629505
13.227	0.5047088258539546
14.18	0.5058146260052122
15.119	0.49767490490853145
16.066	0.4823808981897122
17.017	0.4809182126648108
17.965	0.4734893298653456
18.926000000000002	0.48204080254865556
19.88	0.48100163110318744
20.831	0.4946255735536293
21.784	0.5095739116948882
22.73	0.5398613878603417
23.684	0.5674978901452599
24.637	0.5766000187047025
25.594	0.57984639040228
26.548000000000002	0.5786058443866189
27.496000000000002	0.5853436986868324
28.456	0.5781044674470713
29.397000000000002	0.5715258526605242
30.34	0.5742037589099271
31.29	0.5773694435287502
32.237	0.5715070458226102
33.184	0.5734452029370327
34.143	0.5805855940203604
35.1	0.579286550606824
36.050000000000004	0.5720777843691
36.992	0.5719999943536745
37.941	0.5778083168640058
38.888	0.5812574568115395
39.821	0.5967247722517474
40.794000000000004	0.5850776497081072
41.753	0.6095273963555499
42.703	0.6144512238014818
43.658	0.6301968412126324
44.595	0.634070242640827
45.527	0.6398358382650361
46.472	0.6518478951292563
47.419000000000004	0.655898044770455
48.356	0.6686012480464982
49.302	0.6648216990546117
50.245000000000005	0.6754136713607897
51.18	0.6820445231271504
52.107	0.69001899811707
53.022	0.6970389410100608
53.946	0.6972050714236269
54.881	0.7078760355920316
55.831	0.7267277604032453
56.776	0.7460259753347965
57.725	0.7114018030548178
58.660000000000004	0.5141727012549154
59.603	0.24743612296274659
60.567	0.22277355499619853
61.528	0.1929385665504668
62.495000000000005	0.19589905241799413
63.453	0.19091803034200455
64.416	0.18407926693862717
65.389	0.18185651222616084
66.355	0.17757087473944042
67.321	0.17344172164855592
68.294	0.17106377378339307
69.262	0.16516860598894864
70.23	0.1672466077798488
71.205	0.17522571376129642
72.182	0.171119722647929
73.159	0.1650474680367533
74.132	0.16374205381078435
75.112	0.15668108620986146
76.096	0.2180608057333156
77.075	0.5042532991883539
78.054	0.6801055437152639
79.028	0.7596812713317914
79.997	0.7164182576747002
80.971	0.7264256112021303
81.946	0.7262657548587423
82.921	0.7987559975025607
83.894	0.803848425055608
84.866	0.7687205414292531
85.836	0.6099048993482782
86.807	0.5423221730995832
87.779	0.5407113406088072
88.755	0.6336538749379201
89.72500000000001	0.4016263367990276
90.706	0.7432576151739648
91.683	0.7849699307811812
92.653	0.5376397162206897
93.629	0.5578578595036439
94.60600000000001	0.4514297234588058
95.583	0.3059773966618968
96.559	0.18216739530225087
97.543	0.7511582646750556
98.508	0.1891115970238081
99.489	0.609577674802639
100.461	0.2843056152671788
101.437	0.33064574251230466
102.413	0.38261037958365623
103.397	0.8213341199348324
104.378	0.8597103022550249
105.346	0.5703884265245462
106.321	0.36622132454202566
107.294	0.32958955749968655
108.268	0.2565319288398932
109.244	0.21609990110404118
110.229	0.5882958239425722
111.20700000000001	0.6828272546290435
112.177	0.3116305181370772
113.153	0.2645210158569617
114.129	0.4301728510250089
115.11	0.6436576355229187
116.084	0.36229529981907566
117.06	0.39281112512398947
118.04	0.7301293970795792
119.013	0.1916397073599532
119.994	0.21131940214773443
120.974	0.14471852226469387
121.959	0.3112680433074292
122.93900000000001	0.16310630384883013
123.923	0.43032127009399157
124.907	0.7061043225540202
125.882	0.4109094799829167
126.86	0.35001837776744327
127.839	0.49170657650595406
128.818	0.4398088342922014
129.803	0.8026336528054973
130.775	0.4960385240670967
131.751	0.46170129493338424
132.741	0.8326983423185462
133.715	0.7177015006780418
134.687	0.29729556927535156
135.675	0.7984935571941305
136.656	0.8468471140440345
137.63	0.3821409117723386
138.61	0.3246186488405009
139.59	0.34678597673511813
140.57	0.5186846090557994
141.552	0.7435709544982104
142.53	0.5629279599449944
143.518	0.8054233863854046
144.50300000000001	0.8949023119458868
145.482	0.8021220339118144
146.463	0.6760344691877412
147.448	0.7446969967319818
148.431	0.48228048497037407
149.416	0.4892102680016207
150.404	0.7334412180883267
151.38400000000001	0.5641384608234634
152.367	0.73780224624065
153.346	0.10231308718934216
154.333	0.4267743903370801
155.321	0.48040925489923714
156.303	0.5271007440560719
157.29	0.6334740320233825
158.269	0.38668960734638513
159.252	0.26217223163164294
160.237	0.11577670813197055
161.225	0.5975459118927166
162.208	0.2567958405233845
163.193	0.4038063867306938
164.179	0.29440521660854085
165.169	0.7436824007726929
166.15	0.4277967728615627
167.132	0.4550532841039762
168.112	0.18022246345654322
169.097	0.20861453911833983
170.084	0.6312422674349899
171.06900000000002	0.7123437680625195
172.055	0.7616036462149207
173.03900000000002	0.44995082408542914
174.024	0.45689975706320723
175.004	0.15028383570421908
175.984	0.11762502423665194
176.965	0.0978976473958685
177.951	0.3278419549145421
178.933	0.4377558195963209
179.911	0.1244643806886923
180.897	0.19341173873493286
181.886	0.6820569884891993
182.871	0.870878844105044
183.857	0.9191309552710525
184.836	0.6078993127539231
185.816	0.34762682827135205
186.797	0.20168237433117503
187.78300000000002	0.1354805812495639
188.773	0.5151613125018655
189.75900000000001	0.3613468007755261
190.747	0.30501190368704123
191.736	0.36379220162378684
192.726	0.504796103981161
193.715	0.36563391704140424
194.70600000000002	0.6646094498954633
195.693	0.4173042857850994
196.678	0.3373859537039749
197.663	0.11368378373872766
198.655	0.4343843794833113
199.642	0.2863397260418077
200.63	0.43185564627063117
201.616	0.21225880741559977
202.607	0.44385389773134865
203.597	0.24939336393455888
204.592	0.16747248534088238
205.588	0.1470769023137022
206.584	0.12003301324363404
207.58100000000002	0.15845176164833197
208.579	0.19643355801512463
209.577	0.593440685944714
210.57500000000002	0.5459412754105708
211.574	0.9008170865384729
212.572	0.5714194356199664
213.572	0.9968070870000001
214.572	0.9966804732081
215.572	1.0
216.572	1.0
217.572	1.0
218.572	1.0
219.572	1.0
220.572	1.0
221.572	1.0
222.572	1.0
223.572	1.0
224.572	1.0
225.572	1.0
226.572	1.0
227.572	1.0
228.572	1.0
229.572	1.0
230.572	1.0
231.572	1.0
232.572	1.0
233.572	1.0
234.572	1.0
235.572	1.0
236.572	1.0
237.572	1.0
238.572	1.0
239.572	1.0
240.572	1.0
241.572	1.0
242.572	1.0
243.572	1.0
244.572	1.0
245.572	1.0
246.572	1.0
247.572	1.0
248.572	1.0
249.572	1.0
250.572	1.0
251.572	1.0
252.572	1.0
253.572	1.0
254.572	1.0
255.572	1.0
256.572	1.0
257.572	1.0
258.572	1.0
259.572	1.0
260.572	1.0
261.572	1.0
262.572	1.0
263.572	1.0
264.572	1.0
265.572	1.0
266.572	1.0
267.572	1.0
268.572	1.0
269.572	1.0
270.572	1.0
271.572	1.0
272.572	1.0
273.572	1.0
274.572	1.0
275.572	1.0
276.572	1.0
277.572	1.0
278.572	1.0
279.572	1.0
280.572	1.0
281.572	1.0
282.572	1.0
283.572	1.0
284.572	1.0
285.572	1.0
286.572	1.0
287.572	1.0
288.572	1.0
289.572	1.0
290.572	1.0
291.572	1.0
292.572	1.0
293.572	1.0
294.572	1.0
295.572	1.0
296.572	1.0
297.572	1.0
298.572	1.0
299.572	1.0
300.572	1.0
301.572	1.0
302.572	1.0
303.572	1.0
304.572	1.0
305.572	1.0
306.572	1.0
307.572	1.0
308.572	1.0
309.572	1.0
310.572	1.0
311.572	1.0
312.572	1.0
313.572	1.0
314.572	1.0
315.572	1.0
316.572	1.0
317.572	1.0
318.572	1.0
319.572	1.0
320.572	1.0
321.572	1.0
322.572	1.0
323.572	1.0
324.572	1.0
325.572	1.0
326.572	1.0
327.572	1.0
328.572	1.0
329.572	1.0
330.572	1.0
331.572	1.0
332.572	1.0
333.572	1.0
334.572	1.0
335.572	1.0
336.572	1.0
337.572	1.0
338.572	1.0
339.572	1.0
340.572	1.0
341.572	1.0
342.572	1.0
343.572	1.0
344.572	1.0
345.572	1.0
346.572	1.0
347.572	1.0
348.572	1.0
349.572	1.0
350.572	1.0
351.572	1.0
352.572	1.0
353.572	1.0
354.572	1.0
355.572	1.0
356.572	1.0
357.572	1.0
358.572	1.0
359.572	1.0
360.572	1.0
361.572	1.0
362.572	1.0
363.572	1.0
364.572	1.0
365.572	1.0
366.572	1.0
367.572	1.0
368.572	1.0
369.572	1.0
370.572	1.0
371.572	1.0
372.572	1.0
373.572	1.0
374.572	1.0
375.572	1.0
376.572	1.0
377.572	1.0
378.572	1.0
379.572	1.0
380.572	1.0
381.572	1.0
382.572	1.0
383.572	1.0
384.572	1.0
385.572	1.0
386.572	1.0
387.572	1.0
388.572	1.0
389.572	1.0
390.572	1.0
391.572	1.0
392.572	1.0
393.572	1.0
394.572	1.0
395.572	1.0
396.572	1.0
397.572	1.0
398.572	1.0
399.572	1.0
400.572	1.0
401.572	1.0
402.572	1.0
403.572	1.0
404.572	1.0
405.572	1.0
406.572	1.0
407.572	1.0
408.572	1.0
409.572	1.0
410.572	1.0
411.572	1.0
412.572	1.0
413.572	1.0
414.572	1.0
415.572	1.0
416.572	1.0
417.572	1.0
418.572	1.0
419.572	1.0
420.572	1.0
421.572	1.0
422.572	1.0
423.572	1.0
424.572	1.0
425.572	1.0
426.572	1.0
427.572	1.0
428.572	1.0
429.572	1.0
430.572	1.0
431.572	1.0
432.572	1.0
433.572	1.0
434.572	1.0
435.572	1.0
436.572	1.0
437.572	1.0
438.572	1.0
439.572	1.0
440.572	1.0
441.572	1.0
442.572	1.0
443.572	1.0
444.572	1.0
445.572	1.0
446.572	1.0
447.572	1.0
448.572	1.0
449.572	1.0
450.572	1.0
451.572	1.0
452.572	1.0
453.572	1.0
454.572	1.0
455.572	1.0
456.572	1.0
457.572	1.0
458.572	1.0
459.572	1.0
460.572	1.0
461.572	1.0
462.572	1.0
463.572	1.0
464.572	1.0
465.572	1.0
466.572	1.0
467.572	1.0
468.572	1.0
469.572	1.0
470.572	1.0
471.572	1.0
472.572	1.0
473.572	1.0
474.572	1.0
475.572	1.0
476.572	1.0
477.572	1.0
478.572	1.0
479.572	1.0
480.572	1.0
481.572	1.0
482.572	1.0
483.572	1.0
484.572	1.0
485.572	1.0
486.572	1.0
487.572	1.0
488.572	1.0
489.572	1.0
490.572	1.0
491.572	1.0
492.572	1.0
493.572	1.0
494.572	1.0
495.572	1.0
496.572	1.0
497.572	1.0
498.572	1.0
499.572	1.0
500.572	1.0
501.572	1.0
502.572	1.0
503.572	1.0
504.572	1.0
505.572	1.0
506.572	1.0
507.572	1.0
508.572	1.0
509.572	1.0
510.572	1.0
511.572	1.0
512.572	1.0
513.572	1.0
514.572	1.0
515.572	1.0
516.572	1.0
517.572	1.0
518.572	1.0
519.572	1.0
520.572	1.0
521.572	1.0
522.572	1.0
523.572	1.0
524.572	1.0
525.572	1.0
526.572	1.0
527.572	1.0
528.572	1.0
529.572	1.0
530.572	1.0
531.572	1.0
532.572	1.0
533.572	1.0
534.572	1.0
535.572	1.0
536.572	1.0
537.572	1.0
538.572	1.0
539.572	1.0
540.572	1.0
541.572	1.0
542.572	1.0
543.572	1.0
544.572	1.0
545.572	1.0
546.572	1.0
547.572	1.0
548.572	1.0
549.572	1.0
550.572	1.0
551.572	1.0
552.572	1.0
553.572	1.0
554.572	1.0
555.572	1.0
556.572	1.0
557.572	1.0
558.572	1.0
559.572	1.0
560.572	1.0
561.572	1.0
562.572	1.0
563.572	1.0
564.572	1.0
565.572	1.0
566.572	1.0
567.572	1.0
568.572	1.0
569.572	1.0
570.572	1.0
571.572	1.0
572.572	1.0
573.572	1.0
574.572	1.0
575.572	1.0
576.572	1.0
577.572	1.0
578.572	1.0
579.572	1.0
580.572	1.0
581.572	1.0
582.572	1.0
583.572	1.0
584.572	1.0
585.572	1.0
586.572	1.0
587.572	1.0
588.572	1.0
589.572	1.0
590.572	1.0
591.572	1.0
592.572	1.0
593.572	1.0
594.572	1.0
595.572	1.0
596.572	1.0
597.572	1.0
598.572	1.0
599.572	1.0
600.572	1.0
601.572	1.0
602.572	1.0
603.572	1.0
604.572	1.0
605.572	1.0
606.572	1.0
607.572	1.0
608.572	1.0
609.572	1.0
610.572	1.0
611.572	1.0
612.572	1.0
613.572	1.0
614.572	1.0
615.572	1.0
616.572	1.0
617.572	1.0
618.572	1.0
619.572	1.0
620.572	1.0
621.572	1.0
622.572	1.0
623.572	1.0
624.572	1.0
625.572	1.0
626.572	1.0
627.572	1.0
628.572	1.0
629.572	1.0
630.572	1.0
631.572	1.0
632.572	1.0
633.572	1.0
634.572	1.0
635.572	1.0
636.572	1.0
637.572	1.0
638.572	1.0
639.572	1.0
640.572	1.0
641.572	1.0
642.572	1.0
643.572	1.0
644.572	1.0
645.572	1.0
646.572	1.0
647.572	1.0
648.572	1.0
649.572	1.0
650.572	1.0
651.572	1.0
652.572	1.0
653.572	1.0
654.572	1.0
655.572	1.0
656.572	1.0
657.572	1.0
658.572	1.0
659.572	1.0
660.572	1.0
661.572	1.0
662.572	1.0
663.572	1.0
664.572	1.0
665.572	1.0
666.572	1.0
667.572	1.0
668.572	1.0
669.572	1.0
670.572	1.0
671.572	1.0
672.572	1.0
673.572	1.0
674.572	1.0
675.572	1.0
676.572	1.0
677.572	1.0
678.572	1.0
679.572	1.0
680.572	1.0
681.572	1.0
682.572	1.0
683.572	1.0
684.572	1.0
685.572	1.0
686.572	1.0
687.572	1.0
688.572	1.0
689.572	1.0
690.572	1.0
691.572	1.0
692.572	1.0
693.572	1.0
694.572	1.0
695.572	1.0
696.572	1.0
697.572	1.0
698.572	1.0
699.572	1.0
700.572	1.0
701.572	1.0
702.572	1.0
703.572	1.0
704.572	1.0
705.572	1.0
706.572	1.0
707.572	1.0
708.572	1.0
709.572	1.0
710.572	1.0
711.572	1.0
712.572	1.0
713.572	1.0
714.572	1.0
715.572	1.0
716.572	1.0
717.572	1.0
718.572	1.0
719.572	1.0
720.572	1.0
721.572	1.0
722.572	1.0
723.572	1.0
724.572	1.0
725.572	1.0
726.572	1.0
727.572	1.0
728.572	1.0
729.572	1.0
730.572	1.0
731.572	1.0
732.572	1.0
733.572	1.0
734.572	1.0
735.572	1.0
736.572	1.0
737.572	1.0
738.572	1.0
739.572	1.0
740.572	1.0
741.572	1.0
742.572	1.0
743.572	1.0
744.572	1.0
745.572	1.0
746.572	1.0
747.572	1.0
748.572	1.0
749.572	1.0
750.572	1.0
751.572	1.0
752.572	1.0
753.572	1.0
754.572	1.0
755.572	1.0
756.572	1.0
757.572	1.0
758.572	1.0
759.572	1.0
760.572	1.0
761.572	1.0
762.572	1.0
763.572	1.0
764.572	1.0
765.572	1.0
766.572	1.0
767.572	1.0
768.572	1.0
769.572	1.0
770.572	1.0
771.572	1.0
772.572	1.0
773.572	1.0
774.572	1.0
775.572	1.0
776.572	1.0
777.572	1.0
778.572	1.0
779.572	1.0
780.572	1.0
781.572	1.0
782.572	1.0
783.572	1.0
784.572	1.0
785.572	1.0
786.572	1.0
787.572	1.0
788.572	1.0
789.572	1.0
790.572	1.0
791.572	1.0
792.572	1.0
793.572	1.0
794.572	1.0
795.572	1.0
796.572	1.0
797.572	1.0
798.572	1.0
799.572	1.0
800.572	1.0
801.572	1.0
802.572	1.0
803.572	1.0
804.572	1.0
805.572	1.0
806.572	1.0
807.572	1.0
808.572	1.0
809.572	1.0
810.572	1.0
811.572	1.0
812.572	1.0
813.572	1.0
814.572	1.0
815.572	1.0
816.572	1.0
817.572	1.0
818.572	1.0
819.572	1.0
820.572	1.0
821.572	1.0
822.572	1.0
823.572	1.0
824.572	1.0
825.572	1.0
826.572	1.0
827.572	1.0
828.572	1.0
829.572	1.0
830.572	1.0
831.572	1.0
832.572	1.0
833.572	1.0
834.572	1.0
835.572	1.0
836.572	1.0
837.572	1.0
838.572	1.0
839.572	1.0
840.572	1.0
841.572	1.0
842.572	1.0
843.572	1.0
844.572	1.0
845.572	1.0
846.572	1.0
847.572	1.0
848.572	1.0
849.572	1.0
850.572	1.0
851.572	1.0
852.572	1.0
853.572	1.0
854.572	1.0
855.572	1.0
856.572	1.0
857.572	1.0
858.572	1.0
859.572	1.0
860.572	1.0
861.572	1.0
862.572	1.0
863.572	1.0
864.572	1.0
865.572	1.0
866.572	1.0
867.572	1.0
868.572	1.0
869.572	1.0
870.572	1.0
871.572	1.0
872.572	1.0
873.572	1.0
874.572	1.0
875.572	1.0
876.572	1.0
877.572	1.0
878.572	1.0
879.572	1.0
880.572	1.0
881.572	1.0
882.572	1.0
883.572	1.0
884.572	1.0
885.572	1.0
886.572	1.0
887.572	1.0
888.572	1.0
889.572	1.0
890.572	1.0
891.572	1.0
892.572	1.0
893.572	1.0
894.572	1.0
895.572	1.0
896.572	1.0
897.572	1.0
898.572	1.0
899.572	1.0
900.572	1.0
901.572	1.0
902.572	1.0
903.572	1.0
904.572	1.0
905.572	1.0
906.572	1.0
907.572	1.0
908.572	1.0
909.572	1.0
910.572	1.0
911.572	1.0
912.572	1.0
913.572	1.0
914.572	1.0
915.572	1.0
916.572	1.0
917.572	1.0
918.572	1.0
919.572	1.0
920.572	1.0
921.572	1.0
922.572	1.0
923.572	1.0
924.572	1.0
925.572	1.0
926.572	1.0
927.572	1.0
928.572	1.0
929.572	1.0
930.572	1.0
931.572	1.0
932.572	1.0
933.572	1.0
934.572	1.0
935.572	1.0
936.572	1.0
937.572	1.0
938.572	1.0
939.572	1.0
940.572	1.0
941.572	1.0
942.572	1.0
943.572	1.0
944.572	1.0
945.572	1.0
946.572	1.0
947.572	1.0
948.572	1.0
949.572	1.0
950.572	1.0
951.572	1.0
952.572	1.0
953.572	1.0
954.572	1.0
955.572	1.0
956.572	1.0
957.572	1.0
958.572	1.0
959.572	1.0
960.572	1.0
961.572	1.0
962.572	1.0
963.572	1.0
964.572	1.0
965.572	1.0
966.572	1.0
967.572	1.0
968.572	1.0
969.572	1.0
970.572	1.0
971.572	1.0
972.572	1.0
973.572	1.0
974.572	1.0
975.572	1.0
976.572	1.0
977.572	1.0
978.572	1.0
979.572	1.0
980.572	1.0
981.572	1.0
982.572	1.0
983.572	1.0
984.572	1.0
985.572	1.0
986.572	1.0
987.572	1.0
988.572	1.0
989.572	1.0
990.572	1.0
991.572	1.0
992.572	1.0
