0.9470000000000001	0.4822216397330205
1.913	0.4759097074387395
2.884	0.4798474926084027
3.851	0.4629879865739042
4.822	0.4474432606901244
5.792	0.4871161278102531
6.759	0.5095460524546213
7.73	0.511504747528837
8.691	0.5216628239700819
9.67	0.5261318605338209
10.637	0.553896683710079
11.606	0.5703195062110032
12.564	0.5767420135604883
13.524000000000001	0.5863449217557246
14.481	0.5859481739806452
15.425	0.5992147547219133
16.382	0.5897385688006981
17.351	0.6119624294752642
18.309	0.6026553876751134
19.249	0.6054629954464139
20.205000000000002	0.637577080164381
21.17	0.6717794620451749
22.117	0.6842948898702063
23.072	0.6864214811875535
24.027	0.6966445581706466
24.963	0.690938999919093
25.915	0.7145166840802888
26.885	0.7097325088772396
27.85	0.7407813454618896
28.802	0.7560597974718839
29.763	0.7573591897139971
30.729	0.7921661474358509
31.699	0.8159101837192373
32.64	0.7957208059643737
33.6	0.810266358112168
34.574	0.8141706721470493
35.534	0.8176588674605005
36.53	0.8374848825009966
37.507	0.843923204779176
38.475	0.8554523956673599
39.426	0.8737924291248396
40.38	0.8718607640443569
41.353	0.8726476932699438
42.318	0.8438726207871997
43.295	0.8512283849256114
44.28	0.8737975415290049
45.247	0.7311872077932537
46.232	0.8666643310264001
47.208	0.7136135874033495
48.194	0.8642959671590218
49.175000000000004	0.8484696324919938
50.151	0.7554362931186641
51.131	0.7527952975443777
52.111000000000004	0.7883829267300642
53.092	0.7653713741178242
54.078	0.7926010129426297
55.068	0.8924560735037449
56.054	0.8923518833363181
57.034	0.5543834505441326
58.03	0.9140825293487463
59.006	0.7557060192068392
59.991	0.7267447088405028
60.977000000000004	0.5812948337333269
61.973	0.9394753761278881
62.954	0.8023126069157791
63.943	0.9064725480825282
64.926	0.40863319856526975
65.922	0.9243835837235185
66.909	0.9320790652120376
67.895	0.803018754548022
68.879	0.7292019588440315
69.868	0.7507397638532031
70.861	0.9508078896954224
71.842	0.7311534704536544
72.839	0.9476046944410925
73.82600000000001	0.9516464157233482
74.813	0.9367378577937732
75.795	0.6651894372531301
76.786	0.9257869174882196
77.775	0.7359974546192449
78.762	0.6527934055349801
79.748	0.6806875084202647
80.737	0.7270325200452539
81.734	0.9322460050724117
82.721	0.9617102110031357
83.70700000000001	0.7759801091588369
84.70400000000001	0.9657792907008342
85.68900000000001	0.9578812986118521
86.679	0.9580669108361782
87.667	0.40253492780479455
88.658	0.6038316209703259
89.649	0.8185976395127019
90.641	0.9660635630440901
91.629	0.9215629582371918
92.619	0.8770407884694176
93.60600000000001	0.5827644898146201
94.59700000000001	0.922690014094298
95.584	0.9431072875127933
96.57000000000001	0.8658099165365404
97.557	0.8736258774613965
98.548	0.9576919140205695
99.535	0.8527919225784032
100.52	0.5715677495443396
101.509	0.3446642232411484
102.499	0.410299676456606
103.49000000000001	0.6015361137376485
104.48	0.618370345239356
105.47	0.5750103496061711
106.458	0.21028560431282342
107.455	0.9616702716437043
108.438	0.31599735327588524
109.429	0.6352104550028569
110.419	0.41372294689097505
111.41	0.7739523125973171
112.399	0.38676449876531566
113.388	0.1747054867961451
114.38	0.7246163113391885
115.37100000000001	0.9234048535411754
116.361	0.7380459890290515
117.348	0.1335880804038849
118.33800000000001	0.12367070549467653
119.32900000000001	0.33617322460350424
120.321	0.7380070981613547
121.31	0.47106464700039347
122.301	0.8117909704047065
123.291	0.6656738064920092
124.282	0.9200934036367945
125.27	0.5503511605961413
126.265	0.9697131351242244
127.25	0.891662843466864
128.24	0.7526488244371493
129.231	0.8619226708044047
130.221	0.5113956978642126
131.212	0.8156785702032359
132.203	0.9612473003170131
133.198	0.9631335470985221
134.183	0.8573765195142125
135.177	0.9728285457047527
136.162	0.8106664695354683
137.151	0.914755542362743
138.138	0.1992781685288457
139.131	0.9514092867297282
140.118	0.17288959936870238
141.109	0.3535587857029682
142.1	0.6075862938722258
143.091	0.8920388827967639
144.085	0.9747452407512981
145.07	0.7167962325899044
146.061	0.9557123387519084
147.04500000000002	0.6836226512428446
148.032	0.7443093020876076
149.023	0.8693749357963116
150.012	0.7871405330866421
151.002	0.6940569505862108
151.992	0.6435815638286816
152.983	0.8848382341025128
153.974	0.9435058191465668
154.96	0.533473960184809
155.952	0.8237811621161671
156.943	0.8737371293111439
157.93200000000002	0.7526653828640277
158.922	0.8468204789478309
159.905	0.43744228132044116
160.887	0.3782509178242295
161.875	0.6816501624825386
162.857	0.47824194239143025
163.849	0.9023721093828396
164.83100000000002	0.6396848912638744
165.81300000000002	0.3756587678595862
166.805	0.8776008479232424
167.78900000000002	0.6608544212135481
168.773	0.578246990891048
169.764	0.9199618760581573
170.755	0.9625734794971036
171.746	0.9716988673285151
172.727	0.9189819908765474
173.713	0.7050867191986914
174.702	0.5483690796375718
175.693	0.8275207851739094
176.684	0.9022568936699593
177.667	0.606913159750072
178.657	0.6131925438193508
179.649	0.9495838267921827
180.639	0.9398578749172504
181.629	0.8971357740533277
182.618	0.9021404425842416
183.609	0.9714389049192721
184.6	0.977536382743541
185.589	0.3789668479567007
186.58	0.6198932221961873
187.571	0.8349419061547293
188.562	0.9403733982132085
189.562	0.9835104477144946
190.553	0.9781871340337532
191.534	0.9739360873517243
192.525	0.9668513730624724
193.519	0.9567488109149059
194.501	0.9019959037617381
195.491	0.7525786129615512
196.482	0.9514244541141996
197.47400000000002	0.9627885845568257
198.461	0.5870471005596396
199.452	0.8511065265490065
200.442	0.9309864756658368
201.433	0.9463039203215501
202.422	0.9402169615672349
203.412	0.9202995055692113
204.403	0.9718145613604747
205.391	0.8713230958085771
206.381	0.8782796146377393
207.371	0.8818892181171446
208.362	0.9340705132810495
209.352	0.9348202065933446
210.34300000000002	0.9538649359728898
211.334	0.9925686873190053
212.323	0.9804913398611645
213.31300000000002	0.9774745116982478
214.303	0.8946006608502182
215.294	0.9807286157866897
216.28300000000002	0.607841496679291
217.28300000000002	0.9745296914130415
218.264	0.9558873428629262
219.245	0.7322622361167164
220.23600000000002	0.9638462629496943
221.227	0.9561212881079408
222.217	0.9645869585107907
223.208	0.9656683694247884
224.192	0.8416806855075494
225.187	0.9770856518835858
226.178	0.9779481161264063
227.159	0.9689744493509829
228.145	0.9128945115397407
229.132	0.6045543039603087
230.12300000000002	0.7928792457020015
231.114	0.9057198417996818
232.10500000000002	0.9220685388749565
233.096	0.9416176893778404
234.08700000000002	0.8921844384408772
235.078	0.9448760864908977
236.06900000000002	0.9412054577228385
237.059	0.9481028533589319
238.049	0.9216553307293455
239.049	0.9649496782049186
240.03	0.9406118737560676
241.02	0.9731326765974576
242.02	0.9803218370661313
243.001	0.9757900020373859
243.99200000000002	0.9741153081904512
244.973	0.95985850972452
245.961	0.8652623596991144
246.955	0.9841856034636508
247.946	0.9697691215760038
248.931	0.8385603826887885
249.922	0.9078475333909533
250.911	0.8891230340666025
251.90200000000002	0.9848754948793921
252.893	0.9742393276529969
253.88400000000001	0.9802604715790748
254.875	0.9766363166338123
255.866	0.9821932420822956
256.855	0.9696219713372614
257.846	0.9773291729160222
258.834	0.9190953095163368
259.825	0.961410837281115
260.812	0.9718739681005911
261.803	0.9587827030456899
262.794	0.9589895020219467
263.784	0.9627652544730275
264.775	0.9789716542894875
265.766	0.9685784501211189
266.75600000000003	0.9659547734538868
267.746	0.7473871464302662
268.737	0.8569818162654633
269.728	0.9394336993879464
270.719	0.9655637546265785
271.71	0.9484566384661237
272.701	0.9639523273480087
273.689	0.7599908174163995
274.67900000000003	0.7001843077746125
275.67	0.8787751664015631
276.661	0.941392590611596
277.651	0.9091779129746309
278.642	0.9260928351290052
279.633	0.926445193032143
280.624	0.9268443642254773
281.615	0.9272666375113079
282.606	0.8975189974292145
283.597	0.8874456743904668
284.586	0.7357386623792992
285.576	0.6953427650450198
286.56600000000003	0.5863697393739565
287.56	0.921598463265813
288.549	0.9104830495268733
289.539	0.8321045118489152
290.529	0.7483815605751238
291.521	0.8838902594937199
292.51	0.46851676250404867
293.50100000000003	0.5420377176376214
294.492	0.5622595385200498
295.483	0.6213194633828382
296.473	0.41296292469092577
297.46500000000003	0.6569507257384909
298.456	0.6995598758296028
299.456	0.935448369932401
300.446	0.9255170747655069
301.436	0.9481950190437414
302.427	0.9381459292286581
303.41700000000003	0.9093184078422335
304.407	0.8809563754870188
305.397	0.8755323247912067
306.387	0.866917309194002
307.377	0.8683482480846211
308.367	0.8434724110300463
309.357	0.8314618964820325
310.347	0.8295767081417776
311.337	0.8174735949118878
312.327	0.6833540979222672
313.318	0.6969820489389759
314.309	0.6974489307922214
315.3	0.6912055822230663
316.291	0.6982483307478723
317.282	0.6951940768642313
318.273	0.6888157324531698
319.264	0.6926855266804617
320.262	0.7527371791122668
321.255	0.8998270068648057
322.244	0.7961356526983205
323.242	0.877873593827802
324.234	0.7735133397832639
325.234	0.9488666017175643
326.233	0.9680828623062799
327.224	0.950932841650923
328.21500000000003	0.9530772872132286
329.205	0.9178137417576717
330.196	0.7091063255264628
331.196	0.9815010066504383
332.196	0.9834378278174959
333.187	0.9425729200911784
334.187	0.994387819764046
335.187	0.9932317809386122
336.178	0.9872680262538518
337.178	0.9865851898171585
338.17	0.9961424027711561
339.17	0.9955903378839036
340.17	0.995054556756009
341.164	0.9601887168804669
342.163	0.6804458213333332
343.163	1.0
344.163	1.0
345.163	1.0
346.163	1.0
347.163	1.0
348.163	1.0
349.163	1.0
350.163	1.0
351.163	1.0
352.163	1.0
353.163	1.0
354.163	1.0
355.163	1.0
356.163	1.0
357.163	1.0
358.163	1.0
359.163	1.0
360.163	1.0
361.163	1.0
362.163	1.0
363.163	1.0
364.163	1.0
365.163	1.0
366.163	1.0
367.163	1.0
368.163	1.0
369.163	1.0
370.163	1.0
371.163	1.0
372.163	1.0
373.163	1.0
374.163	1.0
375.163	1.0
376.163	1.0
377.163	1.0
378.163	1.0
379.163	1.0
380.163	1.0
381.163	1.0
382.163	1.0
383.163	1.0
384.163	1.0
385.163	1.0
386.163	1.0
387.163	1.0
388.163	1.0
389.163	1.0
390.163	1.0
391.163	1.0
392.163	1.0
393.163	1.0
394.163	1.0
395.163	1.0
396.163	1.0
397.163	1.0
398.163	1.0
399.163	1.0
400.163	1.0
401.163	1.0
402.163	1.0
403.163	1.0
404.163	1.0
405.163	1.0
406.163	1.0
407.163	1.0
408.163	1.0
409.163	1.0
410.163	1.0
411.163	1.0
412.163	1.0
413.163	1.0
414.163	1.0
415.163	1.0
416.163	1.0
417.163	1.0
418.163	1.0
419.163	1.0
420.163	1.0
421.163	1.0
422.163	1.0
423.163	1.0
424.163	1.0
425.163	1.0
426.163	1.0
427.163	1.0
428.163	1.0
429.163	1.0
430.163	1.0
431.163	1.0
432.163	1.0
433.163	1.0
434.163	1.0
435.163	1.0
436.163	1.0
437.163	1.0
438.163	1.0
439.163	1.0
440.163	1.0
441.163	1.0
442.163	1.0
443.163	1.0
444.163	1.0
445.163	1.0
446.163	1.0
447.163	1.0
448.163	1.0
449.163	1.0
450.163	1.0
451.163	1.0
452.163	1.0
453.163	1.0
454.163	1.0
455.163	1.0
456.163	1.0
457.163	1.0
458.163	1.0
459.163	1.0
460.163	1.0
461.163	1.0
462.163	1.0
463.163	1.0
464.163	1.0
465.163	1.0
466.163	1.0
467.163	1.0
468.163	1.0
469.163	1.0
470.163	1.0
471.163	1.0
472.163	1.0
473.163	1.0
474.163	1.0
475.163	1.0
476.163	1.0
477.163	1.0
478.163	1.0
479.163	1.0
480.163	1.0
481.163	1.0
482.163	1.0
483.163	1.0
484.163	1.0
485.163	1.0
486.163	1.0
487.163	1.0
488.163	1.0
489.163	1.0
490.163	1.0
491.163	1.0
492.163	1.0
493.163	1.0
494.163	1.0
495.163	1.0
496.163	1.0
497.163	1.0
498.163	1.0
499.163	1.0
500.163	1.0
501.163	1.0
502.163	1.0
503.163	1.0
504.163	1.0
505.163	1.0
506.163	1.0
507.163	1.0
508.163	1.0
509.163	1.0
510.163	1.0
511.163	1.0
512.163	1.0
513.163	1.0
514.163	1.0
515.163	1.0
516.163	1.0
517.163	1.0
518.163	1.0
519.163	1.0
520.163	1.0
521.163	1.0
522.163	1.0
523.163	1.0
524.163	1.0
525.163	1.0
526.163	1.0
527.163	1.0
528.163	1.0
529.163	1.0
530.163	1.0
531.163	1.0
532.163	1.0
533.163	1.0
534.163	1.0
535.163	1.0
536.163	1.0
537.163	1.0
538.163	1.0
539.163	1.0
540.163	1.0
541.163	1.0
542.163	1.0
543.163	1.0
544.163	1.0
545.163	1.0
546.163	1.0
547.163	1.0
548.163	1.0
549.163	1.0
550.163	1.0
551.163	1.0
552.163	1.0
553.163	1.0
554.163	1.0
555.163	1.0
556.163	1.0
557.163	1.0
558.163	1.0
559.163	1.0
560.163	1.0
561.163	1.0
562.163	1.0
563.163	1.0
564.163	1.0
565.163	1.0
566.163	1.0
567.163	1.0
568.163	1.0
569.163	1.0
570.163	1.0
571.163	1.0
572.163	1.0
573.163	1.0
574.163	1.0
575.163	1.0
576.163	1.0
577.163	1.0
578.163	1.0
579.163	1.0
580.163	1.0
581.163	1.0
582.163	1.0
583.163	1.0
584.163	1.0
585.163	1.0
586.163	1.0
587.163	1.0
588.163	1.0
589.163	1.0
590.163	1.0
591.163	1.0
592.163	1.0
593.163	1.0
594.163	1.0
595.163	1.0
596.163	1.0
597.163	1.0
598.163	1.0
599.163	1.0
600.163	1.0
601.163	1.0
602.163	1.0
603.163	1.0
604.163	1.0
605.163	1.0
606.163	1.0
607.163	1.0
608.163	1.0
609.163	1.0
610.163	1.0
611.163	1.0
612.163	1.0
613.163	1.0
614.163	1.0
615.163	1.0
616.163	1.0
617.163	1.0
618.163	1.0
619.163	1.0
620.163	1.0
621.163	1.0
622.163	1.0
623.163	1.0
624.163	1.0
625.163	1.0
626.163	1.0
627.163	1.0
628.163	1.0
629.163	1.0
630.163	1.0
631.163	1.0
632.163	1.0
633.163	1.0
634.163	1.0
635.163	1.0
636.163	1.0
637.163	1.0
638.163	1.0
639.163	1.0
640.163	1.0
641.163	1.0
642.163	1.0
643.163	1.0
644.163	1.0
645.163	1.0
646.163	1.0
647.163	1.0
648.163	1.0
649.163	1.0
650.163	1.0
651.163	1.0
652.163	1.0
653.163	1.0
654.163	1.0
655.163	1.0
656.163	1.0
657.163	1.0
658.163	1.0
659.163	1.0
660.163	1.0
661.163	1.0
662.163	1.0
663.163	1.0
664.163	1.0
665.163	1.0
666.163	1.0
667.163	1.0
668.163	1.0
669.163	1.0
670.163	1.0
671.163	1.0
672.163	1.0
673.163	1.0
674.163	1.0
675.163	1.0
676.163	1.0
677.163	1.0
678.163	1.0
679.163	1.0
680.163	1.0
681.163	1.0
682.163	1.0
683.163	1.0
684.163	1.0
685.163	1.0
686.163	1.0
687.163	1.0
688.163	1.0
689.163	1.0
690.163	1.0
691.163	1.0
692.163	1.0
693.163	1.0
694.163	1.0
695.163	1.0
696.163	1.0
697.163	1.0
698.163	1.0
699.163	1.0
700.163	1.0
701.163	1.0
702.163	1.0
703.163	1.0
704.163	1.0
705.163	1.0
706.163	1.0
707.163	1.0
708.163	1.0
709.163	1.0
710.163	1.0
711.163	1.0
712.163	1.0
713.163	1.0
714.163	1.0
715.163	1.0
716.163	1.0
717.163	1.0
718.163	1.0
719.163	1.0
720.163	1.0
721.163	1.0
722.163	1.0
723.163	1.0
724.163	1.0
725.163	1.0
726.163	1.0
727.163	1.0
728.163	1.0
729.163	1.0
730.163	1.0
731.163	1.0
732.163	1.0
733.163	1.0
734.163	1.0
735.163	1.0
736.163	1.0
737.163	1.0
738.163	1.0
739.163	1.0
740.163	1.0
741.163	1.0
742.163	1.0
743.163	1.0
744.163	1.0
745.163	1.0
746.163	1.0
747.163	1.0
748.163	1.0
749.163	1.0
750.163	1.0
751.163	1.0
752.163	1.0
753.163	1.0
754.163	1.0
755.163	1.0
756.163	1.0
757.163	1.0
758.163	1.0
759.163	1.0
760.163	1.0
761.163	1.0
762.163	1.0
763.163	1.0
764.163	1.0
765.163	1.0
766.163	1.0
767.163	1.0
768.163	1.0
769.163	1.0
770.163	1.0
771.163	1.0
772.163	1.0
773.163	1.0
774.163	1.0
775.163	1.0
776.163	1.0
777.163	1.0
778.163	1.0
779.163	1.0
780.163	1.0
781.163	1.0
782.163	1.0
783.163	1.0
784.163	1.0
785.163	1.0
786.163	1.0
787.163	1.0
788.163	1.0
789.163	1.0
790.163	1.0
791.163	1.0
792.163	1.0
793.163	1.0
794.163	1.0
795.163	1.0
796.163	1.0
797.163	1.0
798.163	1.0
799.163	1.0
800.163	1.0
801.163	1.0
802.163	1.0
803.163	1.0
804.163	1.0
805.163	1.0
806.163	1.0
807.163	1.0
808.163	1.0
809.163	1.0
810.163	1.0
811.163	1.0
812.163	1.0
813.163	1.0
814.163	1.0
815.163	1.0
816.163	1.0
817.163	1.0
818.163	1.0
819.163	1.0
820.163	1.0
821.163	1.0
822.163	1.0
823.163	1.0
824.163	1.0
825.163	1.0
826.163	1.0
827.163	1.0
828.163	1.0
829.163	1.0
830.163	1.0
831.163	1.0
832.163	1.0
833.163	1.0
834.163	1.0
835.163	1.0
836.163	1.0
837.163	1.0
838.163	1.0
839.163	1.0
840.163	1.0
841.163	1.0
842.163	1.0
843.163	1.0
844.163	1.0
845.163	1.0
846.163	1.0
847.163	1.0
848.163	1.0
849.163	1.0
850.163	1.0
851.163	1.0
852.163	1.0
853.163	1.0
854.163	1.0
855.163	1.0
856.163	1.0
857.163	1.0
858.163	1.0
859.163	1.0
860.163	1.0
861.163	1.0
862.163	1.0
863.163	1.0
864.163	1.0
865.163	1.0
866.163	1.0
867.163	1.0
868.163	1.0
869.163	1.0
870.163	1.0
871.163	1.0
872.163	1.0
873.163	1.0
874.163	1.0
875.163	1.0
876.163	1.0
877.163	1.0
878.163	1.0
879.163	1.0
880.163	1.0
881.163	1.0
882.163	1.0
883.163	1.0
884.163	1.0
885.163	1.0
886.163	1.0
887.163	1.0
888.163	1.0
889.163	1.0
890.163	1.0
891.163	1.0
892.163	1.0
893.163	1.0
894.163	1.0
895.163	1.0
896.163	1.0
897.163	1.0
898.163	1.0
899.163	1.0
900.163	1.0
901.163	1.0
902.163	1.0
903.163	1.0
904.163	1.0
905.163	1.0
906.163	1.0
907.163	1.0
908.163	1.0
909.163	1.0
910.163	1.0
911.163	1.0
912.163	1.0
913.163	1.0
914.163	1.0
915.163	1.0
916.163	1.0
917.163	1.0
918.163	1.0
919.163	1.0
920.163	1.0
921.163	1.0
922.163	1.0
923.163	1.0
924.163	1.0
925.163	1.0
926.163	1.0
927.163	1.0
928.163	1.0
929.163	1.0
930.163	1.0
931.163	1.0
932.163	1.0
933.163	1.0
934.163	1.0
935.163	1.0
936.163	1.0
937.163	1.0
938.163	1.0
939.163	1.0
940.163	1.0
941.163	1.0
942.163	1.0
943.163	1.0
944.163	1.0
945.163	1.0
946.163	1.0
947.163	1.0
948.163	1.0
949.163	1.0
950.163	1.0
951.163	1.0
952.163	1.0
953.163	1.0
954.163	1.0
955.163	1.0
956.163	1.0
957.163	1.0
958.163	1.0
959.163	1.0
960.163	1.0
961.163	1.0
962.163	1.0
963.163	1.0
964.163	1.0
965.163	1.0
966.163	1.0
967.163	1.0
968.163	1.0
969.163	1.0
970.163	1.0
971.163	1.0
972.163	1.0
973.163	1.0
974.163	1.0
975.163	1.0
976.163	1.0
977.163	1.0
978.163	1.0
979.163	1.0
980.163	1.0
981.163	1.0
982.163	1.0
983.163	1.0
984.163	1.0
985.163	1.0
986.163	1.0
987.163	1.0
988.163	1.0
989.163	1.0
990.163	1.0
991.163	1.0
992.163	1.0
993.163	1.0
994.163	1.0
995.163	1.0
