0.321	0.5296900456317136
1.296	0.5204838131881435
2.2640000000000002	0.5091610057510931
3.232	0.4599874932495316
4.199	0.48076755807240323
5.172	0.47542145651819806
6.1450000000000005	0.4819942864220154
7.11	0.4484808721394694
8.089	0.43996929860077316
9.067	0.4320117239608252
10.045	0.4045317913668097
11.009	0.4096537827925345
11.988	0.3986715120158213
12.951	0.42501103642380267
13.92	0.4250203010365315
14.889000000000001	0.4372759031574662
15.860000000000001	0.44628097958757484
16.837	0.4507531430753437
17.814	0.4438456625067881
18.784	0.443077201861005
19.753	0.4444202799040854
20.731	0.44686897652175417
21.709	0.4396957220917734
22.687	0.4323496019002265
23.672	0.42705487293050076
24.657	0.424028086303367
25.636	0.43582005502867366
26.615000000000002	0.42584089650941925
27.594	0.4286966207003671
28.580000000000002	0.43310589076417616
29.566	0.4761404938263666
30.545	0.4968541435004643
31.521	0.46147615622417737
32.497	0.46631028683214537
33.476	0.4585560911741092
34.455	0.4606511246279837
35.433	0.4642516396402357
36.411	0.46775075256851195
37.393	0.4675614291261233
38.378	0.46373551808621305
39.363	0.46082419107340833
40.349000000000004	0.45775709614014487
41.333	0.45544473777286376
42.311	0.46110595636641116
43.289	0.46536485939546735
44.266	0.45121611047441573
45.25	0.4482620028386457
46.234	0.4465331502132625
47.218	0.4256501195890738
48.195	0.40069258671410196
49.18	0.3863574796080719
50.165	0.3832789978204232
51.156	0.38413027929878074
52.147	0.3949724713256938
53.132	0.3915716826908091
54.117000000000004	0.3877220783933178
55.096000000000004	0.3709850874936609
56.087	0.4000095144287432
57.071	0.3976178652264998
58.056000000000004	0.39594074252844097
59.035000000000004	0.38003797516293825
60.02	0.3802868216657527
61.004	0.40836547151047387
61.989000000000004	0.4448868249411989
62.968	0.4472129372294516
63.952	0.4446468851463791
64.937	0.4407744383066124
65.922	0.41817497597172604
66.902	0.40933475254783735
67.882	0.4201597580985025
68.862	0.42027511722643296
69.843	0.40251826871935853
70.824	0.40352932131685554
71.811	0.42865543676024076
72.792	0.42823514764677584
73.773	0.43934744110759655
74.754	0.4486568906239395
75.735	0.44777850485192816
76.71600000000001	0.4680973781827679
77.706	0.48950259161978416
78.688	0.49987701477601343
79.67	0.5010012978919982
80.651	0.5026839771947477
81.636	0.5005864260927807
82.617	0.5015903013181207
83.60300000000001	0.5180614854195731
84.58500000000001	0.498407070563855
85.56700000000001	0.4987704384412144
86.549	0.499380454542668
87.531	0.5005601878392677
88.513	0.5012447334391398
89.495	0.500853183643745
90.477	0.5194606926320264
91.46000000000001	0.5181216643081423
92.443	0.5157441063212321
93.426	0.525530914978449
94.407	0.5179180621714344
95.393	0.5235722425048945
96.369	0.5299743852134361
97.35000000000001	0.5308995089807536
98.331	0.5307695742345294
99.331	0.5518722728087441
100.305	0.5407486379669414
101.293	0.5656644425136986
102.272	0.5574271976060483
103.256	0.5555143625347632
104.23100000000001	0.5516266089844525
105.206	0.5460975850325117
106.183	0.5499095388274402
107.161	0.5331349704752033
108.155	0.5302224266847301
109.14	0.53603372676185
110.135	0.5633518376245701
111.127	0.5630862069910175
112.119	0.5635839736633248
113.11200000000001	0.5424371744208816
114.09	0.536423537233908
115.07000000000001	0.5372297155799493
116.058	0.5204519096271837
117.049	0.5399819408158425
118.038	0.5914569999062327
119.027	0.5855895019059667
120.016	0.6081395298532477
121.001	0.6067237928746126
121.982	0.6074662042613423
122.97200000000001	0.6281690155755212
123.955	0.6268196347170819
124.94500000000001	0.6203864119859398
125.935	0.6427768040240939
126.916	0.6241472153013673
127.897	0.614435373528442
128.88400000000001	0.6591381450018499
129.869	0.6453481293818207
130.851	0.6749516222095293
131.836	0.6705613913002014
132.827	0.6738913951115832
133.81	0.664610607890856
134.78300000000002	0.6036737661910201
135.756	0.5949993509622058
136.738	0.565353386460116
137.72	0.5746831625962828
138.702	0.5357652685162038
139.684	0.5457817695080699
140.666	0.5459265748814469
141.643	0.5418666797814137
142.62	0.5467073828367756
143.597	0.5233369635039393
144.577	0.5260382166853604
145.56	0.5258699222485802
146.541	0.5185607425232311
147.512	0.49976424512282924
148.483	0.4918412199751516
149.463	0.4073461375653604
150.453	0.44987588731802947
151.435	0.38293827065153246
152.416	0.36523528912155645
153.404	0.35083805095617615
154.393	0.3849986240547335
155.382	0.4083486355925386
156.372	0.46059733837093625
157.352	0.36555041072583633
158.342	0.484894224355913
159.329	0.5131127766337211
160.309	0.4371838164681664
161.299	0.5395499993615506
162.282	0.5009274857360019
163.272	0.5751293829794651
164.262	0.5892336305620778
165.252	0.5735820171564585
166.243	0.6062213701360132
167.225	0.5982887947990037
168.197	0.5416659742762093
169.187	0.5936578206451562
170.177	0.5981436890696036
171.154	0.5974696370470971
172.13400000000001	0.5337904647303916
173.125	0.6163386460235603
174.115	0.603714870141918
175.096	0.5408398248773828
176.086	0.6353979599403609
177.076	0.6316365160631088
178.05700000000002	0.6259215183982547
179.029	0.5088352457365616
180.019	0.5358725675470956
181.01	0.5709238178901627
182.0	0.6766083050999957
182.991	0.7015892956726988
183.972	0.6782053743488867
184.953	0.6831085343117798
185.939	0.6339212962476997
186.93	0.7001130959864568
187.911	0.6947446504771648
188.892	0.5422971670184996
189.892	0.7280471583135782
190.882	0.7445453210963359
191.873	0.7413775218003278
192.845	0.615250910474859
193.826	0.6077182174042582
194.817	0.7211462201546947
195.808	0.7643478387952081
196.78	0.7164079233477818
197.761	0.6703350049892977
198.742	0.6542945068375796
199.732	0.7495928647341976
200.714	0.6841246453714303
201.714	0.7807286791414721
202.695	0.7472404722206233
203.667	0.6507153684413878
204.648	0.64496417759289
205.629	0.5398833423945997
206.61	0.4476903232133995
207.592	0.4325591359122925
208.583	0.45796258130644996
209.573	0.5141381993318742
210.56300000000002	0.6195436356564717
211.554	0.6841269548444697
212.535	0.6100357916565737
213.524	0.6573266243439678
214.51500000000001	0.7322594530986462
215.50300000000001	0.739154731301822
216.484	0.7243445476830098
217.461	0.6339852659491556
218.45000000000002	0.680410022096476
219.431	0.635817406974112
220.40800000000002	0.5649732817314054
221.39000000000001	0.5385036071736488
222.371	0.4248096139119361
223.353	0.40821251649712104
224.334	0.4116280600198479
225.324	0.4671642159658096
226.315	0.5990727396058865
227.302	0.6069563308855387
228.28300000000002	0.6018276779276636
229.264	0.6051995989485155
230.245	0.5815304342408019
231.235	0.6354112572859185
232.225	0.6905737871604152
233.20600000000002	0.6846574739145863
234.187	0.6198831360474287
235.167	0.6342667403385739
236.148	0.6190208962021813
237.139	0.6143223656199173
238.12900000000002	0.6884946578072774
239.11	0.7123662829165087
240.091	0.6749281011143902
241.072	0.6305236923687826
242.053	0.6352367988078399
243.053	0.7311119042316575
244.02700000000002	0.6907871290678561
245.008	0.6451556034236566
245.999	0.7580526226710957
246.98000000000002	0.7708549563967676
247.96800000000002	0.7475077700437888
248.949	0.7429873878221772
249.921	0.7158090657686706
250.90200000000002	0.7002184692246288
251.883	0.703337193736009
252.87300000000002	0.6688927179296225
253.854	0.6941097673525447
254.835	0.7188004830094098
255.82500000000002	0.7539085925125353
256.806	0.7286834242771765
257.786	0.6556695018836856
258.767	0.5123443061216816
259.758	0.6659149501277143
260.748	0.7191318703116321
261.719	0.5447313367281067
262.7	0.5394594693560574
263.681	0.4944622685341936
264.671	0.5794245033305667
265.662	0.6743096751856867
266.644	0.6670764781399557
267.625	0.6036652804894677
268.616	0.738576003754159
269.603	0.7387106562436717
270.584	0.6248325424402809
271.575	0.7596791958971048
272.561	0.7706769863717239
273.552	0.8075305911692587
274.533	0.7739694864264216
275.524	0.7816842242305486
276.508	0.7871999183929094
277.49	0.6450667311995997
278.479	0.5975408671097997
279.475	0.778524940848546
280.466	0.7960498363076023
281.447	0.7241825051698999
282.428	0.5647030729899997
283.419	0.5440495218619997
284.407	0.4574501864474935
285.401	0.6327134659306987
286.392	0.6727405202708997
287.37600000000003	0.4793301441695976
288.367	0.5965504932096997
289.357	0.6527275940710144
290.338	0.5994667082718856
291.329	0.6274439570026794
292.315	0.5409924061833333
293.306	0.598135226158006
294.297	0.7236444797065223
295.285	0.6550887584192645
296.266	0.46315207541704945
297.25600000000003	0.5897963908657576
298.237	0.41900598545598755
299.22700000000003	0.49750014532714354
300.218	0.594270470013116
301.206	0.5652760942684907
302.197	0.6113670673810928
303.19100000000003	0.7151679782923742
304.175	0.6913263045719187
305.166	0.7192376184621999
306.146	0.5996439845487347
307.136	0.5189979459910447
308.12600000000003	0.5685415746320452
309.116	0.5880812075837707
310.106	0.6565149751428726
311.087	0.5335153823443156
312.07800000000003	0.6880013813057257
313.068	0.7268277695625056
314.05	0.5658816985606917
315.038	0.4594428148399995
316.029	0.46925385818899856
317.02	0.6360631366391987
318.011	0.6762897789397999
319.0	0.5985395408998997
319.99	0.5406907082899997
320.98	0.5227126542785996
321.973	0.6203695564287987
322.961	0.5737890165367957
323.951	0.5750449920171947
324.94100000000003	0.5271186554994997
325.931	0.43993939143939964
326.921	0.35221122897268553
327.921	0.6408004103044896
328.903	0.4388675890784996
329.894	0.5865720449362937
330.884	0.5858522214181987
331.874	0.6731087257086987
332.861	0.5473304644786996
333.855	0.6728326896880997
334.844	0.5754633734681966
335.835	0.5856862241872957
336.826	0.6547552032088987
337.817	0.7025891594351888
338.798	0.44441318033919963
339.788	0.4354596940193995
340.779	0.48563323604899955
341.77	0.5149551163851926
342.762	0.5738082144666968
343.752	0.5542714143995997
344.742	0.49597248087769846
345.733	0.6240831539090997
346.724	0.6139391854093997
347.71500000000003	0.6238664531986986
348.705	0.5152297137477986
349.696	0.5933937259078936
350.688	0.6719486682299999
351.67900000000003	0.6814681203869977
352.665	0.48594188890108225
353.657	0.4759506810592996
354.648	0.5756556375491997
355.639	0.6060211553130876
356.639	0.7961934678812645
357.63	0.8063085956816488
358.611	0.5668113182628837
359.6	0.41955980735829856
360.591	0.3988264178871996
361.585	0.6346798678772997
362.576	0.6745577083291576
363.567	0.6744182871644917
364.557	0.6855152025281102
365.548	0.685822255841068
366.539	0.6762530060394188
367.53000000000003	0.6968146914124768
368.521	0.7178263324153346
369.512	0.7186015726381925
370.512	0.7705735367582502
371.503	0.7617044468707881
372.503	0.773803928982578
373.484	0.7445870564261656
374.47	0.6800447614449938
375.461	0.7284230078339928
376.442	0.5487967519738988
377.432	0.5780454045077856
378.421	0.5101781900580646
379.411	0.5600842394980997
380.402	0.6199462023581533
381.398	0.6853591812013293
382.383	0.6208943634620917
383.374	0.6215659160837997
384.371	0.6737849390325978
385.371	0.7589764652055639
386.361	0.7863937929100895
387.332	0.7141968645236757
388.313	0.5229901404918996
389.303	0.5819303269860656
390.284	0.4967424882160546
391.265	0.4615348346201895
392.25600000000003	0.5961638705492416
393.238	0.48276904471159954
394.228	0.5112240521547766
395.219	0.5887628777877997
396.21500000000003	0.7713210909898265
397.202	0.7430199981070738
398.202	0.8314510938501799
399.182	0.7680205891141706
400.163	0.7152677327729958
401.153	0.7057729064472997
402.14300000000003	0.7636707520922468
403.14300000000003	0.8222295668559689
404.123	0.7711151227842538
405.104	0.7600073518085878
406.095	0.7777845275282977
407.076	0.7455858397203546
408.067	0.7841476180869978
409.058	0.7820478062777336
410.03700000000003	0.4065187671287985
411.028	0.5439237782592997
412.019	0.6021070961477957
413.00100000000003	0.3620232221361925
413.991	0.3820986397366945
414.985	0.43881753178989963
415.976	0.5665999536880997
416.97200000000004	0.7790479249266918
417.963	0.7718053394428839
418.959	0.8090722031796999
419.95	0.7709220561576977
420.939	0.6152103250376987
421.93	0.6457793386798997
422.921	0.6365167897195998
423.91200000000003	0.6385697987299997
424.903	0.42187040043869756
425.894	0.3840491809960925
426.885	0.26662084106529343
427.884	0.5978607677998997
428.884	0.7820061547844839
429.875	0.7151856375699
430.86400000000003	0.6092834276996997
431.855	0.6787528147644838
432.846	0.5317572864299996
433.837	0.2764950053695994
434.837	0.5103104195897995
435.82800000000003	0.29433995984739647
436.82300000000004	0.6493103007798997
437.818	0.6775957288039757
438.809	0.5106341067897996
439.8	0.45308884974999963
440.791	0.19778055509571257
441.782	0.20060983278949837
442.773	0.18280061236168635
443.773	0.6297117977493988
444.764	0.5323313599718259
445.755	0.4055839108199995
446.746	0.3183315157196995
447.746	0.5909078376399997
448.736	0.5232336041774945
449.726	0.3287014095730754
450.716	0.23247940632439035
451.716	0.5053258234197996
452.707	0.44782626746909954
453.699	0.31903790559699646
454.69	0.30033470033879944
455.688	0.5549165255091996
456.67900000000003	0.3294556539599995
457.67900000000003	0.6320103056894998
458.67	0.7331566656690989
459.661	0.6838161570727576
460.652	0.3493515034089995
461.651	0.6342133906892997
462.646	0.5347261859899997
463.637	0.4087245157678976
464.637	0.8082109006555931
465.628	0.7704473754022767
466.619	0.6739472334187997
467.619	0.8389754146295999
468.61	0.7810485894358488
469.61	0.9013631913288738
470.601	0.8938347819334868
471.601	0.887976342768299
472.592	0.8913683680074699
473.582	0.8775288881176619
474.582	0.883311856595293
475.575	0.7068465807195997
476.567	0.6599063606430878
477.558	0.6127488193970286
478.54900000000004	0.6136579553852937
479.54	0.6144137606295996
480.54	0.8461407877582109
481.531	0.8083625317035008
482.522	0.7702794420187987
483.512	0.7031609423286997
484.503	0.5860961034392997
485.493	0.5382848003991997
486.483	0.4225821031576935
487.479	0.5983123725698998
488.479	0.8108121853758539
489.478	0.8261703100968668
490.469	0.8394873756676798
491.456	0.6752193927199999
492.451	0.8219941542557558
493.442	0.8424287209384004
494.433	0.7261667056155611
495.433	0.8492342708683566
496.42400000000004	0.8213410641095849
497.415	0.8044262931416689
498.413	0.8218545782507829
499.404	0.6563865608799998
500.39500000000004	0.5101219284892996
501.39500000000004	0.8120276672802837
502.386	0.8030973635992998
503.373	0.6786744047602328
504.35900000000004	0.42760551770839855
505.35	0.43856789239629457
506.341	0.5091808661180965
507.331	0.42104283980649454
508.322	0.4219970681685996
509.313	0.4140027843690995
510.313	0.6552396478058938
511.30400000000003	0.6473723408154918
512.295	0.5800767798599996
513.2860000000001	0.4921431975599995
514.2860000000001	0.7144089608199997
515.2860000000001	0.8665053422011779
516.277	0.8190451023037879
517.268	0.7635345775518917
518.266	0.6609750672983998
519.2570000000001	0.838355098441763
520.238	0.5807230095429355
521.2280000000001	0.5897203928630786
522.213	0.5257951498374976
523.2040000000001	0.5247740670681985
524.193	0.43807538038879856
525.193	0.8257834572052958
526.184	0.8561334781686999
527.17	0.6615751157396997
528.1610000000001	0.7508278846395
529.1610000000001	0.8515583446152278
530.145	0.8777066603618686
531.135	0.8196946793679968
532.116	0.6706605729886987
533.102	0.35883663008839656
534.092	0.3397991206184984
535.0840000000001	0.3606968126752916
536.083	0.6916876778176957
537.075	0.6239212679299997
538.066	0.48753533763929957
539.057	0.4901342647394996
540.048	0.3738500763085995
541.044	0.4610802547495455
542.035	0.3725003843598994
543.0260000000001	0.35432007120398057
544.018	0.4236114173648906
545.008	0.2766072029676994
545.998	0.2491674896144894
546.996	0.5389699896296997
547.992	0.8130551352528818
548.9780000000001	0.47154850864929954
549.974	0.7161520457592997
550.965	0.6280317178892987
551.956	0.6297899468196998
552.956	0.8224556413778998
553.947	0.7939824654193989
554.947	0.8668122032
555.929	0.5197495415069995
556.92	0.5017391349069996
557.9110000000001	0.4340520124261996
558.902	0.4352189116662995
559.893	0.43632006382639943
560.884	0.4673099121006855
561.875	0.583601434800129
562.865	0.6331428310859988
563.855	0.5851331373871997
564.838	0.29557916676439444
565.828	0.2569868297455934
566.819	0.2665713115584974
567.8100000000001	0.24642233723949938
568.801	0.3250677198086994
569.793	0.4725226579181575
570.783	0.4537124507982995
571.773	0.5139185753692996
572.764	0.6130352711395998
573.755	0.5939455665998997
574.745	0.5455904907798996
575.736	0.5259875113789976
576.727	0.2900006269014764
577.719	0.3396622267197995
578.719	0.7795408598499998
579.7090000000001	0.7134052908499997
580.705	0.7403587988099999
581.696	0.7131490860578998
582.693	0.6911645798899998
583.684	0.5443295978498996
584.6750000000001	0.6242556962574958
585.666	0.5759660487498998
586.666	0.8266722998286999
587.657	0.788260767947698
588.646	0.6939491678195996
589.6370000000001	0.5475892278697997
590.628	0.5407614046194997
591.619	0.5524054546499997
592.618	0.6157345764792997
593.609	0.5379161995895996
594.609	0.7499637045299997
595.609	0.85362983746
596.602	0.7849871121784967
597.592	0.7476319917020848
598.58	0.8078689018348875
599.554	0.5353391581467977
600.544	0.6428588718996997
601.534	0.6629972918188988
602.524	0.6643799210483998
603.515	0.6942759956496998
604.506	0.7540093115293998
605.497	0.7727982461387
606.497	0.8431823287599001
607.4780000000001	0.7733850972784977
608.4780000000001	0.7961504082688998
609.469	0.8173408136657918
610.46	0.808519403259099
611.451	0.7792163957172987
612.442	0.8005642092192998
613.433	0.7534579821795997
614.42	0.6580850466897998
615.415	0.8524210525953356
616.4060000000001	0.8521653377981999
617.4060000000001	0.902287123166499
618.385	0.8248237838579999
619.376	0.8742673161999578
620.367	0.9045875958258052
621.348	0.6459233152489997
622.331	0.3173014199177974
623.327	0.6397188238877978
624.316	0.5125957541084977
625.303	0.33768222794478847
626.293	0.4074153996694995
627.283	0.3964321277864935
628.274	0.2885600539686984
629.267	0.37752355146206446
630.267	0.6596123915031786
631.258	0.5031769084090997
632.258	0.7980328511856729
633.2570000000001	0.8357253129578288
634.251	0.5583968504888996
635.251	0.7143004554087998
636.242	0.6481250421328868
637.2330000000001	0.5821068553087997
638.2330000000001	0.8852914643717148
639.224	0.8271802216882308
640.217	0.5209157559299996
641.208	0.31674808959999945
642.1990000000001	0.25124919801709544
643.1990000000001	0.5437792650569956
644.195	0.5925548766361506
645.186	0.3877116837199995
646.186	0.5416824896797996
647.186	0.726950808872288
648.183	0.7458449594891999
649.174	0.7088949980121858
650.174	0.8444414896235449
651.168	0.7373012963372999
652.168	0.8638501164888018
653.168	0.9011668437603424
654.168	0.938720326581994
655.168	0.9464831041504282
656.159	0.8583642723836288
657.159	0.8937889372847314
658.15	0.8266459310021648
659.141	0.8191052438682999
660.1320000000001	0.8318004935822408
661.123	0.7351437978355918
662.114	0.7187283435399998
663.114	0.8524310119994029
664.105	0.6660657402785998
665.096	0.7091088983685997
666.087	0.5233331874374946
667.083	0.5419533842084996
668.083	0.6965825357796999
669.0740000000001	0.5223967448999997
670.0740000000001	0.7664125295055938
671.065	0.6801622179499996
672.065	0.8259050480532879
673.0600000000001	0.8178282577099999
674.057	0.8652822880878958
675.048	0.6996045961883998
676.041	0.6421786606593998
677.032	0.5750475892389997
678.032	0.7608758378502687
679.032	0.837358162435594
680.024	0.6719217828597998
681.021	0.5023738117393995
682.021	0.7190203314799999
683.0120000000001	0.6314058968299997
684.003	0.5346843647395996
684.996	0.4271279188361956
685.987	0.48949538873989956
686.9780000000001	0.46258790188989957
687.9780000000001	0.5469001145589997
688.972	0.36981803776969957
689.972	0.5551159177899997
690.972	0.7515137096282998
691.972	0.8586443204872198
692.972	0.885936058338974
693.968	0.8371335846901908
694.9590000000001	0.8175136871332961
695.95	0.7790361613631707
696.941	0.7708311902074996
697.932	0.6649444843391998
698.931	0.6409549311984997
699.92	0.5371335247794986
700.919	0.6033014697599998
701.91	0.5668442397796997
702.9060000000001	0.4372972233986976
703.9010000000001	0.4776130268297995
704.897	0.35845497298999945
705.897	0.5541610378797996
706.888	0.6453385042293998
707.879	0.6366934763286977
708.879	0.8025504054861959
709.879	0.8594726739632074
710.875	0.7508390589109899
711.871	0.4228393246787974
712.871	0.6796727577598998
713.862	0.6715409345578996
714.8530000000001	0.6725903259569496
715.843	0.5455212087095996
716.835	0.6863204038699999
717.833	0.5355130327299996
718.833	0.6425115795599997
719.8240000000001	0.6241357094791997
720.815	0.5086780819399996
721.814	0.4464683352683996
722.814	0.6611652318299999
723.8050000000001	0.5561952516192996
724.8050000000001	0.7211047295883998
725.796	0.7226334485896999
726.787	0.6168630348199996
727.787	0.8017892798856947
728.778	0.7165816008199998
729.777	0.5647786859099996
730.768	0.4293096518897995
731.759	0.3533335644855925
732.759	0.5960913788398997
733.758	0.7815282555808885
734.751	0.7351848103990999
735.742	0.48033097470939856
736.742	0.7452575388387597
737.742	0.870175309174977
738.7330000000001	0.7747347693469969
739.7330000000001	0.8915960014677079
740.7330000000001	0.9175153383099598
741.724	0.8894663531599001
742.724	0.8939216763716459
743.711	0.7532539844396997
744.711	0.8501756745876987
745.702	0.5653812296436876
746.693	0.5497676213671947
747.693	0.6645917503165987
748.692	0.6120358545677997
749.683	0.48633069842949955
750.674	0.37076692990999943
751.674	0.5946940296468997
752.674	0.7996563716180958
753.674	0.8736702207661989
754.657	0.6357517087598997
755.6560000000001	0.7921038216764218
756.647	0.5365759194863997
757.638	0.4802514443364997
758.629	0.4835451226950997
759.629	0.6761273079162997
760.626	0.4955892769899996
761.619	0.4076094368999996
762.617	0.5142265980955997
763.6080000000001	0.5372933454464998
764.599	0.5102610617935937
765.599	0.7731959350197998
766.593	0.4960665448496996
767.59	0.5737041942358997
768.59	0.7284274770658609
769.59	0.861688476590352
770.59	0.8850457139605539
771.571	0.767408351548359
772.562	0.7605830600598996
773.553	0.5053516932984936
774.544	0.4694227110897615
775.535	0.47275361456999954
776.5260000000001	0.47602063153989954
777.517	0.4794913566799996
778.516	0.5219175256757996
779.5120000000001	0.5975762792191996
780.503	0.44234465076569157
781.503	0.6755799248399998
782.503	0.8509253690570407
783.494	0.4966255299197996
784.494	0.8111424956987979
785.494	0.9263945557191613
786.485	0.7707029154798001
787.476	0.8393987671832004
788.467	0.8564244397253968
789.448	0.6852564317851169
790.429	0.48554983173979954
791.419	0.5046041920784996
792.409	0.4255572954406845
793.399	0.5153369401465996
794.389	0.5261738296161996
795.38	0.6054023996858997
796.371	0.6154266686958997
797.362	0.5973515988179997
798.352	0.5010015478299996
799.352	0.6741132676598997
800.352	0.8184703412483999
801.343	0.6329135689399997
802.343	0.7975633155079999
803.337	0.5502940408897996
804.328	0.5429671654073945
805.319	0.47627748661939956
806.309	0.3602593586271995
807.299	0.3322962760184995
808.29	0.37239491714779654
809.2810000000001	0.4612135666896996
810.2810000000001	0.6544924749999997
811.273	0.5074179359499996
812.273	0.7321770949479388
813.264	0.44698443465799254
814.255	0.4307656066592995
815.246	0.4340610827899996
816.246	0.5966071617795997
817.237	0.5186255819593996
818.2280000000001	0.4216527227699995
819.2280000000001	0.6832303158129999
820.219	0.6156700860795996
821.219	0.7960010932618998
822.2	0.6920602844666697
823.181	0.6971096259399642
824.172	0.7438310225861778
825.153	0.6605234405367927
826.144	0.7378344919359769
827.141	0.8207720542263397
828.1220000000001	0.7900760464267939
829.1030000000001	0.7200357344098997
830.0840000000001	0.5213205136598996
831.0740000000001	0.5414989272494996
832.064	0.49349881356979963
833.0550000000001	0.4544164335877995
834.046	0.46416859842999947
835.037	0.5148102676098996
836.028	0.4567232813524735
837.019	0.47817165073729756
838.009	0.5064211756170965
839.005	0.6890931299378968
840.005	0.7803825297777968
840.991	0.7168978475596997
841.98	0.5822026377147906
842.971	0.3461415461873954
843.971	0.5400174958398997
844.971	0.7654695412657998
845.962	0.7953765567623517
846.953	0.8060006966735749
847.94	0.5427520858199997
848.94	0.7848977328886826
849.931	0.6686809255792997
850.929	0.7849918659232668
851.927	0.7327582589999997
852.927	0.8381606848721789
853.917	0.6119905344850918
854.908	0.6540493740333467
855.899	0.7035562810024719
856.88	0.4751485167798995
857.88	0.5979286599899997
858.88	0.7906358854049508
859.861	0.38618706151999943
860.86	0.6872020273891023
861.851	0.7649227045179277
862.832	0.6800171669433855
863.82	0.6609981242476808
864.811	0.7671895403424938
865.802	0.833989215772472
866.783	0.7135434888704717
867.783	0.8739512892214559
868.774	0.8728625252354938
869.765	0.8647826636137829
870.765	0.8788255260570937
871.756	0.8816584615996348
872.744	0.8476236995799998
873.734	0.7608116624929437
874.725	0.7632969499154908
875.716	0.7953480689968998
876.707	0.817100514857397
877.701	0.7773055856085999
878.701	0.8307475204699999
879.686	0.7190111978752447
880.681	0.6684933505290998
881.681	0.8029223575999999
882.672	0.7262448153069998
883.662	0.6503726846999998
884.662	0.7546268681791998
885.653	0.6881335538099997
886.6460000000001	0.6204623109199997
887.6460000000001	0.7857188521177999
888.645	0.7734244970999998
889.636	0.5279392358499996
890.6270000000001	0.5112011855354907
891.618	0.5326245062228756
892.618	0.7744158167123948
893.6080000000001	0.6579299250888997
894.5980000000001	0.5324688465595996
895.5980000000001	0.6554365348829857
896.589	0.6670636137733907
897.587	0.7432088364476978
898.578	0.6268701150797998
899.5690000000001	0.5793772105499996
900.564	0.7452827582877998
901.558	0.803723450046395
902.549	0.7655883270480999
903.538	0.7099623736444919
904.535	0.7084865707690998
905.535	0.8128670743316927
906.5260000000001	0.7752361700183998
907.5260000000001	0.8604454602541439
908.516	0.733737999994888
909.506	0.6866824583505696
910.4970000000001	0.7081480284583939
911.486	0.5737965545693986
912.481	0.7811848814697
913.472	0.6254190099799998
914.472	0.7400462578383998
915.472	0.8654651721366
916.47	0.7539372374682998
917.47	0.8488452167795998
918.461	0.7936261301479958
919.461	0.8593920110146999
920.457	0.8197179634783
921.457	0.8859353454595501
922.457	0.8925774143187749
923.457	0.8892309180963
924.445	0.6536957739068947
925.436	0.6070576817999997
926.426	0.6398699803391996
927.417	0.6624659298474995
928.408	0.6251814376491996
929.399	0.5888054835895996
930.39	0.5914331369199997
931.388	0.5883380509799996
932.384	0.6368319468799996
933.375	0.5306202025292996
934.375	0.6946269292481968
935.375	0.7603928616044898
936.3720000000001	0.829373670733288
937.3720000000001	0.8653068346686659
938.3720000000001	0.9114660860003316
939.363	0.7865477551765
940.363	0.9019566042743741
941.363	0.9077003746008289
942.354	0.7813111924499998
943.345	0.6951194593899999
944.341	0.6539814585694999
945.341	0.8181378567951819
946.341	0.8939559119637
947.323	0.6713445032743036
948.308	0.6083212518910946
949.299	0.6867040212541988
950.29	0.7746264040151959
951.279	0.7261279133084848
952.2570000000001	0.5085018550201896
953.248	0.5760025562435938
954.238	0.5931171621927261
955.22	0.5508345477764087
956.22	0.7477490499633638
957.21	0.7958307653443903
958.191	0.6836662107662869
959.182	0.7889208583652567
960.163	0.7735787031949208
961.144	0.6889819006774495
962.131	0.7394497855642688
963.121	0.7670545442034509
964.101	0.7158476427068388
965.082	0.6342210829012866
966.063	0.5421196284644957
967.054	0.5799663657554986
968.043	0.6120458509815917
969.033	0.5145319568084997
970.033	0.7936292327680999
971.033	0.8655003242954816
972.024	0.895560429158098
973.006	0.7856617425178928
973.9970000000001	0.7766828742587988
974.988	0.6699474268699998
975.979	0.6113729917499997
976.9780000000001	0.7352700903427858
977.969	0.5992994217199997
978.9680000000001	0.7339790287178998
979.967	0.6303800986497997
980.953	0.5466629356179995
981.938	0.5503159917516917
982.929	0.620019772614602
983.929	0.8391412738900206
984.91	0.6602107209258967
985.9	0.5143636068598996
986.888	0.5168710417628897
987.8820000000001	0.7024513391068967
988.868	0.5389546371687997
989.859	0.5388315776195995
990.85	0.5203958812598996
991.841	0.20552724960749935
992.84	0.4491808408591995
993.84	0.6931575118391998
994.83	0.5278267958492997
995.828	0.6055384068499997
996.828	0.8211938237581968
997.828	0.8662651277576978
998.8190000000001	0.7907713282904187
999.8100000000001	0.5066252161470947
1000.8100000000001	0.7422306994169878
1001.809	0.800476216926073
1002.8000000000001	0.7817877354924847
1003.8000000000001	0.878450767074687
1004.8000000000001	0.8952474120734931
1005.7950000000001	0.8178001016148733
1006.7860000000001	0.8089189109443349
1007.7860000000001	0.8854396415306249
1008.7860000000001	0.9018360749959097
1009.769	0.7306521273826938
1010.767	0.6693667326447987
1011.758	0.6312957828470938
1012.749	0.6622789058307768
1013.74	0.6736436958794566
1014.732	0.7755828132833809
1015.731	0.8032531899833809
1016.722	0.6662838888482967
1017.722	0.8895854042884979
1018.713	0.8348018753984999
1019.71	0.6950243498194998
1020.701	0.44030435134869855
1021.701	0.7650477522784968
1022.701	0.892055121746389
1023.698	0.8330720967723484
1024.698	0.911234027082828
1025.698	0.9195584865114212
1026.689	0.8423001820141783
1027.681	0.5170621957596996
1028.68	0.7732582675992998
1029.68	0.8901854974862426
1030.675	0.762729880888098
1031.675	0.9308874704433748
1032.675	0.9385432972279646
1033.667	0.673687796489269
1034.667	0.9108460348126454
1035.667	0.9489212405578946
1036.664	0.5902223118597997
1037.664	0.7584446572796998
1038.664	0.8966862640197999
1039.664	0.9252520000637909
1040.657	0.4609815174078936
1041.657	0.7681159611272732
1042.656	0.9172258346983939
1043.655	0.8672251451072731
1044.655	0.9363886207040981
1045.655	0.9456744372689141
1046.655	0.9449608833585522
1047.655	0.9544075254481902
1048.655	0.9633109025661578
1049.655	0.961265757282993
1050.65	0.9137982317997999
1051.648	0.9244200239999999
1052.648	0.9741149
1053.648	0.9739331
1054.648	0.9737513
1055.648	0.9735695
1056.648	0.9733877
1057.648	0.9732059
1058.648	0.9730241
1059.648	0.9728422999999999
1060.648	0.9928100000000001
1061.648	0.9928100000000001
1062.648	0.9928100000000001
1063.648	0.9928100000000001
1064.648	0.9928100000000001
1065.648	0.9928100000000001
1066.648	0.9928100000000001
1067.648	0.9928100000000001
1068.648	0.9928100000000001
1069.648	0.9928100000000001
1070.648	0.9928100000000001
1071.648	0.9928100000000001
1072.648	0.9928100000000001
1073.648	0.9928100000000001
1074.648	0.9928100000000001
1075.648	0.9928100000000001
1076.648	0.9928100000000001
1077.648	0.9928100000000001
1078.648	0.9928100000000001
1079.648	0.9928100000000001
1080.648	0.9928100000000001
1081.648	0.9928100000000001
1082.648	0.9928100000000001
1083.648	0.9928100000000001
1084.648	0.9928100000000001
1085.648	0.9928100000000001
1086.648	0.9928100000000001
1087.648	0.9928100000000001
1088.648	0.9928100000000001
1089.648	0.9928100000000001
1090.648	0.9928100000000001
1091.648	0.9928100000000001
1092.648	0.9928100000000001
1093.648	0.9928100000000001
1094.648	0.9928100000000001
1095.648	0.9928100000000001
1096.648	0.9928100000000001
1097.648	0.9928100000000001
1098.648	0.9928100000000001
1099.648	0.9928100000000001
1100.648	0.9928100000000001
1101.648	0.9928100000000001
1102.648	0.9928100000000001
1103.648	0.9928100000000001
1104.648	0.9928100000000001
1105.648	0.9928100000000001
1106.648	0.9928100000000001
1107.648	0.9928100000000001
1108.648	0.9928100000000001
1109.648	0.9928100000000001
1110.648	0.9928100000000001
1111.648	0.9928100000000001
1112.648	0.9928100000000001
1113.648	0.9928100000000001
1114.648	0.9928100000000001
1115.648	0.9928100000000001
1116.648	0.9928100000000001
1117.648	0.9928100000000001
1118.648	0.9928100000000001
1119.648	0.9928100000000001
1120.648	0.9928100000000001
1121.648	0.9928100000000001
1122.648	0.9928100000000001
1123.648	0.9928100000000001
1124.648	0.9928100000000001
1125.648	0.9928100000000001
1126.648	0.9928100000000001
1127.648	0.9928100000000001
1128.648	0.9928100000000001
1129.648	0.9928100000000001
1130.648	0.9928100000000001
1131.648	0.9928100000000001
1132.648	0.9928100000000001
1133.648	0.9928100000000001
1134.648	0.9928100000000001
1135.648	0.9928100000000001
1136.648	0.9928100000000001
1137.648	0.9928100000000001
1138.648	0.9928100000000001
1139.648	0.9928100000000001
1140.648	0.9928100000000001
1141.648	0.9928100000000001
1142.648	0.9928100000000001
1143.648	0.9928100000000001
1144.648	0.9928100000000001
1145.648	0.9928100000000001
1146.648	0.9928100000000001
1147.648	0.9928100000000001
1148.648	0.9928100000000001
1149.648	0.9928100000000001
1150.648	0.9928100000000001
1151.648	0.9928100000000001
1152.648	0.9928100000000001
1153.648	0.9928100000000001
1154.648	0.9928100000000001
1155.648	0.9928100000000001
1156.648	0.9928100000000001
1157.648	0.9928100000000001
1158.648	0.9928100000000001
1159.648	0.9928100000000001
1160.648	0.9928100000000001
1161.648	0.9928100000000001
1162.648	0.9928100000000001
1163.648	0.9928100000000001
1164.648	0.9928100000000001
1165.648	0.9928100000000001
1166.648	0.9928100000000001
1167.648	0.9928100000000001
1168.648	0.9928100000000001
1169.648	0.9928100000000001
1170.648	0.9928100000000001
1171.648	0.9928100000000001
1172.648	0.9928100000000001
1173.648	0.9928100000000001
1174.648	0.9928100000000001
1175.648	0.9928100000000001
1176.648	0.9928100000000001
1177.648	0.9928100000000001
1178.648	0.9928100000000001
1179.6480000000001	0.9928100000000001
1180.6480000000001	0.9928100000000001
1181.6480000000001	0.9928100000000001
1182.6480000000001	0.9928100000000001
1183.6480000000001	0.9928100000000001
1184.6480000000001	0.9928100000000001
1185.6480000000001	0.9928100000000001
1186.6480000000001	0.9928100000000001
1187.6480000000001	0.9928100000000001
1188.6480000000001	0.9928100000000001
1189.6480000000001	0.9928100000000001
1190.6480000000001	0.9928100000000001
1191.6480000000001	0.9928100000000001
1192.6480000000001	0.9928100000000001
1193.6480000000001	0.9928100000000001
1194.6480000000001	0.9928100000000001
1195.6480000000001	0.9928100000000001
1196.6480000000001	0.9928100000000001
1197.6480000000001	0.9928100000000001
1198.6480000000001	0.9928100000000001
1199.6480000000001	0.9928100000000001
1200.6480000000001	0.9928100000000001
1201.6480000000001	0.9928100000000001
1202.6480000000001	0.9928100000000001
1203.6480000000001	0.9928100000000001
1204.6480000000001	0.9928100000000001
1205.6480000000001	0.9928100000000001
1206.6480000000001	0.9928100000000001
1207.6480000000001	0.9928100000000001
1208.6480000000001	0.9928100000000001
1209.6480000000001	0.9928100000000001
1210.6480000000001	0.9928100000000001
1211.6480000000001	0.9928100000000001
1212.6480000000001	0.9928100000000001
1213.6480000000001	0.9928100000000001
1214.6480000000001	0.9928100000000001
1215.6480000000001	0.9928100000000001
1216.6480000000001	0.9928100000000001
1217.6480000000001	0.9928100000000001
1218.6480000000001	0.9928100000000001
1219.6480000000001	0.9928100000000001
1220.6480000000001	0.9928100000000001
1221.6480000000001	0.9928100000000001
1222.6480000000001	0.9928100000000001
1223.6480000000001	0.9928100000000001
1224.6480000000001	0.9928100000000001
1225.6480000000001	0.9928100000000001
1226.6480000000001	0.9928100000000001
1227.6480000000001	0.9928100000000001
1228.6480000000001	0.9928100000000001
1229.6480000000001	0.9928100000000001
1230.6480000000001	0.9928100000000001
1231.6480000000001	0.9928100000000001
1232.6480000000001	0.9928100000000001
1233.6480000000001	0.9928100000000001
1234.6480000000001	0.9928100000000001
1235.6480000000001	0.9928100000000001
1236.6480000000001	0.9928100000000001
1237.6480000000001	0.9928100000000001
1238.6480000000001	0.9928100000000001
1239.6480000000001	0.9928100000000001
1240.6480000000001	0.9928100000000001
1241.6480000000001	0.9928100000000001
1242.6480000000001	0.9928100000000001
1243.6480000000001	0.9928100000000001
1244.6480000000001	0.9928100000000001
1245.6480000000001	0.9928100000000001
1246.6480000000001	0.9928100000000001
1247.6480000000001	0.9928100000000001
1248.6480000000001	0.9928100000000001
1249.6480000000001	0.9928100000000001
1250.6480000000001	0.9928100000000001
1251.6480000000001	0.9928100000000001
1252.6480000000001	0.9928100000000001
1253.6480000000001	0.9928100000000001
1254.6480000000001	0.9928100000000001
1255.6480000000001	0.9928100000000001
1256.6480000000001	0.9928100000000001
1257.6480000000001	0.9928100000000001
1258.6480000000001	0.9928100000000001
1259.6480000000001	0.9928100000000001
1260.6480000000001	0.9928100000000001
1261.6480000000001	0.9928100000000001
1262.6480000000001	0.9928100000000001
1263.6480000000001	0.9928100000000001
1264.6480000000001	0.9928100000000001
1265.6480000000001	0.9928100000000001
1266.6480000000001	0.9928100000000001
1267.6480000000001	0.9928100000000001
1268.6480000000001	0.9928100000000001
1269.6480000000001	0.9928100000000001
1270.6480000000001	0.9928100000000001
1271.6480000000001	0.9928100000000001
1272.6480000000001	0.9928100000000001
1273.6480000000001	0.9928100000000001
1274.6480000000001	0.9928100000000001
1275.6480000000001	0.9928100000000001
1276.6480000000001	0.9928100000000001
1277.6480000000001	0.9928100000000001
1278.6480000000001	0.9928100000000001
1279.6480000000001	0.9928100000000001
1280.6480000000001	0.9928100000000001
1281.6480000000001	0.9928100000000001
1282.6480000000001	0.9928100000000001
1283.6480000000001	0.9928100000000001
1284.6480000000001	0.9928100000000001
1285.6480000000001	0.9928100000000001
1286.6480000000001	0.9928100000000001
1287.6480000000001	0.9928100000000001
1288.6480000000001	0.9928100000000001
1289.6480000000001	0.9928100000000001
1290.6480000000001	0.9928100000000001
1291.6480000000001	0.9928100000000001
1292.6480000000001	0.9928100000000001
1293.6480000000001	0.9928100000000001
1294.6480000000001	0.9928100000000001
1295.6480000000001	0.9928100000000001
1296.6480000000001	0.9928100000000001
1297.6480000000001	0.9928100000000001
1298.6480000000001	0.9928100000000001
1299.6480000000001	0.9928100000000001
1300.6480000000001	0.9928100000000001
1301.6480000000001	0.9928100000000001
1302.6480000000001	0.9928100000000001
1303.6480000000001	0.9928100000000001
1304.6480000000001	0.9928100000000001
1305.6480000000001	0.9928100000000001
1306.6480000000001	0.9928100000000001
1307.6480000000001	0.9928100000000001
1308.6480000000001	0.9928100000000001
1309.6480000000001	0.9928100000000001
1310.6480000000001	0.9928100000000001
1311.6480000000001	0.9928100000000001
1312.6480000000001	0.9928100000000001
1313.6480000000001	0.9928100000000001
1314.6480000000001	0.9928100000000001
1315.6480000000001	0.9928100000000001
1316.6480000000001	0.9928100000000001
1317.6480000000001	0.9928100000000001
1318.6480000000001	0.9928100000000001
1319.6480000000001	0.9928100000000001
1320.6480000000001	0.9928100000000001
1321.6480000000001	0.9928100000000001
1322.6480000000001	0.9928100000000001
1323.6480000000001	0.9928100000000001
1324.6480000000001	0.9928100000000001
1325.6480000000001	0.9928100000000001
1326.6480000000001	0.9928100000000001
1327.6480000000001	0.9928100000000001
1328.6480000000001	0.9928100000000001
1329.6480000000001	0.9928100000000001
1330.6480000000001	0.9928100000000001
1331.6480000000001	0.9928100000000001
1332.6480000000001	0.9928100000000001
1333.6480000000001	0.9928100000000001
1334.6480000000001	0.9928100000000001
1335.6480000000001	0.9928100000000001
1336.6480000000001	0.9928100000000001
1337.6480000000001	0.9928100000000001
1338.6480000000001	0.9928100000000001
1339.6480000000001	0.9928100000000001
1340.6480000000001	0.9928100000000001
1341.6480000000001	0.9928100000000001
1342.6480000000001	0.9928100000000001
1343.6480000000001	0.9928100000000001
1344.6480000000001	0.9928100000000001
1345.6480000000001	0.9928100000000001
1346.6480000000001	0.9928100000000001
1347.6480000000001	0.9928100000000001
1348.6480000000001	0.9928100000000001
1349.6480000000001	0.9928100000000001
1350.6480000000001	0.9928100000000001
1351.6480000000001	0.9928100000000001
1352.6480000000001	0.9928100000000001
1353.6480000000001	0.9928100000000001
1354.6480000000001	0.9928100000000001
1355.6480000000001	0.9928100000000001
1356.6480000000001	0.9928100000000001
1357.6480000000001	0.9928100000000001
1358.6480000000001	0.9928100000000001
1359.6480000000001	0.9928100000000001
1360.6480000000001	0.9928100000000001
1361.6480000000001	0.9928100000000001
1362.6480000000001	0.9928100000000001
1363.6480000000001	0.9928100000000001
1364.6480000000001	0.9928100000000001
1365.6480000000001	0.9928100000000001
1366.6480000000001	0.9928100000000001
1367.6480000000001	0.9928100000000001
1368.6480000000001	0.9928100000000001
1369.6480000000001	0.9928100000000001
1370.6480000000001	0.9928100000000001
1371.6480000000001	0.9928100000000001
1372.6480000000001	0.9928100000000001
1373.6480000000001	0.9928100000000001
1374.6480000000001	0.9928100000000001
1375.6480000000001	0.9928100000000001
1376.6480000000001	0.9928100000000001
1377.6480000000001	0.9928100000000001
1378.6480000000001	0.9928100000000001
1379.6480000000001	0.9928100000000001
1380.6480000000001	0.9928100000000001
1381.6480000000001	0.9928100000000001
1382.6480000000001	0.9928100000000001
1383.6480000000001	0.9928100000000001
1384.6480000000001	0.9928100000000001
1385.6480000000001	0.9928100000000001
1386.6480000000001	0.9928100000000001
1387.6480000000001	0.9928100000000001
1388.6480000000001	0.9928100000000001
1389.6480000000001	0.9928100000000001
1390.6480000000001	0.9928100000000001
1391.6480000000001	0.9928100000000001
1392.6480000000001	0.9928100000000001
1393.6480000000001	0.9928100000000001
1394.6480000000001	0.9928100000000001
1395.6480000000001	0.9928100000000001
1396.6480000000001	0.9928100000000001
1397.6480000000001	0.9928100000000001
1398.6480000000001	0.9928100000000001
1399.6480000000001	0.9928100000000001
1400.6480000000001	0.9928100000000001
1401.6480000000001	0.9928100000000001
1402.6480000000001	0.9928100000000001
1403.6480000000001	0.9928100000000001
1404.6480000000001	0.9928100000000001
1405.6480000000001	0.9928100000000001
1406.6480000000001	0.9928100000000001
1407.6480000000001	0.9928100000000001
1408.6480000000001	0.9928100000000001
1409.6480000000001	0.9928100000000001
1410.6480000000001	0.9928100000000001
1411.6480000000001	0.9928100000000001
1412.6480000000001	0.9928100000000001
1413.6480000000001	0.9928100000000001
1414.6480000000001	0.9928100000000001
1415.6480000000001	0.9928100000000001
1416.6480000000001	0.9928100000000001
1417.6480000000001	0.9928100000000001
1418.6480000000001	0.9928100000000001
1419.6480000000001	0.9928100000000001
1420.6480000000001	0.9928100000000001
1421.6480000000001	0.9928100000000001
1422.6480000000001	0.9928100000000001
1423.6480000000001	0.9928100000000001
1424.6480000000001	0.9928100000000001
1425.6480000000001	0.9928100000000001
1426.6480000000001	0.9928100000000001
1427.6480000000001	0.9928100000000001
1428.6480000000001	0.9928100000000001
1429.6480000000001	0.9928100000000001
1430.6480000000001	0.9928100000000001
1431.6480000000001	0.9928100000000001
1432.6480000000001	0.9928100000000001
1433.6480000000001	0.9928100000000001
1434.6480000000001	0.9928100000000001
1435.6480000000001	0.9928100000000001
1436.6480000000001	0.9928100000000001
1437.6480000000001	0.9928100000000001
1438.6480000000001	0.9928100000000001
1439.6480000000001	0.9928100000000001
1440.6480000000001	0.9928100000000001
1441.6480000000001	0.9928100000000001
1442.6480000000001	0.9928100000000001
1443.6480000000001	0.9928100000000001
1444.6480000000001	0.9928100000000001
1445.6480000000001	0.9928100000000001
1446.6480000000001	0.9928100000000001
1447.6480000000001	0.9928100000000001
1448.6480000000001	0.9928100000000001
1449.6480000000001	0.9928100000000001
1450.6480000000001	0.9928100000000001
1451.6480000000001	0.9928100000000001
1452.6480000000001	0.9928100000000001
1453.6480000000001	0.9928100000000001
1454.6480000000001	0.9928100000000001
1455.6480000000001	0.9928100000000001
1456.6480000000001	0.9928100000000001
1457.6480000000001	0.9928100000000001
1458.6480000000001	0.9928100000000001
1459.6480000000001	0.9928100000000001
1460.6480000000001	0.9928100000000001
1461.6480000000001	0.9928100000000001
1462.6480000000001	0.9928100000000001
1463.6480000000001	0.9928100000000001
1464.6480000000001	0.9928100000000001
1465.6480000000001	0.9928100000000001
1466.6480000000001	0.9928100000000001
1467.6480000000001	0.9928100000000001
1468.6480000000001	0.9928100000000001
1469.6480000000001	0.9928100000000001
1470.6480000000001	0.9928100000000001
1471.6480000000001	0.9928100000000001
1472.6480000000001	0.9928100000000001
1473.6480000000001	0.9928100000000001
1474.6480000000001	0.9928100000000001
1475.6480000000001	0.9928100000000001
1476.6480000000001	0.9928100000000001
1477.6480000000001	0.9928100000000001
1478.6480000000001	0.9928100000000001
1479.6480000000001	0.9928100000000001
1480.6480000000001	0.9928100000000001
1481.6480000000001	0.9928100000000001
1482.6480000000001	0.9928100000000001
1483.6480000000001	0.9928100000000001
1484.6480000000001	0.9928100000000001
1485.6480000000001	0.9928100000000001
1486.6480000000001	0.9928100000000001
1487.6480000000001	0.9928100000000001
1488.6480000000001	0.9928100000000001
1489.6480000000001	0.9928100000000001
1490.6480000000001	0.9928100000000001
1491.6480000000001	0.9928100000000001
1492.6480000000001	0.9928100000000001
1493.6480000000001	0.9928100000000001
1494.6480000000001	0.9928100000000001
1495.6480000000001	0.9928100000000001
1496.6480000000001	0.9928100000000001
1497.6480000000001	0.9928100000000001
1498.6480000000001	0.9928100000000001
1499.6480000000001	0.9928100000000001
1500.6480000000001	0.9928100000000001
1501.6480000000001	0.9928100000000001
1502.6480000000001	0.9928100000000001
1503.6480000000001	0.9928100000000001
1504.6480000000001	0.9928100000000001
1505.6480000000001	0.9928100000000001
1506.6480000000001	0.9928100000000001
1507.6480000000001	0.9928100000000001
1508.6480000000001	0.9928100000000001
1509.6480000000001	0.9928100000000001
1510.6480000000001	0.9928100000000001
1511.6480000000001	0.9928100000000001
1512.6480000000001	0.9928100000000001
1513.6480000000001	0.9928100000000001
1514.6480000000001	0.9928100000000001
1515.6480000000001	0.9928100000000001
1516.6480000000001	0.9928100000000001
1517.6480000000001	0.9928100000000001
1518.6480000000001	0.9928100000000001
1519.6480000000001	0.9928100000000001
1520.6480000000001	0.9928100000000001
1521.6480000000001	0.9928100000000001
1522.6480000000001	0.9928100000000001
1523.6480000000001	0.9928100000000001
1524.6480000000001	0.9928100000000001
1525.6480000000001	0.9928100000000001
1526.6480000000001	0.9928100000000001
1527.6480000000001	0.9928100000000001
1528.6480000000001	0.9928100000000001
1529.6480000000001	0.9928100000000001
1530.6480000000001	0.9928100000000001
1531.6480000000001	0.9928100000000001
1532.6480000000001	0.9928100000000001
1533.6480000000001	0.9928100000000001
1534.6480000000001	0.9928100000000001
1535.6480000000001	0.9928100000000001
1536.6480000000001	0.9928100000000001
1537.6480000000001	0.9928100000000001
1538.6480000000001	0.9928100000000001
1539.6480000000001	0.9928100000000001
1540.6480000000001	0.9928100000000001
1541.6480000000001	0.9928100000000001
1542.6480000000001	0.9928100000000001
1543.6480000000001	0.9928100000000001
1544.6480000000001	0.9928100000000001
1545.6480000000001	0.9928100000000001
1546.6480000000001	0.9928100000000001
1547.6480000000001	0.9928100000000001
1548.6480000000001	0.9928100000000001
1549.6480000000001	0.9928100000000001
1550.6480000000001	0.9928100000000001
1551.6480000000001	0.9928100000000001
1552.6480000000001	0.9928100000000001
1553.6480000000001	0.9928100000000001
1554.6480000000001	0.9928100000000001
1555.6480000000001	0.9928100000000001
1556.6480000000001	0.9928100000000001
1557.6480000000001	0.9928100000000001
1558.6480000000001	0.9928100000000001
1559.6480000000001	0.9928100000000001
1560.6480000000001	0.9928100000000001
1561.6480000000001	0.9928100000000001
1562.6480000000001	0.9928100000000001
1563.6480000000001	0.9928100000000001
1564.6480000000001	0.9928100000000001
1565.6480000000001	0.9928100000000001
1566.6480000000001	0.9928100000000001
1567.6480000000001	0.9928100000000001
1568.6480000000001	0.9928100000000001
1569.6480000000001	0.9928100000000001
1570.6480000000001	0.9928100000000001
1571.6480000000001	0.9928100000000001
1572.6480000000001	0.9928100000000001
1573.6480000000001	0.9928100000000001
1574.6480000000001	0.9928100000000001
1575.6480000000001	0.9928100000000001
1576.6480000000001	0.9928100000000001
1577.6480000000001	0.9928100000000001
1578.6480000000001	0.9928100000000001
1579.6480000000001	0.9928100000000001
1580.6480000000001	0.9928100000000001
1581.6480000000001	0.9928100000000001
1582.6480000000001	0.9928100000000001
1583.6480000000001	0.9928100000000001
1584.6480000000001	0.9928100000000001
1585.6480000000001	0.9928100000000001
1586.6480000000001	0.9928100000000001
1587.6480000000001	0.9928100000000001
1588.6480000000001	0.9928100000000001
1589.6480000000001	0.9928100000000001
1590.6480000000001	0.9928100000000001
1591.6480000000001	0.9928100000000001
1592.6480000000001	0.9928100000000001
1593.6480000000001	0.9928100000000001
1594.6480000000001	0.9928100000000001
1595.6480000000001	0.9928100000000001
1596.6480000000001	0.9928100000000001
1597.6480000000001	0.9928100000000001
1598.6480000000001	0.9928100000000001
1599.6480000000001	0.9928100000000001
1600.6480000000001	0.9928100000000001
1601.6480000000001	0.9928100000000001
1602.6480000000001	0.9928100000000001
1603.6480000000001	0.9928100000000001
1604.6480000000001	0.9928100000000001
1605.6480000000001	0.9928100000000001
1606.6480000000001	0.9928100000000001
1607.6480000000001	0.9928100000000001
1608.6480000000001	0.9928100000000001
1609.6480000000001	0.9928100000000001
1610.6480000000001	0.9928100000000001
1611.6480000000001	0.9928100000000001
1612.6480000000001	0.9928100000000001
1613.6480000000001	0.9928100000000001
1614.6480000000001	0.9928100000000001
1615.6480000000001	0.9928100000000001
1616.6480000000001	0.9928100000000001
1617.6480000000001	0.9928100000000001
1618.6480000000001	0.9928100000000001
1619.6480000000001	0.9928100000000001
1620.6480000000001	0.9928100000000001
1621.6480000000001	0.9928100000000001
1622.6480000000001	0.9928100000000001
1623.6480000000001	0.9928100000000001
1624.6480000000001	0.9928100000000001
1625.6480000000001	0.9928100000000001
1626.6480000000001	0.9928100000000001
1627.6480000000001	0.9928100000000001
1628.6480000000001	0.9928100000000001
1629.6480000000001	0.9928100000000001
1630.6480000000001	0.9928100000000001
1631.6480000000001	0.9928100000000001
1632.6480000000001	0.9928100000000001
1633.6480000000001	0.9928100000000001
1634.6480000000001	0.9928100000000001
1635.6480000000001	0.9928100000000001
1636.6480000000001	0.9928100000000001
1637.6480000000001	0.9928100000000001
1638.6480000000001	0.9928100000000001
1639.6480000000001	0.9928100000000001
1640.6480000000001	0.9928100000000001
1641.6480000000001	0.9928100000000001
1642.6480000000001	0.9928100000000001
1643.6480000000001	0.9928100000000001
1644.6480000000001	0.9928100000000001
1645.6480000000001	0.9928100000000001
1646.6480000000001	0.9928100000000001
1647.6480000000001	0.9928100000000001
1648.6480000000001	0.9928100000000001
1649.6480000000001	0.9928100000000001
1650.6480000000001	0.9928100000000001
1651.6480000000001	0.9928100000000001
1652.6480000000001	0.9928100000000001
1653.6480000000001	0.9928100000000001
1654.6480000000001	0.9928100000000001
1655.6480000000001	0.9928100000000001
1656.6480000000001	0.9928100000000001
1657.6480000000001	0.9928100000000001
1658.6480000000001	0.9928100000000001
1659.6480000000001	0.9928100000000001
1660.6480000000001	0.9928100000000001
1661.6480000000001	0.9928100000000001
1662.6480000000001	0.9928100000000001
1663.6480000000001	0.9928100000000001
1664.6480000000001	0.9928100000000001
1665.6480000000001	0.9928100000000001
1666.6480000000001	0.9928100000000001
1667.6480000000001	0.9928100000000001
1668.6480000000001	0.9928100000000001
1669.6480000000001	0.9928100000000001
1670.6480000000001	0.9928100000000001
1671.6480000000001	0.9928100000000001
1672.6480000000001	0.9928100000000001
1673.6480000000001	0.9928100000000001
1674.6480000000001	0.9928100000000001
1675.6480000000001	0.9928100000000001
1676.6480000000001	0.9928100000000001
1677.6480000000001	0.9928100000000001
1678.6480000000001	0.9928100000000001
1679.6480000000001	0.9928100000000001
1680.6480000000001	0.9928100000000001
1681.6480000000001	0.9928100000000001
1682.6480000000001	0.9928100000000001
1683.6480000000001	0.9928100000000001
1684.6480000000001	0.9928100000000001
1685.6480000000001	0.9928100000000001
1686.6480000000001	0.9928100000000001
1687.6480000000001	0.9928100000000001
1688.6480000000001	0.9928100000000001
1689.6480000000001	0.9928100000000001
1690.6480000000001	0.9928100000000001
1691.6480000000001	0.9928100000000001
1692.6480000000001	0.9928100000000001
1693.6480000000001	0.9928100000000001
1694.6480000000001	0.9928100000000001
1695.6480000000001	0.9928100000000001
1696.6480000000001	0.9928100000000001
1697.6480000000001	0.9928100000000001
1698.6480000000001	0.9928100000000001
1699.6480000000001	0.9928100000000001
1700.6480000000001	0.9928100000000001
1701.6480000000001	0.9928100000000001
1702.6480000000001	0.9928100000000001
1703.6480000000001	0.9928100000000001
1704.6480000000001	0.9928100000000001
1705.6480000000001	0.9928100000000001
1706.6480000000001	0.9928100000000001
1707.6480000000001	0.9928100000000001
1708.6480000000001	0.9928100000000001
1709.6480000000001	0.9928100000000001
1710.6480000000001	0.9928100000000001
1711.6480000000001	0.9928100000000001
1712.6480000000001	0.9928100000000001
1713.6480000000001	0.9928100000000001
1714.6480000000001	0.9928100000000001
1715.6480000000001	0.9928100000000001
1716.6480000000001	0.9928100000000001
1717.6480000000001	0.9928100000000001
1718.6480000000001	0.9928100000000001
1719.6480000000001	0.9928100000000001
1720.6480000000001	0.9928100000000001
1721.6480000000001	0.9928100000000001
1722.6480000000001	0.9928100000000001
1723.6480000000001	0.9928100000000001
1724.6480000000001	0.9928100000000001
1725.6480000000001	0.9928100000000001
1726.6480000000001	0.9928100000000001
1727.6480000000001	0.9928100000000001
1728.6480000000001	0.9928100000000001
1729.6480000000001	0.9928100000000001
1730.6480000000001	0.9928100000000001
1731.6480000000001	0.9928100000000001
1732.6480000000001	0.9928100000000001
1733.6480000000001	0.9928100000000001
1734.6480000000001	0.9928100000000001
1735.6480000000001	0.9928100000000001
1736.6480000000001	0.9928100000000001
1737.6480000000001	0.9928100000000001
1738.6480000000001	0.9928100000000001
1739.6480000000001	0.9928100000000001
1740.6480000000001	0.9928100000000001
1741.6480000000001	0.9928100000000001
1742.6480000000001	0.9928100000000001
1743.6480000000001	0.9928100000000001
1744.6480000000001	0.9928100000000001
1745.6480000000001	0.9928100000000001
1746.6480000000001	0.9928100000000001
1747.6480000000001	0.9928100000000001
1748.6480000000001	0.9928100000000001
1749.6480000000001	0.9928100000000001
1750.6480000000001	0.9928100000000001
1751.6480000000001	0.9928100000000001
1752.6480000000001	0.9928100000000001
1753.6480000000001	0.9928100000000001
1754.6480000000001	0.9928100000000001
1755.6480000000001	0.9928100000000001
1756.6480000000001	0.9928100000000001
1757.6480000000001	0.9928100000000001
1758.6480000000001	0.9928100000000001
1759.6480000000001	0.9928100000000001
1760.6480000000001	0.9928100000000001
1761.6480000000001	0.9928100000000001
1762.6480000000001	0.9928100000000001
1763.6480000000001	0.9928100000000001
1764.6480000000001	0.9928100000000001
1765.6480000000001	0.9928100000000001
1766.6480000000001	0.9928100000000001
1767.6480000000001	0.9928100000000001
1768.6480000000001	0.9928100000000001
1769.6480000000001	0.9928100000000001
1770.6480000000001	0.9928100000000001
1771.6480000000001	0.9928100000000001
1772.6480000000001	0.9928100000000001
1773.6480000000001	0.9928100000000001
1774.6480000000001	0.9928100000000001
1775.6480000000001	0.9928100000000001
1776.6480000000001	0.9928100000000001
1777.6480000000001	0.9928100000000001
1778.6480000000001	0.9928100000000001
1779.6480000000001	0.9928100000000001
1780.6480000000001	0.9928100000000001
1781.6480000000001	0.9928100000000001
1782.6480000000001	0.9928100000000001
1783.6480000000001	0.9928100000000001
1784.6480000000001	0.9928100000000001
1785.6480000000001	0.9928100000000001
1786.6480000000001	0.9928100000000001
1787.6480000000001	0.9928100000000001
1788.6480000000001	0.9928100000000001
1789.6480000000001	0.9928100000000001
1790.6480000000001	0.9928100000000001
1791.6480000000001	0.9928100000000001
1792.6480000000001	0.9928100000000001
1793.6480000000001	0.9928100000000001
1794.6480000000001	0.9928100000000001
1795.6480000000001	0.9928100000000001
1796.6480000000001	0.9928100000000001
1797.6480000000001	0.9928100000000001
1798.6480000000001	0.9928100000000001
1799.6480000000001	0.9928100000000001
1800.6480000000001	0.9928100000000001
1801.6480000000001	0.9928100000000001
1802.6480000000001	0.9928100000000001
1803.6480000000001	0.9928100000000001
1804.6480000000001	0.9928100000000001
1805.6480000000001	0.9928100000000001
1806.6480000000001	0.9928100000000001
1807.6480000000001	0.9928100000000001
1808.6480000000001	0.9928100000000001
1809.6480000000001	0.9928100000000001
1810.6480000000001	0.9928100000000001
1811.6480000000001	0.9928100000000001
1812.6480000000001	0.9928100000000001
1813.6480000000001	0.9928100000000001
1814.6480000000001	0.9928100000000001
1815.6480000000001	0.9928100000000001
1816.6480000000001	0.9928100000000001
1817.6480000000001	0.9928100000000001
1818.6480000000001	0.9928100000000001
1819.6480000000001	0.9928100000000001
1820.6480000000001	0.9928100000000001
1821.6480000000001	0.9928100000000001
1822.6480000000001	0.9928100000000001
1823.6480000000001	0.9928100000000001
1824.6480000000001	0.9928100000000001
1825.6480000000001	0.9928100000000001
1826.6480000000001	0.9928100000000001
1827.6480000000001	0.9928100000000001
1828.6480000000001	0.9928100000000001
1829.6480000000001	0.9928100000000001
1830.6480000000001	0.9928100000000001
1831.6480000000001	0.9928100000000001
1832.6480000000001	0.9928100000000001
1833.6480000000001	0.9928100000000001
1834.6480000000001	0.9928100000000001
1835.6480000000001	0.9928100000000001
1836.6480000000001	0.9928100000000001
1837.6480000000001	0.9928100000000001
1838.6480000000001	0.9928100000000001
1839.6480000000001	0.9928100000000001
1840.6480000000001	0.9928100000000001
1841.6480000000001	0.9928100000000001
1842.6480000000001	0.9928100000000001
1843.6480000000001	0.9928100000000001
1844.6480000000001	0.9928100000000001
1845.6480000000001	0.9928100000000001
1846.6480000000001	0.9928100000000001
1847.6480000000001	0.9928100000000001
1848.6480000000001	0.9928100000000001
1849.6480000000001	0.9928100000000001
1850.6480000000001	0.9928100000000001
1851.6480000000001	0.9928100000000001
1852.6480000000001	0.9928100000000001
1853.6480000000001	0.9928100000000001
1854.6480000000001	0.9928100000000001
1855.6480000000001	0.9928100000000001
1856.6480000000001	0.9928100000000001
1857.6480000000001	0.9928100000000001
1858.6480000000001	0.9928100000000001
1859.6480000000001	0.9928100000000001
1860.6480000000001	0.9928100000000001
1861.6480000000001	0.9928100000000001
1862.6480000000001	0.9928100000000001
1863.6480000000001	0.9928100000000001
1864.6480000000001	0.9928100000000001
1865.6480000000001	0.9928100000000001
1866.6480000000001	0.9928100000000001
1867.6480000000001	0.9928100000000001
1868.6480000000001	0.9928100000000001
1869.6480000000001	0.9928100000000001
1870.6480000000001	0.9928100000000001
1871.6480000000001	0.9928100000000001
1872.6480000000001	0.9928100000000001
1873.6480000000001	0.9928100000000001
1874.6480000000001	0.9928100000000001
1875.6480000000001	0.9928100000000001
1876.6480000000001	0.9928100000000001
1877.6480000000001	0.9928100000000001
1878.6480000000001	0.9928100000000001
1879.6480000000001	0.9928100000000001
1880.6480000000001	0.9928100000000001
1881.6480000000001	0.9928100000000001
1882.6480000000001	0.9928100000000001
1883.6480000000001	0.9928100000000001
1884.6480000000001	0.9928100000000001
1885.6480000000001	0.9928100000000001
1886.6480000000001	0.9928100000000001
1887.6480000000001	0.9928100000000001
1888.6480000000001	0.9928100000000001
1889.6480000000001	0.9928100000000001
1890.6480000000001	0.9928100000000001
1891.6480000000001	0.9928100000000001
1892.6480000000001	0.9928100000000001
1893.6480000000001	0.9928100000000001
1894.6480000000001	0.9928100000000001
1895.6480000000001	0.9928100000000001
1896.6480000000001	0.9928100000000001
1897.6480000000001	0.9928100000000001
1898.6480000000001	0.9928100000000001
1899.6480000000001	0.9928100000000001
1900.6480000000001	0.9928100000000001
1901.6480000000001	0.9928100000000001
1902.6480000000001	0.9928100000000001
1903.6480000000001	0.9928100000000001
1904.6480000000001	0.9928100000000001
1905.6480000000001	0.9928100000000001
1906.6480000000001	0.9928100000000001
1907.6480000000001	0.9928100000000001
1908.6480000000001	0.9928100000000001
1909.6480000000001	0.9928100000000001
1910.6480000000001	0.9928100000000001
1911.6480000000001	0.9928100000000001
1912.6480000000001	0.9928100000000001
1913.6480000000001	0.9928100000000001
1914.6480000000001	0.9928100000000001
1915.6480000000001	0.9928100000000001
1916.6480000000001	0.9928100000000001
1917.6480000000001	0.9928100000000001
1918.6480000000001	0.9928100000000001
1919.6480000000001	0.9928100000000001
1920.6480000000001	0.9928100000000001
1921.6480000000001	0.9928100000000001
1922.6480000000001	0.9928100000000001
1923.6480000000001	0.9928100000000001
1924.6480000000001	0.9928100000000001
1925.6480000000001	0.9928100000000001
1926.6480000000001	0.9928100000000001
1927.6480000000001	0.9928100000000001
1928.6480000000001	0.9928100000000001
1929.6480000000001	0.9928100000000001
1930.6480000000001	0.9928100000000001
1931.6480000000001	0.9928100000000001
1932.6480000000001	0.9928100000000001
1933.6480000000001	0.9928100000000001
1934.6480000000001	0.9928100000000001
1935.6480000000001	0.9928100000000001
1936.6480000000001	0.9928100000000001
1937.6480000000001	0.9928100000000001
1938.6480000000001	0.9928100000000001
1939.6480000000001	0.9928100000000001
1940.6480000000001	0.9928100000000001
1941.6480000000001	0.9928100000000001
1942.6480000000001	0.9928100000000001
1943.6480000000001	0.9928100000000001
1944.6480000000001	0.9928100000000001
1945.6480000000001	0.9928100000000001
1946.6480000000001	0.9928100000000001
1947.6480000000001	0.9928100000000001
1948.6480000000001	0.9928100000000001
1949.6480000000001	0.9928100000000001
1950.6480000000001	0.9928100000000001
1951.6480000000001	0.9928100000000001
1952.6480000000001	0.9928100000000001
1953.6480000000001	0.9928100000000001
1954.6480000000001	0.9928100000000001
1955.6480000000001	0.9928100000000001
1956.6480000000001	0.9928100000000001
1957.6480000000001	0.9928100000000001
1958.6480000000001	0.9928100000000001
1959.6480000000001	0.9928100000000001
1960.6480000000001	0.9928100000000001
1961.6480000000001	0.9928100000000001
1962.6480000000001	0.9928100000000001
1963.6480000000001	0.9928100000000001
1964.6480000000001	0.9928100000000001
1965.6480000000001	0.9928100000000001
1966.6480000000001	0.9928100000000001
1967.6480000000001	0.9928100000000001
1968.6480000000001	0.9928100000000001
1969.6480000000001	0.9928100000000001
1970.6480000000001	0.9928100000000001
1971.6480000000001	0.9928100000000001
1972.6480000000001	0.9928100000000001
1973.6480000000001	0.9928100000000001
1974.6480000000001	0.9928100000000001
1975.6480000000001	0.9928100000000001
1976.6480000000001	0.9928100000000001
1977.6480000000001	0.9928100000000001
1978.6480000000001	0.9928100000000001
1979.6480000000001	0.9928100000000001
1980.6480000000001	0.9928100000000001
1981.6480000000001	0.9928100000000001
1982.6480000000001	0.9928100000000001
1983.6480000000001	0.9928100000000001
1984.6480000000001	0.9928100000000001
1985.6480000000001	0.9928100000000001
1986.6480000000001	0.9928100000000001
1987.6480000000001	0.9928100000000001
1988.6480000000001	0.9928100000000001
1989.6480000000001	0.9928100000000001
1990.6480000000001	0.9928100000000001
1991.6480000000001	0.9928100000000001
1992.6480000000001	0.9928100000000001
1993.6480000000001	0.9928100000000001
1994.6480000000001	0.9928100000000001
1995.6480000000001	0.9928100000000001
1996.6480000000001	0.9928100000000001
1997.6480000000001	0.9928100000000001
1998.6480000000001	0.9928100000000001
1999.6480000000001	0.9928100000000001
2000.6480000000001	0.9928100000000001
2001.6480000000001	0.9928100000000001
2002.6480000000001	0.9928100000000001
2003.6480000000001	0.9928100000000001
2004.6480000000001	0.9928100000000001
2005.6480000000001	0.9928100000000001
2006.6480000000001	0.9928100000000001
2007.6480000000001	0.9928100000000001
2008.6480000000001	0.9928100000000001
2009.6480000000001	0.9928100000000001
2010.6480000000001	0.9928100000000001
2011.6480000000001	0.9928100000000001
2012.6480000000001	0.9928100000000001
2013.6480000000001	0.9928100000000001
2014.6480000000001	0.9928100000000001
2015.6480000000001	0.9928100000000001
2016.6480000000001	0.9928100000000001
2017.6480000000001	0.9928100000000001
2018.6480000000001	0.9928100000000001
2019.6480000000001	0.9928100000000001
2020.6480000000001	0.9928100000000001
2021.6480000000001	0.9928100000000001
2022.6480000000001	0.9928100000000001
2023.6480000000001	0.9928100000000001
2024.6480000000001	0.9928100000000001
2025.6480000000001	0.9928100000000001
2026.6480000000001	0.9928100000000001
2027.6480000000001	0.9928100000000001
2028.6480000000001	0.9928100000000001
2029.6480000000001	0.9928100000000001
2030.6480000000001	0.9928100000000001
2031.6480000000001	0.9928100000000001
2032.6480000000001	0.9928100000000001
2033.6480000000001	0.9928100000000001
2034.6480000000001	0.9928100000000001
2035.6480000000001	0.9928100000000001
2036.6480000000001	0.9928100000000001
2037.6480000000001	0.9928100000000001
2038.6480000000001	0.9928100000000001
2039.6480000000001	0.9928100000000001
2040.6480000000001	0.9928100000000001
2041.6480000000001	0.9928100000000001
2042.6480000000001	0.9928100000000001
2043.6480000000001	0.9928100000000001
2044.6480000000001	0.9928100000000001
2045.6480000000001	0.9928100000000001
2046.6480000000001	0.9928100000000001
2047.6480000000001	0.9928100000000001
2048.648	0.9928100000000001
2049.648	0.9928100000000001
2050.648	0.9928100000000001
2051.648	0.9928100000000001
2052.648	0.9928100000000001
2053.648	0.9928100000000001
2054.648	0.9928100000000001
2055.648	0.9928100000000001
2056.648	0.9928100000000001
2057.648	0.9928100000000001
2058.648	0.9928100000000001
2059.648	0.9928100000000001
2060.648	0.9928100000000001
2061.648	0.9928100000000001
2062.648	0.9928100000000001
2063.648	0.9928100000000001
2064.648	0.9928100000000001
2065.648	0.9928100000000001
2066.648	0.9928100000000001
2067.648	0.9928100000000001
2068.648	0.9928100000000001
2069.648	0.9928100000000001
2070.648	0.9928100000000001
2071.648	0.9928100000000001
2072.648	0.9928100000000001
2073.648	0.9928100000000001
2074.648	0.9928100000000001
2075.648	0.9928100000000001
2076.648	0.9928100000000001
2077.648	0.9928100000000001
2078.648	0.9928100000000001
2079.648	0.9928100000000001
2080.648	0.9928100000000001
2081.648	0.9928100000000001
2082.648	0.9928100000000001
2083.648	0.9928100000000001
2084.648	0.9928100000000001
2085.648	0.9928100000000001
2086.648	0.9928100000000001
2087.648	0.9928100000000001
2088.648	0.9928100000000001
2089.648	0.9928100000000001
2090.648	0.9928100000000001
2091.648	0.9928100000000001
2092.648	0.9928100000000001
2093.648	0.9928100000000001
2094.648	0.9928100000000001
2095.648	0.9928100000000001
2096.648	0.9928100000000001
2097.648	0.9928100000000001
2098.648	0.9928100000000001
2099.648	0.9928100000000001
2100.648	0.9928100000000001
2101.648	0.9928100000000001
2102.648	0.9928100000000001
2103.648	0.9928100000000001
2104.648	0.9928100000000001
2105.648	0.9928100000000001
2106.648	0.9928100000000001
2107.648	0.9928100000000001
2108.648	0.9928100000000001
2109.648	0.9928100000000001
2110.648	0.9928100000000001
2111.648	0.9928100000000001
2112.648	0.9928100000000001
2113.648	0.9928100000000001
2114.648	0.9928100000000001
2115.648	0.9928100000000001
2116.648	0.9928100000000001
2117.648	0.9928100000000001
2118.648	0.9928100000000001
2119.648	0.9928100000000001
2120.648	0.9928100000000001
2121.648	0.9928100000000001
2122.648	0.9928100000000001
2123.648	0.9928100000000001
2124.648	0.9928100000000001
2125.648	0.9928100000000001
2126.648	0.9928100000000001
2127.648	0.9928100000000001
2128.648	0.9928100000000001
2129.648	0.9928100000000001
2130.648	0.9928100000000001
2131.648	0.9928100000000001
2132.648	0.9928100000000001
2133.648	0.9928100000000001
2134.648	0.9928100000000001
2135.648	0.9928100000000001
2136.648	0.9928100000000001
2137.648	0.9928100000000001
2138.648	0.9928100000000001
2139.648	0.9928100000000001
2140.648	0.9928100000000001
2141.648	0.9928100000000001
2142.648	0.9928100000000001
2143.648	0.9928100000000001
2144.648	0.9928100000000001
2145.648	0.9928100000000001
2146.648	0.9928100000000001
2147.648	0.9928100000000001
2148.648	0.9928100000000001
2149.648	0.9928100000000001
2150.648	0.9928100000000001
2151.648	0.9928100000000001
2152.648	0.9928100000000001
2153.648	0.9928100000000001
2154.648	0.9928100000000001
2155.648	0.9928100000000001
2156.648	0.9928100000000001
2157.648	0.9928100000000001
2158.648	0.9928100000000001
2159.648	0.9928100000000001
2160.648	0.9928100000000001
2161.648	0.9928100000000001
2162.648	0.9928100000000001
2163.648	0.9928100000000001
2164.648	0.9928100000000001
2165.648	0.9928100000000001
2166.648	0.9928100000000001
2167.648	0.9928100000000001
2168.648	0.9928100000000001
2169.648	0.9928100000000001
2170.648	0.9928100000000001
2171.648	0.9928100000000001
2172.648	0.9928100000000001
2173.648	0.9928100000000001
2174.648	0.9928100000000001
2175.648	0.9928100000000001
2176.648	0.9928100000000001
2177.648	0.9928100000000001
2178.648	0.9928100000000001
2179.648	0.9928100000000001
2180.648	0.9928100000000001
2181.648	0.9928100000000001
2182.648	0.9928100000000001
2183.648	0.9928100000000001
2184.648	0.9928100000000001
2185.648	0.9928100000000001
2186.648	0.9928100000000001
2187.648	0.9928100000000001
2188.648	0.9928100000000001
2189.648	0.9928100000000001
2190.648	0.9928100000000001
2191.648	0.9928100000000001
2192.648	0.9928100000000001
2193.648	0.9928100000000001
2194.648	0.9928100000000001
2195.648	0.9928100000000001
2196.648	0.9928100000000001
2197.648	0.9928100000000001
2198.648	0.9928100000000001
2199.648	0.9928100000000001
2200.648	0.9928100000000001
2201.648	0.9928100000000001
2202.648	0.9928100000000001
2203.648	0.9928100000000001
2204.648	0.9928100000000001
2205.648	0.9928100000000001
2206.648	0.9928100000000001
2207.648	0.9928100000000001
2208.648	0.9928100000000001
2209.648	0.9928100000000001
2210.648	0.9928100000000001
2211.648	0.9928100000000001
2212.648	0.9928100000000001
2213.648	0.9928100000000001
2214.648	0.9928100000000001
2215.648	0.9928100000000001
2216.648	0.9928100000000001
2217.648	0.9928100000000001
2218.648	0.9928100000000001
2219.648	0.9928100000000001
2220.648	0.9928100000000001
2221.648	0.9928100000000001
2222.648	0.9928100000000001
2223.648	0.9928100000000001
2224.648	0.9928100000000001
2225.648	0.9928100000000001
2226.648	0.9928100000000001
2227.648	0.9928100000000001
2228.648	0.9928100000000001
2229.648	0.9928100000000001
2230.648	0.9928100000000001
2231.648	0.9928100000000001
2232.648	0.9928100000000001
2233.648	0.9928100000000001
2234.648	0.9928100000000001
2235.648	0.9928100000000001
2236.648	0.9928100000000001
2237.648	0.9928100000000001
2238.648	0.9928100000000001
2239.648	0.9928100000000001
2240.648	0.9928100000000001
2241.648	0.9928100000000001
2242.648	0.9928100000000001
2243.648	0.9928100000000001
2244.648	0.9928100000000001
2245.648	0.9928100000000001
2246.648	0.9928100000000001
2247.648	0.9928100000000001
2248.648	0.9928100000000001
2249.648	0.9928100000000001
2250.648	0.9928100000000001
2251.648	0.9928100000000001
2252.648	0.9928100000000001
2253.648	0.9928100000000001
2254.648	0.9928100000000001
2255.648	0.9928100000000001
2256.648	0.9928100000000001
2257.648	0.9928100000000001
2258.648	0.9928100000000001
2259.648	0.9928100000000001
2260.648	0.9928100000000001
2261.648	0.9928100000000001
2262.648	0.9928100000000001
2263.648	0.9928100000000001
2264.648	0.9928100000000001
2265.648	0.9928100000000001
2266.648	0.9928100000000001
2267.648	0.9928100000000001
2268.648	0.9928100000000001
2269.648	0.9928100000000001
2270.648	0.9928100000000001
2271.648	0.9928100000000001
2272.648	0.9928100000000001
2273.648	0.9928100000000001
2274.648	0.9928100000000001
2275.648	0.9928100000000001
2276.648	0.9928100000000001
2277.648	0.9928100000000001
2278.648	0.9928100000000001
2279.648	0.9928100000000001
2280.648	0.9928100000000001
2281.648	0.9928100000000001
2282.648	0.9928100000000001
2283.648	0.9928100000000001
2284.648	0.9928100000000001
2285.648	0.9928100000000001
2286.648	0.9928100000000001
2287.648	0.9928100000000001
2288.648	0.9928100000000001
2289.648	0.9928100000000001
2290.648	0.9928100000000001
2291.648	0.9928100000000001
2292.648	0.9928100000000001
2293.648	0.9928100000000001
2294.648	0.9928100000000001
2295.648	0.9928100000000001
2296.648	0.9928100000000001
2297.648	0.9928100000000001
2298.648	0.9928100000000001
2299.648	0.9928100000000001
2300.648	0.9928100000000001
2301.648	0.9928100000000001
2302.648	0.9928100000000001
2303.648	0.9928100000000001
2304.648	0.9928100000000001
2305.648	0.9928100000000001
2306.648	0.9928100000000001
2307.648	0.9928100000000001
2308.648	0.9928100000000001
2309.648	0.9928100000000001
2310.648	0.9928100000000001
2311.648	0.9928100000000001
2312.648	0.9928100000000001
2313.648	0.9928100000000001
2314.648	0.9928100000000001
2315.648	0.9928100000000001
2316.648	0.9928100000000001
2317.648	0.9928100000000001
2318.648	0.9928100000000001
2319.648	0.9928100000000001
2320.648	0.9928100000000001
2321.648	0.9928100000000001
2322.648	0.9928100000000001
2323.648	0.9928100000000001
2324.648	0.9928100000000001
2325.648	0.9928100000000001
2326.648	0.9928100000000001
2327.648	0.9928100000000001
2328.648	0.9928100000000001
2329.648	0.9928100000000001
2330.648	0.9928100000000001
2331.648	0.9928100000000001
2332.648	0.9928100000000001
2333.648	0.9928100000000001
2334.648	0.9928100000000001
2335.648	0.9928100000000001
2336.648	0.9928100000000001
2337.648	0.9928100000000001
2338.648	0.9928100000000001
2339.648	0.9928100000000001
2340.648	0.9928100000000001
2341.648	0.9928100000000001
2342.648	0.9928100000000001
2343.648	0.9928100000000001
2344.648	0.9928100000000001
2345.648	0.9928100000000001
2346.648	0.9928100000000001
2347.648	0.9928100000000001
2348.648	0.9928100000000001
2349.648	0.9928100000000001
2350.648	0.9928100000000001
2351.648	0.9928100000000001
2352.648	0.9928100000000001
2353.648	0.9928100000000001
2354.648	0.9928100000000001
2355.648	0.9928100000000001
2356.648	0.9928100000000001
2357.648	0.9928100000000001
2358.648	0.9928100000000001
2359.648	0.9928100000000001
2360.648	0.9928100000000001
2361.648	0.9928100000000001
2362.648	0.9928100000000001
2363.648	0.9928100000000001
2364.648	0.9928100000000001
2365.648	0.9928100000000001
2366.648	0.9928100000000001
2367.648	0.9928100000000001
2368.648	0.9928100000000001
2369.648	0.9928100000000001
2370.648	0.9928100000000001
2371.648	0.9928100000000001
2372.648	0.9928100000000001
2373.648	0.9928100000000001
2374.648	0.9928100000000001
2375.648	0.9928100000000001
2376.648	0.9928100000000001
2377.648	0.9928100000000001
2378.648	0.9928100000000001
2379.648	0.9928100000000001
2380.648	0.9928100000000001
2381.648	0.9928100000000001
2382.648	0.9928100000000001
2383.648	0.9928100000000001
2384.648	0.9928100000000001
2385.648	0.9928100000000001
2386.648	0.9928100000000001
2387.648	0.9928100000000001
2388.648	0.9928100000000001
2389.648	0.9928100000000001
2390.648	0.9928100000000001
2391.648	0.9928100000000001
2392.648	0.9928100000000001
2393.648	0.9928100000000001
2394.648	0.9928100000000001
2395.648	0.9928100000000001
2396.648	0.9928100000000001
2397.648	0.9928100000000001
2398.648	0.9928100000000001
2399.648	0.9928100000000001
2400.648	0.9928100000000001
2401.648	0.9928100000000001
2402.648	0.9928100000000001
2403.648	0.9928100000000001
2404.648	0.9928100000000001
2405.648	0.9928100000000001
2406.648	0.9928100000000001
2407.648	0.9928100000000001
2408.648	0.9928100000000001
2409.648	0.9928100000000001
2410.648	0.9928100000000001
2411.648	0.9928100000000001
2412.648	0.9928100000000001
2413.648	0.9928100000000001
2414.648	0.9928100000000001
2415.648	0.9928100000000001
2416.648	0.9928100000000001
2417.648	0.9928100000000001
2418.648	0.9928100000000001
2419.648	0.9928100000000001
2420.648	0.9928100000000001
2421.648	0.9928100000000001
2422.648	0.9928100000000001
2423.648	0.9928100000000001
2424.648	0.9928100000000001
2425.648	0.9928100000000001
2426.648	0.9928100000000001
2427.648	0.9928100000000001
2428.648	0.9928100000000001
2429.648	0.9928100000000001
2430.648	0.9928100000000001
2431.648	0.9928100000000001
2432.648	0.9928100000000001
2433.648	0.9928100000000001
2434.648	0.9928100000000001
2435.648	0.9928100000000001
2436.648	0.9928100000000001
2437.648	0.9928100000000001
2438.648	0.9928100000000001
2439.648	0.9928100000000001
2440.648	0.9928100000000001
2441.648	0.9928100000000001
2442.648	0.9928100000000001
2443.648	0.9928100000000001
2444.648	0.9928100000000001
2445.648	0.9928100000000001
2446.648	0.9928100000000001
2447.648	0.9928100000000001
2448.648	0.9928100000000001
2449.648	0.9928100000000001
2450.648	0.9928100000000001
2451.648	0.9928100000000001
2452.648	0.9928100000000001
2453.648	0.9928100000000001
2454.648	0.9928100000000001
2455.648	0.9928100000000001
2456.648	0.9928100000000001
2457.648	0.9928100000000001
2458.648	0.9928100000000001
2459.648	0.9928100000000001
2460.648	0.9928100000000001
2461.648	0.9928100000000001
2462.648	0.9928100000000001
2463.648	0.9928100000000001
2464.648	0.9928100000000001
2465.648	0.9928100000000001
2466.648	0.9928100000000001
2467.648	0.9928100000000001
2468.648	0.9928100000000001
2469.648	0.9928100000000001
2470.648	0.9928100000000001
2471.648	0.9928100000000001
2472.648	0.9928100000000001
2473.648	0.9928100000000001
2474.648	0.9928100000000001
2475.648	0.9928100000000001
2476.648	0.9928100000000001
2477.648	0.9928100000000001
2478.648	0.9928100000000001
2479.648	0.9928100000000001
2480.648	0.9928100000000001
2481.648	0.9928100000000001
2482.648	0.9928100000000001
2483.648	0.9928100000000001
2484.648	0.9928100000000001
2485.648	0.9928100000000001
2486.648	0.9928100000000001
2487.648	0.9928100000000001
2488.648	0.9928100000000001
2489.648	0.9928100000000001
2490.648	0.9928100000000001
2491.648	0.9928100000000001
2492.648	0.9928100000000001
2493.648	0.9928100000000001
2494.648	0.9928100000000001
2495.648	0.9928100000000001
2496.648	0.9928100000000001
2497.648	0.9928100000000001
2498.648	0.9928100000000001
2499.648	0.9928100000000001
2500.648	0.9928100000000001
2501.648	0.9928100000000001
2502.648	0.9928100000000001
2503.648	0.9928100000000001
2504.648	0.9928100000000001
2505.648	0.9928100000000001
2506.648	0.9928100000000001
2507.648	0.9928100000000001
2508.648	0.9928100000000001
2509.648	0.9928100000000001
2510.648	0.9928100000000001
2511.648	0.9928100000000001
2512.648	0.9928100000000001
2513.648	0.9928100000000001
2514.648	0.9928100000000001
2515.648	0.9928100000000001
2516.648	0.9928100000000001
2517.648	0.9928100000000001
2518.648	0.9928100000000001
2519.648	0.9928100000000001
2520.648	0.9928100000000001
2521.648	0.9928100000000001
2522.648	0.9928100000000001
2523.648	0.9928100000000001
2524.648	0.9928100000000001
2525.648	0.9928100000000001
2526.648	0.9928100000000001
2527.648	0.9928100000000001
2528.648	0.9928100000000001
2529.648	0.9928100000000001
2530.648	0.9928100000000001
2531.648	0.9928100000000001
2532.648	0.9928100000000001
2533.648	0.9928100000000001
2534.648	0.9928100000000001
2535.648	0.9928100000000001
2536.648	0.9928100000000001
2537.648	0.9928100000000001
2538.648	0.9928100000000001
2539.648	0.9928100000000001
2540.648	0.9928100000000001
2541.648	0.9928100000000001
2542.648	0.9928100000000001
2543.648	0.9928100000000001
2544.648	0.9928100000000001
2545.648	0.9928100000000001
2546.648	0.9928100000000001
2547.648	0.9928100000000001
2548.648	0.9928100000000001
2549.648	0.9928100000000001
2550.648	0.9928100000000001
2551.648	0.9928100000000001
2552.648	0.9928100000000001
2553.648	0.9928100000000001
2554.648	0.9928100000000001
2555.648	0.9928100000000001
2556.648	0.9928100000000001
2557.648	0.9928100000000001
2558.648	0.9928100000000001
2559.648	0.9928100000000001
2560.648	0.9928100000000001
2561.648	0.9928100000000001
2562.648	0.9928100000000001
2563.648	0.9928100000000001
2564.648	0.9928100000000001
2565.648	0.9928100000000001
2566.648	0.9928100000000001
2567.648	0.9928100000000001
2568.648	0.9928100000000001
2569.648	0.9928100000000001
2570.648	0.9928100000000001
2571.648	0.9928100000000001
2572.648	0.9928100000000001
2573.648	0.9928100000000001
2574.648	0.9928100000000001
2575.648	0.9928100000000001
2576.648	0.9928100000000001
2577.648	0.9928100000000001
2578.648	0.9928100000000001
2579.648	0.9928100000000001
2580.648	0.9928100000000001
2581.648	0.9928100000000001
2582.648	0.9928100000000001
2583.648	0.9928100000000001
2584.648	0.9928100000000001
2585.648	0.9928100000000001
2586.648	0.9928100000000001
2587.648	0.9928100000000001
2588.648	0.9928100000000001
2589.648	0.9928100000000001
2590.648	0.9928100000000001
2591.648	0.9928100000000001
2592.648	0.9928100000000001
2593.648	0.9928100000000001
2594.648	0.9928100000000001
2595.648	0.9928100000000001
2596.648	0.9928100000000001
2597.648	0.9928100000000001
2598.648	0.9928100000000001
2599.648	0.9928100000000001
2600.648	0.9928100000000001
2601.648	0.9928100000000001
2602.648	0.9928100000000001
2603.648	0.9928100000000001
2604.648	0.9928100000000001
2605.648	0.9928100000000001
2606.648	0.9928100000000001
2607.648	0.9928100000000001
2608.648	0.9928100000000001
2609.648	0.9928100000000001
2610.648	0.9928100000000001
2611.648	0.9928100000000001
2612.648	0.9928100000000001
2613.648	0.9928100000000001
2614.648	0.9928100000000001
2615.648	0.9928100000000001
2616.648	0.9928100000000001
2617.648	0.9928100000000001
2618.648	0.9928100000000001
2619.648	0.9928100000000001
2620.648	0.9928100000000001
2621.648	0.9928100000000001
2622.648	0.9928100000000001
2623.648	0.9928100000000001
2624.648	0.9928100000000001
2625.648	0.9928100000000001
2626.648	0.9928100000000001
2627.648	0.9928100000000001
2628.648	0.9928100000000001
2629.648	0.9928100000000001
2630.648	0.9928100000000001
2631.648	0.9928100000000001
2632.648	0.9928100000000001
2633.648	0.9928100000000001
2634.648	0.9928100000000001
2635.648	0.9928100000000001
2636.648	0.9928100000000001
2637.648	0.9928100000000001
2638.648	0.9928100000000001
2639.648	0.9928100000000001
2640.648	0.9928100000000001
2641.648	0.9928100000000001
2642.648	0.9928100000000001
2643.648	0.9928100000000001
2644.648	0.9928100000000001
2645.648	0.9928100000000001
2646.648	0.9928100000000001
2647.648	0.9928100000000001
2648.648	0.9928100000000001
2649.648	0.9928100000000001
2650.648	0.9928100000000001
2651.648	0.9928100000000001
2652.648	0.9928100000000001
2653.648	0.9928100000000001
2654.648	0.9928100000000001
2655.648	0.9928100000000001
2656.648	0.9928100000000001
2657.648	0.9928100000000001
2658.648	0.9928100000000001
2659.648	0.9928100000000001
2660.648	0.9928100000000001
2661.648	0.9928100000000001
2662.648	0.9928100000000001
2663.648	0.9928100000000001
2664.648	0.9928100000000001
2665.648	0.9928100000000001
2666.648	0.9928100000000001
2667.648	0.9928100000000001
2668.648	0.9928100000000001
2669.648	0.9928100000000001
2670.648	0.9928100000000001
2671.648	0.9928100000000001
2672.648	0.9928100000000001
2673.648	0.9928100000000001
2674.648	0.9928100000000001
2675.648	0.9928100000000001
2676.648	0.9928100000000001
2677.648	0.9928100000000001
2678.648	0.9928100000000001
2679.648	0.9928100000000001
2680.648	0.9928100000000001
2681.648	0.9928100000000001
2682.648	0.9928100000000001
2683.648	0.9928100000000001
2684.648	0.9928100000000001
2685.648	0.9928100000000001
2686.648	0.9928100000000001
2687.648	0.9928100000000001
2688.648	0.9928100000000001
2689.648	0.9928100000000001
2690.648	0.9928100000000001
2691.648	0.9928100000000001
2692.648	0.9928100000000001
2693.648	0.9928100000000001
2694.648	0.9928100000000001
2695.648	0.9928100000000001
2696.648	0.9928100000000001
2697.648	0.9928100000000001
2698.648	0.9928100000000001
2699.648	0.9928100000000001
2700.648	0.9928100000000001
2701.648	0.9928100000000001
2702.648	0.9928100000000001
2703.648	0.9928100000000001
2704.648	0.9928100000000001
2705.648	0.9928100000000001
2706.648	0.9928100000000001
2707.648	0.9928100000000001
2708.648	0.9928100000000001
2709.648	0.9928100000000001
2710.648	0.9928100000000001
2711.648	0.9928100000000001
2712.648	0.9928100000000001
2713.648	0.9928100000000001
2714.648	0.9928100000000001
2715.648	0.9928100000000001
2716.648	0.9928100000000001
2717.648	0.9928100000000001
2718.648	0.9928100000000001
2719.648	0.9928100000000001
2720.648	0.9928100000000001
2721.648	0.9928100000000001
2722.648	0.9928100000000001
2723.648	0.9928100000000001
2724.648	0.9928100000000001
2725.648	0.9928100000000001
2726.648	0.9928100000000001
2727.648	0.9928100000000001
2728.648	0.9928100000000001
2729.648	0.9928100000000001
2730.648	0.9928100000000001
2731.648	0.9928100000000001
2732.648	0.9928100000000001
2733.648	0.9928100000000001
2734.648	0.9928100000000001
2735.648	0.9928100000000001
2736.648	0.9928100000000001
2737.648	0.9928100000000001
2738.648	0.9928100000000001
2739.648	0.9928100000000001
2740.648	0.9928100000000001
2741.648	0.9928100000000001
2742.648	0.9928100000000001
2743.648	0.9928100000000001
2744.648	0.9928100000000001
2745.648	0.9928100000000001
2746.648	0.9928100000000001
2747.648	0.9928100000000001
2748.648	0.9928100000000001
2749.648	0.9928100000000001
2750.648	0.9928100000000001
2751.648	0.9928100000000001
2752.648	0.9928100000000001
2753.648	0.9928100000000001
2754.648	0.9928100000000001
2755.648	0.9928100000000001
2756.648	0.9928100000000001
2757.648	0.9928100000000001
2758.648	0.9928100000000001
2759.648	0.9928100000000001
2760.648	0.9928100000000001
2761.648	0.9928100000000001
2762.648	0.9928100000000001
2763.648	0.9928100000000001
2764.648	0.9928100000000001
2765.648	0.9928100000000001
2766.648	0.9928100000000001
2767.648	0.9928100000000001
2768.648	0.9928100000000001
2769.648	0.9928100000000001
2770.648	0.9928100000000001
2771.648	0.9928100000000001
2772.648	0.9928100000000001
2773.648	0.9928100000000001
2774.648	0.9928100000000001
2775.648	0.9928100000000001
2776.648	0.9928100000000001
2777.648	0.9928100000000001
2778.648	0.9928100000000001
2779.648	0.9928100000000001
2780.648	0.9928100000000001
2781.648	0.9928100000000001
2782.648	0.9928100000000001
2783.648	0.9928100000000001
2784.648	0.9928100000000001
2785.648	0.9928100000000001
2786.648	0.9928100000000001
2787.648	0.9928100000000001
2788.648	0.9928100000000001
2789.648	0.9928100000000001
2790.648	0.9928100000000001
2791.648	0.9928100000000001
2792.648	0.9928100000000001
2793.648	0.9928100000000001
2794.648	0.9928100000000001
2795.648	0.9928100000000001
2796.648	0.9928100000000001
2797.648	0.9928100000000001
2798.648	0.9928100000000001
2799.648	0.9928100000000001
2800.648	0.9928100000000001
2801.648	0.9928100000000001
2802.648	0.9928100000000001
2803.648	0.9928100000000001
2804.648	0.9928100000000001
2805.648	0.9928100000000001
2806.648	0.9928100000000001
2807.648	0.9928100000000001
2808.648	0.9928100000000001
2809.648	0.9928100000000001
2810.648	0.9928100000000001
2811.648	0.9928100000000001
2812.648	0.9928100000000001
2813.648	0.9928100000000001
2814.648	0.9928100000000001
2815.648	0.9928100000000001
2816.648	0.9928100000000001
2817.648	0.9928100000000001
2818.648	0.9928100000000001
2819.648	0.9928100000000001
2820.648	0.9928100000000001
2821.648	0.9928100000000001
2822.648	0.9928100000000001
2823.648	0.9928100000000001
2824.648	0.9928100000000001
2825.648	0.9928100000000001
2826.648	0.9928100000000001
2827.648	0.9928100000000001
2828.648	0.9928100000000001
2829.648	0.9928100000000001
2830.648	0.9928100000000001
2831.648	0.9928100000000001
2832.648	0.9928100000000001
2833.648	0.9928100000000001
2834.648	0.9928100000000001
2835.648	0.9928100000000001
2836.648	0.9928100000000001
2837.648	0.9928100000000001
2838.648	0.9928100000000001
2839.648	0.9928100000000001
2840.648	0.9928100000000001
2841.648	0.9928100000000001
2842.648	0.9928100000000001
2843.648	0.9928100000000001
2844.648	0.9928100000000001
2845.648	0.9928100000000001
2846.648	0.9928100000000001
2847.648	0.9928100000000001
2848.648	0.9928100000000001
2849.648	0.9928100000000001
2850.648	0.9928100000000001
2851.648	0.9928100000000001
2852.648	0.9928100000000001
2853.648	0.9928100000000001
2854.648	0.9928100000000001
2855.648	0.9928100000000001
2856.648	0.9928100000000001
2857.648	0.9928100000000001
2858.648	0.9928100000000001
2859.648	0.9928100000000001
2860.648	0.9928100000000001
2861.648	0.9928100000000001
2862.648	0.9928100000000001
2863.648	0.9928100000000001
2864.648	0.9928100000000001
2865.648	0.9928100000000001
2866.648	0.9928100000000001
2867.648	0.9928100000000001
2868.648	0.9928100000000001
2869.648	0.9928100000000001
2870.648	0.9928100000000001
2871.648	0.9928100000000001
2872.648	0.9928100000000001
2873.648	0.9928100000000001
2874.648	0.9928100000000001
2875.648	0.9928100000000001
2876.648	0.9928100000000001
2877.648	0.9928100000000001
2878.648	0.9928100000000001
2879.648	0.9928100000000001
2880.648	0.9928100000000001
2881.648	0.9928100000000001
2882.648	0.9928100000000001
2883.648	0.9928100000000001
2884.648	0.9928100000000001
2885.648	0.9928100000000001
2886.648	0.9928100000000001
2887.648	0.9928100000000001
2888.648	0.9928100000000001
2889.648	0.9928100000000001
2890.648	0.9928100000000001
2891.648	0.9928100000000001
2892.648	0.9928100000000001
2893.648	0.9928100000000001
2894.648	0.9928100000000001
2895.648	0.9928100000000001
2896.648	0.9928100000000001
2897.648	0.9928100000000001
2898.648	0.9928100000000001
2899.648	0.9928100000000001
2900.648	0.9928100000000001
2901.648	0.9928100000000001
2902.648	0.9928100000000001
2903.648	0.9928100000000001
2904.648	0.9928100000000001
2905.648	0.9928100000000001
2906.648	0.9928100000000001
2907.648	0.9928100000000001
2908.648	0.9928100000000001
2909.648	0.9928100000000001
2910.648	0.9928100000000001
2911.648	0.9928100000000001
2912.648	0.9928100000000001
2913.648	0.9928100000000001
2914.648	0.9928100000000001
2915.648	0.9928100000000001
2916.648	0.9928100000000001
2917.648	0.9928100000000001
2918.648	0.9928100000000001
2919.648	0.9928100000000001
2920.648	0.9928100000000001
2921.648	0.9928100000000001
2922.648	0.9928100000000001
2923.648	0.9928100000000001
2924.648	0.9928100000000001
2925.648	0.9928100000000001
2926.648	0.9928100000000001
2927.648	0.9928100000000001
2928.648	0.9928100000000001
2929.648	0.9928100000000001
2930.648	0.9928100000000001
2931.648	0.9928100000000001
2932.648	0.9928100000000001
2933.648	0.9928100000000001
2934.648	0.9928100000000001
2935.648	0.9928100000000001
2936.648	0.9928100000000001
2937.648	0.9928100000000001
2938.648	0.9928100000000001
2939.648	0.9928100000000001
2940.648	0.9928100000000001
2941.648	0.9928100000000001
2942.648	0.9928100000000001
2943.648	0.9928100000000001
2944.648	0.9928100000000001
2945.648	0.9928100000000001
2946.648	0.9928100000000001
2947.648	0.9928100000000001
2948.648	0.9928100000000001
2949.648	0.9928100000000001
2950.648	0.9928100000000001
2951.648	0.9928100000000001
2952.648	0.9928100000000001
2953.648	0.9928100000000001
2954.648	0.9928100000000001
2955.648	0.9928100000000001
2956.648	0.9928100000000001
2957.648	0.9928100000000001
2958.648	0.9928100000000001
2959.648	0.9928100000000001
2960.648	0.9928100000000001
2961.648	0.9928100000000001
2962.648	0.9928100000000001
2963.648	0.9928100000000001
2964.648	0.9928100000000001
2965.648	0.9928100000000001
2966.648	0.9928100000000001
2967.648	0.9928100000000001
2968.648	0.9928100000000001
2969.648	0.9928100000000001
2970.648	0.9928100000000001
2971.648	0.9928100000000001
2972.648	0.9928100000000001
2973.648	0.9928100000000001
2974.648	0.9928100000000001
2975.648	0.9928100000000001
2976.648	0.9928100000000001
2977.648	0.9928100000000001
2978.648	0.9928100000000001
2979.648	0.9928100000000001
2980.648	0.9928100000000001
2981.648	0.9928100000000001
2982.648	0.9928100000000001
2983.648	0.9928100000000001
2984.648	0.9928100000000001
2985.648	0.9928100000000001
2986.648	0.9928100000000001
2987.648	0.9928100000000001
2988.648	0.9928100000000001
