0.178	0.5103966100590549
1.165	0.5008809529397288
2.152	0.49001891178578283
3.14	0.5074123602154749
4.1290000000000004	0.5154797450796013
5.118	0.5133172963801326
6.1080000000000005	0.5300231124502929
7.1000000000000005	0.5159142684768807
8.098	0.5378560074517389
9.097	0.5967212116602532
10.097	0.5779507001380247
11.09	0.5953793046273925
12.081	0.6541539604232056
13.057	0.6291888744239026
14.033	0.633901010799686
15.008000000000001	0.6294153929976412
15.983	0.6347263037605554
16.964	0.6461901404829089
17.949	0.6425605530533628
18.934	0.6602907410101205
19.916	0.6100248496795552
20.908	0.6306226006199566
21.89	0.6405476598624447
22.873	0.6378174136995273
23.856	0.6353830817290251
24.839000000000002	0.6333707477325621
25.823	0.6219059630482989
26.807000000000002	0.6205985940553402
27.791	0.5997839498367902
28.775000000000002	0.5893155935400682
29.769000000000002	0.6090212031030489
30.754	0.5968238296625854
31.739	0.5960442954063772
32.724000000000004	0.5928373643836612
33.71	0.588671677952289
34.696	0.5858487973030051
35.683	0.5810739206625068
36.67	0.5870442891730834
37.65	0.5986285980435304
38.637	0.594004505734214
39.63	0.6040557200880929
40.624	0.6046526762265609
41.617	0.5937658966375313
42.599000000000004	0.5831150810731696
43.581	0.6027136779244351
44.564	0.6117701092679442
45.547000000000004	0.6016649420430032
46.53	0.6026583092673092
47.52	0.5948791918706102
48.51	0.5881580949456933
49.494	0.5871137680784714
50.484	0.5903587368261793
51.475	0.6026990119906123
52.46	0.6018456272776108
53.445	0.6001032577237752
54.43	0.5983199514718155
55.415	0.5966014423861101
56.407000000000004	0.5864352320611222
57.401	0.5757035736279034
58.393	0.5656202327854767
59.382	0.5596957268987487
60.377	0.5485425964296566
61.372	0.5365309079034372
62.366	0.5444663746975537
63.359	0.5345241575109699
64.352	0.5248604729926415
65.351	0.5083396404103478
66.346	0.4971023537090813
67.336	0.4904661333992758
68.33500000000001	0.4752076841451761
69.33500000000001	0.4589499315369129
70.33500000000001	0.4620288036115669
71.331	0.4501712576856023
72.327	0.45708385154543507
73.31	0.4669618914756842
74.293	0.46711544624600143
75.29	0.46285462730908433
76.288	0.46689397664311216
77.272	0.4666262194243619
78.27	0.45129337743581727
79.268	0.4563311435752915
80.253	0.4451431700215513
81.252	0.42851417973689715
82.24	0.4235659937940292
83.236	0.4118569238988563
84.236	0.42207126556335495
85.232	0.42874782418391666
86.229	0.4248132761739482
87.218	0.4078387104208586
88.211	0.4062120696427873
89.2	0.398827068362937
90.19200000000001	0.4285983746093473
91.172	0.42073600516509024
92.156	0.41838183243743826
93.14	0.42690516862114836
94.127	0.43157890948430233
95.114	0.426528639291162
96.099	0.42480380269026374
97.099	0.40739198363965357
98.081	0.4065627606350779
99.07300000000001	0.396724134125197
100.061	0.3912763040035465
101.044	0.3915592021923694
102.028	0.39904769271382884
103.021	0.397736901692925
104.005	0.3959261545650741
104.998	0.3844522363690375
105.992	0.37239033548586514
106.986	0.3797712091558013
107.973	0.3844597352960492
108.968	0.3908701410267483
109.964	0.39541142861481554
110.952	0.38864003096106875
111.943	0.3892929623584386
112.94200000000001	0.3729733893476063
113.93900000000001	0.3777028489163347
114.93900000000001	0.380127043258095
115.932	0.3803698111647712
116.924	0.40261099716680737
117.907	0.41300612722027735
118.898	0.46377301069121724
119.881	0.47324540934996817
120.87100000000001	0.4858416586170696
121.85600000000001	0.48400793034505
122.84700000000001	0.47757252518403626
123.833	0.4755632506069882
124.818	0.5234633416580357
125.809	0.5256768961670544
126.796	0.5126814143097803
127.783	0.5389370727024875
128.769	0.5879626953868097
129.755	0.5962180605666997
130.741	0.6144284194
131.733	0.6168513556621779
132.724	0.6100266477758296
133.724	0.6536532334100896
134.717	0.6550998126003718
135.705	0.6619458901947336
136.693	0.6586475924373216
137.689	0.6673647999323495
138.689	0.6532351901436616
139.689	0.6566882689428978
140.678	0.6516374200111127
141.678	0.6359119659178828
142.678	0.6496669318480373
143.671	0.659657665575566
144.661	0.653359599208794
145.651	0.64844104685525
146.644	0.6389931177847827
147.625	0.6322843823223083
148.625	0.6264372521441882
149.625	0.621138015178615
150.609	0.6204181187917112
151.593	0.6104022387553901
152.57500000000002	0.611971256157101
153.564	0.6067022214204216
154.548	0.5868386933752087
155.532	0.5865475096856173
156.514	0.5985179107848407
157.505	0.5938899167641125
158.505	0.577796651076828
159.489	0.5774600092764666
160.472	0.5796500225185314
161.45600000000002	0.5807524011745027
162.449	0.5735764082912906
163.433	0.5742682208657667
164.417	0.5748864424465635
165.401	0.5774051899480557
166.385	0.5599410172588557
167.376	0.5842030343087812
168.36	0.6181369078423689
169.334	0.6112633304361187
170.318	0.6344141781533927
171.292	0.6070029479097238
172.267	0.6183945071879347
173.241	0.6311627632403173
174.224	0.6340906103078516
175.208	0.6343438199362408
176.192	0.654684323059717
177.17600000000002	0.6658040258703454
178.16	0.6566937744420673
179.143	0.6610677643356597
180.127	0.6819060947338967
181.11	0.6748836911335648
182.101	0.6798807335008579
183.084	0.6932048831889588
184.068	0.6959886136553385
185.05100000000002	0.7103280324627018
186.034	0.7132083514337013
187.017	0.7270174233161556
188.001	0.7327842624171998
188.993	0.7306229610238918
189.984	0.7302260125715435
190.975	0.7281857150577177
191.967	0.7448721799695285
192.951	0.750037448908378
193.933	0.7556618956728998
194.925	0.7524361409787929
195.90800000000002	0.7584353883325978
196.899	0.7580740960966998
197.89000000000001	0.7582956108387998
198.881	0.7555713140390659
199.872	0.7532403078006576
200.85500000000002	0.7589970504980345
201.838	0.7726100241906615
202.821	0.7681487428141086
203.804	0.7726790021994918
204.787	0.7593905649969908
205.769	0.7655427415533989
206.76	0.7631885564928338
207.742	0.7704315992830999
208.734	0.7678950515702999
209.716	0.7761249477402778
210.708	0.783547558641273
211.708	0.8026416445875859
212.70000000000002	0.8289892303096879
213.692	0.8252873682144939
214.684	0.8229400262950367
215.67600000000002	0.8307844831877
216.668	0.8281481690024479
217.66	0.8250686093323868
218.643	0.831434748579683
219.626	0.8372219492537117
220.618	0.8446490395139918
221.601	0.8508626986812539
222.584	0.8571199732844128
223.567	0.8643382853450818
224.55	0.8705723750490606
225.542	0.869328703995293
226.534	0.8686141409336959
227.516	0.8773545406608879
228.49800000000002	0.8837694647387369
229.48000000000002	0.8917270195684989
230.471	0.8928712509753919
231.453	0.904742525236992
232.435	0.9171258745815878
233.435	0.911630012416254
234.416	0.9265132956439001
235.416	0.920743733643699
236.407	0.9250758281225931
237.388	0.9302160900880909
238.38	0.8149389704830979
239.37900000000002	0.8223722139599999
240.376	0.8520240131099999
241.376	0.9273593007771074
242.36700000000002	0.8611595873597
243.36700000000002	0.9375242577538779
244.36700000000002	0.944348112808844
245.36700000000002	0.9389221540385868
246.358	0.9115200426211889
247.358	0.9147992549720929
248.34900000000002	0.8168767081245999
249.34	0.8181040936844988
250.33100000000002	0.7895900731598998
251.322	0.8568943400529272
252.31300000000002	0.8760003865465699
253.294	0.883705632768389
254.294	0.9042551233506738
255.275	0.904057919314494
256.275	0.903695890817343
257.266	0.914075896484291
258.257	0.914979112631097
259.257	0.9194161870227281
260.257	0.91479447425309
261.228	0.939502311288393
262.219	0.936506534122036
263.217	0.6865905229094367
264.209	0.9060148226991188
265.2	0.9261987574546182
266.19100000000003	0.916603353873099
267.177	0.5538573844321646
268.177	0.903655932616482
269.158	0.6155269067890616
270.149	0.6363012213384817
271.144	0.7133342157714638
272.135	0.6458875427371998
273.12600000000003	0.6078980446375997
274.117	0.5794830967848897
275.108	0.5808281294691997
276.099	0.4934237936898996
277.099	0.8056326087499
278.096	0.8753961106894999
279.092	0.7070721417197998
280.092	0.9246652188228989
281.092	0.9531759205562368
282.092	0.9619033361911202
283.092	0.960627488414857
284.092	0.959482916330218
285.083	0.5647292678788732
286.083	0.8707315126953524
287.083	0.9586955648682637
288.083	0.9574571830825043
289.074	0.8292835755444224
290.065	0.7110144187982612
291.056	0.7713789862259808
292.047	0.8004583371996888
293.038	0.849509578380582
294.029	0.8688768211954999
295.02	0.8680421431053935
296.011	0.9264007910329001
297.00100000000003	0.8770212440743728
297.992	0.9067854923370808
298.973	0.6580941843292996
299.964	0.7177805674192999
300.955	0.6997584914517719
301.955	0.9050531433175959
302.948	0.8395084904888998
303.948	0.9478108976578619
304.948	0.9559031609867943
305.94100000000003	0.7496570789699998
306.94100000000003	0.9477275271561311
307.94100000000003	0.9570076183652205
308.94100000000003	0.9563559411245697
309.94100000000003	0.9557042638839186
310.94100000000003	0.9550525866432678
311.94100000000003	0.964430209402617
312.94100000000003	0.9638694321619661
313.94100000000003	0.9633086549213152
314.94100000000003	0.9627478776806645
315.932	0.5178708894418191
316.932	0.9137860633190925
317.932	0.972031530829128
318.928	0.7837831129999999
319.928	0.9725638618975679
320.928	0.9721190441587194
321.928	0.9716908108008956
322.928	0.9712625774430714
323.928	0.9708343440852474
324.928	0.9704061107274236
325.928	0.9699778773695996
326.928	0.9664712411902997
327.919	0.8313505030592175
328.919	0.9498860773695996
329.919	0.9762287411902996
330.91	0.8311889030592173
331.91	0.9596635773695995
332.91	0.9860678411902996
333.91	0.9827572131674057
334.91	0.9794465851445118
335.891	0.7201589674998999
336.882	0.714276281353467
337.882	0.9011657254402897
338.882	0.9473034918452957
339.873	0.8322505636548196
340.873	0.9407545775165437
341.873	0.9601884886113278
342.873	0.9768071847859018
343.86400000000003	0.8318209848663257
344.86400000000003	0.9604220219691517
345.86400000000003	0.9899568330639358
346.86400000000003	0.9866666049974078
347.855	0.8316806060778316
348.855	0.9602923664217597
349.855	0.9898271775165436
350.855	0.9896319886113276
351.855	0.9863426847859017
352.846	0.8313565848663255
353.846	0.9599675219691517
354.837	0.7227181720142485
355.82800000000003	0.6064503686634056
356.82800000000003	0.8391209826667938
357.819	0.852906620774386
358.819	0.9410005365552909
359.817	0.8520204418399999
360.817	0.9613019818310369
361.817	0.9608843554739199
362.817	0.9705493110213119
363.817	0.9903751665687038
364.817	0.9902321221160958
365.817	0.9900890776634879
366.817	0.9899460332108798
367.817	0.9898029887582719
368.808	0.7226633598880577
369.808	0.9587670294355384
370.801	0.7725042999999998
371.801	0.9609061
372.801	0.9805861
373.801	0.9904252
374.801	0.9903343
375.801	0.9902434
376.801	0.9901525
377.801	0.9900616
378.801	1.0
379.801	1.0
380.801	1.0
381.801	1.0
382.801	1.0
383.801	1.0
384.801	1.0
385.801	1.0
386.801	1.0
387.801	1.0
388.801	1.0
389.801	1.0
390.801	1.0
391.801	1.0
392.801	1.0
393.801	1.0
394.801	1.0
395.801	1.0
396.801	1.0
397.801	1.0
398.801	1.0
399.801	1.0
400.801	1.0
401.801	1.0
402.801	1.0
403.801	1.0
404.801	1.0
405.801	1.0
406.801	1.0
407.801	1.0
408.801	1.0
409.801	1.0
410.801	1.0
411.801	1.0
412.801	1.0
413.801	1.0
414.801	1.0
415.801	1.0
416.801	1.0
417.801	1.0
418.801	1.0
419.801	1.0
420.801	1.0
421.801	1.0
422.801	1.0
423.801	1.0
424.801	1.0
425.801	1.0
426.801	1.0
427.801	1.0
428.801	1.0
429.801	1.0
430.801	1.0
431.801	1.0
432.801	1.0
433.801	1.0
434.801	1.0
435.801	1.0
436.801	1.0
437.801	1.0
438.801	1.0
439.801	1.0
440.801	1.0
441.801	1.0
442.801	1.0
443.801	1.0
444.801	1.0
445.801	1.0
446.801	1.0
447.801	1.0
448.801	1.0
449.801	1.0
450.801	1.0
451.801	1.0
452.801	1.0
453.801	1.0
454.801	1.0
455.801	1.0
456.801	1.0
457.801	1.0
458.801	1.0
459.801	1.0
460.801	1.0
461.801	1.0
462.801	1.0
463.801	1.0
464.801	1.0
465.801	1.0
466.801	1.0
467.801	1.0
468.801	1.0
469.801	1.0
470.801	1.0
471.801	1.0
472.801	1.0
473.801	1.0
474.801	1.0
475.801	1.0
476.801	1.0
477.801	1.0
478.801	1.0
479.801	1.0
480.801	1.0
481.801	1.0
482.801	1.0
483.801	1.0
484.801	1.0
485.801	1.0
486.801	1.0
487.801	1.0
488.801	1.0
489.801	1.0
490.801	1.0
491.801	1.0
492.801	1.0
493.801	1.0
494.801	1.0
495.801	1.0
496.801	1.0
497.801	1.0
498.801	1.0
499.801	1.0
500.801	1.0
501.801	1.0
502.801	1.0
503.801	1.0
504.801	1.0
505.801	1.0
506.801	1.0
507.801	1.0
508.801	1.0
509.801	1.0
510.801	1.0
511.801	1.0
512.801	1.0
513.801	1.0
514.801	1.0
515.801	1.0
516.801	1.0
517.801	1.0
518.801	1.0
519.801	1.0
520.801	1.0
521.801	1.0
522.801	1.0
523.801	1.0
524.801	1.0
525.801	1.0
526.801	1.0
527.801	1.0
528.801	1.0
529.801	1.0
530.801	1.0
531.801	1.0
532.801	1.0
533.801	1.0
534.801	1.0
535.801	1.0
536.801	1.0
537.801	1.0
538.801	1.0
539.801	1.0
540.801	1.0
541.801	1.0
542.801	1.0
543.801	1.0
544.801	1.0
545.801	1.0
546.801	1.0
547.801	1.0
548.801	1.0
549.801	1.0
550.801	1.0
551.801	1.0
552.801	1.0
553.801	1.0
554.801	1.0
555.801	1.0
556.801	1.0
557.801	1.0
558.801	1.0
559.801	1.0
560.801	1.0
561.801	1.0
562.801	1.0
563.801	1.0
564.801	1.0
565.801	1.0
566.801	1.0
567.801	1.0
568.801	1.0
569.801	1.0
570.801	1.0
571.801	1.0
572.801	1.0
573.801	1.0
574.801	1.0
575.801	1.0
576.801	1.0
577.801	1.0
578.801	1.0
579.801	1.0
580.801	1.0
581.801	1.0
582.801	1.0
583.801	1.0
584.801	1.0
585.801	1.0
586.801	1.0
587.801	1.0
588.801	1.0
589.801	1.0
590.801	1.0
591.801	1.0
592.801	1.0
593.801	1.0
594.801	1.0
595.801	1.0
596.801	1.0
597.801	1.0
598.801	1.0
599.801	1.0
600.801	1.0
601.801	1.0
602.801	1.0
603.801	1.0
604.801	1.0
605.801	1.0
606.801	1.0
607.801	1.0
608.801	1.0
609.801	1.0
610.801	1.0
611.801	1.0
612.801	1.0
613.801	1.0
614.801	1.0
615.801	1.0
616.801	1.0
617.801	1.0
618.801	1.0
619.801	1.0
620.801	1.0
621.801	1.0
622.801	1.0
623.801	1.0
624.801	1.0
625.801	1.0
626.801	1.0
627.801	1.0
628.801	1.0
629.801	1.0
630.801	1.0
631.801	1.0
632.801	1.0
633.801	1.0
634.801	1.0
635.801	1.0
636.801	1.0
637.801	1.0
638.801	1.0
639.801	1.0
640.801	1.0
641.801	1.0
642.801	1.0
643.801	1.0
644.801	1.0
645.801	1.0
646.801	1.0
647.801	1.0
648.801	1.0
649.801	1.0
650.801	1.0
651.801	1.0
652.801	1.0
653.801	1.0
654.801	1.0
655.801	1.0
656.801	1.0
657.801	1.0
658.801	1.0
659.801	1.0
660.801	1.0
661.801	1.0
662.801	1.0
663.801	1.0
664.801	1.0
665.801	1.0
666.801	1.0
667.801	1.0
668.801	1.0
669.801	1.0
670.801	1.0
671.801	1.0
672.801	1.0
673.801	1.0
674.801	1.0
675.801	1.0
676.801	1.0
677.801	1.0
678.801	1.0
679.801	1.0
680.801	1.0
681.801	1.0
682.801	1.0
683.801	1.0
684.801	1.0
685.801	1.0
686.801	1.0
687.801	1.0
688.801	1.0
689.801	1.0
690.801	1.0
691.801	1.0
692.801	1.0
693.801	1.0
694.801	1.0
695.801	1.0
696.801	1.0
697.801	1.0
698.801	1.0
699.801	1.0
700.801	1.0
701.801	1.0
702.801	1.0
703.801	1.0
704.801	1.0
705.801	1.0
706.801	1.0
707.801	1.0
708.801	1.0
709.801	1.0
710.801	1.0
711.801	1.0
712.801	1.0
713.801	1.0
714.801	1.0
715.801	1.0
716.801	1.0
717.801	1.0
718.801	1.0
719.801	1.0
720.801	1.0
721.801	1.0
722.801	1.0
723.801	1.0
724.801	1.0
725.801	1.0
726.801	1.0
727.801	1.0
728.801	1.0
729.801	1.0
730.801	1.0
731.801	1.0
732.801	1.0
733.801	1.0
734.801	1.0
735.801	1.0
736.801	1.0
737.801	1.0
738.801	1.0
739.801	1.0
740.801	1.0
741.801	1.0
742.801	1.0
743.801	1.0
744.801	1.0
745.801	1.0
746.801	1.0
747.801	1.0
748.801	1.0
749.801	1.0
750.801	1.0
751.801	1.0
752.801	1.0
753.801	1.0
754.801	1.0
755.801	1.0
756.801	1.0
757.801	1.0
758.801	1.0
759.801	1.0
760.801	1.0
761.801	1.0
762.801	1.0
763.801	1.0
764.801	1.0
765.801	1.0
766.801	1.0
767.801	1.0
768.801	1.0
769.801	1.0
770.801	1.0
771.801	1.0
772.801	1.0
773.801	1.0
774.801	1.0
775.801	1.0
776.801	1.0
777.801	1.0
778.801	1.0
779.801	1.0
780.801	1.0
781.801	1.0
782.801	1.0
783.801	1.0
784.801	1.0
785.801	1.0
786.801	1.0
787.801	1.0
788.801	1.0
789.801	1.0
790.801	1.0
791.801	1.0
792.801	1.0
793.801	1.0
794.801	1.0
795.801	1.0
796.801	1.0
797.801	1.0
798.801	1.0
799.801	1.0
800.801	1.0
801.801	1.0
802.801	1.0
803.801	1.0
804.801	1.0
805.801	1.0
806.801	1.0
807.801	1.0
808.801	1.0
809.801	1.0
810.801	1.0
811.801	1.0
812.801	1.0
813.801	1.0
814.801	1.0
815.801	1.0
816.801	1.0
817.801	1.0
818.801	1.0
819.801	1.0
820.801	1.0
821.801	1.0
822.801	1.0
823.801	1.0
824.801	1.0
825.801	1.0
826.801	1.0
827.801	1.0
828.801	1.0
829.801	1.0
830.801	1.0
831.801	1.0
832.801	1.0
833.801	1.0
834.801	1.0
835.801	1.0
836.801	1.0
837.801	1.0
838.801	1.0
839.801	1.0
840.801	1.0
841.801	1.0
842.801	1.0
843.801	1.0
844.801	1.0
845.801	1.0
846.801	1.0
847.801	1.0
848.801	1.0
849.801	1.0
850.801	1.0
851.801	1.0
852.801	1.0
853.801	1.0
854.801	1.0
855.801	1.0
856.801	1.0
857.801	1.0
858.801	1.0
859.801	1.0
860.801	1.0
861.801	1.0
862.801	1.0
863.801	1.0
864.801	1.0
865.801	1.0
866.801	1.0
867.801	1.0
868.801	1.0
869.801	1.0
870.801	1.0
871.801	1.0
872.801	1.0
873.801	1.0
874.801	1.0
875.801	1.0
876.801	1.0
877.801	1.0
878.801	1.0
879.801	1.0
880.801	1.0
881.801	1.0
882.801	1.0
883.801	1.0
884.801	1.0
885.801	1.0
886.801	1.0
887.801	1.0
888.801	1.0
889.801	1.0
890.801	1.0
891.801	1.0
892.801	1.0
893.801	1.0
894.801	1.0
895.801	1.0
896.801	1.0
897.801	1.0
898.801	1.0
899.801	1.0
900.801	1.0
901.801	1.0
902.801	1.0
903.801	1.0
904.801	1.0
905.801	1.0
906.801	1.0
907.801	1.0
908.801	1.0
909.801	1.0
910.801	1.0
911.801	1.0
912.801	1.0
913.801	1.0
914.801	1.0
915.801	1.0
916.801	1.0
917.801	1.0
918.801	1.0
919.801	1.0
920.801	1.0
921.801	1.0
922.801	1.0
923.801	1.0
924.801	1.0
925.801	1.0
926.801	1.0
927.801	1.0
928.801	1.0
929.801	1.0
930.801	1.0
931.801	1.0
932.801	1.0
933.801	1.0
934.801	1.0
935.801	1.0
936.801	1.0
937.801	1.0
938.801	1.0
939.801	1.0
940.801	1.0
941.801	1.0
942.801	1.0
943.801	1.0
944.801	1.0
945.801	1.0
946.801	1.0
947.801	1.0
948.801	1.0
949.801	1.0
950.801	1.0
951.801	1.0
952.801	1.0
953.801	1.0
954.801	1.0
955.801	1.0
956.801	1.0
957.801	1.0
958.801	1.0
959.801	1.0
960.801	1.0
961.801	1.0
962.801	1.0
963.801	1.0
964.801	1.0
965.801	1.0
966.801	1.0
967.801	1.0
968.801	1.0
969.801	1.0
970.801	1.0
971.801	1.0
972.801	1.0
973.801	1.0
974.801	1.0
975.801	1.0
976.801	1.0
977.801	1.0
978.801	1.0
979.801	1.0
980.801	1.0
981.801	1.0
982.801	1.0
983.801	1.0
984.801	1.0
985.801	1.0
986.801	1.0
987.801	1.0
988.801	1.0
989.801	1.0
990.801	1.0
991.801	1.0
992.801	1.0
993.801	1.0
994.801	1.0
995.801	1.0
996.801	1.0
997.801	1.0
998.801	1.0
999.801	1.0
1000.801	1.0
1001.801	1.0
1002.801	1.0
1003.801	1.0
1004.801	1.0
1005.801	1.0
1006.801	1.0
1007.801	1.0
1008.801	1.0
1009.801	1.0
1010.801	1.0
1011.801	1.0
1012.801	1.0
1013.801	1.0
1014.801	1.0
1015.801	1.0
1016.801	1.0
1017.801	1.0
1018.801	1.0
1019.801	1.0
1020.801	1.0
1021.801	1.0
1022.801	1.0
1023.801	1.0
1024.801	1.0
1025.801	1.0
1026.801	1.0
1027.801	1.0
1028.801	1.0
1029.801	1.0
1030.801	1.0
1031.801	1.0
1032.801	1.0
1033.801	1.0
1034.801	1.0
1035.801	1.0
1036.801	1.0
1037.801	1.0
1038.801	1.0
1039.801	1.0
1040.801	1.0
1041.801	1.0
1042.801	1.0
1043.801	1.0
1044.801	1.0
1045.801	1.0
1046.801	1.0
1047.801	1.0
1048.801	1.0
1049.801	1.0
1050.801	1.0
1051.801	1.0
1052.801	1.0
1053.801	1.0
1054.801	1.0
1055.801	1.0
1056.801	1.0
1057.801	1.0
1058.801	1.0
1059.801	1.0
1060.801	1.0
1061.801	1.0
1062.801	1.0
1063.801	1.0
1064.801	1.0
1065.801	1.0
1066.801	1.0
1067.801	1.0
1068.801	1.0
1069.801	1.0
1070.801	1.0
1071.801	1.0
1072.801	1.0
1073.801	1.0
1074.801	1.0
1075.801	1.0
1076.801	1.0
1077.801	1.0
1078.801	1.0
1079.801	1.0
1080.801	1.0
1081.801	1.0
1082.801	1.0
1083.801	1.0
1084.801	1.0
1085.801	1.0
1086.801	1.0
1087.801	1.0
1088.801	1.0
1089.801	1.0
1090.801	1.0
1091.801	1.0
1092.801	1.0
1093.801	1.0
1094.801	1.0
1095.801	1.0
1096.801	1.0
1097.801	1.0
1098.801	1.0
1099.801	1.0
1100.801	1.0
1101.801	1.0
1102.801	1.0
1103.801	1.0
1104.801	1.0
1105.801	1.0
1106.801	1.0
1107.801	1.0
1108.801	1.0
1109.801	1.0
1110.801	1.0
1111.801	1.0
1112.801	1.0
1113.801	1.0
1114.801	1.0
1115.801	1.0
1116.801	1.0
1117.801	1.0
1118.801	1.0
1119.801	1.0
1120.801	1.0
1121.801	1.0
1122.801	1.0
1123.801	1.0
1124.801	1.0
1125.801	1.0
1126.801	1.0
1127.801	1.0
1128.801	1.0
1129.801	1.0
1130.801	1.0
1131.801	1.0
1132.801	1.0
1133.801	1.0
1134.801	1.0
1135.801	1.0
1136.801	1.0
1137.801	1.0
1138.801	1.0
1139.801	1.0
1140.801	1.0
1141.801	1.0
1142.801	1.0
1143.801	1.0
1144.801	1.0
1145.801	1.0
1146.801	1.0
1147.801	1.0
1148.801	1.0
1149.801	1.0
1150.801	1.0
1151.801	1.0
1152.801	1.0
1153.801	1.0
1154.801	1.0
1155.801	1.0
1156.801	1.0
1157.801	1.0
1158.801	1.0
1159.801	1.0
1160.801	1.0
1161.801	1.0
1162.801	1.0
1163.801	1.0
1164.801	1.0
1165.801	1.0
1166.801	1.0
1167.801	1.0
1168.801	1.0
1169.801	1.0
1170.801	1.0
1171.801	1.0
1172.801	1.0
1173.801	1.0
1174.801	1.0
1175.801	1.0
1176.801	1.0
1177.801	1.0
1178.801	1.0
1179.801	1.0
1180.801	1.0
1181.801	1.0
1182.801	1.0
1183.801	1.0
1184.801	1.0
1185.801	1.0
1186.801	1.0
1187.801	1.0
1188.801	1.0
1189.801	1.0
1190.801	1.0
1191.801	1.0
1192.801	1.0
1193.801	1.0
1194.801	1.0
1195.801	1.0
1196.801	1.0
1197.801	1.0
1198.801	1.0
1199.801	1.0
1200.801	1.0
1201.801	1.0
1202.801	1.0
1203.801	1.0
1204.801	1.0
1205.801	1.0
1206.801	1.0
1207.801	1.0
1208.801	1.0
1209.801	1.0
1210.801	1.0
1211.801	1.0
1212.801	1.0
1213.801	1.0
1214.801	1.0
1215.801	1.0
1216.801	1.0
1217.801	1.0
1218.801	1.0
1219.801	1.0
1220.801	1.0
1221.801	1.0
1222.801	1.0
1223.801	1.0
1224.801	1.0
1225.801	1.0
1226.801	1.0
1227.801	1.0
1228.801	1.0
1229.801	1.0
1230.801	1.0
1231.801	1.0
1232.801	1.0
1233.801	1.0
1234.801	1.0
1235.801	1.0
1236.801	1.0
1237.801	1.0
1238.801	1.0
1239.801	1.0
1240.801	1.0
1241.801	1.0
1242.801	1.0
1243.801	1.0
1244.801	1.0
1245.801	1.0
1246.801	1.0
1247.801	1.0
1248.801	1.0
1249.801	1.0
1250.801	1.0
1251.801	1.0
1252.801	1.0
1253.801	1.0
1254.801	1.0
1255.801	1.0
1256.801	1.0
1257.801	1.0
1258.801	1.0
1259.801	1.0
1260.801	1.0
1261.801	1.0
1262.801	1.0
1263.801	1.0
1264.801	1.0
1265.801	1.0
1266.801	1.0
1267.801	1.0
1268.801	1.0
1269.801	1.0
1270.801	1.0
1271.801	1.0
1272.801	1.0
1273.801	1.0
1274.801	1.0
1275.801	1.0
1276.801	1.0
1277.801	1.0
1278.801	1.0
1279.801	1.0
1280.801	1.0
1281.801	1.0
1282.801	1.0
1283.801	1.0
1284.801	1.0
1285.801	1.0
1286.801	1.0
1287.801	1.0
1288.801	1.0
1289.801	1.0
1290.801	1.0
1291.801	1.0
1292.801	1.0
1293.801	1.0
1294.801	1.0
1295.801	1.0
1296.801	1.0
1297.801	1.0
1298.801	1.0
1299.801	1.0
1300.801	1.0
1301.801	1.0
1302.801	1.0
1303.801	1.0
1304.801	1.0
1305.801	1.0
1306.801	1.0
1307.801	1.0
1308.801	1.0
1309.801	1.0
1310.801	1.0
1311.801	1.0
1312.801	1.0
1313.801	1.0
1314.801	1.0
1315.801	1.0
1316.801	1.0
1317.801	1.0
1318.801	1.0
1319.801	1.0
1320.801	1.0
1321.801	1.0
1322.801	1.0
1323.801	1.0
1324.801	1.0
1325.801	1.0
1326.801	1.0
1327.801	1.0
1328.801	1.0
1329.801	1.0
1330.801	1.0
1331.801	1.0
1332.801	1.0
1333.801	1.0
1334.801	1.0
1335.801	1.0
1336.801	1.0
1337.801	1.0
1338.801	1.0
1339.801	1.0
1340.801	1.0
1341.801	1.0
1342.801	1.0
1343.801	1.0
1344.801	1.0
1345.801	1.0
1346.801	1.0
1347.801	1.0
1348.801	1.0
1349.801	1.0
1350.801	1.0
1351.801	1.0
1352.801	1.0
1353.801	1.0
1354.801	1.0
1355.801	1.0
1356.801	1.0
1357.801	1.0
1358.801	1.0
1359.801	1.0
1360.801	1.0
1361.801	1.0
1362.801	1.0
1363.801	1.0
1364.801	1.0
1365.801	1.0
1366.801	1.0
1367.801	1.0
1368.801	1.0
1369.801	1.0
1370.801	1.0
1371.801	1.0
1372.801	1.0
1373.801	1.0
1374.801	1.0
1375.801	1.0
1376.801	1.0
1377.801	1.0
1378.801	1.0
1379.801	1.0
1380.801	1.0
1381.801	1.0
1382.801	1.0
1383.801	1.0
1384.801	1.0
1385.801	1.0
1386.801	1.0
1387.801	1.0
1388.801	1.0
1389.801	1.0
1390.801	1.0
1391.801	1.0
1392.801	1.0
1393.801	1.0
1394.801	1.0
1395.801	1.0
1396.801	1.0
1397.801	1.0
1398.801	1.0
1399.801	1.0
1400.801	1.0
1401.801	1.0
1402.801	1.0
1403.801	1.0
1404.801	1.0
1405.801	1.0
1406.801	1.0
1407.801	1.0
1408.801	1.0
1409.801	1.0
1410.801	1.0
1411.801	1.0
1412.801	1.0
1413.801	1.0
1414.801	1.0
1415.801	1.0
1416.801	1.0
1417.801	1.0
1418.801	1.0
1419.801	1.0
1420.801	1.0
1421.801	1.0
1422.801	1.0
1423.801	1.0
1424.801	1.0
1425.801	1.0
1426.801	1.0
1427.801	1.0
1428.801	1.0
1429.801	1.0
1430.801	1.0
1431.801	1.0
1432.801	1.0
1433.801	1.0
1434.801	1.0
1435.801	1.0
1436.801	1.0
1437.801	1.0
1438.801	1.0
1439.801	1.0
1440.801	1.0
1441.801	1.0
1442.801	1.0
1443.801	1.0
1444.801	1.0
1445.801	1.0
1446.801	1.0
1447.801	1.0
1448.801	1.0
1449.801	1.0
1450.801	1.0
1451.801	1.0
1452.801	1.0
1453.801	1.0
1454.801	1.0
1455.801	1.0
1456.801	1.0
1457.801	1.0
1458.801	1.0
1459.801	1.0
1460.801	1.0
1461.801	1.0
1462.801	1.0
1463.801	1.0
1464.801	1.0
1465.801	1.0
1466.801	1.0
1467.801	1.0
1468.801	1.0
1469.801	1.0
1470.801	1.0
1471.801	1.0
1472.801	1.0
1473.801	1.0
1474.801	1.0
1475.801	1.0
1476.801	1.0
1477.801	1.0
1478.801	1.0
1479.801	1.0
1480.801	1.0
1481.801	1.0
1482.801	1.0
1483.801	1.0
1484.801	1.0
1485.801	1.0
1486.801	1.0
1487.801	1.0
1488.801	1.0
1489.801	1.0
1490.801	1.0
1491.801	1.0
1492.801	1.0
1493.801	1.0
1494.801	1.0
1495.801	1.0
1496.801	1.0
1497.801	1.0
1498.801	1.0
1499.801	1.0
1500.801	1.0
1501.801	1.0
1502.801	1.0
1503.801	1.0
1504.801	1.0
1505.801	1.0
1506.801	1.0
1507.801	1.0
1508.801	1.0
1509.801	1.0
1510.801	1.0
1511.801	1.0
1512.801	1.0
1513.801	1.0
1514.801	1.0
1515.801	1.0
1516.801	1.0
1517.801	1.0
1518.801	1.0
1519.801	1.0
1520.801	1.0
1521.801	1.0
1522.801	1.0
1523.801	1.0
1524.801	1.0
1525.801	1.0
1526.801	1.0
1527.801	1.0
1528.801	1.0
1529.801	1.0
1530.801	1.0
1531.801	1.0
1532.801	1.0
1533.801	1.0
1534.801	1.0
1535.801	1.0
1536.801	1.0
1537.801	1.0
1538.801	1.0
1539.801	1.0
1540.801	1.0
1541.801	1.0
1542.801	1.0
1543.801	1.0
1544.801	1.0
1545.801	1.0
1546.801	1.0
1547.801	1.0
1548.801	1.0
1549.801	1.0
1550.801	1.0
1551.801	1.0
1552.801	1.0
1553.801	1.0
1554.801	1.0
1555.801	1.0
1556.801	1.0
1557.801	1.0
1558.801	1.0
1559.801	1.0
1560.801	1.0
1561.801	1.0
1562.801	1.0
1563.801	1.0
1564.801	1.0
1565.801	1.0
1566.801	1.0
1567.801	1.0
1568.801	1.0
1569.801	1.0
1570.801	1.0
1571.801	1.0
1572.801	1.0
1573.801	1.0
1574.801	1.0
1575.801	1.0
1576.801	1.0
1577.801	1.0
1578.801	1.0
1579.801	1.0
1580.801	1.0
1581.801	1.0
1582.801	1.0
1583.801	1.0
1584.801	1.0
1585.801	1.0
1586.801	1.0
1587.801	1.0
1588.801	1.0
1589.801	1.0
1590.801	1.0
1591.801	1.0
1592.801	1.0
1593.801	1.0
1594.801	1.0
1595.801	1.0
1596.801	1.0
1597.801	1.0
1598.801	1.0
1599.801	1.0
1600.801	1.0
1601.801	1.0
1602.801	1.0
1603.801	1.0
1604.801	1.0
1605.801	1.0
1606.801	1.0
1607.801	1.0
1608.801	1.0
1609.801	1.0
1610.801	1.0
1611.801	1.0
1612.801	1.0
1613.801	1.0
1614.801	1.0
1615.801	1.0
1616.801	1.0
1617.801	1.0
1618.801	1.0
1619.801	1.0
1620.801	1.0
1621.801	1.0
1622.801	1.0
1623.801	1.0
1624.801	1.0
1625.801	1.0
1626.801	1.0
1627.801	1.0
1628.801	1.0
1629.801	1.0
1630.801	1.0
1631.801	1.0
1632.801	1.0
1633.801	1.0
1634.801	1.0
1635.801	1.0
1636.801	1.0
1637.801	1.0
1638.801	1.0
1639.801	1.0
1640.801	1.0
1641.801	1.0
1642.801	1.0
1643.801	1.0
1644.801	1.0
1645.801	1.0
1646.801	1.0
1647.801	1.0
1648.801	1.0
1649.801	1.0
1650.801	1.0
1651.801	1.0
1652.801	1.0
1653.801	1.0
1654.801	1.0
1655.801	1.0
1656.801	1.0
1657.801	1.0
1658.801	1.0
1659.801	1.0
1660.801	1.0
1661.801	1.0
1662.801	1.0
1663.801	1.0
1664.801	1.0
1665.801	1.0
1666.801	1.0
1667.801	1.0
1668.801	1.0
1669.801	1.0
1670.801	1.0
1671.801	1.0
1672.801	1.0
1673.801	1.0
1674.801	1.0
1675.801	1.0
1676.801	1.0
1677.801	1.0
1678.801	1.0
1679.801	1.0
1680.801	1.0
1681.801	1.0
1682.801	1.0
1683.801	1.0
1684.801	1.0
1685.801	1.0
1686.801	1.0
1687.801	1.0
1688.801	1.0
1689.801	1.0
1690.801	1.0
1691.801	1.0
1692.801	1.0
1693.801	1.0
1694.801	1.0
1695.801	1.0
1696.801	1.0
1697.801	1.0
1698.801	1.0
1699.801	1.0
1700.801	1.0
1701.801	1.0
1702.801	1.0
1703.801	1.0
1704.801	1.0
1705.801	1.0
1706.801	1.0
1707.801	1.0
1708.801	1.0
1709.801	1.0
1710.801	1.0
1711.801	1.0
1712.801	1.0
1713.801	1.0
1714.801	1.0
1715.801	1.0
1716.801	1.0
1717.801	1.0
1718.801	1.0
1719.801	1.0
1720.801	1.0
1721.801	1.0
1722.801	1.0
1723.801	1.0
1724.801	1.0
1725.801	1.0
1726.801	1.0
1727.801	1.0
1728.801	1.0
1729.801	1.0
1730.801	1.0
1731.801	1.0
1732.801	1.0
1733.801	1.0
1734.801	1.0
1735.801	1.0
1736.801	1.0
1737.801	1.0
1738.801	1.0
1739.801	1.0
1740.801	1.0
1741.801	1.0
1742.801	1.0
1743.801	1.0
1744.801	1.0
1745.801	1.0
1746.801	1.0
1747.801	1.0
1748.801	1.0
1749.801	1.0
1750.801	1.0
1751.801	1.0
1752.801	1.0
1753.801	1.0
1754.801	1.0
1755.801	1.0
1756.801	1.0
1757.801	1.0
1758.801	1.0
1759.801	1.0
1760.801	1.0
1761.801	1.0
1762.801	1.0
1763.801	1.0
1764.801	1.0
1765.801	1.0
1766.801	1.0
1767.801	1.0
1768.801	1.0
1769.801	1.0
1770.801	1.0
1771.801	1.0
1772.801	1.0
1773.801	1.0
1774.801	1.0
1775.801	1.0
1776.801	1.0
1777.801	1.0
1778.801	1.0
1779.801	1.0
1780.801	1.0
1781.801	1.0
1782.801	1.0
1783.801	1.0
1784.801	1.0
1785.801	1.0
1786.801	1.0
1787.801	1.0
1788.801	1.0
1789.801	1.0
1790.801	1.0
1791.801	1.0
1792.801	1.0
1793.801	1.0
1794.801	1.0
1795.801	1.0
1796.801	1.0
1797.801	1.0
1798.801	1.0
1799.801	1.0
1800.801	1.0
1801.801	1.0
1802.801	1.0
1803.801	1.0
1804.801	1.0
1805.801	1.0
1806.801	1.0
1807.801	1.0
1808.801	1.0
1809.801	1.0
1810.801	1.0
1811.801	1.0
1812.801	1.0
1813.801	1.0
1814.801	1.0
1815.801	1.0
1816.801	1.0
1817.801	1.0
1818.801	1.0
1819.801	1.0
1820.801	1.0
1821.801	1.0
1822.801	1.0
1823.801	1.0
1824.801	1.0
1825.801	1.0
1826.801	1.0
1827.801	1.0
1828.801	1.0
1829.801	1.0
1830.801	1.0
1831.801	1.0
1832.801	1.0
1833.801	1.0
1834.801	1.0
1835.801	1.0
1836.801	1.0
1837.801	1.0
1838.801	1.0
1839.801	1.0
1840.801	1.0
1841.801	1.0
1842.801	1.0
1843.801	1.0
1844.801	1.0
1845.801	1.0
1846.801	1.0
1847.801	1.0
1848.801	1.0
1849.801	1.0
1850.801	1.0
1851.801	1.0
1852.801	1.0
1853.801	1.0
1854.801	1.0
1855.801	1.0
1856.801	1.0
1857.801	1.0
1858.801	1.0
1859.801	1.0
1860.801	1.0
1861.801	1.0
1862.801	1.0
1863.801	1.0
1864.801	1.0
1865.801	1.0
1866.801	1.0
1867.801	1.0
1868.801	1.0
1869.801	1.0
1870.801	1.0
1871.801	1.0
1872.801	1.0
1873.801	1.0
1874.801	1.0
1875.801	1.0
1876.801	1.0
1877.801	1.0
1878.801	1.0
1879.801	1.0
1880.801	1.0
1881.801	1.0
1882.801	1.0
1883.801	1.0
1884.801	1.0
1885.801	1.0
1886.801	1.0
1887.801	1.0
1888.801	1.0
1889.801	1.0
1890.801	1.0
1891.801	1.0
1892.801	1.0
1893.801	1.0
1894.801	1.0
1895.801	1.0
1896.801	1.0
1897.801	1.0
1898.801	1.0
1899.801	1.0
1900.801	1.0
1901.801	1.0
1902.801	1.0
1903.801	1.0
1904.801	1.0
1905.801	1.0
1906.801	1.0
1907.801	1.0
1908.801	1.0
1909.801	1.0
1910.801	1.0
1911.801	1.0
1912.801	1.0
1913.801	1.0
1914.801	1.0
1915.801	1.0
1916.801	1.0
1917.801	1.0
1918.801	1.0
1919.801	1.0
1920.801	1.0
1921.801	1.0
1922.801	1.0
1923.801	1.0
1924.801	1.0
1925.801	1.0
1926.801	1.0
1927.801	1.0
1928.801	1.0
1929.801	1.0
1930.801	1.0
1931.801	1.0
1932.801	1.0
1933.801	1.0
1934.801	1.0
1935.801	1.0
1936.801	1.0
1937.801	1.0
1938.801	1.0
1939.801	1.0
1940.801	1.0
1941.801	1.0
1942.801	1.0
1943.801	1.0
1944.801	1.0
1945.801	1.0
1946.801	1.0
1947.801	1.0
1948.801	1.0
1949.801	1.0
1950.801	1.0
1951.801	1.0
1952.801	1.0
1953.801	1.0
1954.801	1.0
1955.801	1.0
1956.801	1.0
1957.801	1.0
1958.801	1.0
1959.801	1.0
1960.801	1.0
1961.801	1.0
1962.801	1.0
1963.801	1.0
1964.801	1.0
1965.801	1.0
1966.801	1.0
1967.801	1.0
1968.801	1.0
1969.801	1.0
1970.801	1.0
1971.801	1.0
1972.801	1.0
1973.801	1.0
1974.801	1.0
1975.801	1.0
1976.801	1.0
1977.801	1.0
1978.801	1.0
1979.801	1.0
1980.801	1.0
1981.801	1.0
1982.801	1.0
1983.801	1.0
1984.801	1.0
1985.801	1.0
1986.801	1.0
1987.801	1.0
1988.801	1.0
1989.801	1.0
1990.801	1.0
1991.801	1.0
1992.801	1.0
1993.801	1.0
1994.801	1.0
1995.801	1.0
1996.801	1.0
1997.801	1.0
1998.801	1.0
1999.801	1.0
2000.801	1.0
2001.801	1.0
2002.801	1.0
2003.801	1.0
2004.801	1.0
2005.801	1.0
2006.801	1.0
2007.801	1.0
2008.801	1.0
2009.801	1.0
2010.801	1.0
2011.801	1.0
2012.801	1.0
2013.801	1.0
2014.801	1.0
2015.801	1.0
2016.801	1.0
2017.801	1.0
2018.801	1.0
2019.801	1.0
2020.801	1.0
2021.801	1.0
2022.801	1.0
2023.801	1.0
2024.801	1.0
2025.801	1.0
2026.801	1.0
2027.801	1.0
2028.801	1.0
2029.801	1.0
2030.801	1.0
2031.801	1.0
2032.801	1.0
2033.801	1.0
2034.801	1.0
2035.801	1.0
2036.801	1.0
2037.801	1.0
2038.801	1.0
2039.801	1.0
2040.801	1.0
2041.801	1.0
2042.801	1.0
2043.801	1.0
2044.801	1.0
2045.801	1.0
2046.801	1.0
2047.801	1.0
2048.801	1.0
2049.801	1.0
2050.801	1.0
2051.801	1.0
2052.801	1.0
2053.801	1.0
2054.801	1.0
2055.801	1.0
2056.801	1.0
2057.801	1.0
2058.801	1.0
2059.801	1.0
2060.801	1.0
2061.801	1.0
2062.801	1.0
2063.801	1.0
2064.801	1.0
2065.801	1.0
2066.801	1.0
2067.801	1.0
2068.801	1.0
2069.801	1.0
2070.801	1.0
2071.801	1.0
2072.801	1.0
2073.801	1.0
2074.801	1.0
2075.801	1.0
2076.801	1.0
2077.801	1.0
2078.801	1.0
2079.801	1.0
2080.801	1.0
2081.801	1.0
2082.801	1.0
2083.801	1.0
2084.801	1.0
2085.801	1.0
2086.801	1.0
2087.801	1.0
2088.801	1.0
2089.801	1.0
2090.801	1.0
2091.801	1.0
2092.801	1.0
2093.801	1.0
2094.801	1.0
2095.801	1.0
2096.801	1.0
2097.801	1.0
2098.801	1.0
2099.801	1.0
2100.801	1.0
2101.801	1.0
2102.801	1.0
2103.801	1.0
2104.801	1.0
2105.801	1.0
2106.801	1.0
2107.801	1.0
2108.801	1.0
2109.801	1.0
2110.801	1.0
2111.801	1.0
2112.801	1.0
2113.801	1.0
2114.801	1.0
2115.801	1.0
2116.801	1.0
2117.801	1.0
2118.801	1.0
2119.801	1.0
2120.801	1.0
2121.801	1.0
2122.801	1.0
2123.801	1.0
2124.801	1.0
2125.801	1.0
2126.801	1.0
2127.801	1.0
2128.801	1.0
2129.801	1.0
2130.801	1.0
2131.801	1.0
2132.801	1.0
2133.801	1.0
2134.801	1.0
2135.801	1.0
2136.801	1.0
2137.801	1.0
2138.801	1.0
2139.801	1.0
2140.801	1.0
2141.801	1.0
2142.801	1.0
2143.801	1.0
2144.801	1.0
2145.801	1.0
2146.801	1.0
2147.801	1.0
2148.801	1.0
2149.801	1.0
2150.801	1.0
2151.801	1.0
2152.801	1.0
2153.801	1.0
2154.801	1.0
2155.801	1.0
2156.801	1.0
2157.801	1.0
2158.801	1.0
2159.801	1.0
2160.801	1.0
2161.801	1.0
2162.801	1.0
2163.801	1.0
2164.801	1.0
2165.801	1.0
2166.801	1.0
2167.801	1.0
2168.801	1.0
2169.801	1.0
2170.801	1.0
2171.801	1.0
2172.801	1.0
2173.801	1.0
2174.801	1.0
2175.801	1.0
2176.801	1.0
2177.801	1.0
2178.801	1.0
2179.801	1.0
2180.801	1.0
2181.801	1.0
2182.801	1.0
2183.801	1.0
2184.801	1.0
2185.801	1.0
2186.801	1.0
2187.801	1.0
2188.801	1.0
2189.801	1.0
2190.801	1.0
2191.801	1.0
2192.801	1.0
2193.801	1.0
2194.801	1.0
2195.801	1.0
2196.801	1.0
2197.801	1.0
2198.801	1.0
2199.801	1.0
2200.801	1.0
2201.801	1.0
2202.801	1.0
2203.801	1.0
2204.801	1.0
2205.801	1.0
2206.801	1.0
2207.801	1.0
2208.801	1.0
2209.801	1.0
2210.801	1.0
2211.801	1.0
2212.801	1.0
2213.801	1.0
2214.801	1.0
2215.801	1.0
2216.801	1.0
2217.801	1.0
2218.801	1.0
2219.801	1.0
2220.801	1.0
2221.801	1.0
2222.801	1.0
2223.801	1.0
2224.801	1.0
2225.801	1.0
2226.801	1.0
2227.801	1.0
2228.801	1.0
2229.801	1.0
2230.801	1.0
2231.801	1.0
2232.801	1.0
2233.801	1.0
2234.801	1.0
2235.801	1.0
2236.801	1.0
2237.801	1.0
2238.801	1.0
2239.801	1.0
2240.801	1.0
2241.801	1.0
2242.801	1.0
2243.801	1.0
2244.801	1.0
2245.801	1.0
2246.801	1.0
2247.801	1.0
2248.801	1.0
2249.801	1.0
2250.801	1.0
2251.801	1.0
2252.801	1.0
2253.801	1.0
2254.801	1.0
2255.801	1.0
2256.801	1.0
2257.801	1.0
2258.801	1.0
2259.801	1.0
2260.801	1.0
2261.801	1.0
2262.801	1.0
2263.801	1.0
2264.801	1.0
2265.801	1.0
2266.801	1.0
2267.801	1.0
2268.801	1.0
2269.801	1.0
2270.801	1.0
2271.801	1.0
2272.801	1.0
2273.801	1.0
2274.801	1.0
2275.801	1.0
2276.801	1.0
2277.801	1.0
2278.801	1.0
2279.801	1.0
2280.801	1.0
2281.801	1.0
2282.801	1.0
2283.801	1.0
2284.801	1.0
2285.801	1.0
2286.801	1.0
2287.801	1.0
2288.801	1.0
2289.801	1.0
2290.801	1.0
2291.801	1.0
2292.801	1.0
2293.801	1.0
2294.801	1.0
2295.801	1.0
2296.801	1.0
2297.801	1.0
2298.801	1.0
2299.801	1.0
2300.801	1.0
2301.801	1.0
2302.801	1.0
2303.801	1.0
2304.801	1.0
2305.801	1.0
2306.801	1.0
2307.801	1.0
2308.801	1.0
2309.801	1.0
2310.801	1.0
2311.801	1.0
2312.801	1.0
2313.801	1.0
2314.801	1.0
2315.801	1.0
2316.801	1.0
2317.801	1.0
2318.801	1.0
2319.801	1.0
2320.801	1.0
2321.801	1.0
2322.801	1.0
2323.801	1.0
2324.801	1.0
2325.801	1.0
2326.801	1.0
2327.801	1.0
2328.801	1.0
2329.801	1.0
2330.801	1.0
2331.801	1.0
2332.801	1.0
2333.801	1.0
2334.801	1.0
2335.801	1.0
2336.801	1.0
2337.801	1.0
2338.801	1.0
2339.801	1.0
2340.801	1.0
2341.801	1.0
2342.801	1.0
2343.801	1.0
2344.801	1.0
2345.801	1.0
2346.801	1.0
2347.801	1.0
2348.801	1.0
2349.801	1.0
2350.801	1.0
2351.801	1.0
2352.801	1.0
2353.801	1.0
2354.801	1.0
2355.801	1.0
2356.801	1.0
2357.801	1.0
2358.801	1.0
2359.801	1.0
2360.801	1.0
2361.801	1.0
2362.801	1.0
2363.801	1.0
2364.801	1.0
2365.801	1.0
2366.801	1.0
2367.801	1.0
2368.801	1.0
2369.801	1.0
2370.801	1.0
2371.801	1.0
2372.801	1.0
2373.801	1.0
2374.801	1.0
2375.801	1.0
2376.801	1.0
2377.801	1.0
2378.801	1.0
2379.801	1.0
2380.801	1.0
2381.801	1.0
2382.801	1.0
2383.801	1.0
2384.801	1.0
2385.801	1.0
2386.801	1.0
2387.801	1.0
2388.801	1.0
2389.801	1.0
2390.801	1.0
2391.801	1.0
2392.801	1.0
2393.801	1.0
2394.801	1.0
2395.801	1.0
2396.801	1.0
2397.801	1.0
2398.801	1.0
2399.801	1.0
2400.801	1.0
2401.801	1.0
2402.801	1.0
2403.801	1.0
2404.801	1.0
2405.801	1.0
2406.801	1.0
2407.801	1.0
2408.801	1.0
2409.801	1.0
2410.801	1.0
2411.801	1.0
2412.801	1.0
2413.801	1.0
2414.801	1.0
2415.801	1.0
2416.801	1.0
2417.801	1.0
2418.801	1.0
2419.801	1.0
2420.801	1.0
2421.801	1.0
2422.801	1.0
2423.801	1.0
2424.801	1.0
2425.801	1.0
2426.801	1.0
2427.801	1.0
2428.801	1.0
2429.801	1.0
2430.801	1.0
2431.801	1.0
2432.801	1.0
2433.801	1.0
2434.801	1.0
2435.801	1.0
2436.801	1.0
2437.801	1.0
2438.801	1.0
2439.801	1.0
2440.801	1.0
2441.801	1.0
2442.801	1.0
2443.801	1.0
2444.801	1.0
2445.801	1.0
2446.801	1.0
2447.801	1.0
2448.801	1.0
2449.801	1.0
2450.801	1.0
2451.801	1.0
2452.801	1.0
2453.801	1.0
2454.801	1.0
2455.801	1.0
2456.801	1.0
2457.801	1.0
2458.801	1.0
2459.801	1.0
2460.801	1.0
2461.801	1.0
2462.801	1.0
2463.801	1.0
2464.801	1.0
2465.801	1.0
2466.801	1.0
2467.801	1.0
2468.801	1.0
2469.801	1.0
2470.801	1.0
2471.801	1.0
2472.801	1.0
2473.801	1.0
2474.801	1.0
2475.801	1.0
2476.801	1.0
2477.801	1.0
2478.801	1.0
2479.801	1.0
2480.801	1.0
2481.801	1.0
2482.801	1.0
2483.801	1.0
2484.801	1.0
2485.801	1.0
2486.801	1.0
2487.801	1.0
2488.801	1.0
2489.801	1.0
2490.801	1.0
2491.801	1.0
2492.801	1.0
2493.801	1.0
2494.801	1.0
2495.801	1.0
2496.801	1.0
2497.801	1.0
2498.801	1.0
2499.801	1.0
2500.801	1.0
2501.801	1.0
2502.801	1.0
2503.801	1.0
2504.801	1.0
2505.801	1.0
2506.801	1.0
2507.801	1.0
2508.801	1.0
2509.801	1.0
2510.801	1.0
2511.801	1.0
2512.801	1.0
2513.801	1.0
2514.801	1.0
2515.801	1.0
2516.801	1.0
2517.801	1.0
2518.801	1.0
2519.801	1.0
2520.801	1.0
2521.801	1.0
2522.801	1.0
2523.801	1.0
2524.801	1.0
2525.801	1.0
2526.801	1.0
2527.801	1.0
2528.801	1.0
2529.801	1.0
2530.801	1.0
2531.801	1.0
2532.801	1.0
2533.801	1.0
2534.801	1.0
2535.801	1.0
2536.801	1.0
2537.801	1.0
2538.801	1.0
2539.801	1.0
2540.801	1.0
2541.801	1.0
2542.801	1.0
2543.801	1.0
2544.801	1.0
2545.801	1.0
2546.801	1.0
2547.801	1.0
2548.801	1.0
2549.801	1.0
2550.801	1.0
2551.801	1.0
2552.801	1.0
2553.801	1.0
2554.801	1.0
2555.801	1.0
2556.801	1.0
2557.801	1.0
2558.801	1.0
2559.801	1.0
2560.801	1.0
2561.801	1.0
2562.801	1.0
2563.801	1.0
2564.801	1.0
2565.801	1.0
2566.801	1.0
2567.801	1.0
2568.801	1.0
2569.801	1.0
2570.801	1.0
2571.801	1.0
2572.801	1.0
2573.801	1.0
2574.801	1.0
2575.801	1.0
2576.801	1.0
2577.801	1.0
2578.801	1.0
2579.801	1.0
2580.801	1.0
2581.801	1.0
2582.801	1.0
2583.801	1.0
2584.801	1.0
2585.801	1.0
2586.801	1.0
2587.801	1.0
2588.801	1.0
2589.801	1.0
2590.801	1.0
2591.801	1.0
2592.801	1.0
2593.801	1.0
2594.801	1.0
2595.801	1.0
2596.801	1.0
2597.801	1.0
2598.801	1.0
2599.801	1.0
2600.801	1.0
2601.801	1.0
2602.801	1.0
2603.801	1.0
2604.801	1.0
2605.801	1.0
2606.801	1.0
2607.801	1.0
2608.801	1.0
2609.801	1.0
2610.801	1.0
2611.801	1.0
2612.801	1.0
2613.801	1.0
2614.801	1.0
2615.801	1.0
2616.801	1.0
2617.801	1.0
2618.801	1.0
2619.801	1.0
2620.801	1.0
2621.801	1.0
2622.801	1.0
2623.801	1.0
2624.801	1.0
2625.801	1.0
2626.801	1.0
2627.801	1.0
2628.801	1.0
2629.801	1.0
2630.801	1.0
2631.801	1.0
2632.801	1.0
2633.801	1.0
2634.801	1.0
2635.801	1.0
2636.801	1.0
2637.801	1.0
2638.801	1.0
2639.801	1.0
2640.801	1.0
2641.801	1.0
2642.801	1.0
2643.801	1.0
2644.801	1.0
2645.801	1.0
2646.801	1.0
2647.801	1.0
2648.801	1.0
2649.801	1.0
2650.801	1.0
2651.801	1.0
2652.801	1.0
2653.801	1.0
2654.801	1.0
2655.801	1.0
2656.801	1.0
2657.801	1.0
2658.801	1.0
2659.801	1.0
2660.801	1.0
2661.801	1.0
2662.801	1.0
2663.801	1.0
2664.801	1.0
2665.801	1.0
2666.801	1.0
2667.801	1.0
2668.801	1.0
2669.801	1.0
2670.801	1.0
2671.801	1.0
2672.801	1.0
2673.801	1.0
2674.801	1.0
2675.801	1.0
2676.801	1.0
2677.801	1.0
2678.801	1.0
2679.801	1.0
2680.801	1.0
2681.801	1.0
2682.801	1.0
2683.801	1.0
2684.801	1.0
2685.801	1.0
2686.801	1.0
2687.801	1.0
2688.801	1.0
2689.801	1.0
2690.801	1.0
2691.801	1.0
2692.801	1.0
2693.801	1.0
2694.801	1.0
2695.801	1.0
2696.801	1.0
2697.801	1.0
2698.801	1.0
2699.801	1.0
2700.801	1.0
2701.801	1.0
2702.801	1.0
2703.801	1.0
2704.801	1.0
2705.801	1.0
2706.801	1.0
2707.801	1.0
2708.801	1.0
2709.801	1.0
2710.801	1.0
2711.801	1.0
2712.801	1.0
2713.801	1.0
2714.801	1.0
2715.801	1.0
2716.801	1.0
2717.801	1.0
2718.801	1.0
2719.801	1.0
2720.801	1.0
2721.801	1.0
2722.801	1.0
2723.801	1.0
2724.801	1.0
2725.801	1.0
2726.801	1.0
2727.801	1.0
2728.801	1.0
2729.801	1.0
2730.801	1.0
2731.801	1.0
2732.801	1.0
2733.801	1.0
2734.801	1.0
2735.801	1.0
2736.801	1.0
2737.801	1.0
2738.801	1.0
2739.801	1.0
2740.801	1.0
2741.801	1.0
2742.801	1.0
2743.801	1.0
2744.801	1.0
2745.801	1.0
2746.801	1.0
2747.801	1.0
2748.801	1.0
2749.801	1.0
2750.801	1.0
2751.801	1.0
2752.801	1.0
2753.801	1.0
2754.801	1.0
2755.801	1.0
2756.801	1.0
2757.801	1.0
2758.801	1.0
2759.801	1.0
2760.801	1.0
2761.801	1.0
2762.801	1.0
2763.801	1.0
2764.801	1.0
2765.801	1.0
2766.801	1.0
2767.801	1.0
2768.801	1.0
2769.801	1.0
2770.801	1.0
2771.801	1.0
2772.801	1.0
2773.801	1.0
2774.801	1.0
2775.801	1.0
2776.801	1.0
2777.801	1.0
2778.801	1.0
2779.801	1.0
2780.801	1.0
2781.801	1.0
2782.801	1.0
2783.801	1.0
2784.801	1.0
2785.801	1.0
2786.801	1.0
2787.801	1.0
2788.801	1.0
2789.801	1.0
2790.801	1.0
2791.801	1.0
2792.801	1.0
2793.801	1.0
2794.801	1.0
2795.801	1.0
2796.801	1.0
2797.801	1.0
2798.801	1.0
2799.801	1.0
2800.801	1.0
2801.801	1.0
2802.801	1.0
2803.801	1.0
2804.801	1.0
2805.801	1.0
2806.801	1.0
2807.801	1.0
2808.801	1.0
2809.801	1.0
2810.801	1.0
2811.801	1.0
2812.801	1.0
2813.801	1.0
2814.801	1.0
2815.801	1.0
2816.801	1.0
2817.801	1.0
2818.801	1.0
2819.801	1.0
2820.801	1.0
2821.801	1.0
2822.801	1.0
2823.801	1.0
2824.801	1.0
2825.801	1.0
2826.801	1.0
2827.801	1.0
2828.801	1.0
2829.801	1.0
2830.801	1.0
2831.801	1.0
2832.801	1.0
2833.801	1.0
2834.801	1.0
2835.801	1.0
2836.801	1.0
2837.801	1.0
2838.801	1.0
2839.801	1.0
2840.801	1.0
2841.801	1.0
2842.801	1.0
2843.801	1.0
2844.801	1.0
2845.801	1.0
2846.801	1.0
2847.801	1.0
2848.801	1.0
2849.801	1.0
2850.801	1.0
2851.801	1.0
2852.801	1.0
2853.801	1.0
2854.801	1.0
2855.801	1.0
2856.801	1.0
2857.801	1.0
2858.801	1.0
2859.801	1.0
2860.801	1.0
2861.801	1.0
2862.801	1.0
2863.801	1.0
2864.801	1.0
2865.801	1.0
2866.801	1.0
2867.801	1.0
2868.801	1.0
2869.801	1.0
2870.801	1.0
2871.801	1.0
2872.801	1.0
2873.801	1.0
2874.801	1.0
2875.801	1.0
2876.801	1.0
2877.801	1.0
2878.801	1.0
2879.801	1.0
2880.801	1.0
2881.801	1.0
2882.801	1.0
2883.801	1.0
2884.801	1.0
2885.801	1.0
2886.801	1.0
2887.801	1.0
2888.801	1.0
2889.801	1.0
2890.801	1.0
2891.801	1.0
2892.801	1.0
2893.801	1.0
2894.801	1.0
2895.801	1.0
2896.801	1.0
2897.801	1.0
2898.801	1.0
2899.801	1.0
2900.801	1.0
2901.801	1.0
2902.801	1.0
2903.801	1.0
2904.801	1.0
2905.801	1.0
2906.801	1.0
2907.801	1.0
2908.801	1.0
2909.801	1.0
2910.801	1.0
2911.801	1.0
2912.801	1.0
2913.801	1.0
2914.801	1.0
2915.801	1.0
2916.801	1.0
2917.801	1.0
2918.801	1.0
2919.801	1.0
2920.801	1.0
2921.801	1.0
2922.801	1.0
2923.801	1.0
2924.801	1.0
2925.801	1.0
2926.801	1.0
2927.801	1.0
2928.801	1.0
2929.801	1.0
2930.801	1.0
2931.801	1.0
2932.801	1.0
2933.801	1.0
2934.801	1.0
2935.801	1.0
2936.801	1.0
2937.801	1.0
2938.801	1.0
2939.801	1.0
2940.801	1.0
2941.801	1.0
2942.801	1.0
2943.801	1.0
2944.801	1.0
2945.801	1.0
2946.801	1.0
2947.801	1.0
2948.801	1.0
2949.801	1.0
2950.801	1.0
2951.801	1.0
2952.801	1.0
2953.801	1.0
2954.801	1.0
2955.801	1.0
2956.801	1.0
2957.801	1.0
2958.801	1.0
2959.801	1.0
2960.801	1.0
2961.801	1.0
2962.801	1.0
2963.801	1.0
2964.801	1.0
2965.801	1.0
2966.801	1.0
2967.801	1.0
2968.801	1.0
2969.801	1.0
2970.801	1.0
2971.801	1.0
2972.801	1.0
2973.801	1.0
2974.801	1.0
2975.801	1.0
2976.801	1.0
2977.801	1.0
2978.801	1.0
2979.801	1.0
2980.801	1.0
2981.801	1.0
2982.801	1.0
2983.801	1.0
2984.801	1.0
2985.801	1.0
2986.801	1.0
2987.801	1.0
2988.801	1.0
2989.801	1.0
2990.801	1.0
2991.801	1.0
2992.801	1.0
2993.801	1.0
2994.801	1.0
2995.801	1.0
