0.267	0.5052194744395593
1.22	0.49780326905816785
2.17	0.508879968756622
3.119	0.5031030158676655
4.067	0.5025607685858824
5.01	0.5034102725700854
5.963	0.5073066435020083
6.9270000000000005	0.5075821561603717
7.877	0.5029063186695578
8.852	0.5187936455328997
9.794	0.5228536514232036
10.764	0.5260804071174395
11.723	0.5202552034050449
12.679	0.5229564264535571
13.626	0.5335507706977386
14.585	0.5503623866534921
15.532	0.5575802723055503
16.487000000000002	0.569407808142346
17.438	0.5739697791429402
18.377	0.5802596549469127
19.322	0.5825868057048438
20.279	0.5955242142291172
21.219	0.6025184414665429
22.168	0.6250751123925831
23.109	0.6298752766800646
24.058	0.6364287026175623
24.998	0.6336754339577115
25.949	0.62999927924185
26.897000000000002	0.6371974287208555
27.849	0.6436095652749007
28.807000000000002	0.646880346945338
29.75	0.6586109223827523
30.702	0.6810534787798772
31.66	0.6863234453878966
32.624	0.6994894593448334
33.57	0.7060922124525291
34.509	0.7059160397631735
35.472	0.7239707960759373
36.426	0.7246091886663961
37.374	0.7316213274986285
38.333	0.7336084087731499
39.300000000000004	0.7221467007706068
40.271	0.7232892919939877
41.224000000000004	0.7340865764410784
42.17	0.7392812597217613
43.105000000000004	0.7555972461900281
44.059	0.7701004863792903
45.023	0.7721122394542644
45.966	0.7857563844835573
46.911	0.7984135348979268
47.859	0.7916832182253443
48.839	0.8037370060410031
49.81	0.8119993759209222
50.763	0.8258191717288859
51.715	0.835687156613243
52.677	0.8244615955864893
53.648	0.8276516001232666
54.591	0.7391175679959013
55.558	0.7921574106902696
56.528	0.810012181720024
57.488	0.7907999221532414
58.46	0.8069746578017247
59.422000000000004	0.7074403043526717
60.388	0.6528665463452858
61.348	0.3044745442286031
62.324	0.6935634575188065
63.294000000000004	0.7016096737361782
64.267	0.7939712178060047
65.237	0.7578659430371112
66.21600000000001	0.8487606419885303
67.178	0.6896938708973167
68.156	0.8418123396962653
69.125	0.7298116278153319
70.101	0.696970221625224
71.07000000000001	0.43790000673948054
72.042	0.42537528145837944
73.013	0.32921710009760824
73.992	0.4736986369286938
74.971	0.7091620421772705
75.95100000000001	0.7885230417716422
76.931	0.8307331962774804
77.901	0.6279608020648659
78.891	0.9036865251934664
79.855	0.7075770002578438
80.83500000000001	0.7189533488205454
81.815	0.8310086456585806
82.791	0.7036596382170021
83.767	0.6228409692411571
84.747	0.7092003549991726
85.72500000000001	0.6071578157167368
86.706	0.6684771355660558
87.684	0.6815597365865751
88.665	0.7527812265999143
89.646	0.7746690038283334
90.626	0.7668224582872947
91.60900000000001	0.858222240680121
92.586	0.7651877002792171
93.56700000000001	0.8154668838344052
94.543	0.7937432312517934
95.515	0.526372335362483
96.496	0.5791382191913926
97.477	0.7732861026312878
98.468	0.9290893224753428
99.433	0.5772050075576978
100.413	0.6959927380575914
101.397	0.8515307695707189
102.378	0.8754853987398119
103.349	0.5690014121973946
104.33	0.7376401324711657
105.311	0.8573345121038399
106.29	0.7859418973261614
107.269	0.7721271353485765
108.247	0.5591387567842926
109.227	0.49381758380721974
110.21000000000001	0.7004125017609231
111.19200000000001	0.7396212706958949
112.175	0.5812974251385052
113.165	0.8524611168212771
114.142	0.7381755285890487
115.123	0.8308884706418909
116.104	0.8023091843102574
117.092	0.847419551848367
118.07300000000001	0.8286828679127838
119.054	0.7572928804852327
120.037	0.30876759892928085
121.023	0.29290354094432675
122.013	0.685252912661012
123.004	0.9368072262155228
123.988	0.5757520145535622
124.979	0.8776292811306923
125.96900000000001	0.9264451844013099
126.95700000000001	0.8192325088460165
127.947	0.9153861241051432
128.937	0.887722407772595
129.928	0.9755234382149475
130.915	0.9343917657313424
131.898	0.8644338817590865
132.88400000000001	0.8422427148914787
133.868	0.4934957971906004
134.859	0.8376194611593005
135.84	0.2331533858682745
136.83	0.38873161142407225
137.821	0.8858013474147176
138.804	0.7766873855792606
139.785	0.5411807237474632
140.766	0.5783434806511594
141.747	0.5319390128170628
142.728	0.5551477693659496
143.718	0.8117488085832524
144.708	0.9071180653001879
145.689	0.7291626768479376
146.68	0.9242515337176052
147.656	0.5969559214721656
148.64000000000001	0.438698654168444
149.625	0.43521155293136093
150.613	0.6566756960157145
151.599	0.6251941933531548
152.59	0.8843419289312254
153.579	0.9110893636240784
154.56900000000002	0.9525279316728432
155.55	0.8977822257342268
156.532	0.7072316505931155
157.519	0.47519438467560415
158.511	0.8643999985274341
159.492	0.4410292057971314
160.482	0.5492142543817722
161.471	0.30731105542521797
162.461	0.3861135476546098
163.453	0.8554594825345156
164.44400000000002	0.9579284244968043
165.434	0.9277417376864516
166.416	0.5403119425588304
167.406	0.8102072715864752
168.406	0.9642519175665049
169.388	0.7706461300850252
170.379	0.618998943556612
171.37	0.5495185258276969
172.367	0.7826212751753212
173.358	0.8714620800076455
174.345	0.712854564770062
175.336	0.7263090653087619
176.326	0.297665395454303
177.326	0.9045412640203981
178.317	0.8819999903802366
179.308	0.8947000793390812
180.291	0.5600811286216382
181.282	0.8931698691093737
182.272	0.8900156045632798
183.272	0.9684884646653874
184.262	0.9463670255854464
185.25300000000001	0.9241566557179618
186.242	0.7007108514380478
187.232	0.7466581714851296
188.22400000000002	0.93021448705589
189.205	0.19290902405594185
190.195	0.4313035407891571
191.192	0.903001754098187
192.166	0.5178826484850422
193.157	0.8154432244425979
194.147	0.8972512377399567
195.139	0.9455751299104058
196.127	0.7298009732643557
197.118	0.8852831957182472
198.118	0.9757655904500304
199.09900000000002	0.6923737837966389
200.089	0.5566028019691631
201.08	0.7421858004452897
202.08	0.9791557616348733
203.08	0.9762787018108112
204.071	0.976410924938848
205.062	0.9762673521766587
206.044	0.9686339388280908
207.034	0.9299584575739912
208.016	0.5171235908123902
209.007	0.45794765589111963
210.002	0.5061458674834304
210.997	0.48831418400961996
211.997	0.9174605700456578
212.988	0.3672487927441068
213.983	0.39988917881459934
214.981	0.6164925125709729
215.972	0.8703646534058828
216.966	0.5033174058673262
217.963	0.6119866310069749
218.96200000000002	0.9468150199196661
219.96200000000002	1.0
220.96200000000002	1.0
221.96200000000002	1.0
222.96200000000002	1.0
223.96200000000002	1.0
224.96200000000002	1.0
225.96200000000002	1.0
226.96200000000002	1.0
227.96200000000002	1.0
228.96200000000002	1.0
229.96200000000002	1.0
230.96200000000002	1.0
231.96200000000002	1.0
232.96200000000002	1.0
233.96200000000002	1.0
234.96200000000002	1.0
235.96200000000002	1.0
236.96200000000002	1.0
237.96200000000002	1.0
238.96200000000002	1.0
239.96200000000002	1.0
240.96200000000002	1.0
241.96200000000002	1.0
242.96200000000002	1.0
243.96200000000002	1.0
244.96200000000002	1.0
245.96200000000002	1.0
246.96200000000002	1.0
247.96200000000002	1.0
248.96200000000002	1.0
249.96200000000002	1.0
250.96200000000002	1.0
251.96200000000002	1.0
252.96200000000002	1.0
253.96200000000002	1.0
254.96200000000002	1.0
255.96200000000002	1.0
256.962	1.0
257.962	1.0
258.962	1.0
259.962	1.0
260.962	1.0
261.962	1.0
262.962	1.0
263.962	1.0
264.962	1.0
265.962	1.0
266.962	1.0
267.962	1.0
268.962	1.0
269.962	1.0
270.962	1.0
271.962	1.0
272.962	1.0
273.962	1.0
274.962	1.0
275.962	1.0
276.962	1.0
277.962	1.0
278.962	1.0
279.962	1.0
280.962	1.0
281.962	1.0
282.962	1.0
283.962	1.0
284.962	1.0
285.962	1.0
286.962	1.0
287.962	1.0
288.962	1.0
289.962	1.0
290.962	1.0
291.962	1.0
292.962	1.0
293.962	1.0
294.962	1.0
295.962	1.0
296.962	1.0
297.962	1.0
298.962	1.0
299.962	1.0
300.962	1.0
301.962	1.0
302.962	1.0
303.962	1.0
304.962	1.0
305.962	1.0
306.962	1.0
307.962	1.0
308.962	1.0
309.962	1.0
310.962	1.0
311.962	1.0
312.962	1.0
313.962	1.0
314.962	1.0
315.962	1.0
316.962	1.0
317.962	1.0
318.962	1.0
319.962	1.0
320.962	1.0
321.962	1.0
322.962	1.0
323.962	1.0
324.962	1.0
325.962	1.0
326.962	1.0
327.962	1.0
328.962	1.0
329.962	1.0
330.962	1.0
331.962	1.0
332.962	1.0
333.962	1.0
334.962	1.0
335.962	1.0
336.962	1.0
337.962	1.0
338.962	1.0
339.962	1.0
340.962	1.0
341.962	1.0
342.962	1.0
343.962	1.0
344.962	1.0
345.962	1.0
346.962	1.0
347.962	1.0
348.962	1.0
349.962	1.0
350.962	1.0
351.962	1.0
352.962	1.0
353.962	1.0
354.962	1.0
355.962	1.0
356.962	1.0
357.962	1.0
358.962	1.0
359.962	1.0
360.962	1.0
361.962	1.0
362.962	1.0
363.962	1.0
364.962	1.0
365.962	1.0
366.962	1.0
367.962	1.0
368.962	1.0
369.962	1.0
370.962	1.0
371.962	1.0
372.962	1.0
373.962	1.0
374.962	1.0
375.962	1.0
376.962	1.0
377.962	1.0
378.962	1.0
379.962	1.0
380.962	1.0
381.962	1.0
382.962	1.0
383.962	1.0
384.962	1.0
385.962	1.0
386.962	1.0
387.962	1.0
388.962	1.0
389.962	1.0
390.962	1.0
391.962	1.0
392.962	1.0
393.962	1.0
394.962	1.0
395.962	1.0
396.962	1.0
397.962	1.0
398.962	1.0
399.962	1.0
400.962	1.0
401.962	1.0
402.962	1.0
403.962	1.0
404.962	1.0
405.962	1.0
406.962	1.0
407.962	1.0
408.962	1.0
409.962	1.0
410.962	1.0
411.962	1.0
412.962	1.0
413.962	1.0
414.962	1.0
415.962	1.0
416.962	1.0
417.962	1.0
418.962	1.0
419.962	1.0
420.962	1.0
421.962	1.0
422.962	1.0
423.962	1.0
424.962	1.0
425.962	1.0
426.962	1.0
427.962	1.0
428.962	1.0
429.962	1.0
430.962	1.0
431.962	1.0
432.962	1.0
433.962	1.0
434.962	1.0
435.962	1.0
436.962	1.0
437.962	1.0
438.962	1.0
439.962	1.0
440.962	1.0
441.962	1.0
442.962	1.0
443.962	1.0
444.962	1.0
445.962	1.0
446.962	1.0
447.962	1.0
448.962	1.0
449.962	1.0
450.962	1.0
451.962	1.0
452.962	1.0
453.962	1.0
454.962	1.0
455.962	1.0
456.962	1.0
457.962	1.0
458.962	1.0
459.962	1.0
460.962	1.0
461.962	1.0
462.962	1.0
463.962	1.0
464.962	1.0
465.962	1.0
466.962	1.0
467.962	1.0
468.962	1.0
469.962	1.0
470.962	1.0
471.962	1.0
472.962	1.0
473.962	1.0
474.962	1.0
475.962	1.0
476.962	1.0
477.962	1.0
478.962	1.0
479.962	1.0
480.962	1.0
481.962	1.0
482.962	1.0
483.962	1.0
484.962	1.0
485.962	1.0
486.962	1.0
487.962	1.0
488.962	1.0
489.962	1.0
490.962	1.0
491.962	1.0
492.962	1.0
493.962	1.0
494.962	1.0
495.962	1.0
496.962	1.0
497.962	1.0
498.962	1.0
499.962	1.0
500.962	1.0
501.962	1.0
502.962	1.0
503.962	1.0
504.962	1.0
505.962	1.0
506.962	1.0
507.962	1.0
508.962	1.0
509.962	1.0
510.962	1.0
511.962	1.0
512.962	1.0
513.962	1.0
514.962	1.0
515.962	1.0
516.962	1.0
517.962	1.0
518.962	1.0
519.962	1.0
520.962	1.0
521.962	1.0
522.962	1.0
523.962	1.0
524.962	1.0
525.962	1.0
526.962	1.0
527.962	1.0
528.962	1.0
529.962	1.0
530.962	1.0
531.962	1.0
532.962	1.0
533.962	1.0
534.962	1.0
535.962	1.0
536.962	1.0
537.962	1.0
538.962	1.0
539.962	1.0
540.962	1.0
541.962	1.0
542.962	1.0
543.962	1.0
544.962	1.0
545.962	1.0
546.962	1.0
547.962	1.0
548.962	1.0
549.962	1.0
550.962	1.0
551.962	1.0
552.962	1.0
553.962	1.0
554.962	1.0
555.962	1.0
556.962	1.0
557.962	1.0
558.962	1.0
559.962	1.0
560.962	1.0
561.962	1.0
562.962	1.0
563.962	1.0
564.962	1.0
565.962	1.0
566.962	1.0
567.962	1.0
568.962	1.0
569.962	1.0
570.962	1.0
571.962	1.0
572.962	1.0
573.962	1.0
574.962	1.0
575.962	1.0
576.962	1.0
577.962	1.0
578.962	1.0
579.962	1.0
580.962	1.0
581.962	1.0
582.962	1.0
583.962	1.0
584.962	1.0
585.962	1.0
586.962	1.0
587.962	1.0
588.962	1.0
589.962	1.0
590.962	1.0
591.962	1.0
592.962	1.0
593.962	1.0
594.962	1.0
595.962	1.0
596.962	1.0
597.962	1.0
598.962	1.0
599.962	1.0
600.962	1.0
601.962	1.0
602.962	1.0
603.962	1.0
604.962	1.0
605.962	1.0
606.962	1.0
607.962	1.0
608.962	1.0
609.962	1.0
610.962	1.0
611.962	1.0
612.962	1.0
613.962	1.0
614.962	1.0
615.962	1.0
616.962	1.0
617.962	1.0
618.962	1.0
619.962	1.0
620.962	1.0
621.962	1.0
622.962	1.0
623.962	1.0
624.962	1.0
625.962	1.0
626.962	1.0
627.962	1.0
628.962	1.0
629.962	1.0
630.962	1.0
631.962	1.0
632.962	1.0
633.962	1.0
634.962	1.0
635.962	1.0
636.962	1.0
637.962	1.0
638.962	1.0
639.962	1.0
640.962	1.0
641.962	1.0
642.962	1.0
643.962	1.0
644.962	1.0
645.962	1.0
646.962	1.0
647.962	1.0
648.962	1.0
649.962	1.0
650.962	1.0
651.962	1.0
652.962	1.0
653.962	1.0
654.962	1.0
655.962	1.0
656.962	1.0
657.962	1.0
658.962	1.0
659.962	1.0
660.962	1.0
661.962	1.0
662.962	1.0
663.962	1.0
664.962	1.0
665.962	1.0
666.962	1.0
667.962	1.0
668.962	1.0
669.962	1.0
670.962	1.0
671.962	1.0
672.962	1.0
673.962	1.0
674.962	1.0
675.962	1.0
676.962	1.0
677.962	1.0
678.962	1.0
679.962	1.0
680.962	1.0
681.962	1.0
682.962	1.0
683.962	1.0
684.962	1.0
685.962	1.0
686.962	1.0
687.962	1.0
688.962	1.0
689.962	1.0
690.962	1.0
691.962	1.0
692.962	1.0
693.962	1.0
694.962	1.0
695.962	1.0
696.962	1.0
697.962	1.0
698.962	1.0
699.962	1.0
700.962	1.0
701.962	1.0
702.962	1.0
703.962	1.0
704.962	1.0
705.962	1.0
706.962	1.0
707.962	1.0
708.962	1.0
709.962	1.0
710.962	1.0
711.962	1.0
712.962	1.0
713.962	1.0
714.962	1.0
715.962	1.0
716.962	1.0
717.962	1.0
718.962	1.0
719.962	1.0
720.962	1.0
721.962	1.0
722.962	1.0
723.962	1.0
724.962	1.0
725.962	1.0
726.962	1.0
727.962	1.0
728.962	1.0
729.962	1.0
730.962	1.0
731.962	1.0
732.962	1.0
733.962	1.0
734.962	1.0
735.962	1.0
736.962	1.0
737.962	1.0
738.962	1.0
739.962	1.0
740.962	1.0
741.962	1.0
742.962	1.0
743.962	1.0
744.962	1.0
745.962	1.0
746.962	1.0
747.962	1.0
748.962	1.0
749.962	1.0
750.962	1.0
751.962	1.0
752.962	1.0
753.962	1.0
754.962	1.0
755.962	1.0
756.962	1.0
757.962	1.0
758.962	1.0
759.962	1.0
760.962	1.0
761.962	1.0
762.962	1.0
763.962	1.0
764.962	1.0
765.962	1.0
766.962	1.0
767.962	1.0
768.962	1.0
769.962	1.0
770.962	1.0
771.962	1.0
772.962	1.0
773.962	1.0
774.962	1.0
775.962	1.0
776.962	1.0
777.962	1.0
778.962	1.0
779.962	1.0
780.962	1.0
781.962	1.0
782.962	1.0
783.962	1.0
784.962	1.0
785.962	1.0
786.962	1.0
787.962	1.0
788.962	1.0
789.962	1.0
790.962	1.0
791.962	1.0
792.962	1.0
793.962	1.0
794.962	1.0
795.962	1.0
796.962	1.0
797.962	1.0
798.962	1.0
799.962	1.0
800.962	1.0
801.962	1.0
802.962	1.0
803.962	1.0
804.962	1.0
805.962	1.0
806.962	1.0
807.962	1.0
808.962	1.0
809.962	1.0
810.962	1.0
811.962	1.0
812.962	1.0
813.962	1.0
814.962	1.0
815.962	1.0
816.962	1.0
817.962	1.0
818.962	1.0
819.962	1.0
820.962	1.0
821.962	1.0
822.962	1.0
823.962	1.0
824.962	1.0
825.962	1.0
826.962	1.0
827.962	1.0
828.962	1.0
829.962	1.0
830.962	1.0
831.962	1.0
832.962	1.0
833.962	1.0
834.962	1.0
835.962	1.0
836.962	1.0
837.962	1.0
838.962	1.0
839.962	1.0
840.962	1.0
841.962	1.0
842.962	1.0
843.962	1.0
844.962	1.0
845.962	1.0
846.962	1.0
847.962	1.0
848.962	1.0
849.962	1.0
850.962	1.0
851.962	1.0
852.962	1.0
853.962	1.0
854.962	1.0
855.962	1.0
856.962	1.0
857.962	1.0
858.962	1.0
859.962	1.0
860.962	1.0
861.962	1.0
862.962	1.0
863.962	1.0
864.962	1.0
865.962	1.0
866.962	1.0
867.962	1.0
868.962	1.0
869.962	1.0
870.962	1.0
871.962	1.0
872.962	1.0
873.962	1.0
874.962	1.0
875.962	1.0
876.962	1.0
877.962	1.0
878.962	1.0
879.962	1.0
880.962	1.0
881.962	1.0
882.962	1.0
883.962	1.0
884.962	1.0
885.962	1.0
886.962	1.0
887.962	1.0
888.962	1.0
889.962	1.0
890.962	1.0
891.962	1.0
892.962	1.0
893.962	1.0
894.962	1.0
895.962	1.0
896.962	1.0
897.962	1.0
898.962	1.0
899.962	1.0
900.962	1.0
901.962	1.0
902.962	1.0
903.962	1.0
904.962	1.0
905.962	1.0
906.962	1.0
907.962	1.0
908.962	1.0
909.962	1.0
910.962	1.0
911.962	1.0
912.962	1.0
913.962	1.0
914.962	1.0
915.962	1.0
916.962	1.0
917.962	1.0
918.962	1.0
919.962	1.0
920.962	1.0
921.962	1.0
922.962	1.0
923.962	1.0
924.962	1.0
925.962	1.0
926.962	1.0
927.962	1.0
928.962	1.0
929.962	1.0
930.962	1.0
931.962	1.0
932.962	1.0
933.962	1.0
934.962	1.0
935.962	1.0
936.962	1.0
937.962	1.0
938.962	1.0
939.962	1.0
940.962	1.0
941.962	1.0
942.962	1.0
943.962	1.0
944.962	1.0
945.962	1.0
946.962	1.0
947.962	1.0
948.962	1.0
949.962	1.0
950.962	1.0
951.962	1.0
952.962	1.0
953.962	1.0
954.962	1.0
955.962	1.0
956.962	1.0
957.962	1.0
958.962	1.0
959.962	1.0
960.962	1.0
961.962	1.0
962.962	1.0
963.962	1.0
964.962	1.0
965.962	1.0
966.962	1.0
967.962	1.0
968.962	1.0
969.962	1.0
970.962	1.0
971.962	1.0
972.962	1.0
973.962	1.0
974.962	1.0
975.962	1.0
976.962	1.0
977.962	1.0
978.962	1.0
979.962	1.0
980.962	1.0
981.962	1.0
982.962	1.0
983.962	1.0
984.962	1.0
985.962	1.0
986.962	1.0
987.962	1.0
988.962	1.0
989.962	1.0
990.962	1.0
991.962	1.0
992.962	1.0
993.962	1.0
