0.28200000000000003	0.5661119334056848
1.185	0.5598209330215405
2.104	0.5348092577067962
3.033	0.535767942787925
3.979	0.5511053146504534
4.904	0.5221545801906836
5.845	0.5085573013451029
6.79	0.5086439827946214
7.736	0.49101917893702524
8.699	0.5183697842465802
9.628	0.5011182123926519
10.572000000000001	0.514717745428216
11.522	0.5111002420309113
12.471	0.5214572504300468
13.401	0.5010456948269653
14.344	0.5091692063845155
15.302	0.5203988576755214
16.249	0.5175926153218626
17.181	0.49439356562091696
18.128	0.47291509942553556
19.071	0.4662982188145393
20.023	0.47583992493694127
20.975	0.4646271010040931
21.918	0.4668081203152274
22.866	0.4772380795622244
23.805	0.4896427196992352
24.749	0.4997913112153997
25.687	0.4871698827268069
26.644000000000002	0.522570110729008
27.597	0.5207821260650285
28.537	0.514856096265916
29.484	0.5328063755838595
30.431	0.5188755478871778
31.377	0.5276803482976989
32.332	0.5643632628168513
33.28	0.5760609013287631
34.219	0.5692597148637137
35.165	0.5382581572751325
36.111000000000004	0.5596445621635298
37.057	0.5485060540052087
38.002	0.5457167021458683
38.949	0.5243107621046308
39.903	0.570916138966078
40.862	0.592098813068122
41.814	0.6022106615803889
42.767	0.5930578549738843
43.711	0.5807814917785566
44.659	0.5918169186247981
45.6	0.5791078729730099
46.550000000000004	0.5947296149277859
47.49	0.5862905780664682
48.441	0.5886705339477918
49.391	0.5971537258555429
50.345	0.6068745420896595
51.303000000000004	0.6388649631301435
52.252	0.6428150445022849
53.206	0.6415658685010208
54.159	0.6290100072224633
55.114000000000004	0.6816361622628591
56.069	0.6635524729748009
57.006	0.5665735146629145
57.968	0.6047592225209187
58.921	0.5748441652736447
59.878	0.5733628804904662
60.829	0.54038676242089
61.792	0.5557231733940492
62.752	0.5441199245950198
63.716	0.6778768427622608
64.676	0.5791267401120294
65.638	0.6305232461780059
66.595	0.5607821967493886
67.565	0.6625699225000161
68.529	0.6865066694930236
69.501	0.759379834799939
70.45100000000001	0.5297157835491549
71.413	0.5645488197669272
72.376	0.5424217568816503
73.348	0.7358079093974096
74.311	0.7017245096963918
75.28	0.6476311942630459
76.244	0.6149353775427332
77.21000000000001	0.5405532099998873
78.18	0.6785168286303445
79.142	0.5915501146504084
80.114	0.6903197062186561
81.08	0.7295163301008118
82.048	0.7163271341675285
83.012	0.6589411800598297
83.982	0.6413976309499252
84.958	0.729226374412918
85.931	0.6253150808841548
86.905	0.711753901660697
87.88	0.665376983196764
88.855	0.5384990759612104
89.834	0.6404290897987107
90.81400000000001	0.7267355461075113
91.789	0.44315913288289965
92.772	0.7266268887488295
93.761	0.9097869052929728
94.739	0.8207689642425866
95.718	0.7736502279000496
96.69500000000001	0.6127946885605907
97.675	0.5107100835175036
98.656	0.4154303874986555
99.644	0.7367100707873585
100.627	0.7630048597899061
101.61	0.8533785322147118
102.598	0.9277158390857746
103.56700000000001	0.6285547380568439
104.546	0.547204099867729
105.528	0.7017166584920683
106.51	0.7597552207327656
107.491	0.674407011384929
108.47200000000001	0.6547902973726032
109.456	0.8665062634944614
110.435	0.748686163432933
111.414	0.6447798204107374
112.411	0.9448086486139217
113.375	0.7886558662253225
114.352	0.3606342139187301
115.339	0.8538503041803527
116.32000000000001	0.8874289284085374
117.302	0.6519764637765325
118.288	0.7115368567923132
119.268	0.3159511430656066
120.254	0.6363352943363906
121.23400000000001	0.512595020612034
122.221	0.576237138134597
123.205	0.7804190962165972
124.188	0.5598709407146184
125.173	0.6503477246710112
126.155	0.5698024266835673
127.139	0.4973737503289185
128.119	0.32613890448426136
129.109	0.7991258851689818
130.094	0.5977057581762271
131.08	0.6003116951706862
132.066	0.5530506098807283
133.047	0.47579944352560705
134.034	0.5162285952088231
135.01500000000001	0.474951765440004
136.0	0.5101616554776995
136.987	0.7612873613928026
137.966	0.714875977545653
138.952	0.6241844354681217
139.936	0.5591855194059345
140.916	0.3165005735657264
141.905	0.5421830699381149
142.887	0.6642540702779938
143.874	0.8000318455543217
144.857	0.522697262322409
145.848	0.7967716072391094
146.836	0.5546465260725006
147.82500000000002	0.5134215436754374
148.80100000000002	0.6270216366105186
149.779	0.4641917081780286
150.756	0.13221360426974493
151.739	0.1278451971672836
152.726	0.0956893528646045
153.72	0.8188893018693041
154.70000000000002	0.15918509354938198
155.685	0.0610413824140865
156.679	0.43249900648797934
157.66400000000002	0.04843664906820356
158.65800000000002	0.741841830342975
159.643	0.06302915279165144
160.636	0.22323979073175398
161.623	0.10797644143894677
162.617	0.622096612894217
163.601	0.07404334550109942
164.595	0.6619138504776733
165.58100000000002	0.10138261738821588
166.572	0.1843451086474762
167.562	0.1813531045871214
168.553	0.4570085423805629
169.543	0.4367721771316269
170.534	0.7969584207738862
171.524	0.6407547088699918
172.507	0.20991432735117088
173.49	0.09186716328823946
174.478	0.11117703217882562
175.469	0.21630312995439316
176.46	0.5692018029168008
177.447	0.46563551677114884
178.43	0.42162054073963046
179.417	0.6640578549121828
180.397	0.2239541463813037
181.379	0.33495585232456526
182.36	0.41955431491858663
183.34	0.3136855618549108
184.321	0.323358263399576
185.302	0.210125626307749
186.28300000000002	0.14014314472692135
187.264	0.10009193448443647
188.25300000000001	0.28023270594875976
189.234	0.11803031886758224
190.216	0.10706770371901059
191.20600000000002	0.15754894978318076
192.192	0.2486216940574441
193.18200000000002	0.5199086516986346
194.169	0.15261580537079497
195.161	0.6742471389438267
196.151	0.8099844402647247
197.141	0.601369797477325
198.131	0.5420778376629087
199.121	0.18323684189265904
200.112	0.28213989567427794
201.103	0.33196101851032755
202.096	0.5302253304090182
203.09300000000002	0.5561161682959609
204.084	0.6760659729868511
205.074	0.6308496016347501
206.064	0.6278227632052666
207.054	0.6608469242800971
208.044	0.33818178272673216
209.035	0.3486018484745236
210.025	0.07629105576621133
211.019	0.6988511979814868
212.011	0.6792424866473649
213.001	0.7017841940223578
213.991	0.7119120687077664
214.981	0.5306290082561228
215.972	0.37563670339378097
216.96200000000002	0.07032705238185119
217.954	0.652553286297826
218.94400000000002	0.629176685161716
219.935	0.8872344136103232
220.925	0.6092579085391872
221.916	0.83382245634799
222.907	0.9422787093445999
223.89600000000002	0.8430735880310367
224.885	0.7856357115143667
225.868	0.36415123186300896
226.858	0.7056874092363773
227.845	0.5179806996302777
228.834	0.5574669276398642
229.822	0.26508807133498263
230.811	0.2422651424733579
231.80100000000002	0.25506945066029985
232.792	0.3801534458908235
233.78300000000002	0.416044543161703
234.774	0.4194201585797004
235.76500000000001	0.41992526012417686
236.758	0.32836087205344533
237.751	0.23246825036100519
238.744	0.23414449646216964
239.737	0.23758489254685553
240.73000000000002	0.24514564488769097
241.723	0.24267027099227495
242.716	0.2423653564059596
243.709	0.2460099880148502
244.702	0.249942077207515
245.696	0.25930804150093656
246.69	0.25203720358387915
247.684	0.2506419262712826
248.678	0.2534484173987268
249.672	0.25709895063055177
250.666	0.21286285487305753
251.659	0.24589942425415567
252.654	0.20158990983436822
253.649	0.19597646225331944
254.644	0.19674347050510696
255.64000000000001	0.19838614148206696
256.636	0.20057697366328173
257.632	0.2085968240618565
258.629	0.20500126912196628
259.62600000000003	0.24371198067416713
260.623	0.2406600326734916
261.621	0.2403922360261168
262.619	0.24097775760548681
263.618	0.5243469982271571
264.612	0.09219976247385152
265.611	0.08992062843292854
266.611	0.7240508110062855
267.611	0.9967202084833334
268.611	1.0
269.611	1.0
270.611	1.0
271.611	1.0
272.611	1.0
273.611	1.0
274.611	1.0
275.611	1.0
276.611	1.0
277.611	1.0
278.611	1.0
279.611	1.0
280.611	1.0
281.611	1.0
282.611	1.0
283.611	1.0
284.611	1.0
285.611	1.0
286.611	1.0
287.611	1.0
288.611	1.0
289.611	1.0
290.611	1.0
291.611	1.0
292.611	1.0
293.611	1.0
294.611	1.0
295.611	1.0
296.611	1.0
297.611	1.0
298.611	1.0
299.611	1.0
300.611	1.0
301.611	1.0
302.611	1.0
303.611	1.0
304.611	1.0
305.611	1.0
306.611	1.0
307.611	1.0
308.611	1.0
309.611	1.0
310.611	1.0
311.611	1.0
312.611	1.0
313.611	1.0
314.611	1.0
315.611	1.0
316.611	1.0
317.611	1.0
318.611	1.0
319.611	1.0
320.611	1.0
321.611	1.0
322.611	1.0
323.611	1.0
324.611	1.0
325.611	1.0
326.611	1.0
327.611	1.0
328.611	1.0
329.611	1.0
330.611	1.0
331.611	1.0
332.611	1.0
333.611	1.0
334.611	1.0
335.611	1.0
336.611	1.0
337.611	1.0
338.611	1.0
339.611	1.0
340.611	1.0
341.611	1.0
342.611	1.0
343.611	1.0
344.611	1.0
345.611	1.0
346.611	1.0
347.611	1.0
348.611	1.0
349.611	1.0
350.611	1.0
351.611	1.0
352.611	1.0
353.611	1.0
354.611	1.0
355.611	1.0
356.611	1.0
357.611	1.0
358.611	1.0
359.611	1.0
360.611	1.0
361.611	1.0
362.611	1.0
363.611	1.0
364.611	1.0
365.611	1.0
366.611	1.0
367.611	1.0
368.611	1.0
369.611	1.0
370.611	1.0
371.611	1.0
372.611	1.0
373.611	1.0
374.611	1.0
375.611	1.0
376.611	1.0
377.611	1.0
378.611	1.0
379.611	1.0
380.611	1.0
381.611	1.0
382.611	1.0
383.611	1.0
384.611	1.0
385.611	1.0
386.611	1.0
387.611	1.0
388.611	1.0
389.611	1.0
390.611	1.0
391.611	1.0
392.611	1.0
393.611	1.0
394.611	1.0
395.611	1.0
396.611	1.0
397.611	1.0
398.611	1.0
399.611	1.0
400.611	1.0
401.611	1.0
402.611	1.0
403.611	1.0
404.611	1.0
405.611	1.0
406.611	1.0
407.611	1.0
408.611	1.0
409.611	1.0
410.611	1.0
411.611	1.0
412.611	1.0
413.611	1.0
414.611	1.0
415.611	1.0
416.611	1.0
417.611	1.0
418.611	1.0
419.611	1.0
420.611	1.0
421.611	1.0
422.611	1.0
423.611	1.0
424.611	1.0
425.611	1.0
426.611	1.0
427.611	1.0
428.611	1.0
429.611	1.0
430.611	1.0
431.611	1.0
432.611	1.0
433.611	1.0
434.611	1.0
435.611	1.0
436.611	1.0
437.611	1.0
438.611	1.0
439.611	1.0
440.611	1.0
441.611	1.0
442.611	1.0
443.611	1.0
444.611	1.0
445.611	1.0
446.611	1.0
447.611	1.0
448.611	1.0
449.611	1.0
450.611	1.0
451.611	1.0
452.611	1.0
453.611	1.0
454.611	1.0
455.611	1.0
456.611	1.0
457.611	1.0
458.611	1.0
459.611	1.0
460.611	1.0
461.611	1.0
462.611	1.0
463.611	1.0
464.611	1.0
465.611	1.0
466.611	1.0
467.611	1.0
468.611	1.0
469.611	1.0
470.611	1.0
471.611	1.0
472.611	1.0
473.611	1.0
474.611	1.0
475.611	1.0
476.611	1.0
477.611	1.0
478.611	1.0
479.611	1.0
480.611	1.0
481.611	1.0
482.611	1.0
483.611	1.0
484.611	1.0
485.611	1.0
486.611	1.0
487.611	1.0
488.611	1.0
489.611	1.0
490.611	1.0
491.611	1.0
492.611	1.0
493.611	1.0
494.611	1.0
495.611	1.0
496.611	1.0
497.611	1.0
498.611	1.0
499.611	1.0
500.611	1.0
501.611	1.0
502.611	1.0
503.611	1.0
504.611	1.0
505.611	1.0
506.611	1.0
507.611	1.0
508.611	1.0
509.611	1.0
510.611	1.0
511.611	1.0
512.611	1.0
513.611	1.0
514.611	1.0
515.611	1.0
516.611	1.0
517.611	1.0
518.611	1.0
519.611	1.0
520.611	1.0
521.611	1.0
522.611	1.0
523.611	1.0
524.611	1.0
525.611	1.0
526.611	1.0
527.611	1.0
528.611	1.0
529.611	1.0
530.611	1.0
531.611	1.0
532.611	1.0
533.611	1.0
534.611	1.0
535.611	1.0
536.611	1.0
537.611	1.0
538.611	1.0
539.611	1.0
540.611	1.0
541.611	1.0
542.611	1.0
543.611	1.0
544.611	1.0
545.611	1.0
546.611	1.0
547.611	1.0
548.611	1.0
549.611	1.0
550.611	1.0
551.611	1.0
552.611	1.0
553.611	1.0
554.611	1.0
555.611	1.0
556.611	1.0
557.611	1.0
558.611	1.0
559.611	1.0
560.611	1.0
561.611	1.0
562.611	1.0
563.611	1.0
564.611	1.0
565.611	1.0
566.611	1.0
567.611	1.0
568.611	1.0
569.611	1.0
570.611	1.0
571.611	1.0
572.611	1.0
573.611	1.0
574.611	1.0
575.611	1.0
576.611	1.0
577.611	1.0
578.611	1.0
579.611	1.0
580.611	1.0
581.611	1.0
582.611	1.0
583.611	1.0
584.611	1.0
585.611	1.0
586.611	1.0
587.611	1.0
588.611	1.0
589.611	1.0
590.611	1.0
591.611	1.0
592.611	1.0
593.611	1.0
594.611	1.0
595.611	1.0
596.611	1.0
597.611	1.0
598.611	1.0
599.611	1.0
600.611	1.0
601.611	1.0
602.611	1.0
603.611	1.0
604.611	1.0
605.611	1.0
606.611	1.0
607.611	1.0
608.611	1.0
609.611	1.0
610.611	1.0
611.611	1.0
612.611	1.0
613.611	1.0
614.611	1.0
615.611	1.0
616.611	1.0
617.611	1.0
618.611	1.0
619.611	1.0
620.611	1.0
621.611	1.0
622.611	1.0
623.611	1.0
624.611	1.0
625.611	1.0
626.611	1.0
627.611	1.0
628.611	1.0
629.611	1.0
630.611	1.0
631.611	1.0
632.611	1.0
633.611	1.0
634.611	1.0
635.611	1.0
636.611	1.0
637.611	1.0
638.611	1.0
639.611	1.0
640.611	1.0
641.611	1.0
642.611	1.0
643.611	1.0
644.611	1.0
645.611	1.0
646.611	1.0
647.611	1.0
648.611	1.0
649.611	1.0
650.611	1.0
651.611	1.0
652.611	1.0
653.611	1.0
654.611	1.0
655.611	1.0
656.611	1.0
657.611	1.0
658.611	1.0
659.611	1.0
660.611	1.0
661.611	1.0
662.611	1.0
663.611	1.0
664.611	1.0
665.611	1.0
666.611	1.0
667.611	1.0
668.611	1.0
669.611	1.0
670.611	1.0
671.611	1.0
672.611	1.0
673.611	1.0
674.611	1.0
675.611	1.0
676.611	1.0
677.611	1.0
678.611	1.0
679.611	1.0
680.611	1.0
681.611	1.0
682.611	1.0
683.611	1.0
684.611	1.0
685.611	1.0
686.611	1.0
687.611	1.0
688.611	1.0
689.611	1.0
690.611	1.0
691.611	1.0
692.611	1.0
693.611	1.0
694.611	1.0
695.611	1.0
696.611	1.0
697.611	1.0
698.611	1.0
699.611	1.0
700.611	1.0
701.611	1.0
702.611	1.0
703.611	1.0
704.611	1.0
705.611	1.0
706.611	1.0
707.611	1.0
708.611	1.0
709.611	1.0
710.611	1.0
711.611	1.0
712.611	1.0
713.611	1.0
714.611	1.0
715.611	1.0
716.611	1.0
717.611	1.0
718.611	1.0
719.611	1.0
720.611	1.0
721.611	1.0
722.611	1.0
723.611	1.0
724.611	1.0
725.611	1.0
726.611	1.0
727.611	1.0
728.611	1.0
729.611	1.0
730.611	1.0
731.611	1.0
732.611	1.0
733.611	1.0
734.611	1.0
735.611	1.0
736.611	1.0
737.611	1.0
738.611	1.0
739.611	1.0
740.611	1.0
741.611	1.0
742.611	1.0
743.611	1.0
744.611	1.0
745.611	1.0
746.611	1.0
747.611	1.0
748.611	1.0
749.611	1.0
750.611	1.0
751.611	1.0
752.611	1.0
753.611	1.0
754.611	1.0
755.611	1.0
756.611	1.0
757.611	1.0
758.611	1.0
759.611	1.0
760.611	1.0
761.611	1.0
762.611	1.0
763.611	1.0
764.611	1.0
765.611	1.0
766.611	1.0
767.611	1.0
768.611	1.0
769.611	1.0
770.611	1.0
771.611	1.0
772.611	1.0
773.611	1.0
774.611	1.0
775.611	1.0
776.611	1.0
777.611	1.0
778.611	1.0
779.611	1.0
780.611	1.0
781.611	1.0
782.611	1.0
783.611	1.0
784.611	1.0
785.611	1.0
786.611	1.0
787.611	1.0
788.611	1.0
789.611	1.0
790.611	1.0
791.611	1.0
792.611	1.0
793.611	1.0
794.611	1.0
795.611	1.0
796.611	1.0
797.611	1.0
798.611	1.0
799.611	1.0
800.611	1.0
801.611	1.0
802.611	1.0
803.611	1.0
804.611	1.0
805.611	1.0
806.611	1.0
807.611	1.0
808.611	1.0
809.611	1.0
810.611	1.0
811.611	1.0
812.611	1.0
813.611	1.0
814.611	1.0
815.611	1.0
816.611	1.0
817.611	1.0
818.611	1.0
819.611	1.0
820.611	1.0
821.611	1.0
822.611	1.0
823.611	1.0
824.611	1.0
825.611	1.0
826.611	1.0
827.611	1.0
828.611	1.0
829.611	1.0
830.611	1.0
831.611	1.0
832.611	1.0
833.611	1.0
834.611	1.0
835.611	1.0
836.611	1.0
837.611	1.0
838.611	1.0
839.611	1.0
840.611	1.0
841.611	1.0
842.611	1.0
843.611	1.0
844.611	1.0
845.611	1.0
846.611	1.0
847.611	1.0
848.611	1.0
849.611	1.0
850.611	1.0
851.611	1.0
852.611	1.0
853.611	1.0
854.611	1.0
855.611	1.0
856.611	1.0
857.611	1.0
858.611	1.0
859.611	1.0
860.611	1.0
861.611	1.0
862.611	1.0
863.611	1.0
864.611	1.0
865.611	1.0
866.611	1.0
867.611	1.0
868.611	1.0
869.611	1.0
870.611	1.0
871.611	1.0
872.611	1.0
873.611	1.0
874.611	1.0
875.611	1.0
876.611	1.0
877.611	1.0
878.611	1.0
879.611	1.0
880.611	1.0
881.611	1.0
882.611	1.0
883.611	1.0
884.611	1.0
885.611	1.0
886.611	1.0
887.611	1.0
888.611	1.0
889.611	1.0
890.611	1.0
891.611	1.0
892.611	1.0
893.611	1.0
894.611	1.0
895.611	1.0
896.611	1.0
897.611	1.0
898.611	1.0
899.611	1.0
900.611	1.0
901.611	1.0
902.611	1.0
903.611	1.0
904.611	1.0
905.611	1.0
906.611	1.0
907.611	1.0
908.611	1.0
909.611	1.0
910.611	1.0
911.611	1.0
912.611	1.0
913.611	1.0
914.611	1.0
915.611	1.0
916.611	1.0
917.611	1.0
918.611	1.0
919.611	1.0
920.611	1.0
921.611	1.0
922.611	1.0
923.611	1.0
924.611	1.0
925.611	1.0
926.611	1.0
927.611	1.0
928.611	1.0
929.611	1.0
930.611	1.0
931.611	1.0
932.611	1.0
933.611	1.0
934.611	1.0
935.611	1.0
936.611	1.0
937.611	1.0
938.611	1.0
939.611	1.0
940.611	1.0
941.611	1.0
942.611	1.0
943.611	1.0
944.611	1.0
945.611	1.0
946.611	1.0
947.611	1.0
948.611	1.0
949.611	1.0
950.611	1.0
951.611	1.0
952.611	1.0
953.611	1.0
954.611	1.0
955.611	1.0
956.611	1.0
957.611	1.0
958.611	1.0
959.611	1.0
960.611	1.0
961.611	1.0
962.611	1.0
963.611	1.0
964.611	1.0
965.611	1.0
966.611	1.0
967.611	1.0
968.611	1.0
969.611	1.0
970.611	1.0
971.611	1.0
972.611	1.0
973.611	1.0
974.611	1.0
975.611	1.0
976.611	1.0
977.611	1.0
978.611	1.0
979.611	1.0
980.611	1.0
981.611	1.0
982.611	1.0
983.611	1.0
984.611	1.0
985.611	1.0
986.611	1.0
987.611	1.0
988.611	1.0
989.611	1.0
990.611	1.0
991.611	1.0
992.611	1.0
