0.304	0.5168323128022905
1.2770000000000001	0.5019265124741262
2.25	0.5172445838533498
3.229	0.536563874047474
4.202	0.5234800237825374
5.18	0.5148868892968729
6.158	0.5162249648049919
7.134	0.5110819341435423
8.101	0.5036826206437063
9.071	0.5146719998300494
10.041	0.525303900663023
11.01	0.5380999073640559
11.979000000000001	0.5509791597972385
12.949	0.5328457500483441
13.918000000000001	0.4950042252119905
14.902000000000001	0.4835227476411157
15.884	0.47375600865698897
16.851	0.4681326646073105
17.827	0.45454557831984266
18.812	0.4300880192461816
19.794	0.4479108765404582
20.779	0.44318892993869846
21.756	0.43952922726260424
22.740000000000002	0.4371385856250742
23.722	0.43683906646750975
24.707	0.40511614768735976
25.692	0.402089299137541
26.678	0.41739670321165456
27.664	0.4226332122857828
28.641000000000002	0.41858643591466643
29.618000000000002	0.40520452336745516
30.613	0.4139223869127975
31.603	0.4171366610338364
32.59	0.4234588803903685
33.584	0.43349519866000663
34.574	0.4184541247844195
35.565	0.4609048600245157
36.548	0.4515054395133516
37.529	0.4530727670239925
38.508	0.45808642673283395
39.49	0.4500001486588895
40.469	0.4544238137430564
41.455	0.46287046706033463
42.443	0.45981550965661955
43.424	0.4539069897880046
44.407000000000004	0.45500152230891044
45.395	0.46173356465360954
46.376	0.4548353048466824
47.359	0.4175387004577465
48.346000000000004	0.43351798074189074
49.335	0.42819659171455204
50.325	0.4231056209705793
51.306000000000004	0.43578834175771486
52.296	0.42938554084633146
53.287	0.4611320561519867
54.269	0.43361168242849885
55.259	0.5155797009319341
56.241	0.48831454643594613
57.222	0.49987140890318665
58.203	0.48240196864107426
59.185	0.5133184575032819
60.167	0.4855149593065042
61.149	0.4687527283972941
62.134	0.49720537325756536
63.126000000000005	0.5382524115600927
64.101	0.5174552656493007
65.084	0.46093943537056115
66.066	0.46361770807293107
67.049	0.464597117968941
68.027	0.4318361438343039
69.01	0.42171509659815526
70.003	0.46212143702557446
70.976	0.43377191453528097
71.958	0.3950035325643131
72.946	0.39177510748829036
73.93	0.39314995248588747
74.914	0.4121356701335749
75.897	0.38379285041638944
76.883	0.34157072697026597
77.866	0.3428900877069001
78.849	0.3562172387566091
79.83500000000001	0.3254531453863922
80.81700000000001	0.3277322851111324
81.809	0.33124608919257104
82.8	0.3561853301325775
83.783	0.3481906363583262
84.765	0.38712044849199595
85.747	0.34949751156972547
86.739	0.3642213296709865
87.717	0.33094906784710487
88.709	0.36387893505400987
89.69	0.32898995129572944
90.672	0.35222865047539254
91.653	0.34577128506026944
92.637	0.3267074068951674
93.621	0.3186100149112484
94.601	0.33160546128136853
95.584	0.31348561967552824
96.572	0.2994065980168561
97.559	0.29614976273269933
98.546	0.2835517294121904
99.534	0.3409211423349345
100.52	0.3507930845562985
101.509	0.37600617786219237
102.498	0.4131210907263955
103.479	0.3184030269735514
104.467	0.3845415514756015
105.447	0.31263818896639334
106.436	0.35048648649949354
107.424	0.3289506150206714
108.413	0.3570347146614865
109.402	0.4630337030907845
110.385	0.3391954507468815
111.374	0.34689377409339955
112.363	0.3836185378298966
113.351	0.4128336620010215
114.33500000000001	0.40638976328429954
115.324	0.41341392563569745
116.313	0.47944117466343655
117.297	0.4608186439185951
118.286	0.5855994795638755
119.275	0.6230274224023141
120.261	0.642609990863522
121.24900000000001	0.6214461125181345
122.22800000000001	0.5496228995951266
123.20700000000001	0.3795450301947805
124.19500000000001	0.40854355881189947
125.183	0.4476221134376955
126.171	0.45649863854847866
127.158	0.44664485008291244
128.147	0.49514743147839957
129.13400000000001	0.45556109004887363
130.117	0.42070989156028543
131.104	0.4214670295487935
132.101	0.5310924507553633
133.084	0.47650561623379756
134.071	0.5348633496412843
135.058	0.5331245822759042
136.041	0.4768030896125751
137.025	0.4017474445182765
138.014	0.45913374333068363
138.995	0.4048021224717515
139.991	0.4752849075216294
140.977	0.4475383355081712
141.963	0.4295734161532995
142.95000000000002	0.44805831517453926
143.945	0.5505546412095527
144.933	0.46142215685049803
145.921	0.35339934013096985
146.915	0.4673161507846786
147.9	0.39175478383705625
148.885	0.3253773939674484
149.88	0.5354477796414379
150.869	0.48471561882955383
151.863	0.6285439325840476
152.854	0.6056891652176768
153.84	0.5286453083748929
154.82500000000002	0.41272095739309955
155.81	0.3362658126883904
156.79500000000002	0.30897936210947446
157.78900000000002	0.45061264625046327
158.78300000000002	0.6236322784082686
159.767	0.4289180715468245
160.761	0.5806485592497522
161.746	0.43374327898305254
162.73	0.37606438205598347
163.72	0.3940253404730395
164.704	0.4079400582379565
165.68800000000002	0.3429399963334936
166.672	0.28811372342398306
167.663	0.3138371577863536
168.65	0.3140570662865613
169.641	0.32047014085692943
170.62800000000001	0.3121781975237855
171.621	0.3567757655944254
172.61	0.41393753486208756
173.594	0.3690560936655865
174.58100000000002	0.3682670711861945
175.56300000000002	0.3042640202096254
176.555	0.3891657238054955
177.538	0.363123872361393
178.525	0.40169595616819853
179.512	0.42230442916494554
180.496	0.36567082112132154
181.486	0.4324945895923926
182.472	0.41269056951529154
183.458	0.40348042761849945
184.44400000000002	0.3733912742369856
185.428	0.3656850724082505
186.407	0.36199635056778545
187.394	0.3328767362651994
188.388	0.4042388012864376
189.37800000000001	0.4094460848654482
190.362	0.3923012675175405
191.34300000000002	0.3776193610802845
192.323	0.3639074930462955
193.31300000000002	0.3612739434336736
194.294	0.34758266158906514
195.28300000000002	0.3471283139574425
196.282	0.38313911428048647
197.27700000000002	0.48376155211962363
198.257	0.39099545276336456
199.247	0.39851768927779085
200.234	0.39838778262972274
201.21200000000002	0.33756309333520934
202.201	0.32503455901036565
203.19	0.3241665350684241
204.179	0.30316382866157243
205.168	0.33996874015605144
206.157	0.39706041565689965
207.143	0.3385921666766781
208.132	0.3671235725585984
209.121	0.32677345694566234
210.11	0.36560240825319057
211.09900000000002	0.3550274414372975
212.088	0.33424108599649943
213.077	0.30317156870008544
214.062	0.3250680115104735
215.048	0.28701280882299146
216.036	0.2858314276934884
217.024	0.30465897899789945
218.012	0.2744647666979734
219.0	0.29337922572899444
219.981	0.2595068801374063
220.969	0.2670810946772964
221.967	0.34304273796067747
222.955	0.3511419758296844
223.943	0.3303259890910364
224.931	0.3488058560884526
225.919	0.29794309928426244
226.907	0.258836792446068
227.895	0.24726082927176737
228.883	0.24830896273665837
229.871	0.24932354013398542
230.858	0.24055990641830932
231.847	0.22805965406196319
232.839	0.2237434322622234
233.83100000000002	0.21820535337159047
234.823	0.2138535440186841
235.815	0.23914198153056748
236.803	0.199840742974436
237.79500000000002	0.23486621066682267
238.78300000000002	0.1861946148748594
239.776	0.2016573158541017
240.764	0.182644957067693
241.752	0.17309555163341295
242.745	0.19744943749608235
243.738	0.24268918173440127
244.733	0.26497381859496244
245.726	0.3604498618517885
246.71800000000002	0.3475688519931655
247.708	0.41630756714219946
248.699	0.43562249632739963
249.689	0.4354520989718905
250.675	0.3188990656584983
251.66400000000002	0.24024431675906538
252.65800000000002	0.3536665695971935
253.648	0.3332191101857955
254.638	0.3331042759483775
255.62800000000001	0.3528403065911884
256.619	0.44965528532439863
257.61	0.5190439526083996
258.598	0.36289261200487244
259.587	0.3249919214308985
260.576	0.42336382536049955
261.561	0.34761670276604434
262.545	0.3236881650491845
263.529	0.2685634009753204
264.523	0.28293835137787143
265.514	0.34052570181039243
266.504	0.37886541310803146
267.49	0.3515772678195904
268.483	0.42687198094144996
269.467	0.4110282780679996
270.461	0.44482605090578886
271.446	0.41888283805194854
272.42900000000003	0.3853494708491785
273.414	0.29020211734395124
274.40500000000003	0.35650378773805136
275.396	0.3937724879421642
276.386	0.3932765669200463
277.379	0.5480272540619556
278.362	0.3272884685268743
279.35	0.31844757593689044
280.342	0.37533588810095936
281.32800000000003	0.3089070717933579
282.32	0.49268797429243855
283.311	0.5895921449883397
284.293	0.3094859159657534
285.284	0.3964745238468976
286.27500000000003	0.4055382766859995
287.267	0.5037155815151916
288.252	0.37051193965889945
289.243	0.4483494973525895
290.234	0.45752714713909953
291.225	0.4370711992970975
292.21500000000003	0.37757744970749846
293.206	0.4665886419487996
294.195	0.3683093091369845
295.186	0.44647040989479964
296.176	0.4177473954121465
297.163	0.4685433041161936
298.151	0.33260528657979044
299.141	0.3814853675789985
300.13	0.4109133010578996
301.121	0.5076819750880996
302.121	0.7950740621451946
303.101	0.6636180920391898
304.082	0.5111455483724976
305.072	0.6088487417390638
306.062	0.5386003488668947
307.048	0.6009309151141836
308.04200000000003	0.6776796241296998
309.029	0.6006008741961987
310.014	0.3673765333365976
311.004	0.3684785379774974
311.994	0.3973207243106994
312.984	0.4174403897899995
313.973	0.4361011329194945
314.963	0.5337204418206997
315.95300000000003	0.6316272955465978
316.936	0.47823780721849857
317.927	0.5660173991141997
318.916	0.5663941755786976
319.90000000000003	0.4725901752075876
320.89	0.45375568688919954
321.88100000000003	0.5708973133993996
322.872	0.5700730541317847
323.861	0.4035454235516865
324.85	0.38602493819939954
325.838	0.3680905050056985
326.825	0.3208303042843704
327.813	0.30100164911405236
328.806	0.571666648110619
329.79200000000003	0.44516446605901955
330.78000000000003	0.39653518961779954
331.76800000000003	0.38782124337959956
332.75600000000003	0.4375965172000905
333.744	0.41808827639322954
334.729	0.3725551314270805
335.717	0.4602834907464606
336.705	0.45951953902478154
337.693	0.5093891907383796
338.68	0.5201203264115667
339.668	0.47050820812080957
340.656	0.47094747045304053
341.644	0.4713876957794121
342.632	0.5413685977190947
343.62600000000003	0.5967493053886997
344.617	0.6460769713083987
345.604	0.6683901512027876
346.601	0.8803429984253959
347.57800000000003	0.6034123321579977
348.568	0.6328807452859997
349.553	0.5080629442598997
350.547	0.6729879799693996
351.528	0.4334960730423775
352.515	0.4069283789487995
353.505	0.40673365986889964
354.495	0.4455757372578975
355.478	0.3914204940969995
356.466	0.36196610010399455
357.452	0.34417712434251674
358.438	0.3171467966192884
359.428	0.3944587854619964
360.41200000000003	0.3787887986693935
361.396	0.4216145129278906
362.38100000000003	0.42471988871733957
363.37600000000003	0.47782710133979456
364.366	0.4978925985521996
365.349	0.3573278965865165
366.338	0.3004667009711316
367.332	0.3971778480285995
368.327	0.4234554502696995
369.317	0.4922510987278985
370.302	0.3295216837512994
371.296	0.4553928919823646
372.289	0.4738844493292595
373.282	0.5133959370110626
374.271	0.4271403558559755
375.264	0.44547869799430345
376.254	0.4182113193254074
377.248	0.47739118402266867
378.24	0.5472649196054286
379.234	0.5653007526276905
380.225	0.5570393676194514
381.219	0.6050402538219676
382.213	0.6046910397199997
383.197	0.3645264408028945
384.188	0.3549516392811835
385.18	0.3552351465516565
386.172	0.3055423955764915
387.165	0.3935185487979996
388.158	0.37333612907929953
389.15000000000003	0.3636622181958494
390.14300000000003	0.33407929386399154
391.136	0.35225012877999945
392.129	0.4122693483102835
393.122	0.5109554876499997
394.115	0.4613366905599996
395.105	0.33487005983799945
396.096	0.32608690435616033
397.087	0.34671909286289043
398.07800000000003	0.3482749630409744
399.069	0.36010621560679845
400.06100000000004	0.3501636730536985
401.053	0.29985660534579645
402.045	0.2890193584329854
403.03700000000003	0.3482870996284985
404.029	0.3292635161684473
405.021	0.3300152182581966
406.01300000000003	0.3501420513394985
407.005	0.35118903460739653
407.997	0.3421097399288995
408.98900000000003	0.3330685578517854
409.981	0.36433029831629754
410.973	0.3546727262478964
411.96500000000003	0.34568006633969944
412.957	0.35577776271809936
413.94800000000004	0.3570171245289995
414.939	0.3186223479777974
415.93	0.30143711090968744
416.921	0.3024208929283994
417.91200000000003	0.31311609723929945
418.903	0.31481633243999946
419.894	0.3159716879189995
420.885	0.3171878146448935
421.87600000000003	0.31863691244599845
422.867	0.3204480319346935
423.863	0.30726066838617244
424.861	0.3969995423075995
425.854	0.5633343587981996
426.845	0.5532417517768956
427.836	0.5932851096497996
428.83500000000004	0.7344355080699998
429.825	0.7556491655022998
430.807	0.5862710196375038
431.797	0.41861367211369555
432.794	0.5136417221699996
433.785	0.5050209114492996
434.785	0.7366724460365788
435.77500000000003	0.7190639565555865
436.765	0.5923668276893997
437.759	0.5914110098596996
438.758	0.7346041370199998
439.757	0.7883295079013887
440.737	0.6408137428588998
441.72700000000003	0.5151526651796996
442.725	0.5214663843399996
443.725	0.6650602686492998
444.716	0.5592786079599995
445.711	0.5287899763297996
446.711	0.7128698829808998
447.71000000000004	0.5400881803668995
448.709	0.5571266931939998
449.702	0.6288511879399996
450.693	0.5233590016694997
451.693	0.6670305564391998
452.683	0.8140867949050998
453.663	0.5548798748879996
454.64300000000003	0.3661830535085975
455.632	0.3972168245855915
456.619	0.35157036807575337
457.608	0.22641641238927437
458.605	0.45623104317759655
459.594	0.35940752403689546
460.584	0.40843332711879954
461.57300000000004	0.3807205032384985
462.563	0.32208773872959945
463.552	0.22505871649378942
464.548	0.39070660505038246
465.535	0.2662550129460994
466.524	0.2683766175138944
467.521	0.49037247026975855
468.514	0.6982725594962862
469.50600000000003	0.7078206128053551
470.494	0.4432304859323509
471.483	0.3473366261526335
472.476	0.5639622321890969
473.464	0.3692960280546144
474.456	0.45744631703719457
475.44800000000004	0.5666993269517977
476.438	0.49971520822379956
477.42900000000003	0.4811003559927996
478.42	0.5222177988345996
479.411	0.49396343149419963
480.402	0.48525689580489967
481.39300000000003	0.49647148911569966
482.38300000000004	0.37950898782079945
483.373	0.3701827665852595
484.363	0.4108128842249805
485.353	0.46063564691869957
486.348	0.7449063255839757
487.33500000000004	0.5505833651499997
488.326	0.5316100535054846
489.317	0.5234465760391995
490.308	0.5251884878285995
491.29900000000004	0.5563536818980996
492.295	0.6916559588797996
493.281	0.48893040239599356
494.27000000000004	0.3538086392855945
495.266	0.5182739656530875
496.25600000000003	0.4708371049297781
497.252	0.5372002786297996
498.242	0.4214602671074945
499.238	0.40910449866479065
500.23400000000004	0.4858206267298996
501.23	0.49382704367949964
502.226	0.5418700980775967
503.21500000000003	0.5141097547966996
504.207	0.6324831689370997
505.202	0.6499884389160927
506.188	0.5372969961713675
507.183	0.5356144222982556
508.17	0.37144248017689757
509.15500000000003	0.2977680100175973
510.137	0.22729275727609738
511.132	0.3033026154652073
512.125	0.25124267802168737
513.12	0.23865114187765027
514.113	0.2007508398233613
515.1080000000001	0.22982001247569536
516.1030000000001	0.2307534840183994
517.098	0.23248962475659643
518.093	0.2528513099431232
519.088	0.3326876775896995
520.08	0.3061923514755994
521.074	0.29289488503388744
522.069	0.28980308969989943
523.064	0.4281882203786986
524.059	0.4172916923790996
525.05	0.29126578520276203
526.045	0.3388044691282985
527.04	0.25911962255689835
528.035	0.25986897651559443
529.03	0.2610199725847894
530.025	0.2629833393087994
531.02	0.2653940663883974
532.015	0.26766121671458537
533.01	0.2698641488399995
534.005	0.2725880873589995
535.0	0.2754110179478994
535.995	0.27831335463749945
536.99	0.2809686094170995
537.985	0.28274473144098144
538.98	0.2850528073019634
539.975	0.2835537343690994
540.97	0.2846008473527904
541.965	0.2857433026591815
542.96	0.28375599288699244
543.955	0.28428863508735036
544.949	0.2861054398899994
545.943	0.2887124507394994
546.937	0.2910621039209814
547.931	0.2933360469019634
548.9250000000001	0.29457604908279045
549.919	0.29574752837738144
550.913	0.2978878076719724
551.907	0.29647299950652034
552.9010000000001	0.29531072297859945
553.895	0.29475096468999945
554.889	0.29525926826909943
555.883	0.29675549002196344
556.869	0.2546368308989934
557.855	0.2563977565469303
558.848	0.23256931520036733
559.841	0.21920029533767432
560.8340000000001	0.19644415604217833
561.827	0.2208502882259963
562.821	0.18663152501715735
563.815	0.20187487425299236
564.809	0.22737549609812427
565.803	0.2243217619743814
566.797	0.25996753371359044
567.791	0.27722339419979947
568.785	0.4031091244045895
569.778	0.4118284780832564
570.771	0.43047070125135944
571.764	0.5581701580083986
572.747	0.31930685454399144
573.74	0.20036189179734926
574.7330000000001	0.21978550896809637
575.726	0.3567986840598775
576.719	0.198895413433413
577.712	0.20100012028699535
578.705	0.20285641757839934
579.698	0.20451877616799938
580.691	0.20504639724949836
581.684	0.20590850974122318
582.677	0.20633102222568536
583.67	0.20634692463002213
584.663	0.21555960730960627
585.6560000000001	0.2458248920947954
586.649	0.3159148505716272
587.641	0.37750125174298643
588.633	0.5675684964651185
589.625	0.5787570234577286
590.617	0.4120590594493986
591.609	0.25471762104469137
592.601	0.21510363332989935
593.593	0.21551977893777002
594.585	0.2160674968136611
595.577	0.20722656750549936
596.569	0.20905385785706534
597.559	0.160113604889552
598.549	0.1570638816445392
599.54	0.17381943003267117
600.5310000000001	0.17102577378814143
601.522	0.24665521785175634
602.513	0.2734545448685041
603.5020000000001	0.2737710212364944
604.493	0.4394805883336916
605.4830000000001	0.43061252306789655
606.473	0.43086643857939955
607.462	0.33405525684789944
608.451	0.2957405886510774
609.443	0.3937798518074985
610.433	0.40436255353947254
611.423	0.39492919266158744
612.423	0.7739881182690818
613.41	0.5200463964568997
614.41	0.7390121047165968
615.393	0.6680767352165988
616.383	0.5607233395538948
617.368	0.3875260537588996
618.3580000000001	0.37867924078325244
619.352	0.4066647613666926
620.344	0.36760361150819953
621.3340000000001	0.2525205391486994
622.333	0.37534004675999944
623.333	0.7487970295487978
624.33	0.8584022366094989
625.325	0.5412047759198996
626.325	0.8483415774497998
627.325	0.8963306717860609
628.3240000000001	0.8058260557999999
629.3240000000001	0.9444128679132768
630.3240000000001	0.9434298391801188
631.315	0.7660677743277726
632.306	0.6202624526247917
633.306	0.9343703660326038
634.298	0.5985280946464786
635.297	0.86616875986531
636.297	0.9546749019373199
637.297	0.9524042788551468
638.288	0.6979970722673937
639.288	0.945157482227196
640.287	0.925339039215786
641.287	0.9547438601313526
642.287	0.9642627284112835
643.283	0.5857194373184966
644.28	0.8056175634460788
645.28	0.9743921944857157
646.28	0.9737089230574675
647.278	0.8344282539999998
648.278	0.973863535
649.278	0.9836166
650.278	0.9835257
651.278	0.9834347999999999
652.278	0.9833438999999999
653.278	0.9832529999999999
654.278	0.9831620999999999
655.278	0.9830711999999999
656.278	0.9930500000000001
657.278	0.9930500000000001
658.278	0.9930500000000001
659.278	0.9930500000000001
660.278	0.9930500000000001
661.278	0.9930500000000001
662.278	0.9930500000000001
663.278	0.9930500000000001
664.278	0.9930500000000001
665.278	0.9930500000000001
666.278	0.9930500000000001
667.278	0.9930500000000001
668.278	0.9930500000000001
669.278	0.9930500000000001
670.278	0.9930500000000001
671.278	0.9930500000000001
672.278	0.9930500000000001
673.278	0.9930500000000001
674.278	0.9930500000000001
675.278	0.9930500000000001
676.278	0.9930500000000001
677.278	0.9930500000000001
678.278	0.9930500000000001
679.278	0.9930500000000001
680.278	0.9930500000000001
681.278	0.9930500000000001
682.278	0.9930500000000001
683.278	0.9930500000000001
684.278	0.9930500000000001
685.278	0.9930500000000001
686.278	0.9930500000000001
687.278	0.9930500000000001
688.278	0.9930500000000001
689.278	0.9930500000000001
690.278	0.9930500000000001
691.278	0.9930500000000001
692.278	0.9930500000000001
693.278	0.9930500000000001
694.278	0.9930500000000001
695.278	0.9930500000000001
696.278	0.9930500000000001
697.278	0.9930500000000001
698.278	0.9930500000000001
699.278	0.9930500000000001
700.278	0.9930500000000001
701.278	0.9930500000000001
702.278	0.9930500000000001
703.278	0.9930500000000001
704.278	0.9930500000000001
705.278	0.9930500000000001
706.278	0.9930500000000001
707.278	0.9930500000000001
708.278	0.9930500000000001
709.278	0.9930500000000001
710.278	0.9930500000000001
711.278	0.9930500000000001
712.278	0.9930500000000001
713.278	0.9930500000000001
714.278	0.9930500000000001
715.278	0.9930500000000001
716.278	0.9930500000000001
717.278	0.9930500000000001
718.278	0.9930500000000001
719.278	0.9930500000000001
720.278	0.9930500000000001
721.278	0.9930500000000001
722.278	0.9930500000000001
723.278	0.9930500000000001
724.278	0.9930500000000001
725.278	0.9930500000000001
726.278	0.9930500000000001
727.278	0.9930500000000001
728.278	0.9930500000000001
729.278	0.9930500000000001
730.278	0.9930500000000001
731.278	0.9930500000000001
732.278	0.9930500000000001
733.278	0.9930500000000001
734.278	0.9930500000000001
735.278	0.9930500000000001
736.278	0.9930500000000001
737.278	0.9930500000000001
738.278	0.9930500000000001
739.278	0.9930500000000001
740.278	0.9930500000000001
741.278	0.9930500000000001
742.278	0.9930500000000001
743.278	0.9930500000000001
744.278	0.9930500000000001
745.278	0.9930500000000001
746.278	0.9930500000000001
747.278	0.9930500000000001
748.278	0.9930500000000001
749.278	0.9930500000000001
750.278	0.9930500000000001
751.278	0.9930500000000001
752.278	0.9930500000000001
753.278	0.9930500000000001
754.278	0.9930500000000001
755.278	0.9930500000000001
756.278	0.9930500000000001
757.278	0.9930500000000001
758.278	0.9930500000000001
759.278	0.9930500000000001
760.278	0.9930500000000001
761.278	0.9930500000000001
762.278	0.9930500000000001
763.278	0.9930500000000001
764.278	0.9930500000000001
765.278	0.9930500000000001
766.278	0.9930500000000001
767.278	0.9930500000000001
768.278	0.9930500000000001
769.278	0.9930500000000001
770.278	0.9930500000000001
771.278	0.9930500000000001
772.278	0.9930500000000001
773.278	0.9930500000000001
774.278	0.9930500000000001
775.278	0.9930500000000001
776.278	0.9930500000000001
777.278	0.9930500000000001
778.278	0.9930500000000001
779.278	0.9930500000000001
780.278	0.9930500000000001
781.278	0.9930500000000001
782.278	0.9930500000000001
783.278	0.9930500000000001
784.278	0.9930500000000001
785.278	0.9930500000000001
786.278	0.9930500000000001
787.278	0.9930500000000001
788.278	0.9930500000000001
789.278	0.9930500000000001
790.278	0.9930500000000001
791.278	0.9930500000000001
792.278	0.9930500000000001
793.278	0.9930500000000001
794.278	0.9930500000000001
795.278	0.9930500000000001
796.278	0.9930500000000001
797.278	0.9930500000000001
798.278	0.9930500000000001
799.278	0.9930500000000001
800.278	0.9930500000000001
801.278	0.9930500000000001
802.278	0.9930500000000001
803.278	0.9930500000000001
804.278	0.9930500000000001
805.278	0.9930500000000001
806.278	0.9930500000000001
807.278	0.9930500000000001
808.278	0.9930500000000001
809.278	0.9930500000000001
810.278	0.9930500000000001
811.278	0.9930500000000001
812.278	0.9930500000000001
813.278	0.9930500000000001
814.278	0.9930500000000001
815.278	0.9930500000000001
816.278	0.9930500000000001
817.278	0.9930500000000001
818.278	0.9930500000000001
819.278	0.9930500000000001
820.278	0.9930500000000001
821.278	0.9930500000000001
822.278	0.9930500000000001
823.278	0.9930500000000001
824.278	0.9930500000000001
825.278	0.9930500000000001
826.278	0.9930500000000001
827.278	0.9930500000000001
828.278	0.9930500000000001
829.278	0.9930500000000001
830.278	0.9930500000000001
831.278	0.9930500000000001
832.278	0.9930500000000001
833.278	0.9930500000000001
834.278	0.9930500000000001
835.278	0.9930500000000001
836.278	0.9930500000000001
837.278	0.9930500000000001
838.278	0.9930500000000001
839.278	0.9930500000000001
840.278	0.9930500000000001
841.278	0.9930500000000001
842.278	0.9930500000000001
843.278	0.9930500000000001
844.278	0.9930500000000001
845.278	0.9930500000000001
846.278	0.9930500000000001
847.278	0.9930500000000001
848.278	0.9930500000000001
849.278	0.9930500000000001
850.278	0.9930500000000001
851.278	0.9930500000000001
852.278	0.9930500000000001
853.278	0.9930500000000001
854.278	0.9930500000000001
855.278	0.9930500000000001
856.278	0.9930500000000001
857.278	0.9930500000000001
858.278	0.9930500000000001
859.278	0.9930500000000001
860.278	0.9930500000000001
861.278	0.9930500000000001
862.278	0.9930500000000001
863.278	0.9930500000000001
864.278	0.9930500000000001
865.278	0.9930500000000001
866.278	0.9930500000000001
867.278	0.9930500000000001
868.278	0.9930500000000001
869.278	0.9930500000000001
870.278	0.9930500000000001
871.278	0.9930500000000001
872.278	0.9930500000000001
873.278	0.9930500000000001
874.278	0.9930500000000001
875.278	0.9930500000000001
876.278	0.9930500000000001
877.278	0.9930500000000001
878.278	0.9930500000000001
879.278	0.9930500000000001
880.278	0.9930500000000001
881.278	0.9930500000000001
882.278	0.9930500000000001
883.278	0.9930500000000001
884.278	0.9930500000000001
885.278	0.9930500000000001
886.278	0.9930500000000001
887.278	0.9930500000000001
888.278	0.9930500000000001
889.278	0.9930500000000001
890.278	0.9930500000000001
891.278	0.9930500000000001
892.278	0.9930500000000001
893.278	0.9930500000000001
894.278	0.9930500000000001
895.278	0.9930500000000001
896.278	0.9930500000000001
897.278	0.9930500000000001
898.278	0.9930500000000001
899.278	0.9930500000000001
900.278	0.9930500000000001
901.278	0.9930500000000001
902.278	0.9930500000000001
903.278	0.9930500000000001
904.278	0.9930500000000001
905.278	0.9930500000000001
906.278	0.9930500000000001
907.278	0.9930500000000001
908.278	0.9930500000000001
909.278	0.9930500000000001
910.278	0.9930500000000001
911.278	0.9930500000000001
912.278	0.9930500000000001
913.278	0.9930500000000001
914.278	0.9930500000000001
915.278	0.9930500000000001
916.278	0.9930500000000001
917.278	0.9930500000000001
918.278	0.9930500000000001
919.278	0.9930500000000001
920.278	0.9930500000000001
921.278	0.9930500000000001
922.278	0.9930500000000001
923.278	0.9930500000000001
924.278	0.9930500000000001
925.278	0.9930500000000001
926.278	0.9930500000000001
927.278	0.9930500000000001
928.278	0.9930500000000001
929.278	0.9930500000000001
930.278	0.9930500000000001
931.278	0.9930500000000001
932.278	0.9930500000000001
933.278	0.9930500000000001
934.278	0.9930500000000001
935.278	0.9930500000000001
936.278	0.9930500000000001
937.278	0.9930500000000001
938.278	0.9930500000000001
939.278	0.9930500000000001
940.278	0.9930500000000001
941.278	0.9930500000000001
942.278	0.9930500000000001
943.278	0.9930500000000001
944.278	0.9930500000000001
945.278	0.9930500000000001
946.278	0.9930500000000001
947.278	0.9930500000000001
948.278	0.9930500000000001
949.278	0.9930500000000001
950.278	0.9930500000000001
951.278	0.9930500000000001
952.278	0.9930500000000001
953.278	0.9930500000000001
954.278	0.9930500000000001
955.278	0.9930500000000001
956.278	0.9930500000000001
957.278	0.9930500000000001
958.278	0.9930500000000001
959.278	0.9930500000000001
960.278	0.9930500000000001
961.278	0.9930500000000001
962.278	0.9930500000000001
963.278	0.9930500000000001
964.278	0.9930500000000001
965.278	0.9930500000000001
966.278	0.9930500000000001
967.278	0.9930500000000001
968.278	0.9930500000000001
969.278	0.9930500000000001
970.278	0.9930500000000001
971.278	0.9930500000000001
972.278	0.9930500000000001
973.278	0.9930500000000001
974.278	0.9930500000000001
975.278	0.9930500000000001
976.278	0.9930500000000001
977.278	0.9930500000000001
978.278	0.9930500000000001
979.278	0.9930500000000001
980.278	0.9930500000000001
981.278	0.9930500000000001
982.278	0.9930500000000001
983.278	0.9930500000000001
984.278	0.9930500000000001
985.278	0.9930500000000001
986.278	0.9930500000000001
987.278	0.9930500000000001
988.278	0.9930500000000001
989.278	0.9930500000000001
990.278	0.9930500000000001
991.278	0.9930500000000001
992.278	0.9930500000000001
993.278	0.9930500000000001
994.278	0.9930500000000001
995.278	0.9930500000000001
996.278	0.9930500000000001
997.278	0.9930500000000001
998.278	0.9930500000000001
999.278	0.9930500000000001
1000.278	0.9930500000000001
1001.278	0.9930500000000001
1002.278	0.9930500000000001
1003.278	0.9930500000000001
1004.278	0.9930500000000001
1005.278	0.9930500000000001
1006.278	0.9930500000000001
1007.278	0.9930500000000001
1008.278	0.9930500000000001
1009.278	0.9930500000000001
1010.278	0.9930500000000001
1011.278	0.9930500000000001
1012.278	0.9930500000000001
1013.278	0.9930500000000001
1014.278	0.9930500000000001
1015.278	0.9930500000000001
1016.278	0.9930500000000001
1017.278	0.9930500000000001
1018.278	0.9930500000000001
1019.278	0.9930500000000001
1020.278	0.9930500000000001
1021.278	0.9930500000000001
1022.278	0.9930500000000001
1023.278	0.9930500000000001
1024.278	0.9930500000000001
1025.278	0.9930500000000001
1026.278	0.9930500000000001
1027.278	0.9930500000000001
1028.278	0.9930500000000001
1029.278	0.9930500000000001
1030.278	0.9930500000000001
1031.278	0.9930500000000001
1032.278	0.9930500000000001
1033.278	0.9930500000000001
1034.278	0.9930500000000001
1035.278	0.9930500000000001
1036.278	0.9930500000000001
1037.278	0.9930500000000001
1038.278	0.9930500000000001
1039.278	0.9930500000000001
1040.278	0.9930500000000001
1041.278	0.9930500000000001
1042.278	0.9930500000000001
1043.278	0.9930500000000001
1044.278	0.9930500000000001
1045.278	0.9930500000000001
1046.278	0.9930500000000001
1047.278	0.9930500000000001
1048.278	0.9930500000000001
1049.278	0.9930500000000001
1050.278	0.9930500000000001
1051.278	0.9930500000000001
1052.278	0.9930500000000001
1053.278	0.9930500000000001
1054.278	0.9930500000000001
1055.278	0.9930500000000001
1056.278	0.9930500000000001
1057.278	0.9930500000000001
1058.278	0.9930500000000001
1059.278	0.9930500000000001
1060.278	0.9930500000000001
1061.278	0.9930500000000001
1062.278	0.9930500000000001
1063.278	0.9930500000000001
1064.278	0.9930500000000001
1065.278	0.9930500000000001
1066.278	0.9930500000000001
1067.278	0.9930500000000001
1068.278	0.9930500000000001
1069.278	0.9930500000000001
1070.278	0.9930500000000001
1071.278	0.9930500000000001
1072.278	0.9930500000000001
1073.278	0.9930500000000001
1074.278	0.9930500000000001
1075.278	0.9930500000000001
1076.278	0.9930500000000001
1077.278	0.9930500000000001
1078.278	0.9930500000000001
1079.278	0.9930500000000001
1080.278	0.9930500000000001
1081.278	0.9930500000000001
1082.278	0.9930500000000001
1083.278	0.9930500000000001
1084.278	0.9930500000000001
1085.278	0.9930500000000001
1086.278	0.9930500000000001
1087.278	0.9930500000000001
1088.278	0.9930500000000001
1089.278	0.9930500000000001
1090.278	0.9930500000000001
1091.278	0.9930500000000001
1092.278	0.9930500000000001
1093.278	0.9930500000000001
1094.278	0.9930500000000001
1095.278	0.9930500000000001
1096.278	0.9930500000000001
1097.278	0.9930500000000001
1098.278	0.9930500000000001
1099.278	0.9930500000000001
1100.278	0.9930500000000001
1101.278	0.9930500000000001
1102.278	0.9930500000000001
1103.278	0.9930500000000001
1104.278	0.9930500000000001
1105.278	0.9930500000000001
1106.278	0.9930500000000001
1107.278	0.9930500000000001
1108.278	0.9930500000000001
1109.278	0.9930500000000001
1110.278	0.9930500000000001
1111.278	0.9930500000000001
1112.278	0.9930500000000001
1113.278	0.9930500000000001
1114.278	0.9930500000000001
1115.278	0.9930500000000001
1116.278	0.9930500000000001
1117.278	0.9930500000000001
1118.278	0.9930500000000001
1119.278	0.9930500000000001
1120.278	0.9930500000000001
1121.278	0.9930500000000001
1122.278	0.9930500000000001
1123.278	0.9930500000000001
1124.278	0.9930500000000001
1125.278	0.9930500000000001
1126.278	0.9930500000000001
1127.278	0.9930500000000001
1128.278	0.9930500000000001
1129.278	0.9930500000000001
1130.278	0.9930500000000001
1131.278	0.9930500000000001
1132.278	0.9930500000000001
1133.278	0.9930500000000001
1134.278	0.9930500000000001
1135.278	0.9930500000000001
1136.278	0.9930500000000001
1137.278	0.9930500000000001
1138.278	0.9930500000000001
1139.278	0.9930500000000001
1140.278	0.9930500000000001
1141.278	0.9930500000000001
1142.278	0.9930500000000001
1143.278	0.9930500000000001
1144.278	0.9930500000000001
1145.278	0.9930500000000001
1146.278	0.9930500000000001
1147.278	0.9930500000000001
1148.278	0.9930500000000001
1149.278	0.9930500000000001
1150.278	0.9930500000000001
1151.278	0.9930500000000001
1152.278	0.9930500000000001
1153.278	0.9930500000000001
1154.278	0.9930500000000001
1155.278	0.9930500000000001
1156.278	0.9930500000000001
1157.278	0.9930500000000001
1158.278	0.9930500000000001
1159.278	0.9930500000000001
1160.278	0.9930500000000001
1161.278	0.9930500000000001
1162.278	0.9930500000000001
1163.278	0.9930500000000001
1164.278	0.9930500000000001
1165.278	0.9930500000000001
1166.278	0.9930500000000001
1167.278	0.9930500000000001
1168.278	0.9930500000000001
1169.278	0.9930500000000001
1170.278	0.9930500000000001
1171.278	0.9930500000000001
1172.278	0.9930500000000001
1173.278	0.9930500000000001
1174.278	0.9930500000000001
1175.278	0.9930500000000001
1176.278	0.9930500000000001
1177.278	0.9930500000000001
1178.278	0.9930500000000001
1179.278	0.9930500000000001
1180.278	0.9930500000000001
1181.278	0.9930500000000001
1182.278	0.9930500000000001
1183.278	0.9930500000000001
1184.278	0.9930500000000001
1185.278	0.9930500000000001
1186.278	0.9930500000000001
1187.278	0.9930500000000001
1188.278	0.9930500000000001
1189.278	0.9930500000000001
1190.278	0.9930500000000001
1191.278	0.9930500000000001
1192.278	0.9930500000000001
1193.278	0.9930500000000001
1194.278	0.9930500000000001
1195.278	0.9930500000000001
1196.278	0.9930500000000001
1197.278	0.9930500000000001
1198.278	0.9930500000000001
1199.278	0.9930500000000001
1200.278	0.9930500000000001
1201.278	0.9930500000000001
1202.278	0.9930500000000001
1203.278	0.9930500000000001
1204.278	0.9930500000000001
1205.278	0.9930500000000001
1206.278	0.9930500000000001
1207.278	0.9930500000000001
1208.278	0.9930500000000001
1209.278	0.9930500000000001
1210.278	0.9930500000000001
1211.278	0.9930500000000001
1212.278	0.9930500000000001
1213.278	0.9930500000000001
1214.278	0.9930500000000001
1215.278	0.9930500000000001
1216.278	0.9930500000000001
1217.278	0.9930500000000001
1218.278	0.9930500000000001
1219.278	0.9930500000000001
1220.278	0.9930500000000001
1221.278	0.9930500000000001
1222.278	0.9930500000000001
1223.278	0.9930500000000001
1224.278	0.9930500000000001
1225.278	0.9930500000000001
1226.278	0.9930500000000001
1227.278	0.9930500000000001
1228.278	0.9930500000000001
1229.278	0.9930500000000001
1230.278	0.9930500000000001
1231.278	0.9930500000000001
1232.278	0.9930500000000001
1233.278	0.9930500000000001
1234.278	0.9930500000000001
1235.278	0.9930500000000001
1236.278	0.9930500000000001
1237.278	0.9930500000000001
1238.278	0.9930500000000001
1239.278	0.9930500000000001
1240.278	0.9930500000000001
1241.278	0.9930500000000001
1242.278	0.9930500000000001
1243.278	0.9930500000000001
1244.278	0.9930500000000001
1245.278	0.9930500000000001
1246.278	0.9930500000000001
1247.278	0.9930500000000001
1248.278	0.9930500000000001
1249.278	0.9930500000000001
1250.278	0.9930500000000001
1251.278	0.9930500000000001
1252.278	0.9930500000000001
1253.278	0.9930500000000001
1254.278	0.9930500000000001
1255.278	0.9930500000000001
1256.278	0.9930500000000001
1257.278	0.9930500000000001
1258.278	0.9930500000000001
1259.278	0.9930500000000001
1260.278	0.9930500000000001
1261.278	0.9930500000000001
1262.278	0.9930500000000001
1263.278	0.9930500000000001
1264.278	0.9930500000000001
1265.278	0.9930500000000001
1266.278	0.9930500000000001
1267.278	0.9930500000000001
1268.278	0.9930500000000001
1269.278	0.9930500000000001
1270.278	0.9930500000000001
1271.278	0.9930500000000001
1272.278	0.9930500000000001
1273.278	0.9930500000000001
1274.278	0.9930500000000001
1275.278	0.9930500000000001
1276.278	0.9930500000000001
1277.278	0.9930500000000001
1278.278	0.9930500000000001
1279.278	0.9930500000000001
1280.278	0.9930500000000001
1281.278	0.9930500000000001
1282.278	0.9930500000000001
1283.278	0.9930500000000001
1284.278	0.9930500000000001
1285.278	0.9930500000000001
1286.278	0.9930500000000001
1287.278	0.9930500000000001
1288.278	0.9930500000000001
1289.278	0.9930500000000001
1290.278	0.9930500000000001
1291.278	0.9930500000000001
1292.278	0.9930500000000001
1293.278	0.9930500000000001
1294.278	0.9930500000000001
1295.278	0.9930500000000001
1296.278	0.9930500000000001
1297.278	0.9930500000000001
1298.278	0.9930500000000001
1299.278	0.9930500000000001
1300.278	0.9930500000000001
1301.278	0.9930500000000001
1302.278	0.9930500000000001
1303.278	0.9930500000000001
1304.278	0.9930500000000001
1305.278	0.9930500000000001
1306.278	0.9930500000000001
1307.278	0.9930500000000001
1308.278	0.9930500000000001
1309.278	0.9930500000000001
1310.278	0.9930500000000001
1311.278	0.9930500000000001
1312.278	0.9930500000000001
1313.278	0.9930500000000001
1314.278	0.9930500000000001
1315.278	0.9930500000000001
1316.278	0.9930500000000001
1317.278	0.9930500000000001
1318.278	0.9930500000000001
1319.278	0.9930500000000001
1320.278	0.9930500000000001
1321.278	0.9930500000000001
1322.278	0.9930500000000001
1323.278	0.9930500000000001
1324.278	0.9930500000000001
1325.278	0.9930500000000001
1326.278	0.9930500000000001
1327.278	0.9930500000000001
1328.278	0.9930500000000001
1329.278	0.9930500000000001
1330.278	0.9930500000000001
1331.278	0.9930500000000001
1332.278	0.9930500000000001
1333.278	0.9930500000000001
1334.278	0.9930500000000001
1335.278	0.9930500000000001
1336.278	0.9930500000000001
1337.278	0.9930500000000001
1338.278	0.9930500000000001
1339.278	0.9930500000000001
1340.278	0.9930500000000001
1341.278	0.9930500000000001
1342.278	0.9930500000000001
1343.278	0.9930500000000001
1344.278	0.9930500000000001
1345.278	0.9930500000000001
1346.278	0.9930500000000001
1347.278	0.9930500000000001
1348.278	0.9930500000000001
1349.278	0.9930500000000001
1350.278	0.9930500000000001
1351.278	0.9930500000000001
1352.278	0.9930500000000001
1353.278	0.9930500000000001
1354.278	0.9930500000000001
1355.278	0.9930500000000001
1356.278	0.9930500000000001
1357.278	0.9930500000000001
1358.278	0.9930500000000001
1359.278	0.9930500000000001
1360.278	0.9930500000000001
1361.278	0.9930500000000001
1362.278	0.9930500000000001
1363.278	0.9930500000000001
1364.278	0.9930500000000001
1365.278	0.9930500000000001
1366.278	0.9930500000000001
1367.278	0.9930500000000001
1368.278	0.9930500000000001
1369.278	0.9930500000000001
1370.278	0.9930500000000001
1371.278	0.9930500000000001
1372.278	0.9930500000000001
1373.278	0.9930500000000001
1374.278	0.9930500000000001
1375.278	0.9930500000000001
1376.278	0.9930500000000001
1377.278	0.9930500000000001
1378.278	0.9930500000000001
1379.278	0.9930500000000001
1380.278	0.9930500000000001
1381.278	0.9930500000000001
1382.278	0.9930500000000001
1383.278	0.9930500000000001
1384.278	0.9930500000000001
1385.278	0.9930500000000001
1386.278	0.9930500000000001
1387.278	0.9930500000000001
1388.278	0.9930500000000001
1389.278	0.9930500000000001
1390.278	0.9930500000000001
1391.278	0.9930500000000001
1392.278	0.9930500000000001
1393.278	0.9930500000000001
1394.278	0.9930500000000001
1395.278	0.9930500000000001
1396.278	0.9930500000000001
1397.278	0.9930500000000001
1398.278	0.9930500000000001
1399.278	0.9930500000000001
1400.278	0.9930500000000001
1401.278	0.9930500000000001
1402.278	0.9930500000000001
1403.278	0.9930500000000001
1404.278	0.9930500000000001
1405.278	0.9930500000000001
1406.278	0.9930500000000001
1407.278	0.9930500000000001
1408.278	0.9930500000000001
1409.278	0.9930500000000001
1410.278	0.9930500000000001
1411.278	0.9930500000000001
1412.278	0.9930500000000001
1413.278	0.9930500000000001
1414.278	0.9930500000000001
1415.278	0.9930500000000001
1416.278	0.9930500000000001
1417.278	0.9930500000000001
1418.278	0.9930500000000001
1419.278	0.9930500000000001
1420.278	0.9930500000000001
1421.278	0.9930500000000001
1422.278	0.9930500000000001
1423.278	0.9930500000000001
1424.278	0.9930500000000001
1425.278	0.9930500000000001
1426.278	0.9930500000000001
1427.278	0.9930500000000001
1428.278	0.9930500000000001
1429.278	0.9930500000000001
1430.278	0.9930500000000001
1431.278	0.9930500000000001
1432.278	0.9930500000000001
1433.278	0.9930500000000001
1434.278	0.9930500000000001
1435.278	0.9930500000000001
1436.278	0.9930500000000001
1437.278	0.9930500000000001
1438.278	0.9930500000000001
1439.278	0.9930500000000001
1440.278	0.9930500000000001
1441.278	0.9930500000000001
1442.278	0.9930500000000001
1443.278	0.9930500000000001
1444.278	0.9930500000000001
1445.278	0.9930500000000001
1446.278	0.9930500000000001
1447.278	0.9930500000000001
1448.278	0.9930500000000001
1449.278	0.9930500000000001
1450.278	0.9930500000000001
1451.278	0.9930500000000001
1452.278	0.9930500000000001
1453.278	0.9930500000000001
1454.278	0.9930500000000001
1455.278	0.9930500000000001
1456.278	0.9930500000000001
1457.278	0.9930500000000001
1458.278	0.9930500000000001
1459.278	0.9930500000000001
1460.278	0.9930500000000001
1461.278	0.9930500000000001
1462.278	0.9930500000000001
1463.278	0.9930500000000001
1464.278	0.9930500000000001
1465.278	0.9930500000000001
1466.278	0.9930500000000001
1467.278	0.9930500000000001
1468.278	0.9930500000000001
1469.278	0.9930500000000001
1470.278	0.9930500000000001
1471.278	0.9930500000000001
1472.278	0.9930500000000001
1473.278	0.9930500000000001
1474.278	0.9930500000000001
1475.278	0.9930500000000001
1476.278	0.9930500000000001
1477.278	0.9930500000000001
1478.278	0.9930500000000001
1479.278	0.9930500000000001
1480.278	0.9930500000000001
1481.278	0.9930500000000001
1482.278	0.9930500000000001
1483.278	0.9930500000000001
1484.278	0.9930500000000001
1485.278	0.9930500000000001
1486.278	0.9930500000000001
1487.278	0.9930500000000001
1488.278	0.9930500000000001
1489.278	0.9930500000000001
1490.278	0.9930500000000001
1491.278	0.9930500000000001
1492.278	0.9930500000000001
1493.278	0.9930500000000001
1494.278	0.9930500000000001
1495.278	0.9930500000000001
1496.278	0.9930500000000001
1497.278	0.9930500000000001
1498.278	0.9930500000000001
1499.278	0.9930500000000001
1500.278	0.9930500000000001
1501.278	0.9930500000000001
1502.278	0.9930500000000001
1503.278	0.9930500000000001
1504.278	0.9930500000000001
1505.278	0.9930500000000001
1506.278	0.9930500000000001
1507.278	0.9930500000000001
1508.278	0.9930500000000001
1509.278	0.9930500000000001
1510.278	0.9930500000000001
1511.278	0.9930500000000001
1512.278	0.9930500000000001
1513.278	0.9930500000000001
1514.278	0.9930500000000001
1515.278	0.9930500000000001
1516.278	0.9930500000000001
1517.278	0.9930500000000001
1518.278	0.9930500000000001
1519.278	0.9930500000000001
1520.278	0.9930500000000001
1521.278	0.9930500000000001
1522.278	0.9930500000000001
1523.278	0.9930500000000001
1524.278	0.9930500000000001
1525.278	0.9930500000000001
1526.278	0.9930500000000001
1527.278	0.9930500000000001
1528.278	0.9930500000000001
1529.278	0.9930500000000001
1530.278	0.9930500000000001
1531.278	0.9930500000000001
1532.278	0.9930500000000001
1533.278	0.9930500000000001
1534.278	0.9930500000000001
1535.278	0.9930500000000001
1536.278	0.9930500000000001
1537.278	0.9930500000000001
1538.278	0.9930500000000001
1539.278	0.9930500000000001
1540.278	0.9930500000000001
1541.278	0.9930500000000001
1542.278	0.9930500000000001
1543.278	0.9930500000000001
1544.278	0.9930500000000001
1545.278	0.9930500000000001
1546.278	0.9930500000000001
1547.278	0.9930500000000001
1548.278	0.9930500000000001
1549.278	0.9930500000000001
1550.278	0.9930500000000001
1551.278	0.9930500000000001
1552.278	0.9930500000000001
1553.278	0.9930500000000001
1554.278	0.9930500000000001
1555.278	0.9930500000000001
1556.278	0.9930500000000001
1557.278	0.9930500000000001
1558.278	0.9930500000000001
1559.278	0.9930500000000001
1560.278	0.9930500000000001
1561.278	0.9930500000000001
1562.278	0.9930500000000001
1563.278	0.9930500000000001
1564.278	0.9930500000000001
1565.278	0.9930500000000001
1566.278	0.9930500000000001
1567.278	0.9930500000000001
1568.278	0.9930500000000001
1569.278	0.9930500000000001
1570.278	0.9930500000000001
1571.278	0.9930500000000001
1572.278	0.9930500000000001
1573.278	0.9930500000000001
1574.278	0.9930500000000001
1575.278	0.9930500000000001
1576.278	0.9930500000000001
1577.278	0.9930500000000001
1578.278	0.9930500000000001
1579.278	0.9930500000000001
1580.278	0.9930500000000001
1581.278	0.9930500000000001
1582.278	0.9930500000000001
1583.278	0.9930500000000001
1584.278	0.9930500000000001
1585.278	0.9930500000000001
1586.278	0.9930500000000001
1587.278	0.9930500000000001
1588.278	0.9930500000000001
1589.278	0.9930500000000001
1590.278	0.9930500000000001
1591.278	0.9930500000000001
1592.278	0.9930500000000001
1593.278	0.9930500000000001
1594.278	0.9930500000000001
1595.278	0.9930500000000001
1596.278	0.9930500000000001
1597.278	0.9930500000000001
1598.278	0.9930500000000001
1599.278	0.9930500000000001
1600.278	0.9930500000000001
1601.278	0.9930500000000001
1602.278	0.9930500000000001
1603.278	0.9930500000000001
1604.278	0.9930500000000001
1605.278	0.9930500000000001
1606.278	0.9930500000000001
1607.278	0.9930500000000001
1608.278	0.9930500000000001
1609.278	0.9930500000000001
1610.278	0.9930500000000001
1611.278	0.9930500000000001
1612.278	0.9930500000000001
1613.278	0.9930500000000001
1614.278	0.9930500000000001
1615.278	0.9930500000000001
1616.278	0.9930500000000001
1617.278	0.9930500000000001
1618.278	0.9930500000000001
1619.278	0.9930500000000001
1620.278	0.9930500000000001
1621.278	0.9930500000000001
1622.278	0.9930500000000001
1623.278	0.9930500000000001
1624.278	0.9930500000000001
1625.278	0.9930500000000001
1626.278	0.9930500000000001
1627.278	0.9930500000000001
1628.278	0.9930500000000001
1629.278	0.9930500000000001
1630.278	0.9930500000000001
1631.278	0.9930500000000001
1632.278	0.9930500000000001
1633.278	0.9930500000000001
1634.278	0.9930500000000001
1635.278	0.9930500000000001
1636.278	0.9930500000000001
1637.278	0.9930500000000001
1638.278	0.9930500000000001
1639.278	0.9930500000000001
1640.278	0.9930500000000001
1641.278	0.9930500000000001
1642.278	0.9930500000000001
1643.278	0.9930500000000001
1644.278	0.9930500000000001
1645.278	0.9930500000000001
1646.278	0.9930500000000001
1647.278	0.9930500000000001
1648.278	0.9930500000000001
1649.278	0.9930500000000001
1650.278	0.9930500000000001
1651.278	0.9930500000000001
1652.278	0.9930500000000001
1653.278	0.9930500000000001
1654.278	0.9930500000000001
1655.278	0.9930500000000001
1656.278	0.9930500000000001
1657.278	0.9930500000000001
1658.278	0.9930500000000001
1659.278	0.9930500000000001
1660.278	0.9930500000000001
1661.278	0.9930500000000001
1662.278	0.9930500000000001
1663.278	0.9930500000000001
1664.278	0.9930500000000001
1665.278	0.9930500000000001
1666.278	0.9930500000000001
1667.278	0.9930500000000001
1668.278	0.9930500000000001
1669.278	0.9930500000000001
1670.278	0.9930500000000001
1671.278	0.9930500000000001
1672.278	0.9930500000000001
1673.278	0.9930500000000001
1674.278	0.9930500000000001
1675.278	0.9930500000000001
1676.278	0.9930500000000001
1677.278	0.9930500000000001
1678.278	0.9930500000000001
1679.278	0.9930500000000001
1680.278	0.9930500000000001
1681.278	0.9930500000000001
1682.278	0.9930500000000001
1683.278	0.9930500000000001
1684.278	0.9930500000000001
1685.278	0.9930500000000001
1686.278	0.9930500000000001
1687.278	0.9930500000000001
1688.278	0.9930500000000001
1689.278	0.9930500000000001
1690.278	0.9930500000000001
1691.278	0.9930500000000001
1692.278	0.9930500000000001
1693.278	0.9930500000000001
1694.278	0.9930500000000001
1695.278	0.9930500000000001
1696.278	0.9930500000000001
1697.278	0.9930500000000001
1698.278	0.9930500000000001
1699.278	0.9930500000000001
1700.278	0.9930500000000001
1701.278	0.9930500000000001
1702.278	0.9930500000000001
1703.278	0.9930500000000001
1704.278	0.9930500000000001
1705.278	0.9930500000000001
1706.278	0.9930500000000001
1707.278	0.9930500000000001
1708.278	0.9930500000000001
1709.278	0.9930500000000001
1710.278	0.9930500000000001
1711.278	0.9930500000000001
1712.278	0.9930500000000001
1713.278	0.9930500000000001
1714.278	0.9930500000000001
1715.278	0.9930500000000001
1716.278	0.9930500000000001
1717.278	0.9930500000000001
1718.278	0.9930500000000001
1719.278	0.9930500000000001
1720.278	0.9930500000000001
1721.278	0.9930500000000001
1722.278	0.9930500000000001
1723.278	0.9930500000000001
1724.278	0.9930500000000001
1725.278	0.9930500000000001
1726.278	0.9930500000000001
1727.278	0.9930500000000001
1728.278	0.9930500000000001
1729.278	0.9930500000000001
1730.278	0.9930500000000001
1731.278	0.9930500000000001
1732.278	0.9930500000000001
1733.278	0.9930500000000001
1734.278	0.9930500000000001
1735.278	0.9930500000000001
1736.278	0.9930500000000001
1737.278	0.9930500000000001
1738.278	0.9930500000000001
1739.278	0.9930500000000001
1740.278	0.9930500000000001
1741.278	0.9930500000000001
1742.278	0.9930500000000001
1743.278	0.9930500000000001
1744.278	0.9930500000000001
1745.278	0.9930500000000001
1746.278	0.9930500000000001
1747.278	0.9930500000000001
1748.278	0.9930500000000001
1749.278	0.9930500000000001
1750.278	0.9930500000000001
1751.278	0.9930500000000001
1752.278	0.9930500000000001
1753.278	0.9930500000000001
1754.278	0.9930500000000001
1755.278	0.9930500000000001
1756.278	0.9930500000000001
1757.278	0.9930500000000001
1758.278	0.9930500000000001
1759.278	0.9930500000000001
1760.278	0.9930500000000001
1761.278	0.9930500000000001
1762.278	0.9930500000000001
1763.278	0.9930500000000001
1764.278	0.9930500000000001
1765.278	0.9930500000000001
1766.278	0.9930500000000001
1767.278	0.9930500000000001
1768.278	0.9930500000000001
1769.278	0.9930500000000001
1770.278	0.9930500000000001
1771.278	0.9930500000000001
1772.278	0.9930500000000001
1773.278	0.9930500000000001
1774.278	0.9930500000000001
1775.278	0.9930500000000001
1776.278	0.9930500000000001
1777.278	0.9930500000000001
1778.278	0.9930500000000001
1779.278	0.9930500000000001
1780.278	0.9930500000000001
1781.278	0.9930500000000001
1782.278	0.9930500000000001
1783.278	0.9930500000000001
1784.278	0.9930500000000001
1785.278	0.9930500000000001
1786.278	0.9930500000000001
1787.278	0.9930500000000001
1788.278	0.9930500000000001
1789.278	0.9930500000000001
1790.278	0.9930500000000001
1791.278	0.9930500000000001
1792.278	0.9930500000000001
1793.278	0.9930500000000001
1794.278	0.9930500000000001
1795.278	0.9930500000000001
1796.278	0.9930500000000001
1797.278	0.9930500000000001
1798.278	0.9930500000000001
1799.278	0.9930500000000001
1800.278	0.9930500000000001
1801.278	0.9930500000000001
1802.278	0.9930500000000001
1803.278	0.9930500000000001
1804.278	0.9930500000000001
1805.278	0.9930500000000001
1806.278	0.9930500000000001
1807.278	0.9930500000000001
1808.278	0.9930500000000001
1809.278	0.9930500000000001
1810.278	0.9930500000000001
1811.278	0.9930500000000001
1812.278	0.9930500000000001
1813.278	0.9930500000000001
1814.278	0.9930500000000001
1815.278	0.9930500000000001
1816.278	0.9930500000000001
1817.278	0.9930500000000001
1818.278	0.9930500000000001
1819.278	0.9930500000000001
1820.278	0.9930500000000001
1821.278	0.9930500000000001
1822.278	0.9930500000000001
1823.278	0.9930500000000001
1824.278	0.9930500000000001
1825.278	0.9930500000000001
1826.278	0.9930500000000001
1827.278	0.9930500000000001
1828.278	0.9930500000000001
1829.278	0.9930500000000001
1830.278	0.9930500000000001
1831.278	0.9930500000000001
1832.278	0.9930500000000001
1833.278	0.9930500000000001
1834.278	0.9930500000000001
1835.278	0.9930500000000001
1836.278	0.9930500000000001
1837.278	0.9930500000000001
1838.278	0.9930500000000001
1839.278	0.9930500000000001
1840.278	0.9930500000000001
1841.278	0.9930500000000001
1842.278	0.9930500000000001
1843.278	0.9930500000000001
1844.278	0.9930500000000001
1845.278	0.9930500000000001
1846.278	0.9930500000000001
1847.278	0.9930500000000001
1848.278	0.9930500000000001
1849.278	0.9930500000000001
1850.278	0.9930500000000001
1851.278	0.9930500000000001
1852.278	0.9930500000000001
1853.278	0.9930500000000001
1854.278	0.9930500000000001
1855.278	0.9930500000000001
1856.278	0.9930500000000001
1857.278	0.9930500000000001
1858.278	0.9930500000000001
1859.278	0.9930500000000001
1860.278	0.9930500000000001
1861.278	0.9930500000000001
1862.278	0.9930500000000001
1863.278	0.9930500000000001
1864.278	0.9930500000000001
1865.278	0.9930500000000001
1866.278	0.9930500000000001
1867.278	0.9930500000000001
1868.278	0.9930500000000001
1869.278	0.9930500000000001
1870.278	0.9930500000000001
1871.278	0.9930500000000001
1872.278	0.9930500000000001
1873.278	0.9930500000000001
1874.278	0.9930500000000001
1875.278	0.9930500000000001
1876.278	0.9930500000000001
1877.278	0.9930500000000001
1878.278	0.9930500000000001
1879.278	0.9930500000000001
1880.278	0.9930500000000001
1881.278	0.9930500000000001
1882.278	0.9930500000000001
1883.278	0.9930500000000001
1884.278	0.9930500000000001
1885.278	0.9930500000000001
1886.278	0.9930500000000001
1887.278	0.9930500000000001
1888.278	0.9930500000000001
1889.278	0.9930500000000001
1890.278	0.9930500000000001
1891.278	0.9930500000000001
1892.278	0.9930500000000001
1893.278	0.9930500000000001
1894.278	0.9930500000000001
1895.278	0.9930500000000001
1896.278	0.9930500000000001
1897.278	0.9930500000000001
1898.278	0.9930500000000001
1899.278	0.9930500000000001
1900.278	0.9930500000000001
1901.278	0.9930500000000001
1902.278	0.9930500000000001
1903.278	0.9930500000000001
1904.278	0.9930500000000001
1905.278	0.9930500000000001
1906.278	0.9930500000000001
1907.278	0.9930500000000001
1908.278	0.9930500000000001
1909.278	0.9930500000000001
1910.278	0.9930500000000001
1911.278	0.9930500000000001
1912.278	0.9930500000000001
1913.278	0.9930500000000001
1914.278	0.9930500000000001
1915.278	0.9930500000000001
1916.278	0.9930500000000001
1917.278	0.9930500000000001
1918.278	0.9930500000000001
1919.278	0.9930500000000001
1920.278	0.9930500000000001
1921.278	0.9930500000000001
1922.278	0.9930500000000001
1923.278	0.9930500000000001
1924.278	0.9930500000000001
1925.278	0.9930500000000001
1926.278	0.9930500000000001
1927.278	0.9930500000000001
1928.278	0.9930500000000001
1929.278	0.9930500000000001
1930.278	0.9930500000000001
1931.278	0.9930500000000001
1932.278	0.9930500000000001
1933.278	0.9930500000000001
1934.278	0.9930500000000001
1935.278	0.9930500000000001
1936.278	0.9930500000000001
1937.278	0.9930500000000001
1938.278	0.9930500000000001
1939.278	0.9930500000000001
1940.278	0.9930500000000001
1941.278	0.9930500000000001
1942.278	0.9930500000000001
1943.278	0.9930500000000001
1944.278	0.9930500000000001
1945.278	0.9930500000000001
1946.278	0.9930500000000001
1947.278	0.9930500000000001
1948.278	0.9930500000000001
1949.278	0.9930500000000001
1950.278	0.9930500000000001
1951.278	0.9930500000000001
1952.278	0.9930500000000001
1953.278	0.9930500000000001
1954.278	0.9930500000000001
1955.278	0.9930500000000001
1956.278	0.9930500000000001
1957.278	0.9930500000000001
1958.278	0.9930500000000001
1959.278	0.9930500000000001
1960.278	0.9930500000000001
1961.278	0.9930500000000001
1962.278	0.9930500000000001
1963.278	0.9930500000000001
1964.278	0.9930500000000001
1965.278	0.9930500000000001
1966.278	0.9930500000000001
1967.278	0.9930500000000001
1968.278	0.9930500000000001
1969.278	0.9930500000000001
1970.278	0.9930500000000001
1971.278	0.9930500000000001
1972.278	0.9930500000000001
1973.278	0.9930500000000001
1974.278	0.9930500000000001
1975.278	0.9930500000000001
1976.278	0.9930500000000001
1977.278	0.9930500000000001
1978.278	0.9930500000000001
1979.278	0.9930500000000001
1980.278	0.9930500000000001
1981.278	0.9930500000000001
1982.278	0.9930500000000001
1983.278	0.9930500000000001
1984.278	0.9930500000000001
1985.278	0.9930500000000001
1986.278	0.9930500000000001
1987.278	0.9930500000000001
1988.278	0.9930500000000001
1989.278	0.9930500000000001
1990.278	0.9930500000000001
1991.278	0.9930500000000001
1992.278	0.9930500000000001
1993.278	0.9930500000000001
1994.278	0.9930500000000001
1995.278	0.9930500000000001
1996.278	0.9930500000000001
1997.278	0.9930500000000001
1998.278	0.9930500000000001
1999.278	0.9930500000000001
2000.278	0.9930500000000001
2001.278	0.9930500000000001
2002.278	0.9930500000000001
2003.278	0.9930500000000001
2004.278	0.9930500000000001
2005.278	0.9930500000000001
2006.278	0.9930500000000001
2007.278	0.9930500000000001
2008.278	0.9930500000000001
2009.278	0.9930500000000001
2010.278	0.9930500000000001
2011.278	0.9930500000000001
2012.278	0.9930500000000001
2013.278	0.9930500000000001
2014.278	0.9930500000000001
2015.278	0.9930500000000001
2016.278	0.9930500000000001
2017.278	0.9930500000000001
2018.278	0.9930500000000001
2019.278	0.9930500000000001
2020.278	0.9930500000000001
2021.278	0.9930500000000001
2022.278	0.9930500000000001
2023.278	0.9930500000000001
2024.278	0.9930500000000001
2025.278	0.9930500000000001
2026.278	0.9930500000000001
2027.278	0.9930500000000001
2028.278	0.9930500000000001
2029.278	0.9930500000000001
2030.278	0.9930500000000001
2031.278	0.9930500000000001
2032.278	0.9930500000000001
2033.278	0.9930500000000001
2034.278	0.9930500000000001
2035.278	0.9930500000000001
2036.278	0.9930500000000001
2037.278	0.9930500000000001
2038.278	0.9930500000000001
2039.278	0.9930500000000001
2040.278	0.9930500000000001
2041.278	0.9930500000000001
2042.278	0.9930500000000001
2043.278	0.9930500000000001
2044.278	0.9930500000000001
2045.278	0.9930500000000001
2046.278	0.9930500000000001
2047.278	0.9930500000000001
2048.2780000000002	0.9930500000000001
2049.2780000000002	0.9930500000000001
2050.2780000000002	0.9930500000000001
2051.2780000000002	0.9930500000000001
2052.2780000000002	0.9930500000000001
2053.2780000000002	0.9930500000000001
2054.2780000000002	0.9930500000000001
2055.2780000000002	0.9930500000000001
2056.2780000000002	0.9930500000000001
2057.2780000000002	0.9930500000000001
2058.2780000000002	0.9930500000000001
2059.2780000000002	0.9930500000000001
2060.2780000000002	0.9930500000000001
2061.2780000000002	0.9930500000000001
2062.2780000000002	0.9930500000000001
2063.2780000000002	0.9930500000000001
2064.2780000000002	0.9930500000000001
2065.2780000000002	0.9930500000000001
2066.2780000000002	0.9930500000000001
2067.2780000000002	0.9930500000000001
2068.2780000000002	0.9930500000000001
2069.2780000000002	0.9930500000000001
2070.2780000000002	0.9930500000000001
2071.2780000000002	0.9930500000000001
2072.2780000000002	0.9930500000000001
2073.2780000000002	0.9930500000000001
2074.2780000000002	0.9930500000000001
2075.2780000000002	0.9930500000000001
2076.2780000000002	0.9930500000000001
2077.2780000000002	0.9930500000000001
2078.2780000000002	0.9930500000000001
2079.2780000000002	0.9930500000000001
2080.2780000000002	0.9930500000000001
2081.2780000000002	0.9930500000000001
2082.2780000000002	0.9930500000000001
2083.2780000000002	0.9930500000000001
2084.2780000000002	0.9930500000000001
2085.2780000000002	0.9930500000000001
2086.2780000000002	0.9930500000000001
2087.2780000000002	0.9930500000000001
2088.2780000000002	0.9930500000000001
2089.2780000000002	0.9930500000000001
2090.2780000000002	0.9930500000000001
2091.2780000000002	0.9930500000000001
2092.2780000000002	0.9930500000000001
2093.2780000000002	0.9930500000000001
2094.2780000000002	0.9930500000000001
2095.2780000000002	0.9930500000000001
2096.2780000000002	0.9930500000000001
2097.2780000000002	0.9930500000000001
2098.2780000000002	0.9930500000000001
2099.2780000000002	0.9930500000000001
2100.2780000000002	0.9930500000000001
2101.2780000000002	0.9930500000000001
2102.2780000000002	0.9930500000000001
2103.2780000000002	0.9930500000000001
2104.2780000000002	0.9930500000000001
2105.2780000000002	0.9930500000000001
2106.2780000000002	0.9930500000000001
2107.2780000000002	0.9930500000000001
2108.2780000000002	0.9930500000000001
2109.2780000000002	0.9930500000000001
2110.2780000000002	0.9930500000000001
2111.2780000000002	0.9930500000000001
2112.2780000000002	0.9930500000000001
2113.2780000000002	0.9930500000000001
2114.2780000000002	0.9930500000000001
2115.2780000000002	0.9930500000000001
2116.2780000000002	0.9930500000000001
2117.2780000000002	0.9930500000000001
2118.2780000000002	0.9930500000000001
2119.2780000000002	0.9930500000000001
2120.2780000000002	0.9930500000000001
2121.2780000000002	0.9930500000000001
2122.2780000000002	0.9930500000000001
2123.2780000000002	0.9930500000000001
2124.2780000000002	0.9930500000000001
2125.2780000000002	0.9930500000000001
2126.2780000000002	0.9930500000000001
2127.2780000000002	0.9930500000000001
2128.2780000000002	0.9930500000000001
2129.2780000000002	0.9930500000000001
2130.2780000000002	0.9930500000000001
2131.2780000000002	0.9930500000000001
2132.2780000000002	0.9930500000000001
2133.2780000000002	0.9930500000000001
2134.2780000000002	0.9930500000000001
2135.2780000000002	0.9930500000000001
2136.2780000000002	0.9930500000000001
2137.2780000000002	0.9930500000000001
2138.2780000000002	0.9930500000000001
2139.2780000000002	0.9930500000000001
2140.2780000000002	0.9930500000000001
2141.2780000000002	0.9930500000000001
2142.2780000000002	0.9930500000000001
2143.2780000000002	0.9930500000000001
2144.2780000000002	0.9930500000000001
2145.2780000000002	0.9930500000000001
2146.2780000000002	0.9930500000000001
2147.2780000000002	0.9930500000000001
2148.2780000000002	0.9930500000000001
2149.2780000000002	0.9930500000000001
2150.2780000000002	0.9930500000000001
2151.2780000000002	0.9930500000000001
2152.2780000000002	0.9930500000000001
2153.2780000000002	0.9930500000000001
2154.2780000000002	0.9930500000000001
2155.2780000000002	0.9930500000000001
2156.2780000000002	0.9930500000000001
2157.2780000000002	0.9930500000000001
2158.2780000000002	0.9930500000000001
2159.2780000000002	0.9930500000000001
2160.2780000000002	0.9930500000000001
2161.2780000000002	0.9930500000000001
2162.2780000000002	0.9930500000000001
2163.2780000000002	0.9930500000000001
2164.2780000000002	0.9930500000000001
2165.2780000000002	0.9930500000000001
2166.2780000000002	0.9930500000000001
2167.2780000000002	0.9930500000000001
2168.2780000000002	0.9930500000000001
2169.2780000000002	0.9930500000000001
2170.2780000000002	0.9930500000000001
2171.2780000000002	0.9930500000000001
2172.2780000000002	0.9930500000000001
2173.2780000000002	0.9930500000000001
2174.2780000000002	0.9930500000000001
2175.2780000000002	0.9930500000000001
2176.2780000000002	0.9930500000000001
2177.2780000000002	0.9930500000000001
2178.2780000000002	0.9930500000000001
2179.2780000000002	0.9930500000000001
2180.2780000000002	0.9930500000000001
2181.2780000000002	0.9930500000000001
2182.2780000000002	0.9930500000000001
2183.2780000000002	0.9930500000000001
2184.2780000000002	0.9930500000000001
2185.2780000000002	0.9930500000000001
2186.2780000000002	0.9930500000000001
2187.2780000000002	0.9930500000000001
2188.2780000000002	0.9930500000000001
2189.2780000000002	0.9930500000000001
2190.2780000000002	0.9930500000000001
2191.2780000000002	0.9930500000000001
2192.2780000000002	0.9930500000000001
2193.2780000000002	0.9930500000000001
2194.2780000000002	0.9930500000000001
2195.2780000000002	0.9930500000000001
2196.2780000000002	0.9930500000000001
2197.2780000000002	0.9930500000000001
2198.2780000000002	0.9930500000000001
2199.2780000000002	0.9930500000000001
2200.2780000000002	0.9930500000000001
2201.2780000000002	0.9930500000000001
2202.2780000000002	0.9930500000000001
2203.2780000000002	0.9930500000000001
2204.2780000000002	0.9930500000000001
2205.2780000000002	0.9930500000000001
2206.2780000000002	0.9930500000000001
2207.2780000000002	0.9930500000000001
2208.2780000000002	0.9930500000000001
2209.2780000000002	0.9930500000000001
2210.2780000000002	0.9930500000000001
2211.2780000000002	0.9930500000000001
2212.2780000000002	0.9930500000000001
2213.2780000000002	0.9930500000000001
2214.2780000000002	0.9930500000000001
2215.2780000000002	0.9930500000000001
2216.2780000000002	0.9930500000000001
2217.2780000000002	0.9930500000000001
2218.2780000000002	0.9930500000000001
2219.2780000000002	0.9930500000000001
2220.2780000000002	0.9930500000000001
2221.2780000000002	0.9930500000000001
2222.2780000000002	0.9930500000000001
2223.2780000000002	0.9930500000000001
2224.2780000000002	0.9930500000000001
2225.2780000000002	0.9930500000000001
2226.2780000000002	0.9930500000000001
2227.2780000000002	0.9930500000000001
2228.2780000000002	0.9930500000000001
2229.2780000000002	0.9930500000000001
2230.2780000000002	0.9930500000000001
2231.2780000000002	0.9930500000000001
2232.2780000000002	0.9930500000000001
2233.2780000000002	0.9930500000000001
2234.2780000000002	0.9930500000000001
2235.2780000000002	0.9930500000000001
2236.2780000000002	0.9930500000000001
2237.2780000000002	0.9930500000000001
2238.2780000000002	0.9930500000000001
2239.2780000000002	0.9930500000000001
2240.2780000000002	0.9930500000000001
2241.2780000000002	0.9930500000000001
2242.2780000000002	0.9930500000000001
2243.2780000000002	0.9930500000000001
2244.2780000000002	0.9930500000000001
2245.2780000000002	0.9930500000000001
2246.2780000000002	0.9930500000000001
2247.2780000000002	0.9930500000000001
2248.2780000000002	0.9930500000000001
2249.2780000000002	0.9930500000000001
2250.2780000000002	0.9930500000000001
2251.2780000000002	0.9930500000000001
2252.2780000000002	0.9930500000000001
2253.2780000000002	0.9930500000000001
2254.2780000000002	0.9930500000000001
2255.2780000000002	0.9930500000000001
2256.2780000000002	0.9930500000000001
2257.2780000000002	0.9930500000000001
2258.2780000000002	0.9930500000000001
2259.2780000000002	0.9930500000000001
2260.2780000000002	0.9930500000000001
2261.2780000000002	0.9930500000000001
2262.2780000000002	0.9930500000000001
2263.2780000000002	0.9930500000000001
2264.2780000000002	0.9930500000000001
2265.2780000000002	0.9930500000000001
2266.2780000000002	0.9930500000000001
2267.2780000000002	0.9930500000000001
2268.2780000000002	0.9930500000000001
2269.2780000000002	0.9930500000000001
2270.2780000000002	0.9930500000000001
2271.2780000000002	0.9930500000000001
2272.2780000000002	0.9930500000000001
2273.2780000000002	0.9930500000000001
2274.2780000000002	0.9930500000000001
2275.2780000000002	0.9930500000000001
2276.2780000000002	0.9930500000000001
2277.2780000000002	0.9930500000000001
2278.2780000000002	0.9930500000000001
2279.2780000000002	0.9930500000000001
2280.2780000000002	0.9930500000000001
2281.2780000000002	0.9930500000000001
2282.2780000000002	0.9930500000000001
2283.2780000000002	0.9930500000000001
2284.2780000000002	0.9930500000000001
2285.2780000000002	0.9930500000000001
2286.2780000000002	0.9930500000000001
2287.2780000000002	0.9930500000000001
2288.2780000000002	0.9930500000000001
2289.2780000000002	0.9930500000000001
2290.2780000000002	0.9930500000000001
2291.2780000000002	0.9930500000000001
2292.2780000000002	0.9930500000000001
2293.2780000000002	0.9930500000000001
2294.2780000000002	0.9930500000000001
2295.2780000000002	0.9930500000000001
2296.2780000000002	0.9930500000000001
2297.2780000000002	0.9930500000000001
2298.2780000000002	0.9930500000000001
2299.2780000000002	0.9930500000000001
2300.2780000000002	0.9930500000000001
2301.2780000000002	0.9930500000000001
2302.2780000000002	0.9930500000000001
2303.2780000000002	0.9930500000000001
2304.2780000000002	0.9930500000000001
2305.2780000000002	0.9930500000000001
2306.2780000000002	0.9930500000000001
2307.2780000000002	0.9930500000000001
2308.2780000000002	0.9930500000000001
2309.2780000000002	0.9930500000000001
2310.2780000000002	0.9930500000000001
2311.2780000000002	0.9930500000000001
2312.2780000000002	0.9930500000000001
2313.2780000000002	0.9930500000000001
2314.2780000000002	0.9930500000000001
2315.2780000000002	0.9930500000000001
2316.2780000000002	0.9930500000000001
2317.2780000000002	0.9930500000000001
2318.2780000000002	0.9930500000000001
2319.2780000000002	0.9930500000000001
2320.2780000000002	0.9930500000000001
2321.2780000000002	0.9930500000000001
2322.2780000000002	0.9930500000000001
2323.2780000000002	0.9930500000000001
2324.2780000000002	0.9930500000000001
2325.2780000000002	0.9930500000000001
2326.2780000000002	0.9930500000000001
2327.2780000000002	0.9930500000000001
2328.2780000000002	0.9930500000000001
2329.2780000000002	0.9930500000000001
2330.2780000000002	0.9930500000000001
2331.2780000000002	0.9930500000000001
2332.2780000000002	0.9930500000000001
2333.2780000000002	0.9930500000000001
2334.2780000000002	0.9930500000000001
2335.2780000000002	0.9930500000000001
2336.2780000000002	0.9930500000000001
2337.2780000000002	0.9930500000000001
2338.2780000000002	0.9930500000000001
2339.2780000000002	0.9930500000000001
2340.2780000000002	0.9930500000000001
2341.2780000000002	0.9930500000000001
2342.2780000000002	0.9930500000000001
2343.2780000000002	0.9930500000000001
2344.2780000000002	0.9930500000000001
2345.2780000000002	0.9930500000000001
2346.2780000000002	0.9930500000000001
2347.2780000000002	0.9930500000000001
2348.2780000000002	0.9930500000000001
2349.2780000000002	0.9930500000000001
2350.2780000000002	0.9930500000000001
2351.2780000000002	0.9930500000000001
2352.2780000000002	0.9930500000000001
2353.2780000000002	0.9930500000000001
2354.2780000000002	0.9930500000000001
2355.2780000000002	0.9930500000000001
2356.2780000000002	0.9930500000000001
2357.2780000000002	0.9930500000000001
2358.2780000000002	0.9930500000000001
2359.2780000000002	0.9930500000000001
2360.2780000000002	0.9930500000000001
2361.2780000000002	0.9930500000000001
2362.2780000000002	0.9930500000000001
2363.2780000000002	0.9930500000000001
2364.2780000000002	0.9930500000000001
2365.2780000000002	0.9930500000000001
2366.2780000000002	0.9930500000000001
2367.2780000000002	0.9930500000000001
2368.2780000000002	0.9930500000000001
2369.2780000000002	0.9930500000000001
2370.2780000000002	0.9930500000000001
2371.2780000000002	0.9930500000000001
2372.2780000000002	0.9930500000000001
2373.2780000000002	0.9930500000000001
2374.2780000000002	0.9930500000000001
2375.2780000000002	0.9930500000000001
2376.2780000000002	0.9930500000000001
2377.2780000000002	0.9930500000000001
2378.2780000000002	0.9930500000000001
2379.2780000000002	0.9930500000000001
2380.2780000000002	0.9930500000000001
2381.2780000000002	0.9930500000000001
2382.2780000000002	0.9930500000000001
2383.2780000000002	0.9930500000000001
2384.2780000000002	0.9930500000000001
2385.2780000000002	0.9930500000000001
2386.2780000000002	0.9930500000000001
2387.2780000000002	0.9930500000000001
2388.2780000000002	0.9930500000000001
2389.2780000000002	0.9930500000000001
2390.2780000000002	0.9930500000000001
2391.2780000000002	0.9930500000000001
2392.2780000000002	0.9930500000000001
2393.2780000000002	0.9930500000000001
2394.2780000000002	0.9930500000000001
2395.2780000000002	0.9930500000000001
2396.2780000000002	0.9930500000000001
2397.2780000000002	0.9930500000000001
2398.2780000000002	0.9930500000000001
2399.2780000000002	0.9930500000000001
2400.2780000000002	0.9930500000000001
2401.2780000000002	0.9930500000000001
2402.2780000000002	0.9930500000000001
2403.2780000000002	0.9930500000000001
2404.2780000000002	0.9930500000000001
2405.2780000000002	0.9930500000000001
2406.2780000000002	0.9930500000000001
2407.2780000000002	0.9930500000000001
2408.2780000000002	0.9930500000000001
2409.2780000000002	0.9930500000000001
2410.2780000000002	0.9930500000000001
2411.2780000000002	0.9930500000000001
2412.2780000000002	0.9930500000000001
2413.2780000000002	0.9930500000000001
2414.2780000000002	0.9930500000000001
2415.2780000000002	0.9930500000000001
2416.2780000000002	0.9930500000000001
2417.2780000000002	0.9930500000000001
2418.2780000000002	0.9930500000000001
2419.2780000000002	0.9930500000000001
2420.2780000000002	0.9930500000000001
2421.2780000000002	0.9930500000000001
2422.2780000000002	0.9930500000000001
2423.2780000000002	0.9930500000000001
2424.2780000000002	0.9930500000000001
2425.2780000000002	0.9930500000000001
2426.2780000000002	0.9930500000000001
2427.2780000000002	0.9930500000000001
2428.2780000000002	0.9930500000000001
2429.2780000000002	0.9930500000000001
2430.2780000000002	0.9930500000000001
2431.2780000000002	0.9930500000000001
2432.2780000000002	0.9930500000000001
2433.2780000000002	0.9930500000000001
2434.2780000000002	0.9930500000000001
2435.2780000000002	0.9930500000000001
2436.2780000000002	0.9930500000000001
2437.2780000000002	0.9930500000000001
2438.2780000000002	0.9930500000000001
2439.2780000000002	0.9930500000000001
2440.2780000000002	0.9930500000000001
2441.2780000000002	0.9930500000000001
2442.2780000000002	0.9930500000000001
2443.2780000000002	0.9930500000000001
2444.2780000000002	0.9930500000000001
2445.2780000000002	0.9930500000000001
2446.2780000000002	0.9930500000000001
2447.2780000000002	0.9930500000000001
2448.2780000000002	0.9930500000000001
2449.2780000000002	0.9930500000000001
2450.2780000000002	0.9930500000000001
2451.2780000000002	0.9930500000000001
2452.2780000000002	0.9930500000000001
2453.2780000000002	0.9930500000000001
2454.2780000000002	0.9930500000000001
2455.2780000000002	0.9930500000000001
2456.2780000000002	0.9930500000000001
2457.2780000000002	0.9930500000000001
2458.2780000000002	0.9930500000000001
2459.2780000000002	0.9930500000000001
2460.2780000000002	0.9930500000000001
2461.2780000000002	0.9930500000000001
2462.2780000000002	0.9930500000000001
2463.2780000000002	0.9930500000000001
2464.2780000000002	0.9930500000000001
2465.2780000000002	0.9930500000000001
2466.2780000000002	0.9930500000000001
2467.2780000000002	0.9930500000000001
2468.2780000000002	0.9930500000000001
2469.2780000000002	0.9930500000000001
2470.2780000000002	0.9930500000000001
2471.2780000000002	0.9930500000000001
2472.2780000000002	0.9930500000000001
2473.2780000000002	0.9930500000000001
2474.2780000000002	0.9930500000000001
2475.2780000000002	0.9930500000000001
2476.2780000000002	0.9930500000000001
2477.2780000000002	0.9930500000000001
2478.2780000000002	0.9930500000000001
2479.2780000000002	0.9930500000000001
2480.2780000000002	0.9930500000000001
2481.2780000000002	0.9930500000000001
2482.2780000000002	0.9930500000000001
2483.2780000000002	0.9930500000000001
2484.2780000000002	0.9930500000000001
2485.2780000000002	0.9930500000000001
2486.2780000000002	0.9930500000000001
2487.2780000000002	0.9930500000000001
2488.2780000000002	0.9930500000000001
2489.2780000000002	0.9930500000000001
2490.2780000000002	0.9930500000000001
2491.2780000000002	0.9930500000000001
2492.2780000000002	0.9930500000000001
2493.2780000000002	0.9930500000000001
2494.2780000000002	0.9930500000000001
2495.2780000000002	0.9930500000000001
2496.2780000000002	0.9930500000000001
2497.2780000000002	0.9930500000000001
2498.2780000000002	0.9930500000000001
2499.2780000000002	0.9930500000000001
2500.2780000000002	0.9930500000000001
2501.2780000000002	0.9930500000000001
2502.2780000000002	0.9930500000000001
2503.2780000000002	0.9930500000000001
2504.2780000000002	0.9930500000000001
2505.2780000000002	0.9930500000000001
2506.2780000000002	0.9930500000000001
2507.2780000000002	0.9930500000000001
2508.2780000000002	0.9930500000000001
2509.2780000000002	0.9930500000000001
2510.2780000000002	0.9930500000000001
2511.2780000000002	0.9930500000000001
2512.2780000000002	0.9930500000000001
2513.2780000000002	0.9930500000000001
2514.2780000000002	0.9930500000000001
2515.2780000000002	0.9930500000000001
2516.2780000000002	0.9930500000000001
2517.2780000000002	0.9930500000000001
2518.2780000000002	0.9930500000000001
2519.2780000000002	0.9930500000000001
2520.2780000000002	0.9930500000000001
2521.2780000000002	0.9930500000000001
2522.2780000000002	0.9930500000000001
2523.2780000000002	0.9930500000000001
2524.2780000000002	0.9930500000000001
2525.2780000000002	0.9930500000000001
2526.2780000000002	0.9930500000000001
2527.2780000000002	0.9930500000000001
2528.2780000000002	0.9930500000000001
2529.2780000000002	0.9930500000000001
2530.2780000000002	0.9930500000000001
2531.2780000000002	0.9930500000000001
2532.2780000000002	0.9930500000000001
2533.2780000000002	0.9930500000000001
2534.2780000000002	0.9930500000000001
2535.2780000000002	0.9930500000000001
2536.2780000000002	0.9930500000000001
2537.2780000000002	0.9930500000000001
2538.2780000000002	0.9930500000000001
2539.2780000000002	0.9930500000000001
2540.2780000000002	0.9930500000000001
2541.2780000000002	0.9930500000000001
2542.2780000000002	0.9930500000000001
2543.2780000000002	0.9930500000000001
2544.2780000000002	0.9930500000000001
2545.2780000000002	0.9930500000000001
2546.2780000000002	0.9930500000000001
2547.2780000000002	0.9930500000000001
2548.2780000000002	0.9930500000000001
2549.2780000000002	0.9930500000000001
2550.2780000000002	0.9930500000000001
2551.2780000000002	0.9930500000000001
2552.2780000000002	0.9930500000000001
2553.2780000000002	0.9930500000000001
2554.2780000000002	0.9930500000000001
2555.2780000000002	0.9930500000000001
2556.2780000000002	0.9930500000000001
2557.2780000000002	0.9930500000000001
2558.2780000000002	0.9930500000000001
2559.2780000000002	0.9930500000000001
2560.2780000000002	0.9930500000000001
2561.2780000000002	0.9930500000000001
2562.2780000000002	0.9930500000000001
2563.2780000000002	0.9930500000000001
2564.2780000000002	0.9930500000000001
2565.2780000000002	0.9930500000000001
2566.2780000000002	0.9930500000000001
2567.2780000000002	0.9930500000000001
2568.2780000000002	0.9930500000000001
2569.2780000000002	0.9930500000000001
2570.2780000000002	0.9930500000000001
2571.2780000000002	0.9930500000000001
2572.2780000000002	0.9930500000000001
2573.2780000000002	0.9930500000000001
2574.2780000000002	0.9930500000000001
2575.2780000000002	0.9930500000000001
2576.2780000000002	0.9930500000000001
2577.2780000000002	0.9930500000000001
2578.2780000000002	0.9930500000000001
2579.2780000000002	0.9930500000000001
2580.2780000000002	0.9930500000000001
2581.2780000000002	0.9930500000000001
2582.2780000000002	0.9930500000000001
2583.2780000000002	0.9930500000000001
2584.2780000000002	0.9930500000000001
2585.2780000000002	0.9930500000000001
2586.2780000000002	0.9930500000000001
2587.2780000000002	0.9930500000000001
2588.2780000000002	0.9930500000000001
2589.2780000000002	0.9930500000000001
2590.2780000000002	0.9930500000000001
2591.2780000000002	0.9930500000000001
2592.2780000000002	0.9930500000000001
2593.2780000000002	0.9930500000000001
2594.2780000000002	0.9930500000000001
2595.2780000000002	0.9930500000000001
2596.2780000000002	0.9930500000000001
2597.2780000000002	0.9930500000000001
2598.2780000000002	0.9930500000000001
2599.2780000000002	0.9930500000000001
2600.2780000000002	0.9930500000000001
2601.2780000000002	0.9930500000000001
2602.2780000000002	0.9930500000000001
2603.2780000000002	0.9930500000000001
2604.2780000000002	0.9930500000000001
2605.2780000000002	0.9930500000000001
2606.2780000000002	0.9930500000000001
2607.2780000000002	0.9930500000000001
2608.2780000000002	0.9930500000000001
2609.2780000000002	0.9930500000000001
2610.2780000000002	0.9930500000000001
2611.2780000000002	0.9930500000000001
2612.2780000000002	0.9930500000000001
2613.2780000000002	0.9930500000000001
2614.2780000000002	0.9930500000000001
2615.2780000000002	0.9930500000000001
2616.2780000000002	0.9930500000000001
2617.2780000000002	0.9930500000000001
2618.2780000000002	0.9930500000000001
2619.2780000000002	0.9930500000000001
2620.2780000000002	0.9930500000000001
2621.2780000000002	0.9930500000000001
2622.2780000000002	0.9930500000000001
2623.2780000000002	0.9930500000000001
2624.2780000000002	0.9930500000000001
2625.2780000000002	0.9930500000000001
2626.2780000000002	0.9930500000000001
2627.2780000000002	0.9930500000000001
2628.2780000000002	0.9930500000000001
2629.2780000000002	0.9930500000000001
2630.2780000000002	0.9930500000000001
2631.2780000000002	0.9930500000000001
2632.2780000000002	0.9930500000000001
2633.2780000000002	0.9930500000000001
2634.2780000000002	0.9930500000000001
2635.2780000000002	0.9930500000000001
2636.2780000000002	0.9930500000000001
2637.2780000000002	0.9930500000000001
2638.2780000000002	0.9930500000000001
2639.2780000000002	0.9930500000000001
2640.2780000000002	0.9930500000000001
2641.2780000000002	0.9930500000000001
2642.2780000000002	0.9930500000000001
2643.2780000000002	0.9930500000000001
2644.2780000000002	0.9930500000000001
2645.2780000000002	0.9930500000000001
2646.2780000000002	0.9930500000000001
2647.2780000000002	0.9930500000000001
2648.2780000000002	0.9930500000000001
2649.2780000000002	0.9930500000000001
2650.2780000000002	0.9930500000000001
2651.2780000000002	0.9930500000000001
2652.2780000000002	0.9930500000000001
2653.2780000000002	0.9930500000000001
2654.2780000000002	0.9930500000000001
2655.2780000000002	0.9930500000000001
2656.2780000000002	0.9930500000000001
2657.2780000000002	0.9930500000000001
2658.2780000000002	0.9930500000000001
2659.2780000000002	0.9930500000000001
2660.2780000000002	0.9930500000000001
2661.2780000000002	0.9930500000000001
2662.2780000000002	0.9930500000000001
2663.2780000000002	0.9930500000000001
2664.2780000000002	0.9930500000000001
2665.2780000000002	0.9930500000000001
2666.2780000000002	0.9930500000000001
2667.2780000000002	0.9930500000000001
2668.2780000000002	0.9930500000000001
2669.2780000000002	0.9930500000000001
2670.2780000000002	0.9930500000000001
2671.2780000000002	0.9930500000000001
2672.2780000000002	0.9930500000000001
2673.2780000000002	0.9930500000000001
2674.2780000000002	0.9930500000000001
2675.2780000000002	0.9930500000000001
2676.2780000000002	0.9930500000000001
2677.2780000000002	0.9930500000000001
2678.2780000000002	0.9930500000000001
2679.2780000000002	0.9930500000000001
2680.2780000000002	0.9930500000000001
2681.2780000000002	0.9930500000000001
2682.2780000000002	0.9930500000000001
2683.2780000000002	0.9930500000000001
2684.2780000000002	0.9930500000000001
2685.2780000000002	0.9930500000000001
2686.2780000000002	0.9930500000000001
2687.2780000000002	0.9930500000000001
2688.2780000000002	0.9930500000000001
2689.2780000000002	0.9930500000000001
2690.2780000000002	0.9930500000000001
2691.2780000000002	0.9930500000000001
2692.2780000000002	0.9930500000000001
2693.2780000000002	0.9930500000000001
2694.2780000000002	0.9930500000000001
2695.2780000000002	0.9930500000000001
2696.2780000000002	0.9930500000000001
2697.2780000000002	0.9930500000000001
2698.2780000000002	0.9930500000000001
2699.2780000000002	0.9930500000000001
2700.2780000000002	0.9930500000000001
2701.2780000000002	0.9930500000000001
2702.2780000000002	0.9930500000000001
2703.2780000000002	0.9930500000000001
2704.2780000000002	0.9930500000000001
2705.2780000000002	0.9930500000000001
2706.2780000000002	0.9930500000000001
2707.2780000000002	0.9930500000000001
2708.2780000000002	0.9930500000000001
2709.2780000000002	0.9930500000000001
2710.2780000000002	0.9930500000000001
2711.2780000000002	0.9930500000000001
2712.2780000000002	0.9930500000000001
2713.2780000000002	0.9930500000000001
2714.2780000000002	0.9930500000000001
2715.2780000000002	0.9930500000000001
2716.2780000000002	0.9930500000000001
2717.2780000000002	0.9930500000000001
2718.2780000000002	0.9930500000000001
2719.2780000000002	0.9930500000000001
2720.2780000000002	0.9930500000000001
2721.2780000000002	0.9930500000000001
2722.2780000000002	0.9930500000000001
2723.2780000000002	0.9930500000000001
2724.2780000000002	0.9930500000000001
2725.2780000000002	0.9930500000000001
2726.2780000000002	0.9930500000000001
2727.2780000000002	0.9930500000000001
2728.2780000000002	0.9930500000000001
2729.2780000000002	0.9930500000000001
2730.2780000000002	0.9930500000000001
2731.2780000000002	0.9930500000000001
2732.2780000000002	0.9930500000000001
2733.2780000000002	0.9930500000000001
2734.2780000000002	0.9930500000000001
2735.2780000000002	0.9930500000000001
2736.2780000000002	0.9930500000000001
2737.2780000000002	0.9930500000000001
2738.2780000000002	0.9930500000000001
2739.2780000000002	0.9930500000000001
2740.2780000000002	0.9930500000000001
2741.2780000000002	0.9930500000000001
2742.2780000000002	0.9930500000000001
2743.2780000000002	0.9930500000000001
2744.2780000000002	0.9930500000000001
2745.2780000000002	0.9930500000000001
2746.2780000000002	0.9930500000000001
2747.2780000000002	0.9930500000000001
2748.2780000000002	0.9930500000000001
2749.2780000000002	0.9930500000000001
2750.2780000000002	0.9930500000000001
2751.2780000000002	0.9930500000000001
2752.2780000000002	0.9930500000000001
2753.2780000000002	0.9930500000000001
2754.2780000000002	0.9930500000000001
2755.2780000000002	0.9930500000000001
2756.2780000000002	0.9930500000000001
2757.2780000000002	0.9930500000000001
2758.2780000000002	0.9930500000000001
2759.2780000000002	0.9930500000000001
2760.2780000000002	0.9930500000000001
2761.2780000000002	0.9930500000000001
2762.2780000000002	0.9930500000000001
2763.2780000000002	0.9930500000000001
2764.2780000000002	0.9930500000000001
2765.2780000000002	0.9930500000000001
2766.2780000000002	0.9930500000000001
2767.2780000000002	0.9930500000000001
2768.2780000000002	0.9930500000000001
2769.2780000000002	0.9930500000000001
2770.2780000000002	0.9930500000000001
2771.2780000000002	0.9930500000000001
2772.2780000000002	0.9930500000000001
2773.2780000000002	0.9930500000000001
2774.2780000000002	0.9930500000000001
2775.2780000000002	0.9930500000000001
2776.2780000000002	0.9930500000000001
2777.2780000000002	0.9930500000000001
2778.2780000000002	0.9930500000000001
2779.2780000000002	0.9930500000000001
2780.2780000000002	0.9930500000000001
2781.2780000000002	0.9930500000000001
2782.2780000000002	0.9930500000000001
2783.2780000000002	0.9930500000000001
2784.2780000000002	0.9930500000000001
2785.2780000000002	0.9930500000000001
2786.2780000000002	0.9930500000000001
2787.2780000000002	0.9930500000000001
2788.2780000000002	0.9930500000000001
2789.2780000000002	0.9930500000000001
2790.2780000000002	0.9930500000000001
2791.2780000000002	0.9930500000000001
2792.2780000000002	0.9930500000000001
2793.2780000000002	0.9930500000000001
2794.2780000000002	0.9930500000000001
2795.2780000000002	0.9930500000000001
2796.2780000000002	0.9930500000000001
2797.2780000000002	0.9930500000000001
2798.2780000000002	0.9930500000000001
2799.2780000000002	0.9930500000000001
2800.2780000000002	0.9930500000000001
2801.2780000000002	0.9930500000000001
2802.2780000000002	0.9930500000000001
2803.2780000000002	0.9930500000000001
2804.2780000000002	0.9930500000000001
2805.2780000000002	0.9930500000000001
2806.2780000000002	0.9930500000000001
2807.2780000000002	0.9930500000000001
2808.2780000000002	0.9930500000000001
2809.2780000000002	0.9930500000000001
2810.2780000000002	0.9930500000000001
2811.2780000000002	0.9930500000000001
2812.2780000000002	0.9930500000000001
2813.2780000000002	0.9930500000000001
2814.2780000000002	0.9930500000000001
2815.2780000000002	0.9930500000000001
2816.2780000000002	0.9930500000000001
2817.2780000000002	0.9930500000000001
2818.2780000000002	0.9930500000000001
2819.2780000000002	0.9930500000000001
2820.2780000000002	0.9930500000000001
2821.2780000000002	0.9930500000000001
2822.2780000000002	0.9930500000000001
2823.2780000000002	0.9930500000000001
2824.2780000000002	0.9930500000000001
2825.2780000000002	0.9930500000000001
2826.2780000000002	0.9930500000000001
2827.2780000000002	0.9930500000000001
2828.2780000000002	0.9930500000000001
2829.2780000000002	0.9930500000000001
2830.2780000000002	0.9930500000000001
2831.2780000000002	0.9930500000000001
2832.2780000000002	0.9930500000000001
2833.2780000000002	0.9930500000000001
2834.2780000000002	0.9930500000000001
2835.2780000000002	0.9930500000000001
2836.2780000000002	0.9930500000000001
2837.2780000000002	0.9930500000000001
2838.2780000000002	0.9930500000000001
2839.2780000000002	0.9930500000000001
2840.2780000000002	0.9930500000000001
2841.2780000000002	0.9930500000000001
2842.2780000000002	0.9930500000000001
2843.2780000000002	0.9930500000000001
2844.2780000000002	0.9930500000000001
2845.2780000000002	0.9930500000000001
2846.2780000000002	0.9930500000000001
2847.2780000000002	0.9930500000000001
2848.2780000000002	0.9930500000000001
2849.2780000000002	0.9930500000000001
2850.2780000000002	0.9930500000000001
2851.2780000000002	0.9930500000000001
2852.2780000000002	0.9930500000000001
2853.2780000000002	0.9930500000000001
2854.2780000000002	0.9930500000000001
2855.2780000000002	0.9930500000000001
2856.2780000000002	0.9930500000000001
2857.2780000000002	0.9930500000000001
2858.2780000000002	0.9930500000000001
2859.2780000000002	0.9930500000000001
2860.2780000000002	0.9930500000000001
2861.2780000000002	0.9930500000000001
2862.2780000000002	0.9930500000000001
2863.2780000000002	0.9930500000000001
2864.2780000000002	0.9930500000000001
2865.2780000000002	0.9930500000000001
2866.2780000000002	0.9930500000000001
2867.2780000000002	0.9930500000000001
2868.2780000000002	0.9930500000000001
2869.2780000000002	0.9930500000000001
2870.2780000000002	0.9930500000000001
2871.2780000000002	0.9930500000000001
2872.2780000000002	0.9930500000000001
2873.2780000000002	0.9930500000000001
2874.2780000000002	0.9930500000000001
2875.2780000000002	0.9930500000000001
2876.2780000000002	0.9930500000000001
2877.2780000000002	0.9930500000000001
2878.2780000000002	0.9930500000000001
2879.2780000000002	0.9930500000000001
2880.2780000000002	0.9930500000000001
2881.2780000000002	0.9930500000000001
2882.2780000000002	0.9930500000000001
2883.2780000000002	0.9930500000000001
2884.2780000000002	0.9930500000000001
2885.2780000000002	0.9930500000000001
2886.2780000000002	0.9930500000000001
2887.2780000000002	0.9930500000000001
2888.2780000000002	0.9930500000000001
2889.2780000000002	0.9930500000000001
2890.2780000000002	0.9930500000000001
2891.2780000000002	0.9930500000000001
2892.2780000000002	0.9930500000000001
2893.2780000000002	0.9930500000000001
2894.2780000000002	0.9930500000000001
2895.2780000000002	0.9930500000000001
2896.2780000000002	0.9930500000000001
2897.2780000000002	0.9930500000000001
2898.2780000000002	0.9930500000000001
2899.2780000000002	0.9930500000000001
2900.2780000000002	0.9930500000000001
2901.2780000000002	0.9930500000000001
2902.2780000000002	0.9930500000000001
2903.2780000000002	0.9930500000000001
2904.2780000000002	0.9930500000000001
2905.2780000000002	0.9930500000000001
2906.2780000000002	0.9930500000000001
2907.2780000000002	0.9930500000000001
2908.2780000000002	0.9930500000000001
2909.2780000000002	0.9930500000000001
2910.2780000000002	0.9930500000000001
2911.2780000000002	0.9930500000000001
2912.2780000000002	0.9930500000000001
2913.2780000000002	0.9930500000000001
2914.2780000000002	0.9930500000000001
2915.2780000000002	0.9930500000000001
2916.2780000000002	0.9930500000000001
2917.2780000000002	0.9930500000000001
2918.2780000000002	0.9930500000000001
2919.2780000000002	0.9930500000000001
2920.2780000000002	0.9930500000000001
2921.2780000000002	0.9930500000000001
2922.2780000000002	0.9930500000000001
2923.2780000000002	0.9930500000000001
2924.2780000000002	0.9930500000000001
2925.2780000000002	0.9930500000000001
2926.2780000000002	0.9930500000000001
2927.2780000000002	0.9930500000000001
2928.2780000000002	0.9930500000000001
2929.2780000000002	0.9930500000000001
2930.2780000000002	0.9930500000000001
2931.2780000000002	0.9930500000000001
2932.2780000000002	0.9930500000000001
2933.2780000000002	0.9930500000000001
2934.2780000000002	0.9930500000000001
2935.2780000000002	0.9930500000000001
2936.2780000000002	0.9930500000000001
2937.2780000000002	0.9930500000000001
2938.2780000000002	0.9930500000000001
2939.2780000000002	0.9930500000000001
2940.2780000000002	0.9930500000000001
2941.2780000000002	0.9930500000000001
2942.2780000000002	0.9930500000000001
2943.2780000000002	0.9930500000000001
2944.2780000000002	0.9930500000000001
2945.2780000000002	0.9930500000000001
2946.2780000000002	0.9930500000000001
2947.2780000000002	0.9930500000000001
2948.2780000000002	0.9930500000000001
2949.2780000000002	0.9930500000000001
2950.2780000000002	0.9930500000000001
2951.2780000000002	0.9930500000000001
2952.2780000000002	0.9930500000000001
2953.2780000000002	0.9930500000000001
2954.2780000000002	0.9930500000000001
2955.2780000000002	0.9930500000000001
2956.2780000000002	0.9930500000000001
2957.2780000000002	0.9930500000000001
2958.2780000000002	0.9930500000000001
2959.2780000000002	0.9930500000000001
2960.2780000000002	0.9930500000000001
2961.2780000000002	0.9930500000000001
2962.2780000000002	0.9930500000000001
2963.2780000000002	0.9930500000000001
2964.2780000000002	0.9930500000000001
2965.2780000000002	0.9930500000000001
2966.2780000000002	0.9930500000000001
2967.2780000000002	0.9930500000000001
2968.2780000000002	0.9930500000000001
2969.2780000000002	0.9930500000000001
2970.2780000000002	0.9930500000000001
2971.2780000000002	0.9930500000000001
2972.2780000000002	0.9930500000000001
2973.2780000000002	0.9930500000000001
2974.2780000000002	0.9930500000000001
2975.2780000000002	0.9930500000000001
2976.2780000000002	0.9930500000000001
2977.2780000000002	0.9930500000000001
2978.2780000000002	0.9930500000000001
2979.2780000000002	0.9930500000000001
2980.2780000000002	0.9930500000000001
2981.2780000000002	0.9930500000000001
2982.2780000000002	0.9930500000000001
2983.2780000000002	0.9930500000000001
2984.2780000000002	0.9930500000000001
2985.2780000000002	0.9930500000000001
2986.2780000000002	0.9930500000000001
2987.2780000000002	0.9930500000000001
2988.2780000000002	0.9930500000000001
2989.2780000000002	0.9930500000000001
2990.2780000000002	0.9930500000000001
2991.2780000000002	0.9930500000000001
2992.2780000000002	0.9930500000000001
