0.49	0.552647325360417
1.442	0.5594897354557704
2.4090000000000003	0.5492162531489836
3.375	0.5336868566239431
4.341	0.5564837747933322
5.317	0.5382590482191913
6.284	0.531269678917212
7.266	0.530722385433377
8.232	0.5368559141892798
9.211	0.5165464116926273
10.186	0.5130363055018441
11.159	0.49190414758325945
12.132	0.490718018720483
13.096	0.48061654140237325
14.058	0.47677379621385807
14.999	0.46774133594673356
15.959	0.46957759898134205
16.901	0.47279248131320534
17.859	0.46910686044549466
18.823	0.45911437985375964
19.777	0.45379680103129344
20.726	0.44649998786419426
21.675	0.44458647794033423
22.624	0.4418818731375578
23.578	0.4390986601730299
24.539	0.4293380060394467
25.492	0.42182268729516764
26.45	0.4135987337894315
27.41	0.4046511092806636
28.369	0.3980823020475311
29.329	0.38626179342033173
30.279	0.3767066931013953
31.233	0.37840276667953643
32.179	0.3743872842303926
33.134	0.36215802919613194
34.089	0.3626529043091853
35.044000000000004	0.3535252284688235
36.0	0.32195776486536726
36.961	0.3136809320126984
37.921	0.28980533332703623
38.881	0.2838825598383545
39.849000000000004	0.28272770704220224
40.808	0.26724214091453985
41.781	0.24828394682285548
42.746	0.24686269887110687
43.716	0.2355545650873935
44.683	0.22504494845063083
45.658	0.22345175374134907
46.63	0.235364227418362
47.609	0.3373869278639561
48.58	0.33812963437717813
49.561	0.5848771619023996
50.532000000000004	0.5696391769876786
51.511	0.7243865494370731
52.487	0.750831511767808
53.458	0.4012428960422978
54.443	0.6949638777713314
55.426	0.7839015358053258
56.413000000000004	0.8908150804438105
57.394	0.8828766687301983
58.375	0.902987190067048
59.346000000000004	0.6847033474348533
60.333	0.8410010102506331
61.316	0.8466633031880882
62.307	0.9310072923485732
63.288000000000004	0.9244511533816562
64.259	0.8853379502938034
65.23	0.5367177469822835
66.211	0.48153461420741905
67.193	0.5342016559913917
68.174	0.5209556796507427
69.155	0.3870500438564722
70.136	0.6098839213820019
71.115	0.3876418688442145
72.096	0.5126642124228034
73.077	0.62044883439052
74.068	0.9130139377610472
75.049	0.9125322874561276
76.03	0.9315018889765642
77.011	0.9200251080008149
77.982	0.5318857430211607
78.96300000000001	0.7287747293257738
79.943	0.7363647927911657
80.924	0.7440742269707653
81.908	0.8534405065032773
82.889	0.8502136978855087
83.865	0.4260847434657756
84.846	0.7167027268420113
85.837	0.9293169535860873
86.808	0.7991274762696096
87.799	0.9176417418044385
88.78	0.9359704966884531
89.751	0.8440417811400569
90.732	0.7866767716508966
91.706	0.2773721491472496
92.696	0.8396628563993386
93.677	0.8142395555751629
94.658	0.8411446946235899
95.635	0.6310532549073151
96.616	0.6678996709486341
97.593	0.18542318845380806
98.593	0.9309476138994129
99.56400000000001	0.8350458626160767
100.54	0.741455795583414
101.515	0.21151085410352902
102.506	0.9044113827396666
103.477	0.5979995539644102
104.455	0.43911179180843146
105.436	0.45844301531493237
106.418	0.589853086862807
107.398	0.5223763755810452
108.379	0.46104116801214434
109.36	0.4883690796267791
110.342	0.7266315893479269
111.324	0.5794532181782757
112.305	0.6168047394606244
113.285	0.5324088605448223
114.265	0.473351843973554
115.24600000000001	0.6141058225188393
116.24600000000001	0.9395596842272552
117.217	0.9190889087129348
118.208	0.9409336197380866
119.17	0.8934448261833404
120.148	0.810566701409149
121.13	0.666454737324512
122.113	0.48314958713769784
123.09400000000001	0.3344776385855555
124.09400000000001	0.9382778951783132
125.08500000000001	0.9554876412760633
126.056	0.94397253218416
127.036	0.6295405066154186
128.017	0.40524294535637995
129.002	0.4359116359069653
129.983	0.41794744053537625
130.97	0.5045071344739446
131.949	0.28553535440706884
132.93200000000002	0.4776603539282455
133.913	0.481802933425211
134.904	0.9250505240800857
135.87800000000001	0.44271340753827776
136.864	0.18431950923607654
137.85	0.24104049820823878
138.838	0.4424121810645698
139.829	0.7538422189739604
140.818	0.6352332767001194
141.809	0.48099059638918695
142.8	0.35260983266849544
143.791	0.4124087847018592
144.782	0.48874840744488335
145.773	0.5349874467702904
146.764	0.5485868891121977
147.755	0.5490723459886422
148.746	0.5529803638745521
149.737	0.5536002320037289
150.728	0.5542108431265408
151.719	0.5548567036629195
152.71	0.5653815993530336
153.701	0.5659450539831143
154.692	0.5664974151571303
155.683	0.5670497763311463
156.674	0.46188416863631404
157.665	0.19802778693554066
158.656	0.09035787332842865
159.648	0.056859999193456655
160.64000000000001	0.05578311991893439
161.633	0.08710417841071671
162.626	0.11376149705545546
163.619	0.11450852652701186
164.613	0.12196338634453961
165.607	0.16049574673060024
166.601	0.16205489910048987
167.595	0.1207431625911251
168.589	0.13156964098487997
169.583	0.16085722448926187
170.578	0.19993887291287907
171.573	0.2319655478349092
172.568	0.32696891620070756
173.562	0.16597838470416923
174.55700000000002	0.22757379292087762
175.553	0.5880583876669422
176.549	0.2886436313762741
177.544	0.2235909335617368
178.542	0.3842938945643817
179.536	0.18270739447785198
180.53300000000002	0.21841824020175002
181.528	0.08039474224423027
182.525	0.19176782425417602
183.524	0.35193323552266575
184.519	0.2739666199159156
185.517	0.3589110251888974
186.51500000000001	0.3647599073891657
187.512	0.3883986409720647
188.51	0.24837082693195578
189.50900000000001	0.3201114390531661
190.50900000000001	0.8842561022576774
191.506	0.35299291613943184
192.506	0.9638570139550287
193.506	0.99321028786284
194.504	0.8637629071789176
195.504	0.9967186286884667
196.504	1.0
197.504	1.0
198.504	1.0
199.504	1.0
200.504	1.0
201.504	1.0
202.504	1.0
203.504	1.0
204.504	1.0
205.504	1.0
206.504	1.0
207.504	1.0
208.504	1.0
209.504	1.0
210.504	1.0
211.504	1.0
212.504	1.0
213.504	1.0
214.504	1.0
215.504	1.0
216.504	1.0
217.504	1.0
218.504	1.0
219.504	1.0
220.504	1.0
221.504	1.0
222.504	1.0
223.504	1.0
224.504	1.0
225.504	1.0
226.504	1.0
227.504	1.0
228.504	1.0
229.504	1.0
230.504	1.0
231.504	1.0
232.504	1.0
233.504	1.0
234.504	1.0
235.50400000000002	1.0
236.50400000000002	1.0
237.50400000000002	1.0
238.50400000000002	1.0
239.50400000000002	1.0
240.50400000000002	1.0
241.50400000000002	1.0
242.50400000000002	1.0
243.50400000000002	1.0
244.50400000000002	1.0
245.50400000000002	1.0
246.50400000000002	1.0
247.50400000000002	1.0
248.50400000000002	1.0
249.50400000000002	1.0
250.50400000000002	1.0
251.50400000000002	1.0
252.50400000000002	1.0
253.50400000000002	1.0
254.50400000000002	1.0
255.50400000000002	1.0
256.504	1.0
257.504	1.0
258.504	1.0
259.504	1.0
260.504	1.0
261.504	1.0
262.504	1.0
263.504	1.0
264.504	1.0
265.504	1.0
266.504	1.0
267.504	1.0
268.504	1.0
269.504	1.0
270.504	1.0
271.504	1.0
272.504	1.0
273.504	1.0
274.504	1.0
275.504	1.0
276.504	1.0
277.504	1.0
278.504	1.0
279.504	1.0
280.504	1.0
281.504	1.0
282.504	1.0
283.504	1.0
284.504	1.0
285.504	1.0
286.504	1.0
287.504	1.0
288.504	1.0
289.504	1.0
290.504	1.0
291.504	1.0
292.504	1.0
293.504	1.0
294.504	1.0
295.504	1.0
296.504	1.0
297.504	1.0
298.504	1.0
299.504	1.0
300.504	1.0
301.504	1.0
302.504	1.0
303.504	1.0
304.504	1.0
305.504	1.0
306.504	1.0
307.504	1.0
308.504	1.0
309.504	1.0
310.504	1.0
311.504	1.0
312.504	1.0
313.504	1.0
314.504	1.0
315.504	1.0
316.504	1.0
317.504	1.0
318.504	1.0
319.504	1.0
320.504	1.0
321.504	1.0
322.504	1.0
323.504	1.0
324.504	1.0
325.504	1.0
326.504	1.0
327.504	1.0
328.504	1.0
329.504	1.0
330.504	1.0
331.504	1.0
332.504	1.0
333.504	1.0
334.504	1.0
335.504	1.0
336.504	1.0
337.504	1.0
338.504	1.0
339.504	1.0
340.504	1.0
341.504	1.0
342.504	1.0
343.504	1.0
344.504	1.0
345.504	1.0
346.504	1.0
347.504	1.0
348.504	1.0
349.504	1.0
350.504	1.0
351.504	1.0
352.504	1.0
353.504	1.0
354.504	1.0
355.504	1.0
356.504	1.0
357.504	1.0
358.504	1.0
359.504	1.0
360.504	1.0
361.504	1.0
362.504	1.0
363.504	1.0
364.504	1.0
365.504	1.0
366.504	1.0
367.504	1.0
368.504	1.0
369.504	1.0
370.504	1.0
371.504	1.0
372.504	1.0
373.504	1.0
374.504	1.0
375.504	1.0
376.504	1.0
377.504	1.0
378.504	1.0
379.504	1.0
380.504	1.0
381.504	1.0
382.504	1.0
383.504	1.0
384.504	1.0
385.504	1.0
386.504	1.0
387.504	1.0
388.504	1.0
389.504	1.0
390.504	1.0
391.504	1.0
392.504	1.0
393.504	1.0
394.504	1.0
395.504	1.0
396.504	1.0
397.504	1.0
398.504	1.0
399.504	1.0
400.504	1.0
401.504	1.0
402.504	1.0
403.504	1.0
404.504	1.0
405.504	1.0
406.504	1.0
407.504	1.0
408.504	1.0
409.504	1.0
410.504	1.0
411.504	1.0
412.504	1.0
413.504	1.0
414.504	1.0
415.504	1.0
416.504	1.0
417.504	1.0
418.504	1.0
419.504	1.0
420.504	1.0
421.504	1.0
422.504	1.0
423.504	1.0
424.504	1.0
425.504	1.0
426.504	1.0
427.504	1.0
428.504	1.0
429.504	1.0
430.504	1.0
431.504	1.0
432.504	1.0
433.504	1.0
434.504	1.0
435.504	1.0
436.504	1.0
437.504	1.0
438.504	1.0
439.504	1.0
440.504	1.0
441.504	1.0
442.504	1.0
443.504	1.0
444.504	1.0
445.504	1.0
446.504	1.0
447.504	1.0
448.504	1.0
449.504	1.0
450.504	1.0
451.504	1.0
452.504	1.0
453.504	1.0
454.504	1.0
455.504	1.0
456.504	1.0
457.504	1.0
458.504	1.0
459.504	1.0
460.504	1.0
461.504	1.0
462.504	1.0
463.504	1.0
464.504	1.0
465.504	1.0
466.504	1.0
467.504	1.0
468.504	1.0
469.504	1.0
470.504	1.0
471.504	1.0
472.504	1.0
473.504	1.0
474.504	1.0
475.504	1.0
476.504	1.0
477.504	1.0
478.504	1.0
479.504	1.0
480.504	1.0
481.504	1.0
482.504	1.0
483.504	1.0
484.504	1.0
485.504	1.0
486.504	1.0
487.504	1.0
488.504	1.0
489.504	1.0
490.504	1.0
491.504	1.0
492.504	1.0
493.504	1.0
494.504	1.0
495.504	1.0
496.504	1.0
497.504	1.0
498.504	1.0
499.504	1.0
500.504	1.0
501.504	1.0
502.504	1.0
503.504	1.0
504.504	1.0
505.504	1.0
506.504	1.0
507.504	1.0
508.504	1.0
509.504	1.0
510.504	1.0
511.504	1.0
512.504	1.0
513.504	1.0
514.504	1.0
515.504	1.0
516.504	1.0
517.504	1.0
518.504	1.0
519.504	1.0
520.504	1.0
521.504	1.0
522.504	1.0
523.504	1.0
524.504	1.0
525.504	1.0
526.504	1.0
527.504	1.0
528.504	1.0
529.504	1.0
530.504	1.0
531.504	1.0
532.504	1.0
533.504	1.0
534.504	1.0
535.504	1.0
536.504	1.0
537.504	1.0
538.504	1.0
539.504	1.0
540.504	1.0
541.504	1.0
542.504	1.0
543.504	1.0
544.504	1.0
545.504	1.0
546.504	1.0
547.504	1.0
548.504	1.0
549.504	1.0
550.504	1.0
551.504	1.0
552.504	1.0
553.504	1.0
554.504	1.0
555.504	1.0
556.504	1.0
557.504	1.0
558.504	1.0
559.504	1.0
560.504	1.0
561.504	1.0
562.504	1.0
563.504	1.0
564.504	1.0
565.504	1.0
566.504	1.0
567.504	1.0
568.504	1.0
569.504	1.0
570.504	1.0
571.504	1.0
572.504	1.0
573.504	1.0
574.504	1.0
575.504	1.0
576.504	1.0
577.504	1.0
578.504	1.0
579.504	1.0
580.504	1.0
581.504	1.0
582.504	1.0
583.504	1.0
584.504	1.0
585.504	1.0
586.504	1.0
587.504	1.0
588.504	1.0
589.504	1.0
590.504	1.0
591.504	1.0
592.504	1.0
593.504	1.0
594.504	1.0
595.504	1.0
596.504	1.0
597.504	1.0
598.504	1.0
599.504	1.0
600.504	1.0
601.504	1.0
602.504	1.0
603.504	1.0
604.504	1.0
605.504	1.0
606.504	1.0
607.504	1.0
608.504	1.0
609.504	1.0
610.504	1.0
611.504	1.0
612.504	1.0
613.504	1.0
614.504	1.0
615.504	1.0
616.504	1.0
617.504	1.0
618.504	1.0
619.504	1.0
620.504	1.0
621.504	1.0
622.504	1.0
623.504	1.0
624.504	1.0
625.504	1.0
626.504	1.0
627.504	1.0
628.504	1.0
629.504	1.0
630.504	1.0
631.504	1.0
632.504	1.0
633.504	1.0
634.504	1.0
635.504	1.0
636.504	1.0
637.504	1.0
638.504	1.0
639.504	1.0
640.504	1.0
641.504	1.0
642.504	1.0
643.504	1.0
644.504	1.0
645.504	1.0
646.504	1.0
647.504	1.0
648.504	1.0
649.504	1.0
650.504	1.0
651.504	1.0
652.504	1.0
653.504	1.0
654.504	1.0
655.504	1.0
656.504	1.0
657.504	1.0
658.504	1.0
659.504	1.0
660.504	1.0
661.504	1.0
662.504	1.0
663.504	1.0
664.504	1.0
665.504	1.0
666.504	1.0
667.504	1.0
668.504	1.0
669.504	1.0
670.504	1.0
671.504	1.0
672.504	1.0
673.504	1.0
674.504	1.0
675.504	1.0
676.504	1.0
677.504	1.0
678.504	1.0
679.504	1.0
680.504	1.0
681.504	1.0
682.504	1.0
683.504	1.0
684.504	1.0
685.504	1.0
686.504	1.0
687.504	1.0
688.504	1.0
689.504	1.0
690.504	1.0
691.504	1.0
692.504	1.0
693.504	1.0
694.504	1.0
695.504	1.0
696.504	1.0
697.504	1.0
698.504	1.0
699.504	1.0
700.504	1.0
701.504	1.0
702.504	1.0
703.504	1.0
704.504	1.0
705.504	1.0
706.504	1.0
707.504	1.0
708.504	1.0
709.504	1.0
710.504	1.0
711.504	1.0
712.504	1.0
713.504	1.0
714.504	1.0
715.504	1.0
716.504	1.0
717.504	1.0
718.504	1.0
719.504	1.0
720.504	1.0
721.504	1.0
722.504	1.0
723.504	1.0
724.504	1.0
725.504	1.0
726.504	1.0
727.504	1.0
728.504	1.0
729.504	1.0
730.504	1.0
731.504	1.0
732.504	1.0
733.504	1.0
734.504	1.0
735.504	1.0
736.504	1.0
737.504	1.0
738.504	1.0
739.504	1.0
740.504	1.0
741.504	1.0
742.504	1.0
743.504	1.0
744.504	1.0
745.504	1.0
746.504	1.0
747.504	1.0
748.504	1.0
749.504	1.0
750.504	1.0
751.504	1.0
752.504	1.0
753.504	1.0
754.504	1.0
755.504	1.0
756.504	1.0
757.504	1.0
758.504	1.0
759.504	1.0
760.504	1.0
761.504	1.0
762.504	1.0
763.504	1.0
764.504	1.0
765.504	1.0
766.504	1.0
767.504	1.0
768.504	1.0
769.504	1.0
770.504	1.0
771.504	1.0
772.504	1.0
773.504	1.0
774.504	1.0
775.504	1.0
776.504	1.0
777.504	1.0
778.504	1.0
779.504	1.0
780.504	1.0
781.504	1.0
782.504	1.0
783.504	1.0
784.504	1.0
785.504	1.0
786.504	1.0
787.504	1.0
788.504	1.0
789.504	1.0
790.504	1.0
791.504	1.0
792.504	1.0
793.504	1.0
794.504	1.0
795.504	1.0
796.504	1.0
797.504	1.0
798.504	1.0
799.504	1.0
800.504	1.0
801.504	1.0
802.504	1.0
803.504	1.0
804.504	1.0
805.504	1.0
806.504	1.0
807.504	1.0
808.504	1.0
809.504	1.0
810.504	1.0
811.504	1.0
812.504	1.0
813.504	1.0
814.504	1.0
815.504	1.0
816.504	1.0
817.504	1.0
818.504	1.0
819.504	1.0
820.504	1.0
821.504	1.0
822.504	1.0
823.504	1.0
824.504	1.0
825.504	1.0
826.504	1.0
827.504	1.0
828.504	1.0
829.504	1.0
830.504	1.0
831.504	1.0
832.504	1.0
833.504	1.0
834.504	1.0
835.504	1.0
836.504	1.0
837.504	1.0
838.504	1.0
839.504	1.0
840.504	1.0
841.504	1.0
842.504	1.0
843.504	1.0
844.504	1.0
845.504	1.0
846.504	1.0
847.504	1.0
848.504	1.0
849.504	1.0
850.504	1.0
851.504	1.0
852.504	1.0
853.504	1.0
854.504	1.0
855.504	1.0
856.504	1.0
857.504	1.0
858.504	1.0
859.504	1.0
860.504	1.0
861.504	1.0
862.504	1.0
863.504	1.0
864.504	1.0
865.504	1.0
866.504	1.0
867.504	1.0
868.504	1.0
869.504	1.0
870.504	1.0
871.504	1.0
872.504	1.0
873.504	1.0
874.504	1.0
875.504	1.0
876.504	1.0
877.504	1.0
878.504	1.0
879.504	1.0
880.504	1.0
881.504	1.0
882.504	1.0
883.504	1.0
884.504	1.0
885.504	1.0
886.504	1.0
887.504	1.0
888.504	1.0
889.504	1.0
890.504	1.0
891.504	1.0
892.504	1.0
893.504	1.0
894.504	1.0
895.504	1.0
896.504	1.0
897.504	1.0
898.504	1.0
899.504	1.0
900.504	1.0
901.504	1.0
902.504	1.0
903.504	1.0
904.504	1.0
905.504	1.0
906.504	1.0
907.504	1.0
908.504	1.0
909.504	1.0
910.504	1.0
911.504	1.0
912.504	1.0
913.504	1.0
914.504	1.0
915.504	1.0
916.504	1.0
917.504	1.0
918.504	1.0
919.504	1.0
920.504	1.0
921.504	1.0
922.504	1.0
923.504	1.0
924.504	1.0
925.504	1.0
926.504	1.0
927.504	1.0
928.504	1.0
929.504	1.0
930.504	1.0
931.504	1.0
932.504	1.0
933.504	1.0
934.504	1.0
935.504	1.0
936.504	1.0
937.504	1.0
938.504	1.0
939.504	1.0
940.504	1.0
941.504	1.0
942.504	1.0
943.504	1.0
944.504	1.0
945.504	1.0
946.504	1.0
947.504	1.0
948.504	1.0
949.504	1.0
950.504	1.0
951.504	1.0
952.504	1.0
953.504	1.0
954.504	1.0
955.504	1.0
956.504	1.0
957.504	1.0
958.504	1.0
959.504	1.0
960.504	1.0
961.504	1.0
962.504	1.0
963.504	1.0
964.504	1.0
965.504	1.0
966.504	1.0
967.504	1.0
968.504	1.0
969.504	1.0
970.504	1.0
971.504	1.0
972.504	1.0
973.504	1.0
974.504	1.0
975.504	1.0
976.504	1.0
977.504	1.0
978.504	1.0
979.504	1.0
980.504	1.0
981.504	1.0
982.504	1.0
983.504	1.0
984.504	1.0
985.504	1.0
986.504	1.0
987.504	1.0
988.504	1.0
989.504	1.0
990.504	1.0
991.504	1.0
992.504	1.0
993.504	1.0
994.504	1.0
995.504	1.0
