0.171	0.5195135920277352
1.091	0.5133346601485503
2.015	0.5150893673698981
2.947	0.5055236621669866
3.879	0.5038227861220628
4.822	0.500041490221181
5.763	0.49800492874789254
6.699	0.49618951992181404
7.623	0.4895854066486599
8.562	0.4808811201595008
9.504	0.4751797142383065
10.439	0.481723991052759
11.375	0.4794569259044177
12.324	0.46946532268715524
13.277000000000001	0.4614739372494331
14.221	0.4421424392785669
15.168000000000001	0.4387127885230838
16.121	0.4322778487058063
17.087	0.4511996976511742
18.03	0.44322598847014044
18.971	0.4225794487194689
19.916	0.41336210904951615
20.869	0.4400266454459298
21.819	0.4522425132097382
22.784	0.5225246853936686
23.725	0.5111735273684347
24.664	0.4948344365972314
25.606	0.43926471962207664
26.562	0.4848367577590374
27.512	0.4796684972820937
28.453	0.38278424149572104
29.41	0.42884680993609287
30.364	0.4093078561913482
31.317	0.39679907312485246
32.281	0.4387816957830801
33.235	0.4885638600734031
34.196	0.5877285374778562
35.15	0.5907223037726138
36.104	0.5450369540199607
37.058	0.5255448277897511
38.01	0.4500626739643752
38.966	0.4997852841612223
39.919000000000004	0.4111977087506194
40.883	0.522196416510328
41.845	0.5652849378567124
42.804	0.5844408817412512
43.756	0.45690406088277946
44.718	0.4701949259256335
45.673	0.3887782393825343
46.638	0.49023400251919136
47.603	0.5173986015753131
48.568	0.6011804028478208
49.52	0.3800432788719683
50.481	0.38618951707191473
51.443	0.3505842743872929
52.403	0.31811939544503093
53.366	0.3017352070097454
54.327	0.2847161689817023
55.297000000000004	0.3708682970670564
56.257	0.2965138949356599
57.219	0.3245468039955224
58.183	0.29549250312417175
59.148	0.32501006772673346
60.112	0.3294657677201956
61.076	0.26878256721942423
62.04	0.23715149848138428
63.004	0.24630980519004284
63.984	0.526513560824792
64.949	0.46434558421546995
65.914	0.38922988033412653
66.877	0.3507115864066617
67.852	0.5744553702830848
68.812	0.2979987662630676
69.786	0.4643687976122694
70.756	0.5733362639081425
71.721	0.4904260181642606
72.68900000000001	0.46580380274493566
73.655	0.4681263338766879
74.621	0.4098193874971496
75.59100000000001	0.42761124776742104
76.56	0.2648843829052714
77.539	0.43503459766670904
78.509	0.2909786755276934
79.483	0.21991454204568697
80.453	0.15017422475370615
81.424	0.12810496436091562
82.402	0.13845035935777614
83.38	0.16275156601937701
84.359	0.2442791696302858
85.334	0.2260875589225366
86.309	0.2953922730255267
87.285	0.34821362673750633
88.256	0.24387659420674979
89.232	0.28405468157821206
90.212	0.471248198683764
91.187	0.25696792059178447
92.166	0.3984530252089099
93.14	0.15127140994872568
94.121	0.24290402832627747
95.095	0.11439504157882842
96.071	0.10832541734823636
97.052	0.1865604663052394
98.024	0.10157984028353786
99.002	0.09421332282678495
99.986	0.1425660018787355
100.973	0.4802127503264003
101.955	0.6688402001078396
102.934	0.44006979595618256
103.914	0.3439428120748601
104.884	0.12227802732376794
105.863	0.12558343328158972
106.842	0.11928923152277315
107.821	0.10099986178273065
108.81	0.36052912968675555
109.798	0.6535585396276475
110.781	0.5192329967316196
111.764	0.25810555650366174
112.754	0.7837707580455807
113.742	0.879880187891121
114.729	0.9353246725943736
115.71000000000001	0.7279178390637268
116.69200000000001	0.5971316609591107
117.679	0.8003691455203518
118.66	0.4540362192658638
119.65	0.8100952928881873
120.636	0.8015517133253541
121.622	0.5974811254296999
122.61200000000001	0.7253627606627788
123.601	0.6164326663014396
124.58800000000001	0.1985485254574888
125.57900000000001	0.42423317480371253
126.57000000000001	0.7204222482007042
127.558	0.7139168305702469
128.541	0.3602810497604879
129.529	0.3692240793705832
130.511	0.18623077780404215
131.498	0.2240947635716854
132.485	0.47567771921721735
133.475	0.8850624714807499
134.461	0.7019097007154413
135.455	0.7205079024471894
136.449	0.7437911603094809
137.449	0.9581324230009259
138.44	0.577123849096265
139.435	0.36236247161094143
140.435	0.8033861724481403
141.43	0.7081739728260784
142.428	0.6074874494466065
143.427	0.8616620796531284
144.427	0.9966061418803194
145.427	0.9992133098187679
146.42600000000002	1.0
147.42600000000002	1.0
148.42600000000002	1.0
149.42600000000002	1.0
150.42600000000002	1.0
151.42600000000002	1.0
152.42600000000002	1.0
153.42600000000002	1.0
154.42600000000002	1.0
155.42600000000002	1.0
156.42600000000002	1.0
157.42600000000002	1.0
158.42600000000002	1.0
159.42600000000002	1.0
160.42600000000002	1.0
161.42600000000002	1.0
162.42600000000002	1.0
163.42600000000002	1.0
164.42600000000002	1.0
165.42600000000002	1.0
166.42600000000002	1.0
167.42600000000002	1.0
168.42600000000002	1.0
169.42600000000002	1.0
170.42600000000002	1.0
171.42600000000002	1.0
172.42600000000002	1.0
173.42600000000002	1.0
174.42600000000002	1.0
175.42600000000002	1.0
176.42600000000002	1.0
177.42600000000002	1.0
178.42600000000002	1.0
179.42600000000002	1.0
180.42600000000002	1.0
181.42600000000002	1.0
182.42600000000002	1.0
183.42600000000002	1.0
184.42600000000002	1.0
185.42600000000002	1.0
186.42600000000002	1.0
187.42600000000002	1.0
188.42600000000002	1.0
189.42600000000002	1.0
190.42600000000002	1.0
191.42600000000002	1.0
192.42600000000002	1.0
193.42600000000002	1.0
194.42600000000002	1.0
195.42600000000002	1.0
196.42600000000002	1.0
197.42600000000002	1.0
198.42600000000002	1.0
199.42600000000002	1.0
200.42600000000002	1.0
201.42600000000002	1.0
202.42600000000002	1.0
203.42600000000002	1.0
204.42600000000002	1.0
205.42600000000002	1.0
206.42600000000002	1.0
207.42600000000002	1.0
208.42600000000002	1.0
209.42600000000002	1.0
210.42600000000002	1.0
211.42600000000002	1.0
212.42600000000002	1.0
213.42600000000002	1.0
214.42600000000002	1.0
215.42600000000002	1.0
216.42600000000002	1.0
217.42600000000002	1.0
218.42600000000002	1.0
219.42600000000002	1.0
220.42600000000002	1.0
221.42600000000002	1.0
222.42600000000002	1.0
223.42600000000002	1.0
224.42600000000002	1.0
225.42600000000002	1.0
226.42600000000002	1.0
227.42600000000002	1.0
228.42600000000002	1.0
229.42600000000002	1.0
230.42600000000002	1.0
231.42600000000002	1.0
232.42600000000002	1.0
233.42600000000002	1.0
234.42600000000002	1.0
235.42600000000002	1.0
236.42600000000002	1.0
237.42600000000002	1.0
238.42600000000002	1.0
239.42600000000002	1.0
240.42600000000002	1.0
241.42600000000002	1.0
242.42600000000002	1.0
243.42600000000002	1.0
244.42600000000002	1.0
245.42600000000002	1.0
246.42600000000002	1.0
247.42600000000002	1.0
248.42600000000002	1.0
249.42600000000002	1.0
250.42600000000002	1.0
251.42600000000002	1.0
252.42600000000002	1.0
253.42600000000002	1.0
254.42600000000002	1.0
255.42600000000002	1.0
256.426	1.0
257.426	1.0
258.426	1.0
259.426	1.0
260.426	1.0
261.426	1.0
262.426	1.0
263.426	1.0
264.426	1.0
265.426	1.0
266.426	1.0
267.426	1.0
268.426	1.0
269.426	1.0
270.426	1.0
271.426	1.0
272.426	1.0
273.426	1.0
274.426	1.0
275.426	1.0
276.426	1.0
277.426	1.0
278.426	1.0
279.426	1.0
280.426	1.0
281.426	1.0
282.426	1.0
283.426	1.0
284.426	1.0
285.426	1.0
286.426	1.0
287.426	1.0
288.426	1.0
289.426	1.0
290.426	1.0
291.426	1.0
292.426	1.0
293.426	1.0
294.426	1.0
295.426	1.0
296.426	1.0
297.426	1.0
298.426	1.0
299.426	1.0
300.426	1.0
301.426	1.0
302.426	1.0
303.426	1.0
304.426	1.0
305.426	1.0
306.426	1.0
307.426	1.0
308.426	1.0
309.426	1.0
310.426	1.0
311.426	1.0
312.426	1.0
313.426	1.0
314.426	1.0
315.426	1.0
316.426	1.0
317.426	1.0
318.426	1.0
319.426	1.0
320.426	1.0
321.426	1.0
322.426	1.0
323.426	1.0
324.426	1.0
325.426	1.0
326.426	1.0
327.426	1.0
328.426	1.0
329.426	1.0
330.426	1.0
331.426	1.0
332.426	1.0
333.426	1.0
334.426	1.0
335.426	1.0
336.426	1.0
337.426	1.0
338.426	1.0
339.426	1.0
340.426	1.0
341.426	1.0
342.426	1.0
343.426	1.0
344.426	1.0
345.426	1.0
346.426	1.0
347.426	1.0
348.426	1.0
349.426	1.0
350.426	1.0
351.426	1.0
352.426	1.0
353.426	1.0
354.426	1.0
355.426	1.0
356.426	1.0
357.426	1.0
358.426	1.0
359.426	1.0
360.426	1.0
361.426	1.0
362.426	1.0
363.426	1.0
364.426	1.0
365.426	1.0
366.426	1.0
367.426	1.0
368.426	1.0
369.426	1.0
370.426	1.0
371.426	1.0
372.426	1.0
373.426	1.0
374.426	1.0
375.426	1.0
376.426	1.0
377.426	1.0
378.426	1.0
379.426	1.0
380.426	1.0
381.426	1.0
382.426	1.0
383.426	1.0
384.426	1.0
385.426	1.0
386.426	1.0
387.426	1.0
388.426	1.0
389.426	1.0
390.426	1.0
391.426	1.0
392.426	1.0
393.426	1.0
394.426	1.0
395.426	1.0
396.426	1.0
397.426	1.0
398.426	1.0
399.426	1.0
400.426	1.0
401.426	1.0
402.426	1.0
403.426	1.0
404.426	1.0
405.426	1.0
406.426	1.0
407.426	1.0
408.426	1.0
409.426	1.0
410.426	1.0
411.426	1.0
412.426	1.0
413.426	1.0
414.426	1.0
415.426	1.0
416.426	1.0
417.426	1.0
418.426	1.0
419.426	1.0
420.426	1.0
421.426	1.0
422.426	1.0
423.426	1.0
424.426	1.0
425.426	1.0
426.426	1.0
427.426	1.0
428.426	1.0
429.426	1.0
430.426	1.0
431.426	1.0
432.426	1.0
433.426	1.0
434.426	1.0
435.426	1.0
436.426	1.0
437.426	1.0
438.426	1.0
439.426	1.0
440.426	1.0
441.426	1.0
442.426	1.0
443.426	1.0
444.426	1.0
445.426	1.0
446.426	1.0
447.426	1.0
448.426	1.0
449.426	1.0
450.426	1.0
451.426	1.0
452.426	1.0
453.426	1.0
454.426	1.0
455.426	1.0
456.426	1.0
457.426	1.0
458.426	1.0
459.426	1.0
460.426	1.0
461.426	1.0
462.426	1.0
463.426	1.0
464.426	1.0
465.426	1.0
466.426	1.0
467.426	1.0
468.426	1.0
469.426	1.0
470.426	1.0
471.426	1.0
472.426	1.0
473.426	1.0
474.426	1.0
475.426	1.0
476.426	1.0
477.426	1.0
478.426	1.0
479.426	1.0
480.426	1.0
481.426	1.0
482.426	1.0
483.426	1.0
484.426	1.0
485.426	1.0
486.426	1.0
487.426	1.0
488.426	1.0
489.426	1.0
490.426	1.0
491.426	1.0
492.426	1.0
493.426	1.0
494.426	1.0
495.426	1.0
496.426	1.0
497.426	1.0
498.426	1.0
499.426	1.0
500.426	1.0
501.426	1.0
502.426	1.0
503.426	1.0
504.426	1.0
505.426	1.0
506.426	1.0
507.426	1.0
508.426	1.0
509.426	1.0
510.426	1.0
511.426	1.0
512.426	1.0
513.426	1.0
514.426	1.0
515.426	1.0
516.426	1.0
517.426	1.0
518.426	1.0
519.426	1.0
520.426	1.0
521.426	1.0
522.426	1.0
523.426	1.0
524.426	1.0
525.426	1.0
526.426	1.0
527.426	1.0
528.426	1.0
529.426	1.0
530.426	1.0
531.426	1.0
532.426	1.0
533.426	1.0
534.426	1.0
535.426	1.0
536.426	1.0
537.426	1.0
538.426	1.0
539.426	1.0
540.426	1.0
541.426	1.0
542.426	1.0
543.426	1.0
544.426	1.0
545.426	1.0
546.426	1.0
547.426	1.0
548.426	1.0
549.426	1.0
550.426	1.0
551.426	1.0
552.426	1.0
553.426	1.0
554.426	1.0
555.426	1.0
556.426	1.0
557.426	1.0
558.426	1.0
559.426	1.0
560.426	1.0
561.426	1.0
562.426	1.0
563.426	1.0
564.426	1.0
565.426	1.0
566.426	1.0
567.426	1.0
568.426	1.0
569.426	1.0
570.426	1.0
571.426	1.0
572.426	1.0
573.426	1.0
574.426	1.0
575.426	1.0
576.426	1.0
577.426	1.0
578.426	1.0
579.426	1.0
580.426	1.0
581.426	1.0
582.426	1.0
583.426	1.0
584.426	1.0
585.426	1.0
586.426	1.0
587.426	1.0
588.426	1.0
589.426	1.0
590.426	1.0
591.426	1.0
592.426	1.0
593.426	1.0
594.426	1.0
595.426	1.0
596.426	1.0
597.426	1.0
598.426	1.0
599.426	1.0
600.426	1.0
601.426	1.0
602.426	1.0
603.426	1.0
604.426	1.0
605.426	1.0
606.426	1.0
607.426	1.0
608.426	1.0
609.426	1.0
610.426	1.0
611.426	1.0
612.426	1.0
613.426	1.0
614.426	1.0
615.426	1.0
616.426	1.0
617.426	1.0
618.426	1.0
619.426	1.0
620.426	1.0
621.426	1.0
622.426	1.0
623.426	1.0
624.426	1.0
625.426	1.0
626.426	1.0
627.426	1.0
628.426	1.0
629.426	1.0
630.426	1.0
631.426	1.0
632.426	1.0
633.426	1.0
634.426	1.0
635.426	1.0
636.426	1.0
637.426	1.0
638.426	1.0
639.426	1.0
640.426	1.0
641.426	1.0
642.426	1.0
643.426	1.0
644.426	1.0
645.426	1.0
646.426	1.0
647.426	1.0
648.426	1.0
649.426	1.0
650.426	1.0
651.426	1.0
652.426	1.0
653.426	1.0
654.426	1.0
655.426	1.0
656.426	1.0
657.426	1.0
658.426	1.0
659.426	1.0
660.426	1.0
661.426	1.0
662.426	1.0
663.426	1.0
664.426	1.0
665.426	1.0
666.426	1.0
667.426	1.0
668.426	1.0
669.426	1.0
670.426	1.0
671.426	1.0
672.426	1.0
673.426	1.0
674.426	1.0
675.426	1.0
676.426	1.0
677.426	1.0
678.426	1.0
679.426	1.0
680.426	1.0
681.426	1.0
682.426	1.0
683.426	1.0
684.426	1.0
685.426	1.0
686.426	1.0
687.426	1.0
688.426	1.0
689.426	1.0
690.426	1.0
691.426	1.0
692.426	1.0
693.426	1.0
694.426	1.0
695.426	1.0
696.426	1.0
697.426	1.0
698.426	1.0
699.426	1.0
700.426	1.0
701.426	1.0
702.426	1.0
703.426	1.0
704.426	1.0
705.426	1.0
706.426	1.0
707.426	1.0
708.426	1.0
709.426	1.0
710.426	1.0
711.426	1.0
712.426	1.0
713.426	1.0
714.426	1.0
715.426	1.0
716.426	1.0
717.426	1.0
718.426	1.0
719.426	1.0
720.426	1.0
721.426	1.0
722.426	1.0
723.426	1.0
724.426	1.0
725.426	1.0
726.426	1.0
727.426	1.0
728.426	1.0
729.426	1.0
730.426	1.0
731.426	1.0
732.426	1.0
733.426	1.0
734.426	1.0
735.426	1.0
736.426	1.0
737.426	1.0
738.426	1.0
739.426	1.0
740.426	1.0
741.426	1.0
742.426	1.0
743.426	1.0
744.426	1.0
745.426	1.0
746.426	1.0
747.426	1.0
748.426	1.0
749.426	1.0
750.426	1.0
751.426	1.0
752.426	1.0
753.426	1.0
754.426	1.0
755.426	1.0
756.426	1.0
757.426	1.0
758.426	1.0
759.426	1.0
760.426	1.0
761.426	1.0
762.426	1.0
763.426	1.0
764.426	1.0
765.426	1.0
766.426	1.0
767.426	1.0
768.426	1.0
769.426	1.0
770.426	1.0
771.426	1.0
772.426	1.0
773.426	1.0
774.426	1.0
775.426	1.0
776.426	1.0
777.426	1.0
778.426	1.0
779.426	1.0
780.426	1.0
781.426	1.0
782.426	1.0
783.426	1.0
784.426	1.0
785.426	1.0
786.426	1.0
787.426	1.0
788.426	1.0
789.426	1.0
790.426	1.0
791.426	1.0
792.426	1.0
793.426	1.0
794.426	1.0
795.426	1.0
796.426	1.0
797.426	1.0
798.426	1.0
799.426	1.0
800.426	1.0
801.426	1.0
802.426	1.0
803.426	1.0
804.426	1.0
805.426	1.0
806.426	1.0
807.426	1.0
808.426	1.0
809.426	1.0
810.426	1.0
811.426	1.0
812.426	1.0
813.426	1.0
814.426	1.0
815.426	1.0
816.426	1.0
817.426	1.0
818.426	1.0
819.426	1.0
820.426	1.0
821.426	1.0
822.426	1.0
823.426	1.0
824.426	1.0
825.426	1.0
826.426	1.0
827.426	1.0
828.426	1.0
829.426	1.0
830.426	1.0
831.426	1.0
832.426	1.0
833.426	1.0
834.426	1.0
835.426	1.0
836.426	1.0
837.426	1.0
838.426	1.0
839.426	1.0
840.426	1.0
841.426	1.0
842.426	1.0
843.426	1.0
844.426	1.0
845.426	1.0
846.426	1.0
847.426	1.0
848.426	1.0
849.426	1.0
850.426	1.0
851.426	1.0
852.426	1.0
853.426	1.0
854.426	1.0
855.426	1.0
856.426	1.0
857.426	1.0
858.426	1.0
859.426	1.0
860.426	1.0
861.426	1.0
862.426	1.0
863.426	1.0
864.426	1.0
865.426	1.0
866.426	1.0
867.426	1.0
868.426	1.0
869.426	1.0
870.426	1.0
871.426	1.0
872.426	1.0
873.426	1.0
874.426	1.0
875.426	1.0
876.426	1.0
877.426	1.0
878.426	1.0
879.426	1.0
880.426	1.0
881.426	1.0
882.426	1.0
883.426	1.0
884.426	1.0
885.426	1.0
886.426	1.0
887.426	1.0
888.426	1.0
889.426	1.0
890.426	1.0
891.426	1.0
892.426	1.0
893.426	1.0
894.426	1.0
895.426	1.0
896.426	1.0
897.426	1.0
898.426	1.0
899.426	1.0
900.426	1.0
901.426	1.0
902.426	1.0
903.426	1.0
904.426	1.0
905.426	1.0
906.426	1.0
907.426	1.0
908.426	1.0
909.426	1.0
910.426	1.0
911.426	1.0
912.426	1.0
913.426	1.0
914.426	1.0
915.426	1.0
916.426	1.0
917.426	1.0
918.426	1.0
919.426	1.0
920.426	1.0
921.426	1.0
922.426	1.0
923.426	1.0
924.426	1.0
925.426	1.0
926.426	1.0
927.426	1.0
928.426	1.0
929.426	1.0
930.426	1.0
931.426	1.0
932.426	1.0
933.426	1.0
934.426	1.0
935.426	1.0
936.426	1.0
937.426	1.0
938.426	1.0
939.426	1.0
940.426	1.0
941.426	1.0
942.426	1.0
943.426	1.0
944.426	1.0
945.426	1.0
946.426	1.0
947.426	1.0
948.426	1.0
949.426	1.0
950.426	1.0
951.426	1.0
952.426	1.0
953.426	1.0
954.426	1.0
955.426	1.0
956.426	1.0
957.426	1.0
958.426	1.0
959.426	1.0
960.426	1.0
961.426	1.0
962.426	1.0
963.426	1.0
964.426	1.0
965.426	1.0
966.426	1.0
967.426	1.0
968.426	1.0
969.426	1.0
970.426	1.0
971.426	1.0
972.426	1.0
973.426	1.0
974.426	1.0
975.426	1.0
976.426	1.0
977.426	1.0
978.426	1.0
979.426	1.0
980.426	1.0
981.426	1.0
982.426	1.0
983.426	1.0
984.426	1.0
985.426	1.0
986.426	1.0
987.426	1.0
988.426	1.0
989.426	1.0
990.426	1.0
991.426	1.0
992.426	1.0
993.426	1.0
994.426	1.0
