0.163	0.5097008457297618
1.131	0.5169913672756103
2.108	0.5076700351179538
3.086	0.5174698992738432
4.054	0.5173002824722235
5.022	0.5261469527255052
5.99	0.5255891383857488
6.972	0.5506457808207295
7.954	0.5373999475389755
8.927	0.543070664540777
9.896	0.5432810706001242
10.874	0.5348556814604359
11.853	0.5254716339754514
12.834	0.5247464491440678
13.813	0.5069810034260921
14.793000000000001	0.5069692306777908
15.773	0.5070109237936596
16.753	0.4977651186182749
17.737000000000002	0.5039942899467985
18.72	0.5228036748489248
19.703	0.5224251674939362
20.689	0.5263745188052673
21.679000000000002	0.5391416585770802
22.666	0.5443539106712634
23.653000000000002	0.5481363837206223
24.642	0.5411739846220441
25.624	0.5424118148812584
26.612000000000002	0.5265834403494982
27.594	0.5267189517962361
28.582	0.5319643982086875
29.571	0.526619327176549
30.553	0.5467786775343823
31.536	0.5463905108528886
32.516	0.5380494312635571
33.499	0.5088149820850172
34.482	0.5191908773342966
35.46	0.5042762872808686
36.438	0.5096635794623935
37.416000000000004	0.5156081780414715
38.398	0.5165671983295913
39.381	0.5173631544191517
40.363	0.5197606427700865
41.336	0.5202903372345692
42.318	0.5227332638912876
43.300000000000004	0.5264704340010057
44.283	0.5175778695269598
45.271	0.5425738106821109
46.254	0.5237018311714813
47.244	0.6156129412526224
48.226	0.5986651559962299
49.218	0.6015425120419448
50.209	0.6152026596053668
51.209	0.6382394522511645
52.19	0.6422539372937598
53.181000000000004	0.6460211463447998
54.181000000000004	0.690819004476165
55.163000000000004	0.6824963392234108
56.136	0.6837288922506495
57.118	0.6861128046692215
58.091	0.6782468081971149
59.064	0.6892940285097409
60.047000000000004	0.6927465154251865
61.038000000000004	0.7076637639542868
62.029	0.7024057572014005
63.012	0.7150130864896478
63.994	0.7196281454450617
64.976	0.7347961164397492
65.976	0.7433466783032014
66.96000000000001	0.7469638920151894
67.95100000000001	0.7424339123460958
68.94200000000001	0.7380342359512179
69.915	0.7521622494941237
70.906	0.7491616152274918
71.888	0.7647566944223979
72.861	0.7701914459796849
73.852	0.7756485201135145
74.834	0.7995526541697281
75.816	0.7843667212501435
76.79	0.7775177395466533
77.781	0.7942071883041499
78.746	0.8167828315333905
79.71900000000001	0.800535852647754
80.70100000000001	0.8065868344626623
81.693	0.8215325512346956
82.666	0.7739387300385929
83.657	0.7785970447291377
84.638	0.7750602313317829
85.619	0.790354014905954
86.619	0.8079404052146367
87.592	0.8124779879648742
88.569	0.7635820694765393
89.55	0.7515997921149039
90.541	0.7696478538307197
91.531	0.7965452809453049
92.522	0.8042070441311243
93.513	0.8101334039525162
94.494	0.8162546021161684
95.485	0.8036658949283688
96.485	0.8116485918980234
97.476	0.8000790103483633
98.467	0.7985541676303753
99.44800000000001	0.7863214052947778
100.429	0.7942389904584977
101.403	0.8076845833561537
102.394	0.8071531317117898
103.373	0.8087694634289853
104.34700000000001	0.614166803583684
105.33800000000001	0.643083366066408
106.325	0.6057611831069344
107.316	0.6937847051351613
108.306	0.7428925827182998
109.297	0.7813081355454
110.278	0.5396906956391806
111.269	0.6577134740424877
112.25	0.41727301457268856
113.25	0.7635041208189819
114.241	0.7816608540092618
115.223	0.6993267475838109
116.223	0.7885835298859
117.203	0.7773642939781089
118.184	0.5966723008512996
119.165	0.33630590841721353
120.153	0.36671676099189343
121.144	0.4535104141657936
122.13	0.36771129491078547
123.12100000000001	0.40601635542499553
124.12100000000001	0.752409278717098
125.10600000000001	0.6771646924581997
126.10600000000001	0.8353939942181939
127.087	0.7038546575177997
128.078	0.7820451282977358
129.073	0.8171462548119999
130.073	0.8453683623614888
131.064	0.8430115019486227
132.035	0.7204794641641926
133.017	0.6449619359520355
134.008	0.6927017980099999
134.993	0.665422282139044
135.978	0.6777334704151866
136.965	0.6491461014093997
137.956	0.6064120022174679
138.947	0.6721152828436988
139.934	0.713424936627012
140.925	0.7905940497404229
141.906	0.6590232816893997
142.889	0.5548264428936585
143.875	0.5569698270526946
144.859	0.5583614131642526
145.858	0.7852104673193218
146.839	0.7122586008092369
147.829	0.7493054964611997
148.82	0.8165904106253562
149.80100000000002	0.7142235774183999
150.782	0.5619646471469105
151.767	0.5159189235421786
152.752	0.5478102358909865
153.737	0.5499651281537793
154.732	0.6225965683231934
155.723	0.6302207614732672
156.714	0.7269774542998698
157.695	0.715146904246388
158.67600000000002	0.6816177778418298
159.666	0.6712888428372384
160.657	0.7278251469538227
161.648	0.7753159568635363
162.638	0.7856314282912247
163.619	0.7536455110370959
164.61	0.7524648265268099
165.591	0.5912927598994937
166.578	0.4653608436509167
167.56900000000002	0.5240961404665936
168.56	0.5031188328891615
169.56	0.8112821367742663
170.56	0.8331483735260303
171.552	0.8599681852914678
172.544	0.8579062691820485
173.526	0.8344392151545069
174.518	0.8513307582158113
175.51	0.8494251670724589
176.492	0.8473794983491746
177.484	0.854648511325857
178.476	0.8536884346454646
179.454	0.5781739834586521
180.454	0.8287668040159837
181.454	0.8596177987447439
182.445	0.8682523032850618
183.417	0.6766287271303998
184.40800000000002	0.7166711198379798
185.40800000000002	0.8667561426600808
186.399	0.8272398344582629
187.39000000000001	0.8268705045296214
188.39000000000001	0.8677322381949625
189.381	0.85821390879286
190.362	0.8483544868693121
191.353	0.8391649898129887
192.344	0.8091512359282929
193.335	0.8098792341891997
194.326	0.7609075569299998
195.30700000000002	0.6121304855174351
196.298	0.6223505508467347
197.288	0.49339260535009855
198.28	0.5438220717797996
199.273	0.5030293673283966
200.264	0.5122703040688996
201.264	0.7613691996672958
202.257	0.7592842193086998
203.241	0.6378658367883477
204.231	0.6381993386782998
205.222	0.5998576575967997
206.213	0.5515525503943985
207.204	0.4932254889136326
208.198	0.5412935589221046
209.192	0.6186806454861956
210.186	0.7151352403760997
211.18	0.80266853293473
212.172	0.7725896506603628
213.157	0.5603969989169507
214.151	0.5585615212151247
215.14600000000002	0.6457029818960197
216.141	0.5835567469819707
217.136	0.7411011072163357
218.127	0.6130402188777588
219.121	0.6611784389439053
220.11100000000002	0.6922573983240159
221.107	0.8081776521392205
222.103	0.8151146601824018
223.08700000000002	0.6420676527782585
224.083	0.7195716410390756
225.071	0.6329440320991363
226.059	0.34875897589919946
227.056	0.7515830878826819
228.046	0.6922210780046918
229.037	0.7219880772971905
230.025	0.6150885761261967
231.013	0.2903377772369954
232.004	0.3397475728429975
232.995	0.3492456128395455
233.987	0.44750878849029946
234.985	0.7676455930746389
235.969	0.4570696087464996
236.959	0.36940603916669945
237.951	0.4188273426054996
238.94400000000002	0.5769043256747997
239.935	0.49803682226959956
240.928	0.5352461504124808
241.92600000000002	0.7468306110434998
242.92600000000002	0.78704755694265
243.916	0.7876181544785987
244.907	0.7479079687195969
245.897	0.7587437681151157
246.87800000000001	0.6985962005458339
247.868	0.6016736641652544
248.86	0.5222405395217996
249.856	0.6377891628504073
250.847	0.6468257450882997
251.839	0.7144016331379939
252.83	0.7238157638038988
253.821	0.7248476532812996
254.812	0.7358268771665998
255.803	0.7166574084011998
256.794	0.7371543769497998
257.794	0.7897420481486919
258.785	0.7505674405023788
259.776	0.7418345651154649
260.767	0.7137549335293507
261.767	0.7561251059563782
262.748	0.7150471623602273
263.73900000000003	0.8020493481900749
264.73	0.8107605645930619
265.721	0.8491245607595468
266.702	0.8077513344161147
267.689	0.7109217263160998
268.68	0.7107769188865827
269.68	0.841592535920789
270.656	0.6453271649339837
271.641	0.5396835439611087
272.63100000000003	0.48091971591479954
273.621	0.5800935722314997
274.612	0.5804032095999997
275.603	0.5696039326197997
276.598	0.6760798790655997
277.598	0.7778144104263
278.581	0.6954430422728818
279.571	0.6662442798343968
280.562	0.6662540950139948
281.553	0.7458727619876978
282.544	0.7848725931504409
283.528	0.4340975837978966
284.519	0.48365282510989965
285.51	0.5036916522861896
286.50100000000003	0.6216923078194552
287.493	0.7498525644120312
288.483	0.7214278593138773
289.474	0.7816376213230525
290.46500000000003	0.7824904275819857
291.454	0.6558739227574699
292.446	0.7162886969516112
293.438	0.8062098295486889
294.43	0.786813337012889
295.422	0.7874120712874355
296.414	0.7683717830997694
297.406	0.7693189312286364
298.398	0.7703958823475036
299.39	0.7912054264663706
300.382	0.792321616901771
301.374	0.8033650053371716
302.366	0.804572692762572
303.358	0.8055898215045059
304.35	0.8064913392364396
305.342	0.8073919002849068
306.334	0.7188217794899073
307.326	0.7197559409049079
308.318	0.7206956666364416
309.31	0.7216488593159817
310.303	0.7117992060045037
311.296	0.7316759016203583
312.289	0.7314042928938904
313.28000000000003	0.6028522389798997
314.272	0.5542074723455966
315.264	0.5544767302391996
316.257	0.5540199918196896
317.25	0.5634149258284996
318.243	0.5716920372272996
319.233	0.5416912156381997
320.226	0.5888454977797987
321.216	0.6087842637097997
322.21500000000003	0.7501518414486997
323.205	0.7503253465598375
324.195	0.7313055874069877
325.183	0.7624664899015516
326.177	0.7689000498295097
327.164	0.7422587098592999
328.15000000000003	0.7444815231940166
329.144	0.7699728213405155
330.13800000000003	0.826135787473675
331.124	0.7809731967762441
332.109	0.7170869962572649
333.094	0.4549795681076986
334.083	0.4962038783460996
335.07800000000003	0.6186001154162997
336.073	0.6839538664078687
337.059	0.6775642387002998
338.05400000000003	0.7436878188356977
339.05	0.7998047720422998
340.036	0.6161479023637897
341.032	0.7411265112150939
342.019	0.6359726576894996
343.005	0.44209252250869957
343.991	0.3678310690470955
344.987	0.4917801046056986
345.983	0.5671512070283786
346.97	0.5796343139277996
347.967	0.5742247238051996
348.964	0.6200858142177677
349.954	0.6896689536344957
350.944	0.6805947129927656
351.934	0.6813788506218925
352.931	0.7065340768187
353.918	0.6709642981919959
354.915	0.7166089669230997
355.91200000000003	0.8405681607030999
356.90000000000003	0.8206442129118909
357.88800000000003	0.8318752726267772
358.886	0.8641979559246828
359.865	0.7772858524416207
360.853	0.7319114826351325
361.848	0.7502336150353998
362.839	0.7126086641288907
363.83	0.45677271149989956
364.829	0.5819338747181997
365.82800000000003	0.5590097813067326
366.82800000000003	0.784537853348895
367.82800000000003	0.8410245154427877
368.821	0.5252752755562785
369.821	0.7714173133557999
370.821	0.8784076461932919
371.821	0.8957458058072468
372.82	0.9041507414653357
373.817	0.7445316487288978
374.817	0.9116344592606781
375.81600000000003	0.8902250669360998
376.81600000000003	0.9380050662370292
377.81600000000003	0.9362316106852953
378.81600000000003	0.9345058770031465
379.797	0.34729227339909946
380.797	0.4579731197583886
381.78000000000003	0.4185021305668995
382.778	0.47434730814149956
383.778	0.739390727834543
384.778	0.8964774108821334
385.778	0.9245247576071028
386.769	0.8657068439552557
387.769	0.9075281594035925
388.76	0.9074700179276249
389.76	0.9200990677664979
390.741	0.8535998186446417
391.732	0.7291993352396999
392.73	0.7785246261698998
393.73	0.9061618146219698
394.73	0.9219585633737476
395.721	0.8729078198403518
396.712	0.834602216912186
397.70300000000003	0.7080565092498997
398.70300000000003	0.8913344527879441
399.685	0.6232771335292998
400.685	0.8388432811090749
401.683	0.5590154239398997
402.683	0.8364789722658997
403.683	0.9345826928748024
404.67400000000004	0.8559604352235438
405.67400000000004	0.9294396086037859
406.65500000000003	0.22569397841519134
407.641	0.20280647247323622
408.63100000000003	0.19550963456936554
409.63100000000003	0.4942808259999996
410.628	0.5285871245999997
411.619	0.5406892042746906
412.61	0.5619162418899998
413.606	0.5115544127596996
414.601	0.39253838469377944
415.592	0.29585737240909943
416.58500000000004	0.42451549363989954
417.576	0.18003200483589135
418.567	0.17313221284827932
419.559	0.18335657975999936
420.551	0.1849140487871974
421.551	0.21939056594529738
422.543	0.22017889552489037
423.535	0.22137143178789734
424.535	0.3345110395746914
425.527	0.5916751346716868
426.516	0.3158825788890994
427.507	0.4738569009796996
428.498	0.4934044326191996
429.48900000000003	0.6412817005042978
430.47700000000003	0.6734533091940997
431.468	0.7127660352640998
432.459	0.7725552434746997
433.449	0.7138281440799998
434.43	0.4434170809768975
435.411	0.39112760147739745
436.392	0.3576508854518544
437.373	0.30290571003657746
438.354	0.3078654252962344
439.334	0.3020629112858722
440.32300000000004	0.3394866920357674
441.314	0.41402073910919734
442.29900000000004	0.40607125422329454
443.289	0.5127429013695897
444.278	0.4826101260720917
445.269	0.5109070810936926
446.269	0.819376212131189
447.269	0.8806874046206731
448.25	0.8323663251583979
449.241	0.8248123475770989
450.232	0.6606057416695996
451.224	0.23705139520809737
452.223	0.3053323058899995
453.22200000000004	0.3139084106589985
454.221	0.3128064115178955
455.22	0.3517711267893985
456.219	0.35078910878969943
457.218	0.3499803318799995
458.217	0.34917776695989944
459.217	0.5165637668493986
460.217	0.8430705940073979
461.217	0.9212461675828407
462.217	0.9400353775482724
463.217	0.9389961454141847
464.217	0.9379636110628985
465.217	0.9369310767116125
466.21000000000004	0.6210147999999998
467.21000000000004	0.8979257415569478
468.21000000000004	0.9466489008659251
469.21000000000004	0.9457877330629976
470.201	0.47181654798493944
471.201	0.8276662711424818
472.201	0.9457369836179572
473.2	0.7557725155439877
474.2	0.9346685711223586
475.2	0.9539220855150893
476.19100000000003	0.9549717266869966
477.182	0.768089576392983
478.177	0.2718832728094984
479.177	0.6367096049302252
480.173	0.8863016914248899
481.164	0.3728891347494994
482.164	0.7683296357696999
483.163	0.6675801247296999
484.163	0.8860832462811719
485.163	0.9553078236152206
486.163	0.9546147048526759
487.163	0.9499270955883459
488.163	0.9446867457319489
489.163	0.9492454258606459
490.154	0.6724314043757548
491.145	0.8529622306228438
492.127	0.7369957406981997
493.127	0.8537043379289818
494.12	0.6778208876391996
495.12	0.9153373761848898
496.12	0.9544611285953973
497.111	0.4991125331574516
498.111	0.8847107940441891
499.111	0.939692234466256
500.10200000000003	0.8707758501868578
501.093	0.7922133299949979
502.08	0.35137779796509944
503.07800000000003	0.5682081644499997
504.072	0.30131842329289543
505.067	0.3815448504318735
506.067	0.8169883779662789
507.067	0.9352479847232739
508.058	0.48977494763839674
509.058	0.825819561689099
510.058	0.9339505896153778
511.056	0.821042803581026
512.049	0.871644829432225
513.04	0.823183009047353
514.0310000000001	0.8048044542081412
515.022	0.8062607598852289
516.0120000000001	0.7889131645210111
517.003	0.7904005349462921
517.994	0.6931926540925649
518.985	0.6255071764547098
519.976	0.47882153641649955
520.968	0.3911165523077525
521.96	0.35311479260058143
522.952	0.3541217212689544
523.944	0.3557036625014875
524.944	0.5372873594092796
525.944	0.6394046491207996
526.944	0.8111468845870989
527.9350000000001	0.7841408121589
528.926	0.7359458028799998
529.917	0.7400003552557858
530.914	0.6501729346594997
531.9110000000001	0.7902219094639878
532.9110000000001	0.9183279233596009
533.9110000000001	0.9358387724441176
534.9110000000001	0.9334416155454608
535.902	0.8157122098140919
536.893	0.7981280883999997
537.89	0.7980484864189998
538.89	0.8661269231348778
539.888	0.6666787397494987
540.881	0.6286177443659917
541.881	0.8328573963427938
542.881	0.9178558595022638
543.872	0.9094948727550008
544.861	0.6252079155146116
545.845	0.33566884560689947
546.843	0.6590572039272995
547.843	0.8408978919070438
548.8340000000001	0.8029372050031658
549.825	0.8152937559198744
550.815	0.6587319780309856
551.806	0.5116994248052515
552.797	0.4050359613785986
553.789	0.22790217793799836
554.783	0.23742465749759634
555.777	0.34551229436819847
556.771	0.2564621149922864
557.765	0.22722737384639338
558.759	0.2875930946337954
559.753	0.27812531610647645
560.747	0.28775002130238947
561.741	0.30803691051469645
562.735	0.30923358565609843
563.729	0.3105904164308875
564.723	0.31219313877196947
565.718	0.3416367547055815
566.713	0.4101520990796995
567.713	0.6501907658085938
568.7090000000001	0.6885187567428287
569.703	0.6684838125649865
570.703	0.7932929969191838
571.694	0.5182272020351656
572.6850000000001	0.3322485255343263
573.679	0.26363508690999937
574.674	0.22447751950564826
575.669	0.22527172465729842
576.665	0.22530425652509237
577.6610000000001	0.22559053168218837
578.657	0.22640232040727837
579.653	0.22723722578428138
580.649	0.2272314107183844
581.645	0.2270772985892804
582.642	0.22644963614699737
583.639	0.2260631713442724
584.636	0.22594431931256942
585.633	0.2257010554602664
586.631	0.24253630796158734
587.626	0.32910823266749745
588.626	0.6807088556697987
589.621	0.5620666102690997
590.62	0.6985096832976958
591.618	0.5578632762996997
592.618	0.7635959737914058
593.616	0.7225632018480997
594.616	0.8392118720431888
595.616	0.87501353353088
596.609	0.7977708236134788
597.6030000000001	0.4112315928998995
598.6030000000001	0.5283363369699997
599.602	0.5167858404386976
600.602	0.6944529295999999
601.602	0.8724322511286878
602.602	0.9411984058808989
603.602	0.9501108680817364
604.602	0.9490410769577676
605.596	0.44356817591999964
606.596	0.6512794886390997
607.596	0.8490069716477897
608.596	0.9473322325052069
609.596	0.9562041209040477
610.596	0.9551627083135965
611.596	0.9541277084402053
612.596	0.9530927085668139
613.596	0.9497434642345952
614.577	0.6789449826505697
615.577	0.7438920693052938
616.568	0.7785026744795894
617.568	0.936154009001979
618.568	0.9545456111758519
619.563	0.6379003759699997
620.563	0.9161914420450599
621.563	0.9653027263674882
622.563	0.9645300120282618
623.563	0.9637718079590857
624.563	0.9630136038899095
625.554	0.6171435935191997
626.546	0.6974532772878637
627.537	0.6787129738219687
628.527	0.6208676423920736
629.527	0.8818494061401759
630.527	0.9036130473163709
631.518	0.904284401286999
632.499	0.8538356646797
633.49	0.8537646500731749
634.481	0.8345356089883978
635.462	0.6562636139829198
636.452	0.5983229657299987
637.443	0.5897176117807735
638.434	0.6306758966091998
639.4250000000001	0.6420282024139968
640.416	0.6535248692568998
641.407	0.6551083629383997
642.398	0.6467056947999998
643.389	0.6290421999063838
644.38	0.6201137602785998
645.371	0.6118006507980998
646.371	0.7353261906092997
647.362	0.2713620457592994
648.362	0.5463208449198996
649.362	0.7527186285535877
650.361	0.6316815929899997
651.3530000000001	0.19781442498358934
652.3530000000001	0.48433700778999955
653.3530000000001	0.7602389970366497
654.3530000000001	0.897453214526326
655.3530000000001	0.9260630214739808
656.352	0.6858206928699998
657.352	0.8944055238685198
658.352	0.9434473824933798
659.352	0.9526897254611585
660.343	0.6573462782328915
661.343	0.9340015118752979
662.34	0.5151001879999996
663.34	0.6727901149562938
664.3340000000001	0.8258448977398
665.3340000000001	0.9542459631664858
666.3290000000001	0.5871138999999996
667.3290000000001	0.9051309446925738
668.3290000000001	0.9644343875481229
669.3290000000001	0.9640449110869146
670.3290000000001	0.9636565691607314
671.3290000000001	0.9632682272345481
672.3290000000001	0.9628798853083649
673.3290000000001	0.9624915433821816
674.3290000000001	0.9621032014559984
675.3290000000001	0.9602031047506491
676.32	0.7550057759599998
677.32	0.9528448069814349
678.32	0.972429631819235
679.32	0.9721726457894134
680.32	0.969441688466191
681.32	0.966059293
682.313	0.9725321
683.313	0.9723503
684.313	0.9721685
685.313	0.9719867000000001
686.313	0.9718049000000001
687.313	0.9817130000000001
688.313	0.9816221
689.313	0.9815312
690.313	0.99151
691.313	0.99151
692.313	0.99151
693.313	0.99151
694.313	0.99151
695.313	0.99151
696.313	0.99151
697.313	0.99151
698.313	0.99151
699.313	0.99151
700.313	0.99151
701.313	0.99151
702.313	0.99151
703.313	0.99151
704.313	0.99151
705.313	0.99151
706.313	0.99151
707.313	0.99151
708.313	0.99151
709.313	0.99151
710.313	0.99151
711.313	0.99151
712.313	0.99151
713.313	0.99151
714.313	0.99151
715.313	0.99151
716.313	0.99151
717.313	0.99151
718.313	0.99151
719.313	0.99151
720.313	0.99151
721.313	0.99151
722.313	0.99151
723.313	0.99151
724.313	0.99151
725.313	0.99151
726.313	0.99151
727.313	0.99151
728.313	0.99151
729.313	0.99151
730.313	0.99151
731.313	0.99151
732.313	0.99151
733.313	0.99151
734.313	0.99151
735.313	0.99151
736.313	0.99151
737.313	0.99151
738.313	0.99151
739.313	0.99151
740.313	0.99151
741.313	0.99151
742.313	0.99151
743.313	0.99151
744.313	0.99151
745.313	0.99151
746.313	0.99151
747.313	0.99151
748.313	0.99151
749.313	0.99151
750.313	0.99151
751.313	0.99151
752.313	0.99151
753.313	0.99151
754.313	0.99151
755.313	0.99151
756.313	0.99151
757.313	0.99151
758.313	0.99151
759.313	0.99151
760.313	0.99151
761.313	0.99151
762.313	0.99151
763.313	0.99151
764.313	0.99151
765.313	0.99151
766.313	0.99151
767.313	0.99151
768.313	0.99151
769.313	0.99151
770.313	0.99151
771.313	0.99151
772.313	0.99151
773.313	0.99151
774.313	0.99151
775.313	0.99151
776.313	0.99151
777.313	0.99151
778.313	0.99151
779.313	0.99151
780.313	0.99151
781.313	0.99151
782.313	0.99151
783.313	0.99151
784.313	0.99151
785.313	0.99151
786.313	0.99151
787.313	0.99151
788.313	0.99151
789.313	0.99151
790.313	0.99151
791.313	0.99151
792.313	0.99151
793.313	0.99151
794.313	0.99151
795.313	0.99151
796.313	0.99151
797.313	0.99151
798.313	0.99151
799.313	0.99151
800.313	0.99151
801.313	0.99151
802.313	0.99151
803.313	0.99151
804.313	0.99151
805.313	0.99151
806.313	0.99151
807.313	0.99151
808.313	0.99151
809.313	0.99151
810.313	0.99151
811.313	0.99151
812.313	0.99151
813.313	0.99151
814.313	0.99151
815.313	0.99151
816.313	0.99151
817.313	0.99151
818.313	0.99151
819.313	0.99151
820.313	0.99151
821.313	0.99151
822.313	0.99151
823.313	0.99151
824.313	0.99151
825.313	0.99151
826.313	0.99151
827.313	0.99151
828.313	0.99151
829.313	0.99151
830.313	0.99151
831.313	0.99151
832.313	0.99151
833.313	0.99151
834.313	0.99151
835.313	0.99151
836.313	0.99151
837.313	0.99151
838.313	0.99151
839.313	0.99151
840.313	0.99151
841.313	0.99151
842.313	0.99151
843.313	0.99151
844.313	0.99151
845.313	0.99151
846.313	0.99151
847.313	0.99151
848.313	0.99151
849.313	0.99151
850.313	0.99151
851.313	0.99151
852.313	0.99151
853.313	0.99151
854.313	0.99151
855.313	0.99151
856.313	0.99151
857.313	0.99151
858.313	0.99151
859.313	0.99151
860.313	0.99151
861.313	0.99151
862.313	0.99151
863.313	0.99151
864.313	0.99151
865.313	0.99151
866.313	0.99151
867.313	0.99151
868.313	0.99151
869.313	0.99151
870.313	0.99151
871.313	0.99151
872.313	0.99151
873.313	0.99151
874.313	0.99151
875.313	0.99151
876.313	0.99151
877.313	0.99151
878.313	0.99151
879.313	0.99151
880.313	0.99151
881.313	0.99151
882.313	0.99151
883.313	0.99151
884.313	0.99151
885.313	0.99151
886.313	0.99151
887.313	0.99151
888.313	0.99151
889.313	0.99151
890.313	0.99151
891.313	0.99151
892.313	0.99151
893.313	0.99151
894.313	0.99151
895.313	0.99151
896.313	0.99151
897.313	0.99151
898.313	0.99151
899.313	0.99151
900.313	0.99151
901.313	0.99151
902.313	0.99151
903.313	0.99151
904.313	0.99151
905.313	0.99151
906.313	0.99151
907.313	0.99151
908.313	0.99151
909.313	0.99151
910.313	0.99151
911.313	0.99151
912.313	0.99151
913.313	0.99151
914.313	0.99151
915.313	0.99151
916.313	0.99151
917.313	0.99151
918.313	0.99151
919.313	0.99151
920.313	0.99151
921.313	0.99151
922.313	0.99151
923.313	0.99151
924.313	0.99151
925.313	0.99151
926.313	0.99151
927.313	0.99151
928.313	0.99151
929.313	0.99151
930.313	0.99151
931.313	0.99151
932.313	0.99151
933.313	0.99151
934.313	0.99151
935.313	0.99151
936.313	0.99151
937.313	0.99151
938.313	0.99151
939.313	0.99151
940.313	0.99151
941.313	0.99151
942.313	0.99151
943.313	0.99151
944.313	0.99151
945.313	0.99151
946.313	0.99151
947.313	0.99151
948.313	0.99151
949.313	0.99151
950.313	0.99151
951.313	0.99151
952.313	0.99151
953.313	0.99151
954.313	0.99151
955.313	0.99151
956.313	0.99151
957.313	0.99151
958.313	0.99151
959.313	0.99151
960.313	0.99151
961.313	0.99151
962.313	0.99151
963.313	0.99151
964.313	0.99151
965.313	0.99151
966.313	0.99151
967.313	0.99151
968.313	0.99151
969.313	0.99151
970.313	0.99151
971.313	0.99151
972.313	0.99151
973.313	0.99151
974.313	0.99151
975.313	0.99151
976.313	0.99151
977.313	0.99151
978.313	0.99151
979.313	0.99151
980.313	0.99151
981.313	0.99151
982.313	0.99151
983.313	0.99151
984.313	0.99151
985.313	0.99151
986.313	0.99151
987.313	0.99151
988.313	0.99151
989.313	0.99151
990.313	0.99151
991.313	0.99151
992.313	0.99151
993.313	0.99151
994.313	0.99151
995.313	0.99151
996.313	0.99151
997.313	0.99151
998.313	0.99151
999.313	0.99151
1000.313	0.99151
1001.313	0.99151
1002.313	0.99151
1003.313	0.99151
1004.313	0.99151
1005.313	0.99151
1006.313	0.99151
1007.313	0.99151
1008.313	0.99151
1009.313	0.99151
1010.313	0.99151
1011.313	0.99151
1012.313	0.99151
1013.313	0.99151
1014.313	0.99151
1015.313	0.99151
1016.313	0.99151
1017.313	0.99151
1018.313	0.99151
1019.313	0.99151
1020.313	0.99151
1021.313	0.99151
1022.313	0.99151
1023.313	0.99151
1024.313	0.99151
1025.313	0.99151
1026.313	0.99151
1027.313	0.99151
1028.313	0.99151
1029.313	0.99151
1030.313	0.99151
1031.313	0.99151
1032.313	0.99151
1033.313	0.99151
1034.313	0.99151
1035.313	0.99151
1036.313	0.99151
1037.313	0.99151
1038.313	0.99151
1039.313	0.99151
1040.313	0.99151
1041.313	0.99151
1042.313	0.99151
1043.313	0.99151
1044.313	0.99151
1045.313	0.99151
1046.313	0.99151
1047.313	0.99151
1048.313	0.99151
1049.313	0.99151
1050.313	0.99151
1051.313	0.99151
1052.313	0.99151
1053.313	0.99151
1054.313	0.99151
1055.313	0.99151
1056.313	0.99151
1057.313	0.99151
1058.313	0.99151
1059.313	0.99151
1060.313	0.99151
1061.313	0.99151
1062.313	0.99151
1063.313	0.99151
1064.313	0.99151
1065.313	0.99151
1066.313	0.99151
1067.313	0.99151
1068.313	0.99151
1069.313	0.99151
1070.313	0.99151
1071.313	0.99151
1072.313	0.99151
1073.313	0.99151
1074.313	0.99151
1075.313	0.99151
1076.313	0.99151
1077.313	0.99151
1078.313	0.99151
1079.313	0.99151
1080.313	0.99151
1081.313	0.99151
1082.313	0.99151
1083.313	0.99151
1084.313	0.99151
1085.313	0.99151
1086.313	0.99151
1087.313	0.99151
1088.313	0.99151
1089.313	0.99151
1090.313	0.99151
1091.313	0.99151
1092.313	0.99151
1093.313	0.99151
1094.313	0.99151
1095.313	0.99151
1096.313	0.99151
1097.313	0.99151
1098.313	0.99151
1099.313	0.99151
1100.313	0.99151
1101.313	0.99151
1102.313	0.99151
1103.313	0.99151
1104.313	0.99151
1105.313	0.99151
1106.313	0.99151
1107.313	0.99151
1108.313	0.99151
1109.313	0.99151
1110.313	0.99151
1111.313	0.99151
1112.313	0.99151
1113.313	0.99151
1114.313	0.99151
1115.313	0.99151
1116.313	0.99151
1117.313	0.99151
1118.313	0.99151
1119.313	0.99151
1120.313	0.99151
1121.313	0.99151
1122.313	0.99151
1123.313	0.99151
1124.313	0.99151
1125.313	0.99151
1126.313	0.99151
1127.313	0.99151
1128.313	0.99151
1129.313	0.99151
1130.313	0.99151
1131.313	0.99151
1132.313	0.99151
1133.313	0.99151
1134.313	0.99151
1135.313	0.99151
1136.313	0.99151
1137.313	0.99151
1138.313	0.99151
1139.313	0.99151
1140.313	0.99151
1141.313	0.99151
1142.313	0.99151
1143.313	0.99151
1144.313	0.99151
1145.313	0.99151
1146.313	0.99151
1147.313	0.99151
1148.313	0.99151
1149.313	0.99151
1150.313	0.99151
1151.313	0.99151
1152.313	0.99151
1153.313	0.99151
1154.313	0.99151
1155.313	0.99151
1156.313	0.99151
1157.313	0.99151
1158.313	0.99151
1159.313	0.99151
1160.313	0.99151
1161.313	0.99151
1162.313	0.99151
1163.313	0.99151
1164.313	0.99151
1165.313	0.99151
1166.313	0.99151
1167.313	0.99151
1168.313	0.99151
1169.313	0.99151
1170.313	0.99151
1171.313	0.99151
1172.313	0.99151
1173.313	0.99151
1174.313	0.99151
1175.313	0.99151
1176.313	0.99151
1177.313	0.99151
1178.313	0.99151
1179.313	0.99151
1180.313	0.99151
1181.313	0.99151
1182.313	0.99151
1183.313	0.99151
1184.313	0.99151
1185.313	0.99151
1186.313	0.99151
1187.313	0.99151
1188.313	0.99151
1189.313	0.99151
1190.313	0.99151
1191.313	0.99151
1192.313	0.99151
1193.313	0.99151
1194.313	0.99151
1195.313	0.99151
1196.313	0.99151
1197.313	0.99151
1198.313	0.99151
1199.313	0.99151
1200.313	0.99151
1201.313	0.99151
1202.313	0.99151
1203.313	0.99151
1204.313	0.99151
1205.313	0.99151
1206.313	0.99151
1207.313	0.99151
1208.313	0.99151
1209.313	0.99151
1210.313	0.99151
1211.313	0.99151
1212.313	0.99151
1213.313	0.99151
1214.313	0.99151
1215.313	0.99151
1216.313	0.99151
1217.313	0.99151
1218.313	0.99151
1219.313	0.99151
1220.313	0.99151
1221.313	0.99151
1222.313	0.99151
1223.313	0.99151
1224.313	0.99151
1225.313	0.99151
1226.313	0.99151
1227.313	0.99151
1228.313	0.99151
1229.313	0.99151
1230.313	0.99151
1231.313	0.99151
1232.313	0.99151
1233.313	0.99151
1234.313	0.99151
1235.313	0.99151
1236.313	0.99151
1237.313	0.99151
1238.313	0.99151
1239.313	0.99151
1240.313	0.99151
1241.313	0.99151
1242.313	0.99151
1243.313	0.99151
1244.313	0.99151
1245.313	0.99151
1246.313	0.99151
1247.313	0.99151
1248.313	0.99151
1249.313	0.99151
1250.313	0.99151
1251.313	0.99151
1252.313	0.99151
1253.313	0.99151
1254.313	0.99151
1255.313	0.99151
1256.313	0.99151
1257.313	0.99151
1258.313	0.99151
1259.313	0.99151
1260.313	0.99151
1261.313	0.99151
1262.313	0.99151
1263.313	0.99151
1264.313	0.99151
1265.313	0.99151
1266.313	0.99151
1267.313	0.99151
1268.313	0.99151
1269.313	0.99151
1270.313	0.99151
1271.313	0.99151
1272.313	0.99151
1273.313	0.99151
1274.313	0.99151
1275.313	0.99151
1276.313	0.99151
1277.313	0.99151
1278.313	0.99151
1279.313	0.99151
1280.313	0.99151
1281.313	0.99151
1282.313	0.99151
1283.313	0.99151
1284.313	0.99151
1285.313	0.99151
1286.313	0.99151
1287.313	0.99151
1288.313	0.99151
1289.313	0.99151
1290.313	0.99151
1291.313	0.99151
1292.313	0.99151
1293.313	0.99151
1294.313	0.99151
1295.313	0.99151
1296.313	0.99151
1297.313	0.99151
1298.313	0.99151
1299.313	0.99151
1300.313	0.99151
1301.313	0.99151
1302.313	0.99151
1303.313	0.99151
1304.313	0.99151
1305.313	0.99151
1306.313	0.99151
1307.313	0.99151
1308.313	0.99151
1309.313	0.99151
1310.313	0.99151
1311.313	0.99151
1312.313	0.99151
1313.313	0.99151
1314.313	0.99151
1315.313	0.99151
1316.313	0.99151
1317.313	0.99151
1318.313	0.99151
1319.313	0.99151
1320.313	0.99151
1321.313	0.99151
1322.313	0.99151
1323.313	0.99151
1324.313	0.99151
1325.313	0.99151
1326.313	0.99151
1327.313	0.99151
1328.313	0.99151
1329.313	0.99151
1330.313	0.99151
1331.313	0.99151
1332.313	0.99151
1333.313	0.99151
1334.313	0.99151
1335.313	0.99151
1336.313	0.99151
1337.313	0.99151
1338.313	0.99151
1339.313	0.99151
1340.313	0.99151
1341.313	0.99151
1342.313	0.99151
1343.313	0.99151
1344.313	0.99151
1345.313	0.99151
1346.313	0.99151
1347.313	0.99151
1348.313	0.99151
1349.313	0.99151
1350.313	0.99151
1351.313	0.99151
1352.313	0.99151
1353.313	0.99151
1354.313	0.99151
1355.313	0.99151
1356.313	0.99151
1357.313	0.99151
1358.313	0.99151
1359.313	0.99151
1360.313	0.99151
1361.313	0.99151
1362.313	0.99151
1363.313	0.99151
1364.313	0.99151
1365.313	0.99151
1366.313	0.99151
1367.313	0.99151
1368.313	0.99151
1369.313	0.99151
1370.313	0.99151
1371.313	0.99151
1372.313	0.99151
1373.313	0.99151
1374.313	0.99151
1375.313	0.99151
1376.313	0.99151
1377.313	0.99151
1378.313	0.99151
1379.313	0.99151
1380.313	0.99151
1381.313	0.99151
1382.313	0.99151
1383.313	0.99151
1384.313	0.99151
1385.313	0.99151
1386.313	0.99151
1387.313	0.99151
1388.313	0.99151
1389.313	0.99151
1390.313	0.99151
1391.313	0.99151
1392.313	0.99151
1393.313	0.99151
1394.313	0.99151
1395.313	0.99151
1396.313	0.99151
1397.313	0.99151
1398.313	0.99151
1399.313	0.99151
1400.313	0.99151
1401.313	0.99151
1402.313	0.99151
1403.313	0.99151
1404.313	0.99151
1405.313	0.99151
1406.313	0.99151
1407.313	0.99151
1408.313	0.99151
1409.313	0.99151
1410.313	0.99151
1411.313	0.99151
1412.313	0.99151
1413.313	0.99151
1414.313	0.99151
1415.313	0.99151
1416.313	0.99151
1417.313	0.99151
1418.313	0.99151
1419.313	0.99151
1420.313	0.99151
1421.313	0.99151
1422.313	0.99151
1423.313	0.99151
1424.313	0.99151
1425.313	0.99151
1426.313	0.99151
1427.313	0.99151
1428.313	0.99151
1429.313	0.99151
1430.313	0.99151
1431.313	0.99151
1432.313	0.99151
1433.313	0.99151
1434.313	0.99151
1435.313	0.99151
1436.313	0.99151
1437.313	0.99151
1438.313	0.99151
1439.313	0.99151
1440.313	0.99151
1441.313	0.99151
1442.313	0.99151
1443.313	0.99151
1444.313	0.99151
1445.313	0.99151
1446.313	0.99151
1447.313	0.99151
1448.313	0.99151
1449.313	0.99151
1450.313	0.99151
1451.313	0.99151
1452.313	0.99151
1453.313	0.99151
1454.313	0.99151
1455.313	0.99151
1456.313	0.99151
1457.313	0.99151
1458.313	0.99151
1459.313	0.99151
1460.313	0.99151
1461.313	0.99151
1462.313	0.99151
1463.313	0.99151
1464.313	0.99151
1465.313	0.99151
1466.313	0.99151
1467.313	0.99151
1468.313	0.99151
1469.313	0.99151
1470.313	0.99151
1471.313	0.99151
1472.313	0.99151
1473.313	0.99151
1474.313	0.99151
1475.313	0.99151
1476.313	0.99151
1477.313	0.99151
1478.313	0.99151
1479.313	0.99151
1480.313	0.99151
1481.313	0.99151
1482.313	0.99151
1483.313	0.99151
1484.313	0.99151
1485.313	0.99151
1486.313	0.99151
1487.313	0.99151
1488.313	0.99151
1489.313	0.99151
1490.313	0.99151
1491.313	0.99151
1492.313	0.99151
1493.313	0.99151
1494.313	0.99151
1495.313	0.99151
1496.313	0.99151
1497.313	0.99151
1498.313	0.99151
1499.313	0.99151
1500.313	0.99151
1501.313	0.99151
1502.313	0.99151
1503.313	0.99151
1504.313	0.99151
1505.313	0.99151
1506.313	0.99151
1507.313	0.99151
1508.313	0.99151
1509.313	0.99151
1510.313	0.99151
1511.313	0.99151
1512.313	0.99151
1513.313	0.99151
1514.313	0.99151
1515.313	0.99151
1516.313	0.99151
1517.313	0.99151
1518.313	0.99151
1519.313	0.99151
1520.313	0.99151
1521.313	0.99151
1522.313	0.99151
1523.313	0.99151
1524.313	0.99151
1525.313	0.99151
1526.313	0.99151
1527.313	0.99151
1528.313	0.99151
1529.313	0.99151
1530.313	0.99151
1531.313	0.99151
1532.313	0.99151
1533.313	0.99151
1534.313	0.99151
1535.313	0.99151
1536.313	0.99151
1537.313	0.99151
1538.313	0.99151
1539.313	0.99151
1540.313	0.99151
1541.313	0.99151
1542.313	0.99151
1543.313	0.99151
1544.313	0.99151
1545.313	0.99151
1546.313	0.99151
1547.313	0.99151
1548.313	0.99151
1549.313	0.99151
1550.313	0.99151
1551.313	0.99151
1552.313	0.99151
1553.313	0.99151
1554.313	0.99151
1555.313	0.99151
1556.313	0.99151
1557.313	0.99151
1558.313	0.99151
1559.313	0.99151
1560.313	0.99151
1561.313	0.99151
1562.313	0.99151
1563.313	0.99151
1564.313	0.99151
1565.313	0.99151
1566.313	0.99151
1567.313	0.99151
1568.313	0.99151
1569.313	0.99151
1570.313	0.99151
1571.313	0.99151
1572.313	0.99151
1573.313	0.99151
1574.313	0.99151
1575.313	0.99151
1576.313	0.99151
1577.313	0.99151
1578.313	0.99151
1579.313	0.99151
1580.313	0.99151
1581.313	0.99151
1582.313	0.99151
1583.313	0.99151
1584.313	0.99151
1585.313	0.99151
1586.313	0.99151
1587.313	0.99151
1588.313	0.99151
1589.313	0.99151
1590.313	0.99151
1591.313	0.99151
1592.313	0.99151
1593.313	0.99151
1594.313	0.99151
1595.313	0.99151
1596.313	0.99151
1597.313	0.99151
1598.313	0.99151
1599.313	0.99151
1600.313	0.99151
1601.313	0.99151
1602.313	0.99151
1603.313	0.99151
1604.313	0.99151
1605.313	0.99151
1606.313	0.99151
1607.313	0.99151
1608.313	0.99151
1609.313	0.99151
1610.313	0.99151
1611.313	0.99151
1612.313	0.99151
1613.313	0.99151
1614.313	0.99151
1615.313	0.99151
1616.313	0.99151
1617.313	0.99151
1618.313	0.99151
1619.313	0.99151
1620.313	0.99151
1621.313	0.99151
1622.313	0.99151
1623.313	0.99151
1624.313	0.99151
1625.313	0.99151
1626.313	0.99151
1627.313	0.99151
1628.313	0.99151
1629.313	0.99151
1630.313	0.99151
1631.313	0.99151
1632.313	0.99151
1633.313	0.99151
1634.313	0.99151
1635.313	0.99151
1636.313	0.99151
1637.313	0.99151
1638.313	0.99151
1639.313	0.99151
1640.313	0.99151
1641.313	0.99151
1642.313	0.99151
1643.313	0.99151
1644.313	0.99151
1645.313	0.99151
1646.313	0.99151
1647.313	0.99151
1648.313	0.99151
1649.313	0.99151
1650.313	0.99151
1651.313	0.99151
1652.313	0.99151
1653.313	0.99151
1654.313	0.99151
1655.313	0.99151
1656.313	0.99151
1657.313	0.99151
1658.313	0.99151
1659.313	0.99151
1660.313	0.99151
1661.313	0.99151
1662.313	0.99151
1663.313	0.99151
1664.313	0.99151
1665.313	0.99151
1666.313	0.99151
1667.313	0.99151
1668.313	0.99151
1669.313	0.99151
1670.313	0.99151
1671.313	0.99151
1672.313	0.99151
1673.313	0.99151
1674.313	0.99151
1675.313	0.99151
1676.313	0.99151
1677.313	0.99151
1678.313	0.99151
1679.313	0.99151
1680.313	0.99151
1681.313	0.99151
1682.313	0.99151
1683.313	0.99151
1684.313	0.99151
1685.313	0.99151
1686.313	0.99151
1687.313	0.99151
1688.313	0.99151
1689.313	0.99151
1690.313	0.99151
1691.313	0.99151
1692.313	0.99151
1693.313	0.99151
1694.313	0.99151
1695.313	0.99151
1696.313	0.99151
1697.313	0.99151
1698.313	0.99151
1699.313	0.99151
1700.313	0.99151
1701.313	0.99151
1702.313	0.99151
1703.313	0.99151
1704.313	0.99151
1705.313	0.99151
1706.313	0.99151
1707.313	0.99151
1708.313	0.99151
1709.313	0.99151
1710.313	0.99151
1711.313	0.99151
1712.313	0.99151
1713.313	0.99151
1714.313	0.99151
1715.313	0.99151
1716.313	0.99151
1717.313	0.99151
1718.313	0.99151
1719.313	0.99151
1720.313	0.99151
1721.313	0.99151
1722.313	0.99151
1723.313	0.99151
1724.313	0.99151
1725.313	0.99151
1726.313	0.99151
1727.313	0.99151
1728.313	0.99151
1729.313	0.99151
1730.313	0.99151
1731.313	0.99151
1732.313	0.99151
1733.313	0.99151
1734.313	0.99151
1735.313	0.99151
1736.313	0.99151
1737.313	0.99151
1738.313	0.99151
1739.313	0.99151
1740.313	0.99151
1741.313	0.99151
1742.313	0.99151
1743.313	0.99151
1744.313	0.99151
1745.313	0.99151
1746.313	0.99151
1747.313	0.99151
1748.313	0.99151
1749.313	0.99151
1750.313	0.99151
1751.313	0.99151
1752.313	0.99151
1753.313	0.99151
1754.313	0.99151
1755.313	0.99151
1756.313	0.99151
1757.313	0.99151
1758.313	0.99151
1759.313	0.99151
1760.313	0.99151
1761.313	0.99151
1762.313	0.99151
1763.313	0.99151
1764.313	0.99151
1765.313	0.99151
1766.313	0.99151
1767.313	0.99151
1768.313	0.99151
1769.313	0.99151
1770.313	0.99151
1771.313	0.99151
1772.313	0.99151
1773.313	0.99151
1774.313	0.99151
1775.313	0.99151
1776.313	0.99151
1777.313	0.99151
1778.313	0.99151
1779.313	0.99151
1780.313	0.99151
1781.313	0.99151
1782.313	0.99151
1783.313	0.99151
1784.313	0.99151
1785.313	0.99151
1786.313	0.99151
1787.313	0.99151
1788.313	0.99151
1789.313	0.99151
1790.313	0.99151
1791.313	0.99151
1792.313	0.99151
1793.313	0.99151
1794.313	0.99151
1795.313	0.99151
1796.313	0.99151
1797.313	0.99151
1798.313	0.99151
1799.313	0.99151
1800.313	0.99151
1801.313	0.99151
1802.313	0.99151
1803.313	0.99151
1804.313	0.99151
1805.313	0.99151
1806.313	0.99151
1807.313	0.99151
1808.313	0.99151
1809.313	0.99151
1810.313	0.99151
1811.313	0.99151
1812.313	0.99151
1813.313	0.99151
1814.313	0.99151
1815.313	0.99151
1816.313	0.99151
1817.313	0.99151
1818.313	0.99151
1819.313	0.99151
1820.313	0.99151
1821.313	0.99151
1822.313	0.99151
1823.313	0.99151
1824.313	0.99151
1825.313	0.99151
1826.313	0.99151
1827.313	0.99151
1828.313	0.99151
1829.313	0.99151
1830.313	0.99151
1831.313	0.99151
1832.313	0.99151
1833.313	0.99151
1834.313	0.99151
1835.313	0.99151
1836.313	0.99151
1837.313	0.99151
1838.313	0.99151
1839.313	0.99151
1840.313	0.99151
1841.313	0.99151
1842.313	0.99151
1843.313	0.99151
1844.313	0.99151
1845.313	0.99151
1846.313	0.99151
1847.313	0.99151
1848.313	0.99151
1849.313	0.99151
1850.313	0.99151
1851.313	0.99151
1852.313	0.99151
1853.313	0.99151
1854.313	0.99151
1855.313	0.99151
1856.313	0.99151
1857.313	0.99151
1858.313	0.99151
1859.313	0.99151
1860.313	0.99151
1861.313	0.99151
1862.313	0.99151
1863.313	0.99151
1864.313	0.99151
1865.313	0.99151
1866.313	0.99151
1867.313	0.99151
1868.313	0.99151
1869.313	0.99151
1870.313	0.99151
1871.313	0.99151
1872.313	0.99151
1873.313	0.99151
1874.313	0.99151
1875.313	0.99151
1876.313	0.99151
1877.313	0.99151
1878.313	0.99151
1879.313	0.99151
1880.313	0.99151
1881.313	0.99151
1882.313	0.99151
1883.313	0.99151
1884.313	0.99151
1885.313	0.99151
1886.313	0.99151
1887.313	0.99151
1888.313	0.99151
1889.313	0.99151
1890.313	0.99151
1891.313	0.99151
1892.313	0.99151
1893.313	0.99151
1894.313	0.99151
1895.313	0.99151
1896.313	0.99151
1897.313	0.99151
1898.313	0.99151
1899.313	0.99151
1900.313	0.99151
1901.313	0.99151
1902.313	0.99151
1903.313	0.99151
1904.313	0.99151
1905.313	0.99151
1906.313	0.99151
1907.313	0.99151
1908.313	0.99151
1909.313	0.99151
1910.313	0.99151
1911.313	0.99151
1912.313	0.99151
1913.313	0.99151
1914.313	0.99151
1915.313	0.99151
1916.313	0.99151
1917.313	0.99151
1918.313	0.99151
1919.313	0.99151
1920.313	0.99151
1921.313	0.99151
1922.313	0.99151
1923.313	0.99151
1924.313	0.99151
1925.313	0.99151
1926.313	0.99151
1927.313	0.99151
1928.313	0.99151
1929.313	0.99151
1930.313	0.99151
1931.313	0.99151
1932.313	0.99151
1933.313	0.99151
1934.313	0.99151
1935.313	0.99151
1936.313	0.99151
1937.313	0.99151
1938.313	0.99151
1939.313	0.99151
1940.313	0.99151
1941.313	0.99151
1942.313	0.99151
1943.313	0.99151
1944.313	0.99151
1945.313	0.99151
1946.313	0.99151
1947.313	0.99151
1948.313	0.99151
1949.313	0.99151
1950.313	0.99151
1951.313	0.99151
1952.313	0.99151
1953.313	0.99151
1954.313	0.99151
1955.313	0.99151
1956.313	0.99151
1957.313	0.99151
1958.313	0.99151
1959.313	0.99151
1960.313	0.99151
1961.313	0.99151
1962.313	0.99151
1963.313	0.99151
1964.313	0.99151
1965.313	0.99151
1966.313	0.99151
1967.313	0.99151
1968.313	0.99151
1969.313	0.99151
1970.313	0.99151
1971.313	0.99151
1972.313	0.99151
1973.313	0.99151
1974.313	0.99151
1975.313	0.99151
1976.313	0.99151
1977.313	0.99151
1978.313	0.99151
1979.313	0.99151
1980.313	0.99151
1981.313	0.99151
1982.313	0.99151
1983.313	0.99151
1984.313	0.99151
1985.313	0.99151
1986.313	0.99151
1987.313	0.99151
1988.313	0.99151
1989.313	0.99151
1990.313	0.99151
1991.313	0.99151
1992.313	0.99151
1993.313	0.99151
1994.313	0.99151
1995.313	0.99151
1996.313	0.99151
1997.313	0.99151
1998.313	0.99151
1999.313	0.99151
2000.313	0.99151
2001.313	0.99151
2002.313	0.99151
2003.313	0.99151
2004.313	0.99151
2005.313	0.99151
2006.313	0.99151
2007.313	0.99151
2008.313	0.99151
2009.313	0.99151
2010.313	0.99151
2011.313	0.99151
2012.313	0.99151
2013.313	0.99151
2014.313	0.99151
2015.313	0.99151
2016.313	0.99151
2017.313	0.99151
2018.313	0.99151
2019.313	0.99151
2020.313	0.99151
2021.313	0.99151
2022.313	0.99151
2023.313	0.99151
2024.313	0.99151
2025.313	0.99151
2026.313	0.99151
2027.313	0.99151
2028.313	0.99151
2029.313	0.99151
2030.313	0.99151
2031.313	0.99151
2032.313	0.99151
2033.313	0.99151
2034.313	0.99151
2035.313	0.99151
2036.313	0.99151
2037.313	0.99151
2038.313	0.99151
2039.313	0.99151
2040.313	0.99151
2041.313	0.99151
2042.313	0.99151
2043.313	0.99151
2044.313	0.99151
2045.313	0.99151
2046.313	0.99151
2047.313	0.99151
2048.313	0.99151
2049.313	0.99151
2050.313	0.99151
2051.313	0.99151
2052.313	0.99151
2053.313	0.99151
2054.313	0.99151
2055.313	0.99151
2056.313	0.99151
2057.313	0.99151
2058.313	0.99151
2059.313	0.99151
2060.313	0.99151
2061.313	0.99151
2062.313	0.99151
2063.313	0.99151
2064.313	0.99151
2065.313	0.99151
2066.313	0.99151
2067.313	0.99151
2068.313	0.99151
2069.313	0.99151
2070.313	0.99151
2071.313	0.99151
2072.313	0.99151
2073.313	0.99151
2074.313	0.99151
2075.313	0.99151
2076.313	0.99151
2077.313	0.99151
2078.313	0.99151
2079.313	0.99151
2080.313	0.99151
2081.313	0.99151
2082.313	0.99151
2083.313	0.99151
2084.313	0.99151
2085.313	0.99151
2086.313	0.99151
2087.313	0.99151
2088.313	0.99151
2089.313	0.99151
2090.313	0.99151
2091.313	0.99151
2092.313	0.99151
2093.313	0.99151
2094.313	0.99151
2095.313	0.99151
2096.313	0.99151
2097.313	0.99151
2098.313	0.99151
2099.313	0.99151
2100.313	0.99151
2101.313	0.99151
2102.313	0.99151
2103.313	0.99151
2104.313	0.99151
2105.313	0.99151
2106.313	0.99151
2107.313	0.99151
2108.313	0.99151
2109.313	0.99151
2110.313	0.99151
2111.313	0.99151
2112.313	0.99151
2113.313	0.99151
2114.313	0.99151
2115.313	0.99151
2116.313	0.99151
2117.313	0.99151
2118.313	0.99151
2119.313	0.99151
2120.313	0.99151
2121.313	0.99151
2122.313	0.99151
2123.313	0.99151
2124.313	0.99151
2125.313	0.99151
2126.313	0.99151
2127.313	0.99151
2128.313	0.99151
2129.313	0.99151
2130.313	0.99151
2131.313	0.99151
2132.313	0.99151
2133.313	0.99151
2134.313	0.99151
2135.313	0.99151
2136.313	0.99151
2137.313	0.99151
2138.313	0.99151
2139.313	0.99151
2140.313	0.99151
2141.313	0.99151
2142.313	0.99151
2143.313	0.99151
2144.313	0.99151
2145.313	0.99151
2146.313	0.99151
2147.313	0.99151
2148.313	0.99151
2149.313	0.99151
2150.313	0.99151
2151.313	0.99151
2152.313	0.99151
2153.313	0.99151
2154.313	0.99151
2155.313	0.99151
2156.313	0.99151
2157.313	0.99151
2158.313	0.99151
2159.313	0.99151
2160.313	0.99151
2161.313	0.99151
2162.313	0.99151
2163.313	0.99151
2164.313	0.99151
2165.313	0.99151
2166.313	0.99151
2167.313	0.99151
2168.313	0.99151
2169.313	0.99151
2170.313	0.99151
2171.313	0.99151
2172.313	0.99151
2173.313	0.99151
2174.313	0.99151
2175.313	0.99151
2176.313	0.99151
2177.313	0.99151
2178.313	0.99151
2179.313	0.99151
2180.313	0.99151
2181.313	0.99151
2182.313	0.99151
2183.313	0.99151
2184.313	0.99151
2185.313	0.99151
2186.313	0.99151
2187.313	0.99151
2188.313	0.99151
2189.313	0.99151
2190.313	0.99151
2191.313	0.99151
2192.313	0.99151
2193.313	0.99151
2194.313	0.99151
2195.313	0.99151
2196.313	0.99151
2197.313	0.99151
2198.313	0.99151
2199.313	0.99151
2200.313	0.99151
2201.313	0.99151
2202.313	0.99151
2203.313	0.99151
2204.313	0.99151
2205.313	0.99151
2206.313	0.99151
2207.313	0.99151
2208.313	0.99151
2209.313	0.99151
2210.313	0.99151
2211.313	0.99151
2212.313	0.99151
2213.313	0.99151
2214.313	0.99151
2215.313	0.99151
2216.313	0.99151
2217.313	0.99151
2218.313	0.99151
2219.313	0.99151
2220.313	0.99151
2221.313	0.99151
2222.313	0.99151
2223.313	0.99151
2224.313	0.99151
2225.313	0.99151
2226.313	0.99151
2227.313	0.99151
2228.313	0.99151
2229.313	0.99151
2230.313	0.99151
2231.313	0.99151
2232.313	0.99151
2233.313	0.99151
2234.313	0.99151
2235.313	0.99151
2236.313	0.99151
2237.313	0.99151
2238.313	0.99151
2239.313	0.99151
2240.313	0.99151
2241.313	0.99151
2242.313	0.99151
2243.313	0.99151
2244.313	0.99151
2245.313	0.99151
2246.313	0.99151
2247.313	0.99151
2248.313	0.99151
2249.313	0.99151
2250.313	0.99151
2251.313	0.99151
2252.313	0.99151
2253.313	0.99151
2254.313	0.99151
2255.313	0.99151
2256.313	0.99151
2257.313	0.99151
2258.313	0.99151
2259.313	0.99151
2260.313	0.99151
2261.313	0.99151
2262.313	0.99151
2263.313	0.99151
2264.313	0.99151
2265.313	0.99151
2266.313	0.99151
2267.313	0.99151
2268.313	0.99151
2269.313	0.99151
2270.313	0.99151
2271.313	0.99151
2272.313	0.99151
2273.313	0.99151
2274.313	0.99151
2275.313	0.99151
2276.313	0.99151
2277.313	0.99151
2278.313	0.99151
2279.313	0.99151
2280.313	0.99151
2281.313	0.99151
2282.313	0.99151
2283.313	0.99151
2284.313	0.99151
2285.313	0.99151
2286.313	0.99151
2287.313	0.99151
2288.313	0.99151
2289.313	0.99151
2290.313	0.99151
2291.313	0.99151
2292.313	0.99151
2293.313	0.99151
2294.313	0.99151
2295.313	0.99151
2296.313	0.99151
2297.313	0.99151
2298.313	0.99151
2299.313	0.99151
2300.313	0.99151
2301.313	0.99151
2302.313	0.99151
2303.313	0.99151
2304.313	0.99151
2305.313	0.99151
2306.313	0.99151
2307.313	0.99151
2308.313	0.99151
2309.313	0.99151
2310.313	0.99151
2311.313	0.99151
2312.313	0.99151
2313.313	0.99151
2314.313	0.99151
2315.313	0.99151
2316.313	0.99151
2317.313	0.99151
2318.313	0.99151
2319.313	0.99151
2320.313	0.99151
2321.313	0.99151
2322.313	0.99151
2323.313	0.99151
2324.313	0.99151
2325.313	0.99151
2326.313	0.99151
2327.313	0.99151
2328.313	0.99151
2329.313	0.99151
2330.313	0.99151
2331.313	0.99151
2332.313	0.99151
2333.313	0.99151
2334.313	0.99151
2335.313	0.99151
2336.313	0.99151
2337.313	0.99151
2338.313	0.99151
2339.313	0.99151
2340.313	0.99151
2341.313	0.99151
2342.313	0.99151
2343.313	0.99151
2344.313	0.99151
2345.313	0.99151
2346.313	0.99151
2347.313	0.99151
2348.313	0.99151
2349.313	0.99151
2350.313	0.99151
2351.313	0.99151
2352.313	0.99151
2353.313	0.99151
2354.313	0.99151
2355.313	0.99151
2356.313	0.99151
2357.313	0.99151
2358.313	0.99151
2359.313	0.99151
2360.313	0.99151
2361.313	0.99151
2362.313	0.99151
2363.313	0.99151
2364.313	0.99151
2365.313	0.99151
2366.313	0.99151
2367.313	0.99151
2368.313	0.99151
2369.313	0.99151
2370.313	0.99151
2371.313	0.99151
2372.313	0.99151
2373.313	0.99151
2374.313	0.99151
2375.313	0.99151
2376.313	0.99151
2377.313	0.99151
2378.313	0.99151
2379.313	0.99151
2380.313	0.99151
2381.313	0.99151
2382.313	0.99151
2383.313	0.99151
2384.313	0.99151
2385.313	0.99151
2386.313	0.99151
2387.313	0.99151
2388.313	0.99151
2389.313	0.99151
2390.313	0.99151
2391.313	0.99151
2392.313	0.99151
2393.313	0.99151
2394.313	0.99151
2395.313	0.99151
2396.313	0.99151
2397.313	0.99151
2398.313	0.99151
2399.313	0.99151
2400.313	0.99151
2401.313	0.99151
2402.313	0.99151
2403.313	0.99151
2404.313	0.99151
2405.313	0.99151
2406.313	0.99151
2407.313	0.99151
2408.313	0.99151
2409.313	0.99151
2410.313	0.99151
2411.313	0.99151
2412.313	0.99151
2413.313	0.99151
2414.313	0.99151
2415.313	0.99151
2416.313	0.99151
2417.313	0.99151
2418.313	0.99151
2419.313	0.99151
2420.313	0.99151
2421.313	0.99151
2422.313	0.99151
2423.313	0.99151
2424.313	0.99151
2425.313	0.99151
2426.313	0.99151
2427.313	0.99151
2428.313	0.99151
2429.313	0.99151
2430.313	0.99151
2431.313	0.99151
2432.313	0.99151
2433.313	0.99151
2434.313	0.99151
2435.313	0.99151
2436.313	0.99151
2437.313	0.99151
2438.313	0.99151
2439.313	0.99151
2440.313	0.99151
2441.313	0.99151
2442.313	0.99151
2443.313	0.99151
2444.313	0.99151
2445.313	0.99151
2446.313	0.99151
2447.313	0.99151
2448.313	0.99151
2449.313	0.99151
2450.313	0.99151
2451.313	0.99151
2452.313	0.99151
2453.313	0.99151
2454.313	0.99151
2455.313	0.99151
2456.313	0.99151
2457.313	0.99151
2458.313	0.99151
2459.313	0.99151
2460.313	0.99151
2461.313	0.99151
2462.313	0.99151
2463.313	0.99151
2464.313	0.99151
2465.313	0.99151
2466.313	0.99151
2467.313	0.99151
2468.313	0.99151
2469.313	0.99151
2470.313	0.99151
2471.313	0.99151
2472.313	0.99151
2473.313	0.99151
2474.313	0.99151
2475.313	0.99151
2476.313	0.99151
2477.313	0.99151
2478.313	0.99151
2479.313	0.99151
2480.313	0.99151
2481.313	0.99151
2482.313	0.99151
2483.313	0.99151
2484.313	0.99151
2485.313	0.99151
2486.313	0.99151
2487.313	0.99151
2488.313	0.99151
2489.313	0.99151
2490.313	0.99151
2491.313	0.99151
2492.313	0.99151
2493.313	0.99151
2494.313	0.99151
2495.313	0.99151
2496.313	0.99151
2497.313	0.99151
2498.313	0.99151
2499.313	0.99151
2500.313	0.99151
2501.313	0.99151
2502.313	0.99151
2503.313	0.99151
2504.313	0.99151
2505.313	0.99151
2506.313	0.99151
2507.313	0.99151
2508.313	0.99151
2509.313	0.99151
2510.313	0.99151
2511.313	0.99151
2512.313	0.99151
2513.313	0.99151
2514.313	0.99151
2515.313	0.99151
2516.313	0.99151
2517.313	0.99151
2518.313	0.99151
2519.313	0.99151
2520.313	0.99151
2521.313	0.99151
2522.313	0.99151
2523.313	0.99151
2524.313	0.99151
2525.313	0.99151
2526.313	0.99151
2527.313	0.99151
2528.313	0.99151
2529.313	0.99151
2530.313	0.99151
2531.313	0.99151
2532.313	0.99151
2533.313	0.99151
2534.313	0.99151
2535.313	0.99151
2536.313	0.99151
2537.313	0.99151
2538.313	0.99151
2539.313	0.99151
2540.313	0.99151
2541.313	0.99151
2542.313	0.99151
2543.313	0.99151
2544.313	0.99151
2545.313	0.99151
2546.313	0.99151
2547.313	0.99151
2548.313	0.99151
2549.313	0.99151
2550.313	0.99151
2551.313	0.99151
2552.313	0.99151
2553.313	0.99151
2554.313	0.99151
2555.313	0.99151
2556.313	0.99151
2557.313	0.99151
2558.313	0.99151
2559.313	0.99151
2560.313	0.99151
2561.313	0.99151
2562.313	0.99151
2563.313	0.99151
2564.313	0.99151
2565.313	0.99151
2566.313	0.99151
2567.313	0.99151
2568.313	0.99151
2569.313	0.99151
2570.313	0.99151
2571.313	0.99151
2572.313	0.99151
2573.313	0.99151
2574.313	0.99151
2575.313	0.99151
2576.313	0.99151
2577.313	0.99151
2578.313	0.99151
2579.313	0.99151
2580.313	0.99151
2581.313	0.99151
2582.313	0.99151
2583.313	0.99151
2584.313	0.99151
2585.313	0.99151
2586.313	0.99151
2587.313	0.99151
2588.313	0.99151
2589.313	0.99151
2590.313	0.99151
2591.313	0.99151
2592.313	0.99151
2593.313	0.99151
2594.313	0.99151
2595.313	0.99151
2596.313	0.99151
2597.313	0.99151
2598.313	0.99151
2599.313	0.99151
2600.313	0.99151
2601.313	0.99151
2602.313	0.99151
2603.313	0.99151
2604.313	0.99151
2605.313	0.99151
2606.313	0.99151
2607.313	0.99151
2608.313	0.99151
2609.313	0.99151
2610.313	0.99151
2611.313	0.99151
2612.313	0.99151
2613.313	0.99151
2614.313	0.99151
2615.313	0.99151
2616.313	0.99151
2617.313	0.99151
2618.313	0.99151
2619.313	0.99151
2620.313	0.99151
2621.313	0.99151
2622.313	0.99151
2623.313	0.99151
2624.313	0.99151
2625.313	0.99151
2626.313	0.99151
2627.313	0.99151
2628.313	0.99151
2629.313	0.99151
2630.313	0.99151
2631.313	0.99151
2632.313	0.99151
2633.313	0.99151
2634.313	0.99151
2635.313	0.99151
2636.313	0.99151
2637.313	0.99151
2638.313	0.99151
2639.313	0.99151
2640.313	0.99151
2641.313	0.99151
2642.313	0.99151
2643.313	0.99151
2644.313	0.99151
2645.313	0.99151
2646.313	0.99151
2647.313	0.99151
2648.313	0.99151
2649.313	0.99151
2650.313	0.99151
2651.313	0.99151
2652.313	0.99151
2653.313	0.99151
2654.313	0.99151
2655.313	0.99151
2656.313	0.99151
2657.313	0.99151
2658.313	0.99151
2659.313	0.99151
2660.313	0.99151
2661.313	0.99151
2662.313	0.99151
2663.313	0.99151
2664.313	0.99151
2665.313	0.99151
2666.313	0.99151
2667.313	0.99151
2668.313	0.99151
2669.313	0.99151
2670.313	0.99151
2671.313	0.99151
2672.313	0.99151
2673.313	0.99151
2674.313	0.99151
2675.313	0.99151
2676.313	0.99151
2677.313	0.99151
2678.313	0.99151
2679.313	0.99151
2680.313	0.99151
2681.313	0.99151
2682.313	0.99151
2683.313	0.99151
2684.313	0.99151
2685.313	0.99151
2686.313	0.99151
2687.313	0.99151
2688.313	0.99151
2689.313	0.99151
2690.313	0.99151
2691.313	0.99151
2692.313	0.99151
2693.313	0.99151
2694.313	0.99151
2695.313	0.99151
2696.313	0.99151
2697.313	0.99151
2698.313	0.99151
2699.313	0.99151
2700.313	0.99151
2701.313	0.99151
2702.313	0.99151
2703.313	0.99151
2704.313	0.99151
2705.313	0.99151
2706.313	0.99151
2707.313	0.99151
2708.313	0.99151
2709.313	0.99151
2710.313	0.99151
2711.313	0.99151
2712.313	0.99151
2713.313	0.99151
2714.313	0.99151
2715.313	0.99151
2716.313	0.99151
2717.313	0.99151
2718.313	0.99151
2719.313	0.99151
2720.313	0.99151
2721.313	0.99151
2722.313	0.99151
2723.313	0.99151
2724.313	0.99151
2725.313	0.99151
2726.313	0.99151
2727.313	0.99151
2728.313	0.99151
2729.313	0.99151
2730.313	0.99151
2731.313	0.99151
2732.313	0.99151
2733.313	0.99151
2734.313	0.99151
2735.313	0.99151
2736.313	0.99151
2737.313	0.99151
2738.313	0.99151
2739.313	0.99151
2740.313	0.99151
2741.313	0.99151
2742.313	0.99151
2743.313	0.99151
2744.313	0.99151
2745.313	0.99151
2746.313	0.99151
2747.313	0.99151
2748.313	0.99151
2749.313	0.99151
2750.313	0.99151
2751.313	0.99151
2752.313	0.99151
2753.313	0.99151
2754.313	0.99151
2755.313	0.99151
2756.313	0.99151
2757.313	0.99151
2758.313	0.99151
2759.313	0.99151
2760.313	0.99151
2761.313	0.99151
2762.313	0.99151
2763.313	0.99151
2764.313	0.99151
2765.313	0.99151
2766.313	0.99151
2767.313	0.99151
2768.313	0.99151
2769.313	0.99151
2770.313	0.99151
2771.313	0.99151
2772.313	0.99151
2773.313	0.99151
2774.313	0.99151
2775.313	0.99151
2776.313	0.99151
2777.313	0.99151
2778.313	0.99151
2779.313	0.99151
2780.313	0.99151
2781.313	0.99151
2782.313	0.99151
2783.313	0.99151
2784.313	0.99151
2785.313	0.99151
2786.313	0.99151
2787.313	0.99151
2788.313	0.99151
2789.313	0.99151
2790.313	0.99151
2791.313	0.99151
2792.313	0.99151
2793.313	0.99151
2794.313	0.99151
2795.313	0.99151
2796.313	0.99151
2797.313	0.99151
2798.313	0.99151
2799.313	0.99151
2800.313	0.99151
2801.313	0.99151
2802.313	0.99151
2803.313	0.99151
2804.313	0.99151
2805.313	0.99151
2806.313	0.99151
2807.313	0.99151
2808.313	0.99151
2809.313	0.99151
2810.313	0.99151
2811.313	0.99151
2812.313	0.99151
2813.313	0.99151
2814.313	0.99151
2815.313	0.99151
2816.313	0.99151
2817.313	0.99151
2818.313	0.99151
2819.313	0.99151
2820.313	0.99151
2821.313	0.99151
2822.313	0.99151
2823.313	0.99151
2824.313	0.99151
2825.313	0.99151
2826.313	0.99151
2827.313	0.99151
2828.313	0.99151
2829.313	0.99151
2830.313	0.99151
2831.313	0.99151
2832.313	0.99151
2833.313	0.99151
2834.313	0.99151
2835.313	0.99151
2836.313	0.99151
2837.313	0.99151
2838.313	0.99151
2839.313	0.99151
2840.313	0.99151
2841.313	0.99151
2842.313	0.99151
2843.313	0.99151
2844.313	0.99151
2845.313	0.99151
2846.313	0.99151
2847.313	0.99151
2848.313	0.99151
2849.313	0.99151
2850.313	0.99151
2851.313	0.99151
2852.313	0.99151
2853.313	0.99151
2854.313	0.99151
2855.313	0.99151
2856.313	0.99151
2857.313	0.99151
2858.313	0.99151
2859.313	0.99151
2860.313	0.99151
2861.313	0.99151
2862.313	0.99151
2863.313	0.99151
2864.313	0.99151
2865.313	0.99151
2866.313	0.99151
2867.313	0.99151
2868.313	0.99151
2869.313	0.99151
2870.313	0.99151
2871.313	0.99151
2872.313	0.99151
2873.313	0.99151
2874.313	0.99151
2875.313	0.99151
2876.313	0.99151
2877.313	0.99151
2878.313	0.99151
2879.313	0.99151
2880.313	0.99151
2881.313	0.99151
2882.313	0.99151
2883.313	0.99151
2884.313	0.99151
2885.313	0.99151
2886.313	0.99151
2887.313	0.99151
2888.313	0.99151
2889.313	0.99151
2890.313	0.99151
2891.313	0.99151
2892.313	0.99151
2893.313	0.99151
2894.313	0.99151
2895.313	0.99151
2896.313	0.99151
2897.313	0.99151
2898.313	0.99151
2899.313	0.99151
2900.313	0.99151
2901.313	0.99151
2902.313	0.99151
2903.313	0.99151
2904.313	0.99151
2905.313	0.99151
2906.313	0.99151
2907.313	0.99151
2908.313	0.99151
2909.313	0.99151
2910.313	0.99151
2911.313	0.99151
2912.313	0.99151
2913.313	0.99151
2914.313	0.99151
2915.313	0.99151
2916.313	0.99151
2917.313	0.99151
2918.313	0.99151
2919.313	0.99151
2920.313	0.99151
2921.313	0.99151
2922.313	0.99151
2923.313	0.99151
2924.313	0.99151
2925.313	0.99151
2926.313	0.99151
2927.313	0.99151
2928.313	0.99151
2929.313	0.99151
2930.313	0.99151
2931.313	0.99151
2932.313	0.99151
2933.313	0.99151
2934.313	0.99151
2935.313	0.99151
2936.313	0.99151
2937.313	0.99151
2938.313	0.99151
2939.313	0.99151
2940.313	0.99151
2941.313	0.99151
2942.313	0.99151
2943.313	0.99151
2944.313	0.99151
2945.313	0.99151
2946.313	0.99151
2947.313	0.99151
2948.313	0.99151
2949.313	0.99151
2950.313	0.99151
2951.313	0.99151
2952.313	0.99151
2953.313	0.99151
2954.313	0.99151
2955.313	0.99151
2956.313	0.99151
2957.313	0.99151
2958.313	0.99151
2959.313	0.99151
2960.313	0.99151
2961.313	0.99151
2962.313	0.99151
2963.313	0.99151
2964.313	0.99151
2965.313	0.99151
2966.313	0.99151
2967.313	0.99151
2968.313	0.99151
2969.313	0.99151
2970.313	0.99151
2971.313	0.99151
2972.313	0.99151
2973.313	0.99151
2974.313	0.99151
2975.313	0.99151
2976.313	0.99151
2977.313	0.99151
2978.313	0.99151
2979.313	0.99151
2980.313	0.99151
2981.313	0.99151
2982.313	0.99151
2983.313	0.99151
2984.313	0.99151
2985.313	0.99151
2986.313	0.99151
2987.313	0.99151
2988.313	0.99151
2989.313	0.99151
2990.313	0.99151
2991.313	0.99151
2992.313	0.99151
2993.313	0.99151
