0.41600000000000004	0.5160753778102631
1.346	0.5146625187425613
2.279	0.5166487827782449
3.226	0.5202548941672871
4.159	0.5146141322907156
5.099	0.5078233425278338
6.031	0.49539665983081516
6.972	0.4975060504965428
7.913	0.49375762986317095
8.852	0.4867945250782451
9.816	0.5177637283844754
10.755	0.5088731572942964
11.707	0.5133209450828727
12.664	0.5278017930924702
13.615	0.5470958571436705
14.551	0.5277700701132281
15.504	0.545782612688955
16.446	0.5529449382741166
17.399	0.5621925957278123
18.336000000000002	0.5429922483955142
19.278	0.5456266997600058
20.22	0.5321005333547504
21.175	0.5593928959900181
22.108	0.5553402851400758
23.042	0.515938601747929
23.996000000000002	0.5130209179326986
24.951	0.530238256721436
25.901	0.5116737880698752
26.846	0.4296729381569263
27.801000000000002	0.42786536617015886
28.75	0.41145111778695465
29.704	0.413227260805639
30.674	0.4708398679124531
31.648	0.6218927068475746
32.595	0.5240492400067183
33.56	0.5968518493623599
34.509	0.47012015278169267
35.464	0.4619300092979607
36.42	0.420605596639635
37.382	0.4500604199096612
38.345	0.4537319004341805
39.309	0.5101208563171642
40.271	0.5285281955395337
41.236000000000004	0.5393538621284193
42.193	0.4710852306660962
43.167	0.5609711323393783
44.126	0.422905190421506
45.085	0.2952727589355046
46.051	0.2565569889854982
47.02	0.2872439218773367
47.989000000000004	0.24328266758101877
48.958	0.21396312711411472
49.932	0.26076696549919975
50.909	0.377187978205472
51.875	0.2867465984893699
52.856	0.7289182333852137
53.821	0.40269232032312385
54.796	0.6245346419092901
55.764	0.5350022514281846
56.74	0.6430558083848384
57.714	0.644132613256086
58.69	0.7285491249853269
59.667	0.741867829762294
60.637	0.5648735937187902
61.613	0.6712867894197886
62.58	0.4138034224982703
63.553000000000004	0.3782694341257515
64.524	0.19245094722177633
65.497	0.18315040095459936
66.47	0.16792942875552103
67.449	0.26497260407278095
68.429	0.5263219097677999
69.405	0.5294545172704125
70.384	0.5706966594132223
71.365	0.7252045252734458
72.343	0.6958236433459988
73.324	0.7110083535380024
74.306	0.6870563411844551
75.285	0.5209263348204874
76.271	0.6499190694862701
77.252	0.5099275187674986
78.235	0.34488658041817755
79.218	0.4352920848409124
80.202	0.6533019531335493
81.182	0.4234103226676171
82.167	0.6154389009915088
83.154	0.6498056487391105
84.143	0.7302735032201316
85.129	0.44990769534936437
86.114	0.31434742014332395
87.10000000000001	0.20367978947510482
88.09	0.41696672691207287
89.078	0.35380905665258056
90.066	0.2714436068360691
91.055	0.3430700939571169
92.046	0.6254205246271464
93.035	0.4497743222167638
94.024	0.33431217932088964
95.016	0.8383036172859605
96.002	0.12454239169390072
96.995	0.8004694835297709
97.98100000000001	0.4583862175102456
98.97200000000001	0.8421938800289543
99.96000000000001	0.8754247878178838
100.941	0.6743938578011326
101.927	0.6673279639297643
102.914	0.7832924186663228
103.901	0.4896018264892993
104.889	0.5616677929985191
105.879	0.8005532932998173
106.876	0.9642697675227507
107.854	0.6167922038341215
108.843	0.5506656406920809
109.831	0.4761406164696862
110.821	0.511734437666917
111.811	0.754816723559488
112.802	0.9349773437669997
113.789	0.8003157835065134
114.776	0.4911725029094745
115.768	0.8445728665602232
116.759	0.40922554742016615
117.755	0.5194527409448801
118.74600000000001	0.39443381412143985
119.73700000000001	0.4378433382182872
120.73100000000001	0.48329706565554903
121.72800000000001	0.6696134611523695
122.715	0.23035329485203998
123.709	0.6410299335881751
124.70400000000001	0.5505915774913674
125.697	0.7244790457395454
126.688	0.52103920701475
127.685	0.8259534642561226
128.68200000000002	0.957302625565309
129.678	0.8271888374277123
130.667	0.47064346601764717
131.66400000000002	0.4658427393043169
132.662	0.5475163945692411
133.66	0.639412004412998
134.659	0.9105239405600802
135.655	0.4130721304068399
136.654	0.7910820401239872
137.654	1.0
138.654	1.0
139.654	1.0
140.654	1.0
141.654	1.0
142.654	1.0
143.654	1.0
144.654	1.0
145.654	1.0
146.654	1.0
147.654	1.0
148.654	1.0
149.654	1.0
150.654	1.0
151.654	1.0
152.654	1.0
153.654	1.0
154.654	1.0
155.654	1.0
156.654	1.0
157.654	1.0
158.654	1.0
159.654	1.0
160.654	1.0
161.654	1.0
162.654	1.0
163.654	1.0
164.654	1.0
165.654	1.0
166.654	1.0
167.654	1.0
168.654	1.0
169.654	1.0
170.654	1.0
171.654	1.0
172.654	1.0
173.654	1.0
174.654	1.0
175.654	1.0
176.654	1.0
177.654	1.0
178.654	1.0
179.654	1.0
180.654	1.0
181.654	1.0
182.654	1.0
183.654	1.0
184.654	1.0
185.654	1.0
186.654	1.0
187.654	1.0
188.654	1.0
189.654	1.0
190.654	1.0
191.654	1.0
192.654	1.0
193.654	1.0
194.654	1.0
195.654	1.0
196.654	1.0
197.654	1.0
198.654	1.0
199.654	1.0
200.654	1.0
201.654	1.0
202.654	1.0
203.654	1.0
204.654	1.0
205.654	1.0
206.654	1.0
207.654	1.0
208.654	1.0
209.654	1.0
210.654	1.0
211.654	1.0
212.654	1.0
213.654	1.0
214.654	1.0
215.654	1.0
216.654	1.0
217.654	1.0
218.654	1.0
219.654	1.0
220.654	1.0
221.654	1.0
222.654	1.0
223.654	1.0
224.654	1.0
225.654	1.0
226.654	1.0
227.654	1.0
228.654	1.0
229.654	1.0
230.654	1.0
231.654	1.0
232.654	1.0
233.654	1.0
234.654	1.0
235.654	1.0
236.654	1.0
237.654	1.0
238.654	1.0
239.654	1.0
240.654	1.0
241.654	1.0
242.654	1.0
243.654	1.0
244.654	1.0
245.654	1.0
246.654	1.0
247.654	1.0
248.654	1.0
249.654	1.0
250.654	1.0
251.654	1.0
252.654	1.0
253.654	1.0
254.654	1.0
255.654	1.0
256.654	1.0
257.654	1.0
258.654	1.0
259.654	1.0
260.654	1.0
261.654	1.0
262.654	1.0
263.654	1.0
264.654	1.0
265.654	1.0
266.654	1.0
267.654	1.0
268.654	1.0
269.654	1.0
270.654	1.0
271.654	1.0
272.654	1.0
273.654	1.0
274.654	1.0
275.654	1.0
276.654	1.0
277.654	1.0
278.654	1.0
279.654	1.0
280.654	1.0
281.654	1.0
282.654	1.0
283.654	1.0
284.654	1.0
285.654	1.0
286.654	1.0
287.654	1.0
288.654	1.0
289.654	1.0
290.654	1.0
291.654	1.0
292.654	1.0
293.654	1.0
294.654	1.0
295.654	1.0
296.654	1.0
297.654	1.0
298.654	1.0
299.654	1.0
300.654	1.0
301.654	1.0
302.654	1.0
303.654	1.0
304.654	1.0
305.654	1.0
306.654	1.0
307.654	1.0
308.654	1.0
309.654	1.0
310.654	1.0
311.654	1.0
312.654	1.0
313.654	1.0
314.654	1.0
315.654	1.0
316.654	1.0
317.654	1.0
318.654	1.0
319.654	1.0
320.654	1.0
321.654	1.0
322.654	1.0
323.654	1.0
324.654	1.0
325.654	1.0
326.654	1.0
327.654	1.0
328.654	1.0
329.654	1.0
330.654	1.0
331.654	1.0
332.654	1.0
333.654	1.0
334.654	1.0
335.654	1.0
336.654	1.0
337.654	1.0
338.654	1.0
339.654	1.0
340.654	1.0
341.654	1.0
342.654	1.0
343.654	1.0
344.654	1.0
345.654	1.0
346.654	1.0
347.654	1.0
348.654	1.0
349.654	1.0
350.654	1.0
351.654	1.0
352.654	1.0
353.654	1.0
354.654	1.0
355.654	1.0
356.654	1.0
357.654	1.0
358.654	1.0
359.654	1.0
360.654	1.0
361.654	1.0
362.654	1.0
363.654	1.0
364.654	1.0
365.654	1.0
366.654	1.0
367.654	1.0
368.654	1.0
369.654	1.0
370.654	1.0
371.654	1.0
372.654	1.0
373.654	1.0
374.654	1.0
375.654	1.0
376.654	1.0
377.654	1.0
378.654	1.0
379.654	1.0
380.654	1.0
381.654	1.0
382.654	1.0
383.654	1.0
384.654	1.0
385.654	1.0
386.654	1.0
387.654	1.0
388.654	1.0
389.654	1.0
390.654	1.0
391.654	1.0
392.654	1.0
393.654	1.0
394.654	1.0
395.654	1.0
396.654	1.0
397.654	1.0
398.654	1.0
399.654	1.0
400.654	1.0
401.654	1.0
402.654	1.0
403.654	1.0
404.654	1.0
405.654	1.0
406.654	1.0
407.654	1.0
408.654	1.0
409.654	1.0
410.654	1.0
411.654	1.0
412.654	1.0
413.654	1.0
414.654	1.0
415.654	1.0
416.654	1.0
417.654	1.0
418.654	1.0
419.654	1.0
420.654	1.0
421.654	1.0
422.654	1.0
423.654	1.0
424.654	1.0
425.654	1.0
426.654	1.0
427.654	1.0
428.654	1.0
429.654	1.0
430.654	1.0
431.654	1.0
432.654	1.0
433.654	1.0
434.654	1.0
435.654	1.0
436.654	1.0
437.654	1.0
438.654	1.0
439.654	1.0
440.654	1.0
441.654	1.0
442.654	1.0
443.654	1.0
444.654	1.0
445.654	1.0
446.654	1.0
447.654	1.0
448.654	1.0
449.654	1.0
450.654	1.0
451.654	1.0
452.654	1.0
453.654	1.0
454.654	1.0
455.654	1.0
456.654	1.0
457.654	1.0
458.654	1.0
459.654	1.0
460.654	1.0
461.654	1.0
462.654	1.0
463.654	1.0
464.654	1.0
465.654	1.0
466.654	1.0
467.654	1.0
468.654	1.0
469.654	1.0
470.654	1.0
471.654	1.0
472.654	1.0
473.654	1.0
474.654	1.0
475.654	1.0
476.654	1.0
477.654	1.0
478.654	1.0
479.654	1.0
480.654	1.0
481.654	1.0
482.654	1.0
483.654	1.0
484.654	1.0
485.654	1.0
486.654	1.0
487.654	1.0
488.654	1.0
489.654	1.0
490.654	1.0
491.654	1.0
492.654	1.0
493.654	1.0
494.654	1.0
495.654	1.0
496.654	1.0
497.654	1.0
498.654	1.0
499.654	1.0
500.654	1.0
501.654	1.0
502.654	1.0
503.654	1.0
504.654	1.0
505.654	1.0
506.654	1.0
507.654	1.0
508.654	1.0
509.654	1.0
510.654	1.0
511.654	1.0
512.654	1.0
513.654	1.0
514.654	1.0
515.654	1.0
516.654	1.0
517.654	1.0
518.654	1.0
519.654	1.0
520.654	1.0
521.654	1.0
522.654	1.0
523.654	1.0
524.654	1.0
525.654	1.0
526.654	1.0
527.654	1.0
528.654	1.0
529.654	1.0
530.654	1.0
531.654	1.0
532.654	1.0
533.654	1.0
534.654	1.0
535.654	1.0
536.654	1.0
537.654	1.0
538.654	1.0
539.654	1.0
540.654	1.0
541.654	1.0
542.654	1.0
543.654	1.0
544.654	1.0
545.654	1.0
546.654	1.0
547.654	1.0
548.654	1.0
549.654	1.0
550.654	1.0
551.654	1.0
552.654	1.0
553.654	1.0
554.654	1.0
555.654	1.0
556.654	1.0
557.654	1.0
558.654	1.0
559.654	1.0
560.654	1.0
561.654	1.0
562.654	1.0
563.654	1.0
564.654	1.0
565.654	1.0
566.654	1.0
567.654	1.0
568.654	1.0
569.654	1.0
570.654	1.0
571.654	1.0
572.654	1.0
573.654	1.0
574.654	1.0
575.654	1.0
576.654	1.0
577.654	1.0
578.654	1.0
579.654	1.0
580.654	1.0
581.654	1.0
582.654	1.0
583.654	1.0
584.654	1.0
585.654	1.0
586.654	1.0
587.654	1.0
588.654	1.0
589.654	1.0
590.654	1.0
591.654	1.0
592.654	1.0
593.654	1.0
594.654	1.0
595.654	1.0
596.654	1.0
597.654	1.0
598.654	1.0
599.654	1.0
600.654	1.0
601.654	1.0
602.654	1.0
603.654	1.0
604.654	1.0
605.654	1.0
606.654	1.0
607.654	1.0
608.654	1.0
609.654	1.0
610.654	1.0
611.654	1.0
612.654	1.0
613.654	1.0
614.654	1.0
615.654	1.0
616.654	1.0
617.654	1.0
618.654	1.0
619.654	1.0
620.654	1.0
621.654	1.0
622.654	1.0
623.654	1.0
624.654	1.0
625.654	1.0
626.654	1.0
627.654	1.0
628.654	1.0
629.654	1.0
630.654	1.0
631.654	1.0
632.654	1.0
633.654	1.0
634.654	1.0
635.654	1.0
636.654	1.0
637.654	1.0
638.654	1.0
639.654	1.0
640.654	1.0
641.654	1.0
642.654	1.0
643.654	1.0
644.654	1.0
645.654	1.0
646.654	1.0
647.654	1.0
648.654	1.0
649.654	1.0
650.654	1.0
651.654	1.0
652.654	1.0
653.654	1.0
654.654	1.0
655.654	1.0
656.654	1.0
657.654	1.0
658.654	1.0
659.654	1.0
660.654	1.0
661.654	1.0
662.654	1.0
663.654	1.0
664.654	1.0
665.654	1.0
666.654	1.0
667.654	1.0
668.654	1.0
669.654	1.0
670.654	1.0
671.654	1.0
672.654	1.0
673.654	1.0
674.654	1.0
675.654	1.0
676.654	1.0
677.654	1.0
678.654	1.0
679.654	1.0
680.654	1.0
681.654	1.0
682.654	1.0
683.654	1.0
684.654	1.0
685.654	1.0
686.654	1.0
687.654	1.0
688.654	1.0
689.654	1.0
690.654	1.0
691.654	1.0
692.654	1.0
693.654	1.0
694.654	1.0
695.654	1.0
696.654	1.0
697.654	1.0
698.654	1.0
699.654	1.0
700.654	1.0
701.654	1.0
702.654	1.0
703.654	1.0
704.654	1.0
705.654	1.0
706.654	1.0
707.654	1.0
708.654	1.0
709.654	1.0
710.654	1.0
711.654	1.0
712.654	1.0
713.654	1.0
714.654	1.0
715.654	1.0
716.654	1.0
717.654	1.0
718.654	1.0
719.654	1.0
720.654	1.0
721.654	1.0
722.654	1.0
723.654	1.0
724.654	1.0
725.654	1.0
726.654	1.0
727.654	1.0
728.654	1.0
729.654	1.0
730.654	1.0
731.654	1.0
732.654	1.0
733.654	1.0
734.654	1.0
735.654	1.0
736.654	1.0
737.654	1.0
738.654	1.0
739.654	1.0
740.654	1.0
741.654	1.0
742.654	1.0
743.654	1.0
744.654	1.0
745.654	1.0
746.654	1.0
747.654	1.0
748.654	1.0
749.654	1.0
750.654	1.0
751.654	1.0
752.654	1.0
753.654	1.0
754.654	1.0
755.654	1.0
756.654	1.0
757.654	1.0
758.654	1.0
759.654	1.0
760.654	1.0
761.654	1.0
762.654	1.0
763.654	1.0
764.654	1.0
765.654	1.0
766.654	1.0
767.654	1.0
768.654	1.0
769.654	1.0
770.654	1.0
771.654	1.0
772.654	1.0
773.654	1.0
774.654	1.0
775.654	1.0
776.654	1.0
777.654	1.0
778.654	1.0
779.654	1.0
780.654	1.0
781.654	1.0
782.654	1.0
783.654	1.0
784.654	1.0
785.654	1.0
786.654	1.0
787.654	1.0
788.654	1.0
789.654	1.0
790.654	1.0
791.654	1.0
792.654	1.0
793.654	1.0
794.654	1.0
795.654	1.0
796.654	1.0
797.654	1.0
798.654	1.0
799.654	1.0
800.654	1.0
801.654	1.0
802.654	1.0
803.654	1.0
804.654	1.0
805.654	1.0
806.654	1.0
807.654	1.0
808.654	1.0
809.654	1.0
810.654	1.0
811.654	1.0
812.654	1.0
813.654	1.0
814.654	1.0
815.654	1.0
816.654	1.0
817.654	1.0
818.654	1.0
819.654	1.0
820.654	1.0
821.654	1.0
822.654	1.0
823.654	1.0
824.654	1.0
825.654	1.0
826.654	1.0
827.654	1.0
828.654	1.0
829.654	1.0
830.654	1.0
831.654	1.0
832.654	1.0
833.654	1.0
834.654	1.0
835.654	1.0
836.654	1.0
837.654	1.0
838.654	1.0
839.654	1.0
840.654	1.0
841.654	1.0
842.654	1.0
843.654	1.0
844.654	1.0
845.654	1.0
846.654	1.0
847.654	1.0
848.654	1.0
849.654	1.0
850.654	1.0
851.654	1.0
852.654	1.0
853.654	1.0
854.654	1.0
855.654	1.0
856.654	1.0
857.654	1.0
858.654	1.0
859.654	1.0
860.654	1.0
861.654	1.0
862.654	1.0
863.654	1.0
864.654	1.0
865.654	1.0
866.654	1.0
867.654	1.0
868.654	1.0
869.654	1.0
870.654	1.0
871.654	1.0
872.654	1.0
873.654	1.0
874.654	1.0
875.654	1.0
876.654	1.0
877.654	1.0
878.654	1.0
879.654	1.0
880.654	1.0
881.654	1.0
882.654	1.0
883.654	1.0
884.654	1.0
885.654	1.0
886.654	1.0
887.654	1.0
888.654	1.0
889.654	1.0
890.654	1.0
891.654	1.0
892.654	1.0
893.654	1.0
894.654	1.0
895.654	1.0
896.654	1.0
897.654	1.0
898.654	1.0
899.654	1.0
900.654	1.0
901.654	1.0
902.654	1.0
903.654	1.0
904.654	1.0
905.654	1.0
906.654	1.0
907.654	1.0
908.654	1.0
909.654	1.0
910.654	1.0
911.654	1.0
912.654	1.0
913.654	1.0
914.654	1.0
915.654	1.0
916.654	1.0
917.654	1.0
918.654	1.0
919.654	1.0
920.654	1.0
921.654	1.0
922.654	1.0
923.654	1.0
924.654	1.0
925.654	1.0
926.654	1.0
927.654	1.0
928.654	1.0
929.654	1.0
930.654	1.0
931.654	1.0
932.654	1.0
933.654	1.0
934.654	1.0
935.654	1.0
936.654	1.0
937.654	1.0
938.654	1.0
939.654	1.0
940.654	1.0
941.654	1.0
942.654	1.0
943.654	1.0
944.654	1.0
945.654	1.0
946.654	1.0
947.654	1.0
948.654	1.0
949.654	1.0
950.654	1.0
951.654	1.0
952.654	1.0
953.654	1.0
954.654	1.0
955.654	1.0
956.654	1.0
957.654	1.0
958.654	1.0
959.654	1.0
960.654	1.0
961.654	1.0
962.654	1.0
963.654	1.0
964.654	1.0
965.654	1.0
966.654	1.0
967.654	1.0
968.654	1.0
969.654	1.0
970.654	1.0
971.654	1.0
972.654	1.0
973.654	1.0
974.654	1.0
975.654	1.0
976.654	1.0
977.654	1.0
978.654	1.0
979.654	1.0
980.654	1.0
981.654	1.0
982.654	1.0
983.654	1.0
984.654	1.0
985.654	1.0
986.654	1.0
987.654	1.0
988.654	1.0
989.654	1.0
990.654	1.0
991.654	1.0
992.654	1.0
993.654	1.0
994.654	1.0
995.654	1.0
