0.72	0.531872295060631
1.649	0.5256286995993856
2.588	0.5256854107971723
3.5260000000000002	0.5187266633636337
4.463	0.5301579219752053
5.388	0.5114829967570959
6.323	0.518141124104811
7.25	0.5034376481075779
8.189	0.5235669420641758
9.115	0.5074168046843035
10.055	0.5075647524540242
10.988	0.500349632285747
11.926	0.4964407817791345
12.853	0.47646392766796536
13.789	0.4755464911451074
14.723	0.48235451808069435
15.669	0.4891501160931373
16.612000000000002	0.48535657185811953
17.556	0.48231960884487707
18.501	0.4657474431348433
19.454	0.4583576910749047
20.405	0.44929301719637865
21.357	0.4580300461932735
22.31	0.4647109403199693
23.258	0.4549235724204065
24.198	0.45164325453456805
25.142	0.4503682160055704
26.084	0.4449791274716574
27.04	0.4378768988918207
27.976	0.44159179177211094
28.914	0.4448616116870662
29.846	0.4518839673825345
30.801000000000002	0.4492448391626093
31.747	0.43872916140745766
32.697	0.4443153357541452
33.645	0.4439302796443693
34.582	0.46177039583406004
35.53	0.4576201502802327
36.479	0.46537343607494486
37.424	0.4629180155239847
38.367	0.45811580667047525
39.311	0.47264860537786046
40.265	0.49514397260887855
41.212	0.5269858793079403
42.157000000000004	0.4917214068222808
43.112	0.5762734648076265
44.055	0.529715890451337
45.015	0.6177903932148687
45.977000000000004	0.681047922418513
46.923	0.6292849755290839
47.872	0.5743254355953658
48.835	0.7112814803929708
49.787	0.6562174325810576
50.748	0.7033367286115921
51.711	0.7614005711958692
52.671	0.7400934863305214
53.627	0.6476307182750776
54.583	0.470787470396268
55.554	0.692617470116305
56.522	0.7739586511748215
57.487	0.779332420536025
58.444	0.6095383891705235
59.403	0.5429883253247695
60.359	0.26712725551301886
61.342	0.6457920480988999
62.299	0.31904634506336993
63.26	0.2579276077697172
64.228	0.2677380631021214
65.211	0.7690099377163514
66.169	0.49419883786431246
67.13	0.3079204798849489
68.09	0.23071744300654146
69.06700000000001	0.3948432650644039
70.018	0.21262932029137604
70.981	0.20319484923977663
71.946	0.20901849325478195
72.921	0.27716769804129554
73.881	0.22233319353598205
74.85300000000001	0.2258055566668661
75.82300000000001	0.29235161960732675
76.783	0.21446616394497192
77.746	0.2182198087417478
78.709	0.20309872106564414
79.678	0.1836831953678478
80.651	0.18356273918206967
81.62	0.17573600927035213
82.589	0.17764047672959574
83.557	0.16974175141753384
84.535	0.1644400429681241
85.521	0.2747980513283809
86.49	0.1883967934463607
87.471	0.3308662204732797
88.449	0.5744972077807462
89.425	0.6171528972254433
90.405	0.7454135399964894
91.374	0.54993359266386
92.35300000000001	0.7050993179906542
93.32900000000001	0.7534075014376139
94.298	0.3723804393346512
95.277	0.6674399003190535
96.255	0.6209547565239301
97.23400000000001	0.5128584624195941
98.21300000000001	0.42033729508172873
99.19200000000001	0.5121724421099768
100.171	0.6505706064054855
101.15	0.7335431978841469
102.132	0.7850684584936605
103.11	0.5504956727122391
104.092	0.17734613100367425
105.078	0.3162159686067007
106.06700000000001	0.7527469827784554
107.054	0.8124045482002351
108.037	0.7874447185573016
109.023	0.6187465901823187
110.013	0.7914832166854301
110.999	0.6432474092828836
111.989	0.8213201766804712
112.97	0.20920609496505424
113.96000000000001	0.5184091104722036
114.941	0.215724845187707
115.932	0.6494032792418735
116.913	0.41470670253334746
117.898	0.2886095286035103
118.892	0.8834923839012034
119.87	0.5222582929212638
120.854	0.1438741233603988
121.84400000000001	0.6198984188481144
122.833	0.8567738088869684
123.81400000000001	0.7894793529135173
124.794	0.4767585196317696
125.782	0.659825611363172
126.772	0.8689352374553778
127.757	0.554182438545446
128.748	0.7390636957503284
129.74	0.5443531714008575
130.73	0.23619049958782076
131.727	0.7241325641508122
132.717	0.3758161077157108
133.709	0.1785045219396535
134.704	0.17062868413947074
135.704	0.778470241773092
136.704	0.9208759277913473
137.69400000000002	0.5040112940430368
138.69	0.500178099100151
139.689	0.560107131614503
140.679	0.25020071072927436
141.678	0.43157585717144137
142.669	0.5188248755216677
143.661	0.9202915706506464
144.66	0.9081240939395965
145.656	0.5238980429283289
146.653	0.39453830848085647
147.65200000000002	0.5096604258266828
148.65	0.5789908442256443
149.649	0.9871275005111607
150.648	0.8205985726666666
151.648	1.0
152.648	1.0
153.648	1.0
154.648	1.0
155.648	1.0
156.648	1.0
157.648	1.0
158.648	1.0
159.648	1.0
160.648	1.0
161.648	1.0
162.648	1.0
163.648	1.0
164.648	1.0
165.648	1.0
166.648	1.0
167.648	1.0
168.648	1.0
169.648	1.0
170.648	1.0
171.648	1.0
172.648	1.0
173.648	1.0
174.648	1.0
175.648	1.0
176.648	1.0
177.648	1.0
178.648	1.0
179.648	1.0
180.648	1.0
181.648	1.0
182.648	1.0
183.648	1.0
184.648	1.0
185.648	1.0
186.648	1.0
187.648	1.0
188.648	1.0
189.648	1.0
190.648	1.0
191.648	1.0
192.648	1.0
193.648	1.0
194.648	1.0
195.648	1.0
196.648	1.0
197.648	1.0
198.648	1.0
199.648	1.0
200.648	1.0
201.648	1.0
202.648	1.0
203.648	1.0
204.648	1.0
205.648	1.0
206.648	1.0
207.648	1.0
208.648	1.0
209.648	1.0
210.648	1.0
211.648	1.0
212.648	1.0
213.648	1.0
214.648	1.0
215.648	1.0
216.648	1.0
217.648	1.0
218.648	1.0
219.648	1.0
220.648	1.0
221.648	1.0
222.648	1.0
223.648	1.0
224.648	1.0
225.648	1.0
226.648	1.0
227.648	1.0
228.648	1.0
229.648	1.0
230.648	1.0
231.648	1.0
232.648	1.0
233.648	1.0
234.648	1.0
235.648	1.0
236.648	1.0
237.648	1.0
238.648	1.0
239.648	1.0
240.648	1.0
241.648	1.0
242.648	1.0
243.648	1.0
244.648	1.0
245.648	1.0
246.648	1.0
247.648	1.0
248.648	1.0
249.648	1.0
250.648	1.0
251.648	1.0
252.648	1.0
253.648	1.0
254.648	1.0
255.648	1.0
256.648	1.0
257.648	1.0
258.648	1.0
259.648	1.0
260.648	1.0
261.648	1.0
262.648	1.0
263.648	1.0
264.648	1.0
265.648	1.0
266.648	1.0
267.648	1.0
268.648	1.0
269.648	1.0
270.648	1.0
271.648	1.0
272.648	1.0
273.648	1.0
274.648	1.0
275.648	1.0
276.648	1.0
277.648	1.0
278.648	1.0
279.648	1.0
280.648	1.0
281.648	1.0
282.648	1.0
283.648	1.0
284.648	1.0
285.648	1.0
286.648	1.0
287.648	1.0
288.648	1.0
289.648	1.0
290.648	1.0
291.648	1.0
292.648	1.0
293.648	1.0
294.648	1.0
295.648	1.0
296.648	1.0
297.648	1.0
298.648	1.0
299.648	1.0
300.648	1.0
301.648	1.0
302.648	1.0
303.648	1.0
304.648	1.0
305.648	1.0
306.648	1.0
307.648	1.0
308.648	1.0
309.648	1.0
310.648	1.0
311.648	1.0
312.648	1.0
313.648	1.0
314.648	1.0
315.648	1.0
316.648	1.0
317.648	1.0
318.648	1.0
319.648	1.0
320.648	1.0
321.648	1.0
322.648	1.0
323.648	1.0
324.648	1.0
325.648	1.0
326.648	1.0
327.648	1.0
328.648	1.0
329.648	1.0
330.648	1.0
331.648	1.0
332.648	1.0
333.648	1.0
334.648	1.0
335.648	1.0
336.648	1.0
337.648	1.0
338.648	1.0
339.648	1.0
340.648	1.0
341.648	1.0
342.648	1.0
343.648	1.0
344.648	1.0
345.648	1.0
346.648	1.0
347.648	1.0
348.648	1.0
349.648	1.0
350.648	1.0
351.648	1.0
352.648	1.0
353.648	1.0
354.648	1.0
355.648	1.0
356.648	1.0
357.648	1.0
358.648	1.0
359.648	1.0
360.648	1.0
361.648	1.0
362.648	1.0
363.648	1.0
364.648	1.0
365.648	1.0
366.648	1.0
367.648	1.0
368.648	1.0
369.648	1.0
370.648	1.0
371.648	1.0
372.648	1.0
373.648	1.0
374.648	1.0
375.648	1.0
376.648	1.0
377.648	1.0
378.648	1.0
379.648	1.0
380.648	1.0
381.648	1.0
382.648	1.0
383.648	1.0
384.648	1.0
385.648	1.0
386.648	1.0
387.648	1.0
388.648	1.0
389.648	1.0
390.648	1.0
391.648	1.0
392.648	1.0
393.648	1.0
394.648	1.0
395.648	1.0
396.648	1.0
397.648	1.0
398.648	1.0
399.648	1.0
400.648	1.0
401.648	1.0
402.648	1.0
403.648	1.0
404.648	1.0
405.648	1.0
406.648	1.0
407.648	1.0
408.648	1.0
409.648	1.0
410.648	1.0
411.648	1.0
412.648	1.0
413.648	1.0
414.648	1.0
415.648	1.0
416.648	1.0
417.648	1.0
418.648	1.0
419.648	1.0
420.648	1.0
421.648	1.0
422.648	1.0
423.648	1.0
424.648	1.0
425.648	1.0
426.648	1.0
427.648	1.0
428.648	1.0
429.648	1.0
430.648	1.0
431.648	1.0
432.648	1.0
433.648	1.0
434.648	1.0
435.648	1.0
436.648	1.0
437.648	1.0
438.648	1.0
439.648	1.0
440.648	1.0
441.648	1.0
442.648	1.0
443.648	1.0
444.648	1.0
445.648	1.0
446.648	1.0
447.648	1.0
448.648	1.0
449.648	1.0
450.648	1.0
451.648	1.0
452.648	1.0
453.648	1.0
454.648	1.0
455.648	1.0
456.648	1.0
457.648	1.0
458.648	1.0
459.648	1.0
460.648	1.0
461.648	1.0
462.648	1.0
463.648	1.0
464.648	1.0
465.648	1.0
466.648	1.0
467.648	1.0
468.648	1.0
469.648	1.0
470.648	1.0
471.648	1.0
472.648	1.0
473.648	1.0
474.648	1.0
475.648	1.0
476.648	1.0
477.648	1.0
478.648	1.0
479.648	1.0
480.648	1.0
481.648	1.0
482.648	1.0
483.648	1.0
484.648	1.0
485.648	1.0
486.648	1.0
487.648	1.0
488.648	1.0
489.648	1.0
490.648	1.0
491.648	1.0
492.648	1.0
493.648	1.0
494.648	1.0
495.648	1.0
496.648	1.0
497.648	1.0
498.648	1.0
499.648	1.0
500.648	1.0
501.648	1.0
502.648	1.0
503.648	1.0
504.648	1.0
505.648	1.0
506.648	1.0
507.648	1.0
508.648	1.0
509.648	1.0
510.648	1.0
511.648	1.0
512.648	1.0
513.648	1.0
514.648	1.0
515.648	1.0
516.648	1.0
517.648	1.0
518.648	1.0
519.648	1.0
520.648	1.0
521.648	1.0
522.648	1.0
523.648	1.0
524.648	1.0
525.648	1.0
526.648	1.0
527.648	1.0
528.648	1.0
529.648	1.0
530.648	1.0
531.648	1.0
532.648	1.0
533.648	1.0
534.648	1.0
535.648	1.0
536.648	1.0
537.648	1.0
538.648	1.0
539.648	1.0
540.648	1.0
541.648	1.0
542.648	1.0
543.648	1.0
544.648	1.0
545.648	1.0
546.648	1.0
547.648	1.0
548.648	1.0
549.648	1.0
550.648	1.0
551.648	1.0
552.648	1.0
553.648	1.0
554.648	1.0
555.648	1.0
556.648	1.0
557.648	1.0
558.648	1.0
559.648	1.0
560.648	1.0
561.648	1.0
562.648	1.0
563.648	1.0
564.648	1.0
565.648	1.0
566.648	1.0
567.648	1.0
568.648	1.0
569.648	1.0
570.648	1.0
571.648	1.0
572.648	1.0
573.648	1.0
574.648	1.0
575.648	1.0
576.648	1.0
577.648	1.0
578.648	1.0
579.648	1.0
580.648	1.0
581.648	1.0
582.648	1.0
583.648	1.0
584.648	1.0
585.648	1.0
586.648	1.0
587.648	1.0
588.648	1.0
589.648	1.0
590.648	1.0
591.648	1.0
592.648	1.0
593.648	1.0
594.648	1.0
595.648	1.0
596.648	1.0
597.648	1.0
598.648	1.0
599.648	1.0
600.648	1.0
601.648	1.0
602.648	1.0
603.648	1.0
604.648	1.0
605.648	1.0
606.648	1.0
607.648	1.0
608.648	1.0
609.648	1.0
610.648	1.0
611.648	1.0
612.648	1.0
613.648	1.0
614.648	1.0
615.648	1.0
616.648	1.0
617.648	1.0
618.648	1.0
619.648	1.0
620.648	1.0
621.648	1.0
622.648	1.0
623.648	1.0
624.648	1.0
625.648	1.0
626.648	1.0
627.648	1.0
628.648	1.0
629.648	1.0
630.648	1.0
631.648	1.0
632.648	1.0
633.648	1.0
634.648	1.0
635.648	1.0
636.648	1.0
637.648	1.0
638.648	1.0
639.648	1.0
640.648	1.0
641.648	1.0
642.648	1.0
643.648	1.0
644.648	1.0
645.648	1.0
646.648	1.0
647.648	1.0
648.648	1.0
649.648	1.0
650.648	1.0
651.648	1.0
652.648	1.0
653.648	1.0
654.648	1.0
655.648	1.0
656.648	1.0
657.648	1.0
658.648	1.0
659.648	1.0
660.648	1.0
661.648	1.0
662.648	1.0
663.648	1.0
664.648	1.0
665.648	1.0
666.648	1.0
667.648	1.0
668.648	1.0
669.648	1.0
670.648	1.0
671.648	1.0
672.648	1.0
673.648	1.0
674.648	1.0
675.648	1.0
676.648	1.0
677.648	1.0
678.648	1.0
679.648	1.0
680.648	1.0
681.648	1.0
682.648	1.0
683.648	1.0
684.648	1.0
685.648	1.0
686.648	1.0
687.648	1.0
688.648	1.0
689.648	1.0
690.648	1.0
691.648	1.0
692.648	1.0
693.648	1.0
694.648	1.0
695.648	1.0
696.648	1.0
697.648	1.0
698.648	1.0
699.648	1.0
700.648	1.0
701.648	1.0
702.648	1.0
703.648	1.0
704.648	1.0
705.648	1.0
706.648	1.0
707.648	1.0
708.648	1.0
709.648	1.0
710.648	1.0
711.648	1.0
712.648	1.0
713.648	1.0
714.648	1.0
715.648	1.0
716.648	1.0
717.648	1.0
718.648	1.0
719.648	1.0
720.648	1.0
721.648	1.0
722.648	1.0
723.648	1.0
724.648	1.0
725.648	1.0
726.648	1.0
727.648	1.0
728.648	1.0
729.648	1.0
730.648	1.0
731.648	1.0
732.648	1.0
733.648	1.0
734.648	1.0
735.648	1.0
736.648	1.0
737.648	1.0
738.648	1.0
739.648	1.0
740.648	1.0
741.648	1.0
742.648	1.0
743.648	1.0
744.648	1.0
745.648	1.0
746.648	1.0
747.648	1.0
748.648	1.0
749.648	1.0
750.648	1.0
751.648	1.0
752.648	1.0
753.648	1.0
754.648	1.0
755.648	1.0
756.648	1.0
757.648	1.0
758.648	1.0
759.648	1.0
760.648	1.0
761.648	1.0
762.648	1.0
763.648	1.0
764.648	1.0
765.648	1.0
766.648	1.0
767.648	1.0
768.648	1.0
769.648	1.0
770.648	1.0
771.648	1.0
772.648	1.0
773.648	1.0
774.648	1.0
775.648	1.0
776.648	1.0
777.648	1.0
778.648	1.0
779.648	1.0
780.648	1.0
781.648	1.0
782.648	1.0
783.648	1.0
784.648	1.0
785.648	1.0
786.648	1.0
787.648	1.0
788.648	1.0
789.648	1.0
790.648	1.0
791.648	1.0
792.648	1.0
793.648	1.0
794.648	1.0
795.648	1.0
796.648	1.0
797.648	1.0
798.648	1.0
799.648	1.0
800.648	1.0
801.648	1.0
802.648	1.0
803.648	1.0
804.648	1.0
805.648	1.0
806.648	1.0
807.648	1.0
808.648	1.0
809.648	1.0
810.648	1.0
811.648	1.0
812.648	1.0
813.648	1.0
814.648	1.0
815.648	1.0
816.648	1.0
817.648	1.0
818.648	1.0
819.648	1.0
820.648	1.0
821.648	1.0
822.648	1.0
823.648	1.0
824.648	1.0
825.648	1.0
826.648	1.0
827.648	1.0
828.648	1.0
829.648	1.0
830.648	1.0
831.648	1.0
832.648	1.0
833.648	1.0
834.648	1.0
835.648	1.0
836.648	1.0
837.648	1.0
838.648	1.0
839.648	1.0
840.648	1.0
841.648	1.0
842.648	1.0
843.648	1.0
844.648	1.0
845.648	1.0
846.648	1.0
847.648	1.0
848.648	1.0
849.648	1.0
850.648	1.0
851.648	1.0
852.648	1.0
853.648	1.0
854.648	1.0
855.648	1.0
856.648	1.0
857.648	1.0
858.648	1.0
859.648	1.0
860.648	1.0
861.648	1.0
862.648	1.0
863.648	1.0
864.648	1.0
865.648	1.0
866.648	1.0
867.648	1.0
868.648	1.0
869.648	1.0
870.648	1.0
871.648	1.0
872.648	1.0
873.648	1.0
874.648	1.0
875.648	1.0
876.648	1.0
877.648	1.0
878.648	1.0
879.648	1.0
880.648	1.0
881.648	1.0
882.648	1.0
883.648	1.0
884.648	1.0
885.648	1.0
886.648	1.0
887.648	1.0
888.648	1.0
889.648	1.0
890.648	1.0
891.648	1.0
892.648	1.0
893.648	1.0
894.648	1.0
895.648	1.0
896.648	1.0
897.648	1.0
898.648	1.0
899.648	1.0
900.648	1.0
901.648	1.0
902.648	1.0
903.648	1.0
904.648	1.0
905.648	1.0
906.648	1.0
907.648	1.0
908.648	1.0
909.648	1.0
910.648	1.0
911.648	1.0
912.648	1.0
913.648	1.0
914.648	1.0
915.648	1.0
916.648	1.0
917.648	1.0
918.648	1.0
919.648	1.0
920.648	1.0
921.648	1.0
922.648	1.0
923.648	1.0
924.648	1.0
925.648	1.0
926.648	1.0
927.648	1.0
928.648	1.0
929.648	1.0
930.648	1.0
931.648	1.0
932.648	1.0
933.648	1.0
934.648	1.0
935.648	1.0
936.648	1.0
937.648	1.0
938.648	1.0
939.648	1.0
940.648	1.0
941.648	1.0
942.648	1.0
943.648	1.0
944.648	1.0
945.648	1.0
946.648	1.0
947.648	1.0
948.648	1.0
949.648	1.0
950.648	1.0
951.648	1.0
952.648	1.0
953.648	1.0
954.648	1.0
955.648	1.0
956.648	1.0
957.648	1.0
958.648	1.0
959.648	1.0
960.648	1.0
961.648	1.0
962.648	1.0
963.648	1.0
964.648	1.0
965.648	1.0
966.648	1.0
967.648	1.0
968.648	1.0
969.648	1.0
970.648	1.0
971.648	1.0
972.648	1.0
973.648	1.0
974.648	1.0
975.648	1.0
976.648	1.0
977.648	1.0
978.648	1.0
979.648	1.0
980.648	1.0
981.648	1.0
982.648	1.0
983.648	1.0
984.648	1.0
985.648	1.0
986.648	1.0
987.648	1.0
988.648	1.0
989.648	1.0
990.648	1.0
991.648	1.0
992.648	1.0
993.648	1.0
994.648	1.0
