0.28500000000000003	0.4754449583716733
1.2610000000000001	0.47717913359997527
2.237	0.48919803762012315
3.213	0.482862077658178
4.189	0.4872194182046863
5.165	0.490832704103003
6.141	0.4854731701762909
7.117	0.490677279765604
8.093	0.4946476782925924
9.068	0.49961153149929666
10.043000000000001	0.49512194704315554
11.023	0.5058259899535633
11.998000000000001	0.5110391476022984
12.976	0.5135668755635593
13.96	0.5104026926838888
14.944	0.4978762375827901
15.929	0.48374264280956636
16.909	0.4841250295263632
17.894000000000002	0.4900380204020335
18.874	0.5103305222881724
19.863	0.5029864017411776
20.846	0.5018934407424124
21.827	0.5031168161501893
22.812	0.5005839173365827
23.797	0.4987375457649915
24.778000000000002	0.4995017980623764
25.763	0.4970123658928592
26.739	0.5039610118587907
27.725	0.5199201574029803
28.709	0.5169740690340991
29.693	0.5144807220804686
30.678	0.5018102744471815
31.655	0.5071390180392865
32.64	0.5044854829926088
33.625	0.5026067011844899
34.61	0.5007075528334739
35.595	0.48765362146060376
36.581	0.4747804470410749
37.567	0.46999464246708256
38.557	0.46160074403553475
39.538000000000004	0.46200666606566665
40.519	0.46336615105868356
41.498	0.4653127106011689
42.496	0.4494395356968225
43.478	0.44941551690089776
44.458	0.4519279142419776
45.438	0.45516190242427146
46.418	0.45805023473302237
47.399	0.449046058315992
48.38	0.45021960036280434
49.361000000000004	0.44220482369679986
50.342	0.4436656568837368
51.324	0.4431152603568273
52.306000000000004	0.44397481374329273
53.29	0.4615221288054618
54.274	0.4605506295818148
55.259	0.4582399393625607
56.243	0.46775736893610464
57.227000000000004	0.47666620739655463
58.212	0.4931543693544932
59.197	0.5016556532550306
60.187000000000005	0.5050129881471805
61.173	0.5010207261213385
62.159	0.4998089432820176
63.147	0.4957325992484916
64.135	0.49143809205337563
65.123	0.4875202139826316
66.111	0.4836910593211996
67.1	0.4687006162914594
68.089	0.48391860671968234
69.078	0.4797545642586335
70.068	0.4838811561944065
71.058	0.5074320911138573
72.048	0.5009050366015093
73.038	0.49558340616469626
74.028	0.4895005716529016
75.013	0.49721855214483157
76.004	0.49887896226157097
76.994	0.49307450374778306
77.985	0.48634782366552615
78.97500000000001	0.4805328625067796
79.95700000000001	0.482575764970011
80.93900000000001	0.4838440315554854
81.929	0.4773494724667635
82.917	0.4741971111408692
83.899	0.47587766725486363
84.887	0.47129934049143635
85.877	0.46547354417693937
86.85900000000001	0.4682077321013464
87.84100000000001	0.4708412155594459
88.83	0.457243177767763
89.816	0.4574777975294924
90.805	0.45408294607244054
91.794	0.44970253357983053
92.783	0.4454661522296838
93.775	0.43870242982494156
94.764	0.4358999396628443
95.753	0.43490570937694495
96.742	0.4323751255945496
97.73100000000001	0.4300820545552049
98.717	0.4320760579365233
99.706	0.4280238614363523
100.69500000000001	0.4241874814319165
101.681	0.4247374329648025
102.67	0.421796866130692
103.664	0.4158569182109585
104.658	0.3998791318275273
105.652	0.39366271933133634
106.647	0.3762883957795144
107.642	0.36919042644031597
108.637	0.36207799423292053
109.632	0.3548231361035096
110.628	0.3451439735788611
111.619	0.3407455219069766
112.61500000000001	0.33113957113600484
113.61200000000001	0.32151015162420643
114.60900000000001	0.3310634783065414
115.598	0.3289684557614625
116.584	0.3191296016842213
117.575	0.31535850891248846
118.563	0.31327897831112644
119.551	0.3219877761706875
120.539	0.3203746867931955
121.527	0.3199267230999454
122.506	0.31762626946612615
123.494	0.31742974733277046
124.482	0.3173767678135974
125.471	0.3157651615405725
126.46000000000001	0.31552850062856946
127.43900000000001	0.32254311850127537
128.418	0.32928898090706327
129.40200000000002	0.3226378986899124
130.391	0.30981184782976845
131.38	0.3070164015364798
132.369	0.29522751784073925
133.358	0.30263708949465207
134.356	0.2914017353119936
135.346	0.2860928583991327
136.336	0.31088434942455395
137.326	0.3344205393871075
138.316	0.3295720118843918
139.306	0.3353741626468965
140.297	0.33101996568298425
141.287	0.3171591637573683
142.278	0.3700210610790644
143.262	0.3726603242950209
144.252	0.3602193229081545
145.242	0.3666159046750064
146.227	0.3875648291844954
147.218	0.4903549968277826
148.209	0.5150279206852597
149.20000000000002	0.5107259829363996
150.181	0.5059457121538586
151.162	0.4909983524817235
152.153	0.5153555656928996
153.143	0.5610958077481656
154.123	0.5465807902671976
155.104	0.5225560945381996
156.09	0.5151263135336996
157.08	0.5790676949674947
158.08	0.6541875126175667
159.06	0.6410587895866777
160.05	0.6472960180793418
161.05	0.6736631946835928
162.031	0.6799442034661409
163.022	0.7137358731578999
164.00300000000001	0.6807952645494199
164.994	0.7366029400567987
165.975	0.7225519959879958
166.975	0.7793134214137808
167.957	0.7850350425861857
168.948	0.7812293293603778
169.92000000000002	0.7465869358760987
170.892	0.6721073725163997
171.882	0.7193957947135897
172.873	0.7451685928111899
173.854	0.7521161003762906
174.854	0.7595674654904798
175.835	0.7562699205586898
176.816	0.7625371296284897
177.797	0.7313072203137758
178.778	0.6697163207797736
179.75900000000001	0.5668382334072265
180.75	0.6414183518148977
181.731	0.5603845296919926
182.731	0.7772306287692103
183.722	0.8144311993414708
184.703	0.7241038068157988
185.696	0.8119532726012
186.671	0.5594080455999997
187.671	0.7318763263988999
188.661	0.6246001514689977
189.65	0.5186023713785997
190.642	0.4500950850890995
191.633	0.3716146977299995
192.629	0.42784240095809956
193.622	0.6560953529893996
194.621	0.7115611185096998
195.609	0.45832956795899754
196.603	0.4282627948699995
197.603	0.7204684078699998
198.59300000000002	0.4360381596697996
199.58700000000002	0.31742300475695034
200.584	0.31488609270969947
201.58100000000002	0.33376306986989945
202.577	0.27445183578969945
203.573	0.27498303479979946
204.56900000000002	0.27608721268949943
205.565	0.2772672656498994
206.561	0.2785398248698994
207.55700000000002	0.27991256142629745
208.553	0.2807942653991984
209.549	0.2817558588898994
210.54500000000002	0.28258704462959944
211.541	0.2223473917181994
212.541	0.2279730809897994
213.532	0.2302674352886984
214.528	0.2760495106597994
215.524	0.32344113862929846
216.52	0.3208292943589995
217.516	0.5267029216298996
218.512	0.5632264177999997
219.508	0.7291400963499999
220.504	0.72602586326
221.495	0.6977414598981997
222.48600000000002	0.6991466239699997
223.482	0.7845567593379998
224.478	0.7806135700472998
225.459	0.7107516782288998
226.459	0.8018207338322857
227.445	0.8056723397774178
228.436	0.7952775561178769
229.416	0.6167878770615808
230.401	0.4230998584763986
231.392	0.4614134622977986
232.38	0.32499929113689646
233.371	0.3935345775080985
234.36700000000002	0.6264787237971996
235.354	0.5207894845380996
236.345	0.5797301023716757
237.332	0.31749081663969947
238.324	0.27962041058919845
239.32	0.24746946838939937
240.316	0.22590565056969938
241.312	0.2554576665388974
242.30700000000002	0.24720858474979943
243.302	0.24923607697999942
244.297	0.2518146849999994
245.292	0.2052537168345774
246.287	0.20872793025247435
247.282	0.21220214367037138
248.27700000000002	0.21567635708826838
249.272	0.21914006143596543
250.267	0.2217685657836624
251.262	0.22274153090909937
252.257	0.22306358125659942
253.252	0.2226491663690994
254.247	0.22358510221819938
255.241	0.22329830316747437
256.235	0.2235853295490994
257.229	0.2250404897899994
258.223	0.2245738221983994
259.217	0.2246779686390994
260.211	0.22604716581999937
261.205	0.22557711864929939
262.199	0.22567518063909936
263.193	0.22699468284999938
264.187	0.22661327198999942
265.181	0.2266312715490994
266.175	0.22784948889999934
267.169	0.22719453781999935
268.163	0.22708858954909938
269.157	0.22837652801999933
270.151	0.2285024269699994
271.145	0.23036222075939936
272.139	0.2317255232290994
273.133	0.23295483194999939
274.127	0.2332512623690994
275.121	0.23414357553819937
276.115	0.2350395308572994
277.109	0.2367634861763994
278.103	0.23457941429789236
279.097	0.23554369189999938
280.086	0.24003387606518142
281.075	0.24268338406438109
282.064	0.24517102997358736
283.05400000000003	0.24731986838167136
284.044	0.2496827824843904
285.037	0.24985553479679537
286.03000000000003	0.25108600057158736
287.023	0.2517135000880994
288.012	0.25214128523032714
289.011	0.24169828003092433
290.011	0.2399971763669093
291.011	0.2355105260052427
292.009	0.3911441899889715
292.99	0.3777125522704204
293.981	0.36458217744239546
294.964	0.3502071285965905
295.945	0.31812138210808344
296.936	0.3264811228770985
297.927	0.4226354423819856
298.918	0.4418688444783995
299.903	0.26728242765179244
300.884	0.1962794377575593
301.871	0.1786977692865953
302.862	0.20648584118937235
303.85200000000003	0.21561813943839936
304.841	0.21668906921729936
305.832	0.24422289228509844
306.817	0.16072839016838433
307.808	0.16018244995459732
308.799	0.15847799433409535
309.789	0.13765562114873522
310.78000000000003	0.1473735777551943
311.771	0.1183774001054933
312.762	0.11871903497829829
313.754	0.10911745873867426
314.745	0.10913289775074424
315.737	0.1368615600937903
316.729	0.09713317897839828
317.721	0.09821331950939927
318.714	0.07933794693582615
319.707	0.09826442363819926
320.7	0.13753317168739732
321.7	0.35658759735929946
322.69	0.25943020086756735
323.68	0.2418107963297994
324.67	0.1355413111953923
325.66	0.1387213875292599
326.651	0.1407324419121663
327.64300000000003	0.14192942284548596
328.635	0.14523401995462223
329.627	0.14939158383238732
330.619	0.154511590331959
331.611	0.1604907970850199
332.603	0.16632875962709937
333.595	0.18259901217046948
334.587	0.18463689881580336
335.579	0.18661493079021735
336.571	0.18860347286513235
337.563	0.19059262504054833
338.555	0.19258177721596437
339.546	0.19553224959238236
340.53700000000003	0.19667098704829336
341.528	0.1979464905625943
342.519	0.20078003342126838
343.51	0.2037315254682431
344.50100000000003	0.20920494715129312
345.492	0.21561209252897032
346.483	0.2228548475788079
347.474	0.22967291214789243
348.46500000000003	0.23515988378628733
349.461	0.1848989785216208
350.459	0.2281862327356404
351.458	0.20239025709749645
352.447	0.20377505125752712
353.438	0.20303770512941707
354.42900000000003	0.20386561985684737
355.42	0.21426936208224798
356.411	0.2151958989490585
357.402	0.2143747086511251
358.40000000000003	0.188877180337516
359.398	0.1606195732688393
360.396	0.15253230062914633
361.395	0.14368431334739237
362.384	0.143783955386323
363.373	0.1452172471905973
364.371	0.1371320222219963
365.37	0.14569402430020903
366.368	0.1772717210746152
367.367	0.18873910089689935
368.359	0.15788029738300616
369.358	0.16939272352819734
370.348	0.1507152888387993
371.347	0.3882585225299995
372.337	0.4282688979214996
373.32800000000003	0.40705365276999955
374.322	0.6007645302794997
375.31100000000004	0.5519318094795996
376.31	0.872878304563089
377.309	0.894492565387681
378.289	0.844922244104272
379.279	0.8561214195094837
380.269	0.8283063045370541
381.269	0.889195578271184
382.259	0.889873888021987
383.259	0.8813942959468981
384.24	0.8616973482796852
385.21500000000003	0.44913326246999363
386.205	0.49782631119269416
387.195	0.4698588146674312
388.185	0.4896988903875996
389.175	0.5192651410459926
390.165	0.6081240617982416
391.15500000000003	0.5981215318671957
392.147	0.6766892957771996
393.147	0.8769495531504111
394.128	0.7371703918185999
395.128	0.8678445302452221
396.118	0.8678125061752369
397.099	0.6884950885024997
398.089	0.7192945779036498
399.089	0.8303627229104817
400.08	0.8501316789849944
401.08	0.8839555185895236
402.079	0.8883085805444757
403.07	0.8793278103722089
404.06100000000004	0.8896623332673819
405.05	0.8915797640480401
406.041	0.8923042714911
407.012	0.5758901063499997
408.005	0.4372322935193995
408.998	0.5753133149660977
409.99	0.39775007424789666
410.99	0.8292314690107997
411.981	0.7701469768184999
412.964	0.5081882911699996
413.955	0.6261530124287998
414.945	0.5882070041599997
415.943	0.8604676006579979
416.926	0.3926425518599996
417.91700000000003	0.43349824894949956
418.908	0.3260039953189995
419.903	0.3138031434414704
420.898	0.5591592764237296
421.892	0.7153978517952929
422.88	0.5497828634766937
423.878	0.8020749956121
424.868	0.6171050189419205
425.858	0.5678646205903956
426.849	0.6077728557594987
427.84000000000003	0.6173662669190987
428.831	0.6170982633297997
429.822	0.6867693940196999
430.813	0.6872142832094987
431.795	0.44881378018679546
432.786	0.45956656332739954
433.776	0.38162548827625853
434.766	0.3440637150949985
435.75600000000003	0.24433145966589742
436.747	0.2742528142231944
437.738	0.3140514658150984
438.729	0.3237839276294323
439.72	0.3343544269254995
440.711	0.3633774729450944
441.702	0.45296149166353344
442.693	0.4332441289010925
443.684	0.5313534025724946
444.673	0.47314417613949955
445.654	0.27398275422909946
446.654	0.5414244225889856
447.645	0.5910083983953857
448.63	0.49461941298248263
449.63	0.8624847965569999
450.62100000000004	0.8111202487065619
451.60200000000003	0.7195285040685477
452.593	0.7784972360647998
453.576	0.6449675645421887
454.567	0.6646162465054897
455.548	0.5249015994594995
456.539	0.48583021561999956
457.53000000000003	0.39714089188799856
458.521	0.3884078237799995
459.512	0.3890443705999996
460.503	0.38112419564999955
461.49600000000004	0.4301107705092996
462.487	0.1050809270062993
463.482	0.10374036729849827
464.47700000000003	0.10401838566889728
465.47200000000004	0.1056828916291993
466.467	0.10802518543348631
467.462	0.11028325148609466
468.457	0.1112017525162993
469.452	0.11167611327884312
470.447	0.11357451379829929
471.442	0.11470260370837931
472.437	0.1164455077474993
473.432	0.11969839365481903
474.427	0.12342637514028895
475.422	0.12727651067175894
476.41700000000003	0.1311256401832289
477.41200000000003	0.13497476969469882
478.407	0.13882389920616878
479.402	0.14267302871763873
480.397	0.1464823582291087
481.392	0.16846432256057867
482.387	0.16584986201892218
483.382	0.16265354187640135
484.372	0.15339532682061774
485.367	0.17758801023977025
486.367	0.20488782820959936
487.367	0.2143051693562994
488.367	0.2241302215425884
489.367	0.21482095694829936
490.367	0.6024635758049497
491.358	0.5438295362099996
492.34700000000004	0.5353809668299997
493.338	0.5058127762974957
494.32	0.23884103593739642
495.31100000000004	0.2772651174743544
496.302	0.29567173907909944
497.293	0.49270090966749963
498.274	0.3142216647742894
499.25600000000003	0.2225045909042924
500.24600000000004	0.22273676294057534
501.236	0.2040842826935783
502.22700000000003	0.19523179310969938
503.218	0.14623435835659532
504.209	0.15695785568409334
505.2	0.15736722225669633
506.19100000000003	0.15757497130248835
507.182	0.15698143878819934
508.173	0.16613972121939835
509.164	0.16522710087659334
510.15500000000003	0.16507960031679733
511.146	0.15530491982926323
512.1370000000001	0.1372621919719098
513.128	0.1487864999682983
514.119	0.1493542473854943
515.11	0.12197328992779928
516.101	0.1237836291784993
517.092	0.15430500952559134
518.083	0.1561206053846903
519.074	0.1577291360788803
520.065	0.15945160781318835
521.056	0.16021401487849932
522.047	0.1618598676078993
523.038	0.16333217240938933
524.029	0.1535392509896833
525.02	0.1550724136052933
526.011	0.1576977467954943
527.0020000000001	0.16046269414889935
527.993	0.16251355259989933
528.984	0.16679021958989934
529.975	0.17084651256999933
530.966	0.17389528239489438
531.957	0.17674044801519337
532.948	0.18118899725399934
533.939	0.1865767742611714
534.9300000000001	0.19263336560669939
535.921	0.1988294973518654
536.912	0.20502183941445629
537.903	0.20543613680500425
538.894	0.15610894951253512
539.884	0.11296339876853727
540.875	0.1109205800719693
541.875	0.1079119600279493
542.868	0.09192768004343316
543.868	0.09010427415838725
544.868	0.15808851169579832
545.868	0.2678458341875984
546.867	0.2611984150545924
547.867	0.5138515138099996
548.867	0.7382939859089979
549.867	0.8846398178275998
550.8580000000001	0.27226024365939944
551.8580000000001	0.5085363907499996
552.8580000000001	0.8458589881184999
553.8580000000001	0.9448271389426153
554.8580000000001	0.9741217879650081
555.8580000000001	0.9734835476302176
556.8580000000001	0.972848271736327
557.8580000000001	0.9722129958424365
558.8580000000001	0.9709533452422769
559.8580000000001	0.968753308621259
560.852	0.902243246323968
561.852	0.9612693492554452
562.852	0.9706245884880499
563.852	0.966670857960941
564.843	0.8522796366001603
565.843	0.9474020910091215
566.8340000000001	0.8529882436893409
567.8340000000001	0.9513365070582224
568.8340000000001	0.9671177316791214
569.825	0.842710674469541
570.825	0.9511869413394244
571.825	0.9669456356991215
572.816	0.8424806744695408
573.816	0.9509353413394243
574.816	0.9666931356991215
575.816	0.9626869524664095
576.816	0.9687403692336973
577.807	0.9401828712082418
578.798	0.8955687410187846
579.789	0.9022629361787543
580.788	0.9019059611130448
581.788	0.9612384489067057
582.788	0.9572433705178347
583.779	0.8428997390432778
584.779	0.9514694379474142
585.779	0.9708184117568674
586.778	0.6510400037599999
587.778	0.9402785609382437
588.778	0.9798533977187645
589.778	0.9759973179873271
590.769	0.8415590597749825
591.769	0.9466901284609613
592.76	0.8422382203891167
593.76	0.9506205385294432
594.76	0.9799912910647435
595.751	0.7624877721742839
596.742	0.5566734444690997
597.742	0.8821029639123418
598.741	0.6118521826696997
599.741	0.8397667775593
600.738	0.9414198439670234
601.738	0.9709475599810314
602.738	0.9806508777567015
603.738	0.9803854955323718
604.738	0.9865944075164105
605.729	0.8422428843086925
606.729	0.9609868596323606
607.729	0.990539806654021
608.729	0.990365324429691
609.729	0.9901908422053611
610.729	0.9900163599810314
611.729	0.9870084652130383
612.72	0.9015887
613.72	0.9906878
614.72	0.9905969
615.72	0.990506
616.72	0.9904151
617.72	0.9903242
618.72	0.9902333
619.72	0.9901424
620.72	0.9900515
621.72	1.0
622.72	1.0
623.72	1.0
624.72	1.0
625.72	1.0
626.72	1.0
627.72	1.0
628.72	1.0
629.72	1.0
630.72	1.0
631.72	1.0
632.72	1.0
633.72	1.0
634.72	1.0
635.72	1.0
636.72	1.0
637.72	1.0
638.72	1.0
639.72	1.0
640.72	1.0
641.72	1.0
642.72	1.0
643.72	1.0
644.72	1.0
645.72	1.0
646.72	1.0
647.72	1.0
648.72	1.0
649.72	1.0
650.72	1.0
651.72	1.0
652.72	1.0
653.72	1.0
654.72	1.0
655.72	1.0
656.72	1.0
657.72	1.0
658.72	1.0
659.72	1.0
660.72	1.0
661.72	1.0
662.72	1.0
663.72	1.0
664.72	1.0
665.72	1.0
666.72	1.0
667.72	1.0
668.72	1.0
669.72	1.0
670.72	1.0
671.72	1.0
672.72	1.0
673.72	1.0
674.72	1.0
675.72	1.0
676.72	1.0
677.72	1.0
678.72	1.0
679.72	1.0
680.72	1.0
681.72	1.0
682.72	1.0
683.72	1.0
684.72	1.0
685.72	1.0
686.72	1.0
687.72	1.0
688.72	1.0
689.72	1.0
690.72	1.0
691.72	1.0
692.72	1.0
693.72	1.0
694.72	1.0
695.72	1.0
696.72	1.0
697.72	1.0
698.72	1.0
699.72	1.0
700.72	1.0
701.72	1.0
702.72	1.0
703.72	1.0
704.72	1.0
705.72	1.0
706.72	1.0
707.72	1.0
708.72	1.0
709.72	1.0
710.72	1.0
711.72	1.0
712.72	1.0
713.72	1.0
714.72	1.0
715.72	1.0
716.72	1.0
717.72	1.0
718.72	1.0
719.72	1.0
720.72	1.0
721.72	1.0
722.72	1.0
723.72	1.0
724.72	1.0
725.72	1.0
726.72	1.0
727.72	1.0
728.72	1.0
729.72	1.0
730.72	1.0
731.72	1.0
732.72	1.0
733.72	1.0
734.72	1.0
735.72	1.0
736.72	1.0
737.72	1.0
738.72	1.0
739.72	1.0
740.72	1.0
741.72	1.0
742.72	1.0
743.72	1.0
744.72	1.0
745.72	1.0
746.72	1.0
747.72	1.0
748.72	1.0
749.72	1.0
750.72	1.0
751.72	1.0
752.72	1.0
753.72	1.0
754.72	1.0
755.72	1.0
756.72	1.0
757.72	1.0
758.72	1.0
759.72	1.0
760.72	1.0
761.72	1.0
762.72	1.0
763.72	1.0
764.72	1.0
765.72	1.0
766.72	1.0
767.72	1.0
768.72	1.0
769.72	1.0
770.72	1.0
771.72	1.0
772.72	1.0
773.72	1.0
774.72	1.0
775.72	1.0
776.72	1.0
777.72	1.0
778.72	1.0
779.72	1.0
780.72	1.0
781.72	1.0
782.72	1.0
783.72	1.0
784.72	1.0
785.72	1.0
786.72	1.0
787.72	1.0
788.72	1.0
789.72	1.0
790.72	1.0
791.72	1.0
792.72	1.0
793.72	1.0
794.72	1.0
795.72	1.0
796.72	1.0
797.72	1.0
798.72	1.0
799.72	1.0
800.72	1.0
801.72	1.0
802.72	1.0
803.72	1.0
804.72	1.0
805.72	1.0
806.72	1.0
807.72	1.0
808.72	1.0
809.72	1.0
810.72	1.0
811.72	1.0
812.72	1.0
813.72	1.0
814.72	1.0
815.72	1.0
816.72	1.0
817.72	1.0
818.72	1.0
819.72	1.0
820.72	1.0
821.72	1.0
822.72	1.0
823.72	1.0
824.72	1.0
825.72	1.0
826.72	1.0
827.72	1.0
828.72	1.0
829.72	1.0
830.72	1.0
831.72	1.0
832.72	1.0
833.72	1.0
834.72	1.0
835.72	1.0
836.72	1.0
837.72	1.0
838.72	1.0
839.72	1.0
840.72	1.0
841.72	1.0
842.72	1.0
843.72	1.0
844.72	1.0
845.72	1.0
846.72	1.0
847.72	1.0
848.72	1.0
849.72	1.0
850.72	1.0
851.72	1.0
852.72	1.0
853.72	1.0
854.72	1.0
855.72	1.0
856.72	1.0
857.72	1.0
858.72	1.0
859.72	1.0
860.72	1.0
861.72	1.0
862.72	1.0
863.72	1.0
864.72	1.0
865.72	1.0
866.72	1.0
867.72	1.0
868.72	1.0
869.72	1.0
870.72	1.0
871.72	1.0
872.72	1.0
873.72	1.0
874.72	1.0
875.72	1.0
876.72	1.0
877.72	1.0
878.72	1.0
879.72	1.0
880.72	1.0
881.72	1.0
882.72	1.0
883.72	1.0
884.72	1.0
885.72	1.0
886.72	1.0
887.72	1.0
888.72	1.0
889.72	1.0
890.72	1.0
891.72	1.0
892.72	1.0
893.72	1.0
894.72	1.0
895.72	1.0
896.72	1.0
897.72	1.0
898.72	1.0
899.72	1.0
900.72	1.0
901.72	1.0
902.72	1.0
903.72	1.0
904.72	1.0
905.72	1.0
906.72	1.0
907.72	1.0
908.72	1.0
909.72	1.0
910.72	1.0
911.72	1.0
912.72	1.0
913.72	1.0
914.72	1.0
915.72	1.0
916.72	1.0
917.72	1.0
918.72	1.0
919.72	1.0
920.72	1.0
921.72	1.0
922.72	1.0
923.72	1.0
924.72	1.0
925.72	1.0
926.72	1.0
927.72	1.0
928.72	1.0
929.72	1.0
930.72	1.0
931.72	1.0
932.72	1.0
933.72	1.0
934.72	1.0
935.72	1.0
936.72	1.0
937.72	1.0
938.72	1.0
939.72	1.0
940.72	1.0
941.72	1.0
942.72	1.0
943.72	1.0
944.72	1.0
945.72	1.0
946.72	1.0
947.72	1.0
948.72	1.0
949.72	1.0
950.72	1.0
951.72	1.0
952.72	1.0
953.72	1.0
954.72	1.0
955.72	1.0
956.72	1.0
957.72	1.0
958.72	1.0
959.72	1.0
960.72	1.0
961.72	1.0
962.72	1.0
963.72	1.0
964.72	1.0
965.72	1.0
966.72	1.0
967.72	1.0
968.72	1.0
969.72	1.0
970.72	1.0
971.72	1.0
972.72	1.0
973.72	1.0
974.72	1.0
975.72	1.0
976.72	1.0
977.72	1.0
978.72	1.0
979.72	1.0
980.72	1.0
981.72	1.0
982.72	1.0
983.72	1.0
984.72	1.0
985.72	1.0
986.72	1.0
987.72	1.0
988.72	1.0
989.72	1.0
990.72	1.0
991.72	1.0
992.72	1.0
993.72	1.0
994.72	1.0
995.72	1.0
996.72	1.0
997.72	1.0
998.72	1.0
999.72	1.0
1000.72	1.0
1001.72	1.0
1002.72	1.0
1003.72	1.0
1004.72	1.0
1005.72	1.0
1006.72	1.0
1007.72	1.0
1008.72	1.0
1009.72	1.0
1010.72	1.0
1011.72	1.0
1012.72	1.0
1013.72	1.0
1014.72	1.0
1015.72	1.0
1016.72	1.0
1017.72	1.0
1018.72	1.0
1019.72	1.0
1020.72	1.0
1021.72	1.0
1022.72	1.0
1023.72	1.0
1024.72	1.0
1025.72	1.0
1026.72	1.0
1027.72	1.0
1028.72	1.0
1029.72	1.0
1030.72	1.0
1031.72	1.0
1032.72	1.0
1033.72	1.0
1034.72	1.0
1035.72	1.0
1036.72	1.0
1037.72	1.0
1038.72	1.0
1039.72	1.0
1040.72	1.0
1041.72	1.0
1042.72	1.0
1043.72	1.0
1044.72	1.0
1045.72	1.0
1046.72	1.0
1047.72	1.0
1048.72	1.0
1049.72	1.0
1050.72	1.0
1051.72	1.0
1052.72	1.0
1053.72	1.0
1054.72	1.0
1055.72	1.0
1056.72	1.0
1057.72	1.0
1058.72	1.0
1059.72	1.0
1060.72	1.0
1061.72	1.0
1062.72	1.0
1063.72	1.0
1064.72	1.0
1065.72	1.0
1066.72	1.0
1067.72	1.0
1068.72	1.0
1069.72	1.0
1070.72	1.0
1071.72	1.0
1072.72	1.0
1073.72	1.0
1074.72	1.0
1075.72	1.0
1076.72	1.0
1077.72	1.0
1078.72	1.0
1079.72	1.0
1080.72	1.0
1081.72	1.0
1082.72	1.0
1083.72	1.0
1084.72	1.0
1085.72	1.0
1086.72	1.0
1087.72	1.0
1088.72	1.0
1089.72	1.0
1090.72	1.0
1091.72	1.0
1092.72	1.0
1093.72	1.0
1094.72	1.0
1095.72	1.0
1096.72	1.0
1097.72	1.0
1098.72	1.0
1099.72	1.0
1100.72	1.0
1101.72	1.0
1102.72	1.0
1103.72	1.0
1104.72	1.0
1105.72	1.0
1106.72	1.0
1107.72	1.0
1108.72	1.0
1109.72	1.0
1110.72	1.0
1111.72	1.0
1112.72	1.0
1113.72	1.0
1114.72	1.0
1115.72	1.0
1116.72	1.0
1117.72	1.0
1118.72	1.0
1119.72	1.0
1120.72	1.0
1121.72	1.0
1122.72	1.0
1123.72	1.0
1124.72	1.0
1125.72	1.0
1126.72	1.0
1127.72	1.0
1128.72	1.0
1129.72	1.0
1130.72	1.0
1131.72	1.0
1132.72	1.0
1133.72	1.0
1134.72	1.0
1135.72	1.0
1136.72	1.0
1137.72	1.0
1138.72	1.0
1139.72	1.0
1140.72	1.0
1141.72	1.0
1142.72	1.0
1143.72	1.0
1144.72	1.0
1145.72	1.0
1146.72	1.0
1147.72	1.0
1148.72	1.0
1149.72	1.0
1150.72	1.0
1151.72	1.0
1152.72	1.0
1153.72	1.0
1154.72	1.0
1155.72	1.0
1156.72	1.0
1157.72	1.0
1158.72	1.0
1159.72	1.0
1160.72	1.0
1161.72	1.0
1162.72	1.0
1163.72	1.0
1164.72	1.0
1165.72	1.0
1166.72	1.0
1167.72	1.0
1168.72	1.0
1169.72	1.0
1170.72	1.0
1171.72	1.0
1172.72	1.0
1173.72	1.0
1174.72	1.0
1175.72	1.0
1176.72	1.0
1177.72	1.0
1178.72	1.0
1179.72	1.0
1180.72	1.0
1181.72	1.0
1182.72	1.0
1183.72	1.0
1184.72	1.0
1185.72	1.0
1186.72	1.0
1187.72	1.0
1188.72	1.0
1189.72	1.0
1190.72	1.0
1191.72	1.0
1192.72	1.0
1193.72	1.0
1194.72	1.0
1195.72	1.0
1196.72	1.0
1197.72	1.0
1198.72	1.0
1199.72	1.0
1200.72	1.0
1201.72	1.0
1202.72	1.0
1203.72	1.0
1204.72	1.0
1205.72	1.0
1206.72	1.0
1207.72	1.0
1208.72	1.0
1209.72	1.0
1210.72	1.0
1211.72	1.0
1212.72	1.0
1213.72	1.0
1214.72	1.0
1215.72	1.0
1216.72	1.0
1217.72	1.0
1218.72	1.0
1219.72	1.0
1220.72	1.0
1221.72	1.0
1222.72	1.0
1223.72	1.0
1224.72	1.0
1225.72	1.0
1226.72	1.0
1227.72	1.0
1228.72	1.0
1229.72	1.0
1230.72	1.0
1231.72	1.0
1232.72	1.0
1233.72	1.0
1234.72	1.0
1235.72	1.0
1236.72	1.0
1237.72	1.0
1238.72	1.0
1239.72	1.0
1240.72	1.0
1241.72	1.0
1242.72	1.0
1243.72	1.0
1244.72	1.0
1245.72	1.0
1246.72	1.0
1247.72	1.0
1248.72	1.0
1249.72	1.0
1250.72	1.0
1251.72	1.0
1252.72	1.0
1253.72	1.0
1254.72	1.0
1255.72	1.0
1256.72	1.0
1257.72	1.0
1258.72	1.0
1259.72	1.0
1260.72	1.0
1261.72	1.0
1262.72	1.0
1263.72	1.0
1264.72	1.0
1265.72	1.0
1266.72	1.0
1267.72	1.0
1268.72	1.0
1269.72	1.0
1270.72	1.0
1271.72	1.0
1272.72	1.0
1273.72	1.0
1274.72	1.0
1275.72	1.0
1276.72	1.0
1277.72	1.0
1278.72	1.0
1279.72	1.0
1280.72	1.0
1281.72	1.0
1282.72	1.0
1283.72	1.0
1284.72	1.0
1285.72	1.0
1286.72	1.0
1287.72	1.0
1288.72	1.0
1289.72	1.0
1290.72	1.0
1291.72	1.0
1292.72	1.0
1293.72	1.0
1294.72	1.0
1295.72	1.0
1296.72	1.0
1297.72	1.0
1298.72	1.0
1299.72	1.0
1300.72	1.0
1301.72	1.0
1302.72	1.0
1303.72	1.0
1304.72	1.0
1305.72	1.0
1306.72	1.0
1307.72	1.0
1308.72	1.0
1309.72	1.0
1310.72	1.0
1311.72	1.0
1312.72	1.0
1313.72	1.0
1314.72	1.0
1315.72	1.0
1316.72	1.0
1317.72	1.0
1318.72	1.0
1319.72	1.0
1320.72	1.0
1321.72	1.0
1322.72	1.0
1323.72	1.0
1324.72	1.0
1325.72	1.0
1326.72	1.0
1327.72	1.0
1328.72	1.0
1329.72	1.0
1330.72	1.0
1331.72	1.0
1332.72	1.0
1333.72	1.0
1334.72	1.0
1335.72	1.0
1336.72	1.0
1337.72	1.0
1338.72	1.0
1339.72	1.0
1340.72	1.0
1341.72	1.0
1342.72	1.0
1343.72	1.0
1344.72	1.0
1345.72	1.0
1346.72	1.0
1347.72	1.0
1348.72	1.0
1349.72	1.0
1350.72	1.0
1351.72	1.0
1352.72	1.0
1353.72	1.0
1354.72	1.0
1355.72	1.0
1356.72	1.0
1357.72	1.0
1358.72	1.0
1359.72	1.0
1360.72	1.0
1361.72	1.0
1362.72	1.0
1363.72	1.0
1364.72	1.0
1365.72	1.0
1366.72	1.0
1367.72	1.0
1368.72	1.0
1369.72	1.0
1370.72	1.0
1371.72	1.0
1372.72	1.0
1373.72	1.0
1374.72	1.0
1375.72	1.0
1376.72	1.0
1377.72	1.0
1378.72	1.0
1379.72	1.0
1380.72	1.0
1381.72	1.0
1382.72	1.0
1383.72	1.0
1384.72	1.0
1385.72	1.0
1386.72	1.0
1387.72	1.0
1388.72	1.0
1389.72	1.0
1390.72	1.0
1391.72	1.0
1392.72	1.0
1393.72	1.0
1394.72	1.0
1395.72	1.0
1396.72	1.0
1397.72	1.0
1398.72	1.0
1399.72	1.0
1400.72	1.0
1401.72	1.0
1402.72	1.0
1403.72	1.0
1404.72	1.0
1405.72	1.0
1406.72	1.0
1407.72	1.0
1408.72	1.0
1409.72	1.0
1410.72	1.0
1411.72	1.0
1412.72	1.0
1413.72	1.0
1414.72	1.0
1415.72	1.0
1416.72	1.0
1417.72	1.0
1418.72	1.0
1419.72	1.0
1420.72	1.0
1421.72	1.0
1422.72	1.0
1423.72	1.0
1424.72	1.0
1425.72	1.0
1426.72	1.0
1427.72	1.0
1428.72	1.0
1429.72	1.0
1430.72	1.0
1431.72	1.0
1432.72	1.0
1433.72	1.0
1434.72	1.0
1435.72	1.0
1436.72	1.0
1437.72	1.0
1438.72	1.0
1439.72	1.0
1440.72	1.0
1441.72	1.0
1442.72	1.0
1443.72	1.0
1444.72	1.0
1445.72	1.0
1446.72	1.0
1447.72	1.0
1448.72	1.0
1449.72	1.0
1450.72	1.0
1451.72	1.0
1452.72	1.0
1453.72	1.0
1454.72	1.0
1455.72	1.0
1456.72	1.0
1457.72	1.0
1458.72	1.0
1459.72	1.0
1460.72	1.0
1461.72	1.0
1462.72	1.0
1463.72	1.0
1464.72	1.0
1465.72	1.0
1466.72	1.0
1467.72	1.0
1468.72	1.0
1469.72	1.0
1470.72	1.0
1471.72	1.0
1472.72	1.0
1473.72	1.0
1474.72	1.0
1475.72	1.0
1476.72	1.0
1477.72	1.0
1478.72	1.0
1479.72	1.0
1480.72	1.0
1481.72	1.0
1482.72	1.0
1483.72	1.0
1484.72	1.0
1485.72	1.0
1486.72	1.0
1487.72	1.0
1488.72	1.0
1489.72	1.0
1490.72	1.0
1491.72	1.0
1492.72	1.0
1493.72	1.0
1494.72	1.0
1495.72	1.0
1496.72	1.0
1497.72	1.0
1498.72	1.0
1499.72	1.0
1500.72	1.0
1501.72	1.0
1502.72	1.0
1503.72	1.0
1504.72	1.0
1505.72	1.0
1506.72	1.0
1507.72	1.0
1508.72	1.0
1509.72	1.0
1510.72	1.0
1511.72	1.0
1512.72	1.0
1513.72	1.0
1514.72	1.0
1515.72	1.0
1516.72	1.0
1517.72	1.0
1518.72	1.0
1519.72	1.0
1520.72	1.0
1521.72	1.0
1522.72	1.0
1523.72	1.0
1524.72	1.0
1525.72	1.0
1526.72	1.0
1527.72	1.0
1528.72	1.0
1529.72	1.0
1530.72	1.0
1531.72	1.0
1532.72	1.0
1533.72	1.0
1534.72	1.0
1535.72	1.0
1536.72	1.0
1537.72	1.0
1538.72	1.0
1539.72	1.0
1540.72	1.0
1541.72	1.0
1542.72	1.0
1543.72	1.0
1544.72	1.0
1545.72	1.0
1546.72	1.0
1547.72	1.0
1548.72	1.0
1549.72	1.0
1550.72	1.0
1551.72	1.0
1552.72	1.0
1553.72	1.0
1554.72	1.0
1555.72	1.0
1556.72	1.0
1557.72	1.0
1558.72	1.0
1559.72	1.0
1560.72	1.0
1561.72	1.0
1562.72	1.0
1563.72	1.0
1564.72	1.0
1565.72	1.0
1566.72	1.0
1567.72	1.0
1568.72	1.0
1569.72	1.0
1570.72	1.0
1571.72	1.0
1572.72	1.0
1573.72	1.0
1574.72	1.0
1575.72	1.0
1576.72	1.0
1577.72	1.0
1578.72	1.0
1579.72	1.0
1580.72	1.0
1581.72	1.0
1582.72	1.0
1583.72	1.0
1584.72	1.0
1585.72	1.0
1586.72	1.0
1587.72	1.0
1588.72	1.0
1589.72	1.0
1590.72	1.0
1591.72	1.0
1592.72	1.0
1593.72	1.0
1594.72	1.0
1595.72	1.0
1596.72	1.0
1597.72	1.0
1598.72	1.0
1599.72	1.0
1600.72	1.0
1601.72	1.0
1602.72	1.0
1603.72	1.0
1604.72	1.0
1605.72	1.0
1606.72	1.0
1607.72	1.0
1608.72	1.0
1609.72	1.0
1610.72	1.0
1611.72	1.0
1612.72	1.0
1613.72	1.0
1614.72	1.0
1615.72	1.0
1616.72	1.0
1617.72	1.0
1618.72	1.0
1619.72	1.0
1620.72	1.0
1621.72	1.0
1622.72	1.0
1623.72	1.0
1624.72	1.0
1625.72	1.0
1626.72	1.0
1627.72	1.0
1628.72	1.0
1629.72	1.0
1630.72	1.0
1631.72	1.0
1632.72	1.0
1633.72	1.0
1634.72	1.0
1635.72	1.0
1636.72	1.0
1637.72	1.0
1638.72	1.0
1639.72	1.0
1640.72	1.0
1641.72	1.0
1642.72	1.0
1643.72	1.0
1644.72	1.0
1645.72	1.0
1646.72	1.0
1647.72	1.0
1648.72	1.0
1649.72	1.0
1650.72	1.0
1651.72	1.0
1652.72	1.0
1653.72	1.0
1654.72	1.0
1655.72	1.0
1656.72	1.0
1657.72	1.0
1658.72	1.0
1659.72	1.0
1660.72	1.0
1661.72	1.0
1662.72	1.0
1663.72	1.0
1664.72	1.0
1665.72	1.0
1666.72	1.0
1667.72	1.0
1668.72	1.0
1669.72	1.0
1670.72	1.0
1671.72	1.0
1672.72	1.0
1673.72	1.0
1674.72	1.0
1675.72	1.0
1676.72	1.0
1677.72	1.0
1678.72	1.0
1679.72	1.0
1680.72	1.0
1681.72	1.0
1682.72	1.0
1683.72	1.0
1684.72	1.0
1685.72	1.0
1686.72	1.0
1687.72	1.0
1688.72	1.0
1689.72	1.0
1690.72	1.0
1691.72	1.0
1692.72	1.0
1693.72	1.0
1694.72	1.0
1695.72	1.0
1696.72	1.0
1697.72	1.0
1698.72	1.0
1699.72	1.0
1700.72	1.0
1701.72	1.0
1702.72	1.0
1703.72	1.0
1704.72	1.0
1705.72	1.0
1706.72	1.0
1707.72	1.0
1708.72	1.0
1709.72	1.0
1710.72	1.0
1711.72	1.0
1712.72	1.0
1713.72	1.0
1714.72	1.0
1715.72	1.0
1716.72	1.0
1717.72	1.0
1718.72	1.0
1719.72	1.0
1720.72	1.0
1721.72	1.0
1722.72	1.0
1723.72	1.0
1724.72	1.0
1725.72	1.0
1726.72	1.0
1727.72	1.0
1728.72	1.0
1729.72	1.0
1730.72	1.0
1731.72	1.0
1732.72	1.0
1733.72	1.0
1734.72	1.0
1735.72	1.0
1736.72	1.0
1737.72	1.0
1738.72	1.0
1739.72	1.0
1740.72	1.0
1741.72	1.0
1742.72	1.0
1743.72	1.0
1744.72	1.0
1745.72	1.0
1746.72	1.0
1747.72	1.0
1748.72	1.0
1749.72	1.0
1750.72	1.0
1751.72	1.0
1752.72	1.0
1753.72	1.0
1754.72	1.0
1755.72	1.0
1756.72	1.0
1757.72	1.0
1758.72	1.0
1759.72	1.0
1760.72	1.0
1761.72	1.0
1762.72	1.0
1763.72	1.0
1764.72	1.0
1765.72	1.0
1766.72	1.0
1767.72	1.0
1768.72	1.0
1769.72	1.0
1770.72	1.0
1771.72	1.0
1772.72	1.0
1773.72	1.0
1774.72	1.0
1775.72	1.0
1776.72	1.0
1777.72	1.0
1778.72	1.0
1779.72	1.0
1780.72	1.0
1781.72	1.0
1782.72	1.0
1783.72	1.0
1784.72	1.0
1785.72	1.0
1786.72	1.0
1787.72	1.0
1788.72	1.0
1789.72	1.0
1790.72	1.0
1791.72	1.0
1792.72	1.0
1793.72	1.0
1794.72	1.0
1795.72	1.0
1796.72	1.0
1797.72	1.0
1798.72	1.0
1799.72	1.0
1800.72	1.0
1801.72	1.0
1802.72	1.0
1803.72	1.0
1804.72	1.0
1805.72	1.0
1806.72	1.0
1807.72	1.0
1808.72	1.0
1809.72	1.0
1810.72	1.0
1811.72	1.0
1812.72	1.0
1813.72	1.0
1814.72	1.0
1815.72	1.0
1816.72	1.0
1817.72	1.0
1818.72	1.0
1819.72	1.0
1820.72	1.0
1821.72	1.0
1822.72	1.0
1823.72	1.0
1824.72	1.0
1825.72	1.0
1826.72	1.0
1827.72	1.0
1828.72	1.0
1829.72	1.0
1830.72	1.0
1831.72	1.0
1832.72	1.0
1833.72	1.0
1834.72	1.0
1835.72	1.0
1836.72	1.0
1837.72	1.0
1838.72	1.0
1839.72	1.0
1840.72	1.0
1841.72	1.0
1842.72	1.0
1843.72	1.0
1844.72	1.0
1845.72	1.0
1846.72	1.0
1847.72	1.0
1848.72	1.0
1849.72	1.0
1850.72	1.0
1851.72	1.0
1852.72	1.0
1853.72	1.0
1854.72	1.0
1855.72	1.0
1856.72	1.0
1857.72	1.0
1858.72	1.0
1859.72	1.0
1860.72	1.0
1861.72	1.0
1862.72	1.0
1863.72	1.0
1864.72	1.0
1865.72	1.0
1866.72	1.0
1867.72	1.0
1868.72	1.0
1869.72	1.0
1870.72	1.0
1871.72	1.0
1872.72	1.0
1873.72	1.0
1874.72	1.0
1875.72	1.0
1876.72	1.0
1877.72	1.0
1878.72	1.0
1879.72	1.0
1880.72	1.0
1881.72	1.0
1882.72	1.0
1883.72	1.0
1884.72	1.0
1885.72	1.0
1886.72	1.0
1887.72	1.0
1888.72	1.0
1889.72	1.0
1890.72	1.0
1891.72	1.0
1892.72	1.0
1893.72	1.0
1894.72	1.0
1895.72	1.0
1896.72	1.0
1897.72	1.0
1898.72	1.0
1899.72	1.0
1900.72	1.0
1901.72	1.0
1902.72	1.0
1903.72	1.0
1904.72	1.0
1905.72	1.0
1906.72	1.0
1907.72	1.0
1908.72	1.0
1909.72	1.0
1910.72	1.0
1911.72	1.0
1912.72	1.0
1913.72	1.0
1914.72	1.0
1915.72	1.0
1916.72	1.0
1917.72	1.0
1918.72	1.0
1919.72	1.0
1920.72	1.0
1921.72	1.0
1922.72	1.0
1923.72	1.0
1924.72	1.0
1925.72	1.0
1926.72	1.0
1927.72	1.0
1928.72	1.0
1929.72	1.0
1930.72	1.0
1931.72	1.0
1932.72	1.0
1933.72	1.0
1934.72	1.0
1935.72	1.0
1936.72	1.0
1937.72	1.0
1938.72	1.0
1939.72	1.0
1940.72	1.0
1941.72	1.0
1942.72	1.0
1943.72	1.0
1944.72	1.0
1945.72	1.0
1946.72	1.0
1947.72	1.0
1948.72	1.0
1949.72	1.0
1950.72	1.0
1951.72	1.0
1952.72	1.0
1953.72	1.0
1954.72	1.0
1955.72	1.0
1956.72	1.0
1957.72	1.0
1958.72	1.0
1959.72	1.0
1960.72	1.0
1961.72	1.0
1962.72	1.0
1963.72	1.0
1964.72	1.0
1965.72	1.0
1966.72	1.0
1967.72	1.0
1968.72	1.0
1969.72	1.0
1970.72	1.0
1971.72	1.0
1972.72	1.0
1973.72	1.0
1974.72	1.0
1975.72	1.0
1976.72	1.0
1977.72	1.0
1978.72	1.0
1979.72	1.0
1980.72	1.0
1981.72	1.0
1982.72	1.0
1983.72	1.0
1984.72	1.0
1985.72	1.0
1986.72	1.0
1987.72	1.0
1988.72	1.0
1989.72	1.0
1990.72	1.0
1991.72	1.0
1992.72	1.0
1993.72	1.0
1994.72	1.0
1995.72	1.0
1996.72	1.0
1997.72	1.0
1998.72	1.0
1999.72	1.0
2000.72	1.0
2001.72	1.0
2002.72	1.0
2003.72	1.0
2004.72	1.0
2005.72	1.0
2006.72	1.0
2007.72	1.0
2008.72	1.0
2009.72	1.0
2010.72	1.0
2011.72	1.0
2012.72	1.0
2013.72	1.0
2014.72	1.0
2015.72	1.0
2016.72	1.0
2017.72	1.0
2018.72	1.0
2019.72	1.0
2020.72	1.0
2021.72	1.0
2022.72	1.0
2023.72	1.0
2024.72	1.0
2025.72	1.0
2026.72	1.0
2027.72	1.0
2028.72	1.0
2029.72	1.0
2030.72	1.0
2031.72	1.0
2032.72	1.0
2033.72	1.0
2034.72	1.0
2035.72	1.0
2036.72	1.0
2037.72	1.0
2038.72	1.0
2039.72	1.0
2040.72	1.0
2041.72	1.0
2042.72	1.0
2043.72	1.0
2044.72	1.0
2045.72	1.0
2046.72	1.0
2047.72	1.0
2048.7200000000003	1.0
2049.7200000000003	1.0
2050.7200000000003	1.0
2051.7200000000003	1.0
2052.7200000000003	1.0
2053.7200000000003	1.0
2054.7200000000003	1.0
2055.7200000000003	1.0
2056.7200000000003	1.0
2057.7200000000003	1.0
2058.7200000000003	1.0
2059.7200000000003	1.0
2060.7200000000003	1.0
2061.7200000000003	1.0
2062.7200000000003	1.0
2063.7200000000003	1.0
2064.7200000000003	1.0
2065.7200000000003	1.0
2066.7200000000003	1.0
2067.7200000000003	1.0
2068.7200000000003	1.0
2069.7200000000003	1.0
2070.7200000000003	1.0
2071.7200000000003	1.0
2072.7200000000003	1.0
2073.7200000000003	1.0
2074.7200000000003	1.0
2075.7200000000003	1.0
2076.7200000000003	1.0
2077.7200000000003	1.0
2078.7200000000003	1.0
2079.7200000000003	1.0
2080.7200000000003	1.0
2081.7200000000003	1.0
2082.7200000000003	1.0
2083.7200000000003	1.0
2084.7200000000003	1.0
2085.7200000000003	1.0
2086.7200000000003	1.0
2087.7200000000003	1.0
2088.7200000000003	1.0
2089.7200000000003	1.0
2090.7200000000003	1.0
2091.7200000000003	1.0
2092.7200000000003	1.0
2093.7200000000003	1.0
2094.7200000000003	1.0
2095.7200000000003	1.0
2096.7200000000003	1.0
2097.7200000000003	1.0
2098.7200000000003	1.0
2099.7200000000003	1.0
2100.7200000000003	1.0
2101.7200000000003	1.0
2102.7200000000003	1.0
2103.7200000000003	1.0
2104.7200000000003	1.0
2105.7200000000003	1.0
2106.7200000000003	1.0
2107.7200000000003	1.0
2108.7200000000003	1.0
2109.7200000000003	1.0
2110.7200000000003	1.0
2111.7200000000003	1.0
2112.7200000000003	1.0
2113.7200000000003	1.0
2114.7200000000003	1.0
2115.7200000000003	1.0
2116.7200000000003	1.0
2117.7200000000003	1.0
2118.7200000000003	1.0
2119.7200000000003	1.0
2120.7200000000003	1.0
2121.7200000000003	1.0
2122.7200000000003	1.0
2123.7200000000003	1.0
2124.7200000000003	1.0
2125.7200000000003	1.0
2126.7200000000003	1.0
2127.7200000000003	1.0
2128.7200000000003	1.0
2129.7200000000003	1.0
2130.7200000000003	1.0
2131.7200000000003	1.0
2132.7200000000003	1.0
2133.7200000000003	1.0
2134.7200000000003	1.0
2135.7200000000003	1.0
2136.7200000000003	1.0
2137.7200000000003	1.0
2138.7200000000003	1.0
2139.7200000000003	1.0
2140.7200000000003	1.0
2141.7200000000003	1.0
2142.7200000000003	1.0
2143.7200000000003	1.0
2144.7200000000003	1.0
2145.7200000000003	1.0
2146.7200000000003	1.0
2147.7200000000003	1.0
2148.7200000000003	1.0
2149.7200000000003	1.0
2150.7200000000003	1.0
2151.7200000000003	1.0
2152.7200000000003	1.0
2153.7200000000003	1.0
2154.7200000000003	1.0
2155.7200000000003	1.0
2156.7200000000003	1.0
2157.7200000000003	1.0
2158.7200000000003	1.0
2159.7200000000003	1.0
2160.7200000000003	1.0
2161.7200000000003	1.0
2162.7200000000003	1.0
2163.7200000000003	1.0
2164.7200000000003	1.0
2165.7200000000003	1.0
2166.7200000000003	1.0
2167.7200000000003	1.0
2168.7200000000003	1.0
2169.7200000000003	1.0
2170.7200000000003	1.0
2171.7200000000003	1.0
2172.7200000000003	1.0
2173.7200000000003	1.0
2174.7200000000003	1.0
2175.7200000000003	1.0
2176.7200000000003	1.0
2177.7200000000003	1.0
2178.7200000000003	1.0
2179.7200000000003	1.0
2180.7200000000003	1.0
2181.7200000000003	1.0
2182.7200000000003	1.0
2183.7200000000003	1.0
2184.7200000000003	1.0
2185.7200000000003	1.0
2186.7200000000003	1.0
2187.7200000000003	1.0
2188.7200000000003	1.0
2189.7200000000003	1.0
2190.7200000000003	1.0
2191.7200000000003	1.0
2192.7200000000003	1.0
2193.7200000000003	1.0
2194.7200000000003	1.0
2195.7200000000003	1.0
2196.7200000000003	1.0
2197.7200000000003	1.0
2198.7200000000003	1.0
2199.7200000000003	1.0
2200.7200000000003	1.0
2201.7200000000003	1.0
2202.7200000000003	1.0
2203.7200000000003	1.0
2204.7200000000003	1.0
2205.7200000000003	1.0
2206.7200000000003	1.0
2207.7200000000003	1.0
2208.7200000000003	1.0
2209.7200000000003	1.0
2210.7200000000003	1.0
2211.7200000000003	1.0
2212.7200000000003	1.0
2213.7200000000003	1.0
2214.7200000000003	1.0
2215.7200000000003	1.0
2216.7200000000003	1.0
2217.7200000000003	1.0
2218.7200000000003	1.0
2219.7200000000003	1.0
2220.7200000000003	1.0
2221.7200000000003	1.0
2222.7200000000003	1.0
2223.7200000000003	1.0
2224.7200000000003	1.0
2225.7200000000003	1.0
2226.7200000000003	1.0
2227.7200000000003	1.0
2228.7200000000003	1.0
2229.7200000000003	1.0
2230.7200000000003	1.0
2231.7200000000003	1.0
2232.7200000000003	1.0
2233.7200000000003	1.0
2234.7200000000003	1.0
2235.7200000000003	1.0
2236.7200000000003	1.0
2237.7200000000003	1.0
2238.7200000000003	1.0
2239.7200000000003	1.0
2240.7200000000003	1.0
2241.7200000000003	1.0
2242.7200000000003	1.0
2243.7200000000003	1.0
2244.7200000000003	1.0
2245.7200000000003	1.0
2246.7200000000003	1.0
2247.7200000000003	1.0
2248.7200000000003	1.0
2249.7200000000003	1.0
2250.7200000000003	1.0
2251.7200000000003	1.0
2252.7200000000003	1.0
2253.7200000000003	1.0
2254.7200000000003	1.0
2255.7200000000003	1.0
2256.7200000000003	1.0
2257.7200000000003	1.0
2258.7200000000003	1.0
2259.7200000000003	1.0
2260.7200000000003	1.0
2261.7200000000003	1.0
2262.7200000000003	1.0
2263.7200000000003	1.0
2264.7200000000003	1.0
2265.7200000000003	1.0
2266.7200000000003	1.0
2267.7200000000003	1.0
2268.7200000000003	1.0
2269.7200000000003	1.0
2270.7200000000003	1.0
2271.7200000000003	1.0
2272.7200000000003	1.0
2273.7200000000003	1.0
2274.7200000000003	1.0
2275.7200000000003	1.0
2276.7200000000003	1.0
2277.7200000000003	1.0
2278.7200000000003	1.0
2279.7200000000003	1.0
2280.7200000000003	1.0
2281.7200000000003	1.0
2282.7200000000003	1.0
2283.7200000000003	1.0
2284.7200000000003	1.0
2285.7200000000003	1.0
2286.7200000000003	1.0
2287.7200000000003	1.0
2288.7200000000003	1.0
2289.7200000000003	1.0
2290.7200000000003	1.0
2291.7200000000003	1.0
2292.7200000000003	1.0
2293.7200000000003	1.0
2294.7200000000003	1.0
2295.7200000000003	1.0
2296.7200000000003	1.0
2297.7200000000003	1.0
2298.7200000000003	1.0
2299.7200000000003	1.0
2300.7200000000003	1.0
2301.7200000000003	1.0
2302.7200000000003	1.0
2303.7200000000003	1.0
2304.7200000000003	1.0
2305.7200000000003	1.0
2306.7200000000003	1.0
2307.7200000000003	1.0
2308.7200000000003	1.0
2309.7200000000003	1.0
2310.7200000000003	1.0
2311.7200000000003	1.0
2312.7200000000003	1.0
2313.7200000000003	1.0
2314.7200000000003	1.0
2315.7200000000003	1.0
2316.7200000000003	1.0
2317.7200000000003	1.0
2318.7200000000003	1.0
2319.7200000000003	1.0
2320.7200000000003	1.0
2321.7200000000003	1.0
2322.7200000000003	1.0
2323.7200000000003	1.0
2324.7200000000003	1.0
2325.7200000000003	1.0
2326.7200000000003	1.0
2327.7200000000003	1.0
2328.7200000000003	1.0
2329.7200000000003	1.0
2330.7200000000003	1.0
2331.7200000000003	1.0
2332.7200000000003	1.0
2333.7200000000003	1.0
2334.7200000000003	1.0
2335.7200000000003	1.0
2336.7200000000003	1.0
2337.7200000000003	1.0
2338.7200000000003	1.0
2339.7200000000003	1.0
2340.7200000000003	1.0
2341.7200000000003	1.0
2342.7200000000003	1.0
2343.7200000000003	1.0
2344.7200000000003	1.0
2345.7200000000003	1.0
2346.7200000000003	1.0
2347.7200000000003	1.0
2348.7200000000003	1.0
2349.7200000000003	1.0
2350.7200000000003	1.0
2351.7200000000003	1.0
2352.7200000000003	1.0
2353.7200000000003	1.0
2354.7200000000003	1.0
2355.7200000000003	1.0
2356.7200000000003	1.0
2357.7200000000003	1.0
2358.7200000000003	1.0
2359.7200000000003	1.0
2360.7200000000003	1.0
2361.7200000000003	1.0
2362.7200000000003	1.0
2363.7200000000003	1.0
2364.7200000000003	1.0
2365.7200000000003	1.0
2366.7200000000003	1.0
2367.7200000000003	1.0
2368.7200000000003	1.0
2369.7200000000003	1.0
2370.7200000000003	1.0
2371.7200000000003	1.0
2372.7200000000003	1.0
2373.7200000000003	1.0
2374.7200000000003	1.0
2375.7200000000003	1.0
2376.7200000000003	1.0
2377.7200000000003	1.0
2378.7200000000003	1.0
2379.7200000000003	1.0
2380.7200000000003	1.0
2381.7200000000003	1.0
2382.7200000000003	1.0
2383.7200000000003	1.0
2384.7200000000003	1.0
2385.7200000000003	1.0
2386.7200000000003	1.0
2387.7200000000003	1.0
2388.7200000000003	1.0
2389.7200000000003	1.0
2390.7200000000003	1.0
2391.7200000000003	1.0
2392.7200000000003	1.0
2393.7200000000003	1.0
2394.7200000000003	1.0
2395.7200000000003	1.0
2396.7200000000003	1.0
2397.7200000000003	1.0
2398.7200000000003	1.0
2399.7200000000003	1.0
2400.7200000000003	1.0
2401.7200000000003	1.0
2402.7200000000003	1.0
2403.7200000000003	1.0
2404.7200000000003	1.0
2405.7200000000003	1.0
2406.7200000000003	1.0
2407.7200000000003	1.0
2408.7200000000003	1.0
2409.7200000000003	1.0
2410.7200000000003	1.0
2411.7200000000003	1.0
2412.7200000000003	1.0
2413.7200000000003	1.0
2414.7200000000003	1.0
2415.7200000000003	1.0
2416.7200000000003	1.0
2417.7200000000003	1.0
2418.7200000000003	1.0
2419.7200000000003	1.0
2420.7200000000003	1.0
2421.7200000000003	1.0
2422.7200000000003	1.0
2423.7200000000003	1.0
2424.7200000000003	1.0
2425.7200000000003	1.0
2426.7200000000003	1.0
2427.7200000000003	1.0
2428.7200000000003	1.0
2429.7200000000003	1.0
2430.7200000000003	1.0
2431.7200000000003	1.0
2432.7200000000003	1.0
2433.7200000000003	1.0
2434.7200000000003	1.0
2435.7200000000003	1.0
2436.7200000000003	1.0
2437.7200000000003	1.0
2438.7200000000003	1.0
2439.7200000000003	1.0
2440.7200000000003	1.0
2441.7200000000003	1.0
2442.7200000000003	1.0
2443.7200000000003	1.0
2444.7200000000003	1.0
2445.7200000000003	1.0
2446.7200000000003	1.0
2447.7200000000003	1.0
2448.7200000000003	1.0
2449.7200000000003	1.0
2450.7200000000003	1.0
2451.7200000000003	1.0
2452.7200000000003	1.0
2453.7200000000003	1.0
2454.7200000000003	1.0
2455.7200000000003	1.0
2456.7200000000003	1.0
2457.7200000000003	1.0
2458.7200000000003	1.0
2459.7200000000003	1.0
2460.7200000000003	1.0
2461.7200000000003	1.0
2462.7200000000003	1.0
2463.7200000000003	1.0
2464.7200000000003	1.0
2465.7200000000003	1.0
2466.7200000000003	1.0
2467.7200000000003	1.0
2468.7200000000003	1.0
2469.7200000000003	1.0
2470.7200000000003	1.0
2471.7200000000003	1.0
2472.7200000000003	1.0
2473.7200000000003	1.0
2474.7200000000003	1.0
2475.7200000000003	1.0
2476.7200000000003	1.0
2477.7200000000003	1.0
2478.7200000000003	1.0
2479.7200000000003	1.0
2480.7200000000003	1.0
2481.7200000000003	1.0
2482.7200000000003	1.0
2483.7200000000003	1.0
2484.7200000000003	1.0
2485.7200000000003	1.0
2486.7200000000003	1.0
2487.7200000000003	1.0
2488.7200000000003	1.0
2489.7200000000003	1.0
2490.7200000000003	1.0
2491.7200000000003	1.0
2492.7200000000003	1.0
2493.7200000000003	1.0
2494.7200000000003	1.0
2495.7200000000003	1.0
2496.7200000000003	1.0
2497.7200000000003	1.0
2498.7200000000003	1.0
2499.7200000000003	1.0
2500.7200000000003	1.0
2501.7200000000003	1.0
2502.7200000000003	1.0
2503.7200000000003	1.0
2504.7200000000003	1.0
2505.7200000000003	1.0
2506.7200000000003	1.0
2507.7200000000003	1.0
2508.7200000000003	1.0
2509.7200000000003	1.0
2510.7200000000003	1.0
2511.7200000000003	1.0
2512.7200000000003	1.0
2513.7200000000003	1.0
2514.7200000000003	1.0
2515.7200000000003	1.0
2516.7200000000003	1.0
2517.7200000000003	1.0
2518.7200000000003	1.0
2519.7200000000003	1.0
2520.7200000000003	1.0
2521.7200000000003	1.0
2522.7200000000003	1.0
2523.7200000000003	1.0
2524.7200000000003	1.0
2525.7200000000003	1.0
2526.7200000000003	1.0
2527.7200000000003	1.0
2528.7200000000003	1.0
2529.7200000000003	1.0
2530.7200000000003	1.0
2531.7200000000003	1.0
2532.7200000000003	1.0
2533.7200000000003	1.0
2534.7200000000003	1.0
2535.7200000000003	1.0
2536.7200000000003	1.0
2537.7200000000003	1.0
2538.7200000000003	1.0
2539.7200000000003	1.0
2540.7200000000003	1.0
2541.7200000000003	1.0
2542.7200000000003	1.0
2543.7200000000003	1.0
2544.7200000000003	1.0
2545.7200000000003	1.0
2546.7200000000003	1.0
2547.7200000000003	1.0
2548.7200000000003	1.0
2549.7200000000003	1.0
2550.7200000000003	1.0
2551.7200000000003	1.0
2552.7200000000003	1.0
2553.7200000000003	1.0
2554.7200000000003	1.0
2555.7200000000003	1.0
2556.7200000000003	1.0
2557.7200000000003	1.0
2558.7200000000003	1.0
2559.7200000000003	1.0
2560.7200000000003	1.0
2561.7200000000003	1.0
2562.7200000000003	1.0
2563.7200000000003	1.0
2564.7200000000003	1.0
2565.7200000000003	1.0
2566.7200000000003	1.0
2567.7200000000003	1.0
2568.7200000000003	1.0
2569.7200000000003	1.0
2570.7200000000003	1.0
2571.7200000000003	1.0
2572.7200000000003	1.0
2573.7200000000003	1.0
2574.7200000000003	1.0
2575.7200000000003	1.0
2576.7200000000003	1.0
2577.7200000000003	1.0
2578.7200000000003	1.0
2579.7200000000003	1.0
2580.7200000000003	1.0
2581.7200000000003	1.0
2582.7200000000003	1.0
2583.7200000000003	1.0
2584.7200000000003	1.0
2585.7200000000003	1.0
2586.7200000000003	1.0
2587.7200000000003	1.0
2588.7200000000003	1.0
2589.7200000000003	1.0
2590.7200000000003	1.0
2591.7200000000003	1.0
2592.7200000000003	1.0
2593.7200000000003	1.0
2594.7200000000003	1.0
2595.7200000000003	1.0
2596.7200000000003	1.0
2597.7200000000003	1.0
2598.7200000000003	1.0
2599.7200000000003	1.0
2600.7200000000003	1.0
2601.7200000000003	1.0
2602.7200000000003	1.0
2603.7200000000003	1.0
2604.7200000000003	1.0
2605.7200000000003	1.0
2606.7200000000003	1.0
2607.7200000000003	1.0
2608.7200000000003	1.0
2609.7200000000003	1.0
2610.7200000000003	1.0
2611.7200000000003	1.0
2612.7200000000003	1.0
2613.7200000000003	1.0
2614.7200000000003	1.0
2615.7200000000003	1.0
2616.7200000000003	1.0
2617.7200000000003	1.0
2618.7200000000003	1.0
2619.7200000000003	1.0
2620.7200000000003	1.0
2621.7200000000003	1.0
2622.7200000000003	1.0
2623.7200000000003	1.0
2624.7200000000003	1.0
2625.7200000000003	1.0
2626.7200000000003	1.0
2627.7200000000003	1.0
2628.7200000000003	1.0
2629.7200000000003	1.0
2630.7200000000003	1.0
2631.7200000000003	1.0
2632.7200000000003	1.0
2633.7200000000003	1.0
2634.7200000000003	1.0
2635.7200000000003	1.0
2636.7200000000003	1.0
2637.7200000000003	1.0
2638.7200000000003	1.0
2639.7200000000003	1.0
2640.7200000000003	1.0
2641.7200000000003	1.0
2642.7200000000003	1.0
2643.7200000000003	1.0
2644.7200000000003	1.0
2645.7200000000003	1.0
2646.7200000000003	1.0
2647.7200000000003	1.0
2648.7200000000003	1.0
2649.7200000000003	1.0
2650.7200000000003	1.0
2651.7200000000003	1.0
2652.7200000000003	1.0
2653.7200000000003	1.0
2654.7200000000003	1.0
2655.7200000000003	1.0
2656.7200000000003	1.0
2657.7200000000003	1.0
2658.7200000000003	1.0
2659.7200000000003	1.0
2660.7200000000003	1.0
2661.7200000000003	1.0
2662.7200000000003	1.0
2663.7200000000003	1.0
2664.7200000000003	1.0
2665.7200000000003	1.0
2666.7200000000003	1.0
2667.7200000000003	1.0
2668.7200000000003	1.0
2669.7200000000003	1.0
2670.7200000000003	1.0
2671.7200000000003	1.0
2672.7200000000003	1.0
2673.7200000000003	1.0
2674.7200000000003	1.0
2675.7200000000003	1.0
2676.7200000000003	1.0
2677.7200000000003	1.0
2678.7200000000003	1.0
2679.7200000000003	1.0
2680.7200000000003	1.0
2681.7200000000003	1.0
2682.7200000000003	1.0
2683.7200000000003	1.0
2684.7200000000003	1.0
2685.7200000000003	1.0
2686.7200000000003	1.0
2687.7200000000003	1.0
2688.7200000000003	1.0
2689.7200000000003	1.0
2690.7200000000003	1.0
2691.7200000000003	1.0
2692.7200000000003	1.0
2693.7200000000003	1.0
2694.7200000000003	1.0
2695.7200000000003	1.0
2696.7200000000003	1.0
2697.7200000000003	1.0
2698.7200000000003	1.0
2699.7200000000003	1.0
2700.7200000000003	1.0
2701.7200000000003	1.0
2702.7200000000003	1.0
2703.7200000000003	1.0
2704.7200000000003	1.0
2705.7200000000003	1.0
2706.7200000000003	1.0
2707.7200000000003	1.0
2708.7200000000003	1.0
2709.7200000000003	1.0
2710.7200000000003	1.0
2711.7200000000003	1.0
2712.7200000000003	1.0
2713.7200000000003	1.0
2714.7200000000003	1.0
2715.7200000000003	1.0
2716.7200000000003	1.0
2717.7200000000003	1.0
2718.7200000000003	1.0
2719.7200000000003	1.0
2720.7200000000003	1.0
2721.7200000000003	1.0
2722.7200000000003	1.0
2723.7200000000003	1.0
2724.7200000000003	1.0
2725.7200000000003	1.0
2726.7200000000003	1.0
2727.7200000000003	1.0
2728.7200000000003	1.0
2729.7200000000003	1.0
2730.7200000000003	1.0
2731.7200000000003	1.0
2732.7200000000003	1.0
2733.7200000000003	1.0
2734.7200000000003	1.0
2735.7200000000003	1.0
2736.7200000000003	1.0
2737.7200000000003	1.0
2738.7200000000003	1.0
2739.7200000000003	1.0
2740.7200000000003	1.0
2741.7200000000003	1.0
2742.7200000000003	1.0
2743.7200000000003	1.0
2744.7200000000003	1.0
2745.7200000000003	1.0
2746.7200000000003	1.0
2747.7200000000003	1.0
2748.7200000000003	1.0
2749.7200000000003	1.0
2750.7200000000003	1.0
2751.7200000000003	1.0
2752.7200000000003	1.0
2753.7200000000003	1.0
2754.7200000000003	1.0
2755.7200000000003	1.0
2756.7200000000003	1.0
2757.7200000000003	1.0
2758.7200000000003	1.0
2759.7200000000003	1.0
2760.7200000000003	1.0
2761.7200000000003	1.0
2762.7200000000003	1.0
2763.7200000000003	1.0
2764.7200000000003	1.0
2765.7200000000003	1.0
2766.7200000000003	1.0
2767.7200000000003	1.0
2768.7200000000003	1.0
2769.7200000000003	1.0
2770.7200000000003	1.0
2771.7200000000003	1.0
2772.7200000000003	1.0
2773.7200000000003	1.0
2774.7200000000003	1.0
2775.7200000000003	1.0
2776.7200000000003	1.0
2777.7200000000003	1.0
2778.7200000000003	1.0
2779.7200000000003	1.0
2780.7200000000003	1.0
2781.7200000000003	1.0
2782.7200000000003	1.0
2783.7200000000003	1.0
2784.7200000000003	1.0
2785.7200000000003	1.0
2786.7200000000003	1.0
2787.7200000000003	1.0
2788.7200000000003	1.0
2789.7200000000003	1.0
2790.7200000000003	1.0
2791.7200000000003	1.0
2792.7200000000003	1.0
2793.7200000000003	1.0
2794.7200000000003	1.0
2795.7200000000003	1.0
2796.7200000000003	1.0
2797.7200000000003	1.0
2798.7200000000003	1.0
2799.7200000000003	1.0
2800.7200000000003	1.0
2801.7200000000003	1.0
2802.7200000000003	1.0
2803.7200000000003	1.0
2804.7200000000003	1.0
2805.7200000000003	1.0
2806.7200000000003	1.0
2807.7200000000003	1.0
2808.7200000000003	1.0
2809.7200000000003	1.0
2810.7200000000003	1.0
2811.7200000000003	1.0
2812.7200000000003	1.0
2813.7200000000003	1.0
2814.7200000000003	1.0
2815.7200000000003	1.0
2816.7200000000003	1.0
2817.7200000000003	1.0
2818.7200000000003	1.0
2819.7200000000003	1.0
2820.7200000000003	1.0
2821.7200000000003	1.0
2822.7200000000003	1.0
2823.7200000000003	1.0
2824.7200000000003	1.0
2825.7200000000003	1.0
2826.7200000000003	1.0
2827.7200000000003	1.0
2828.7200000000003	1.0
2829.7200000000003	1.0
2830.7200000000003	1.0
2831.7200000000003	1.0
2832.7200000000003	1.0
2833.7200000000003	1.0
2834.7200000000003	1.0
2835.7200000000003	1.0
2836.7200000000003	1.0
2837.7200000000003	1.0
2838.7200000000003	1.0
2839.7200000000003	1.0
2840.7200000000003	1.0
2841.7200000000003	1.0
2842.7200000000003	1.0
2843.7200000000003	1.0
2844.7200000000003	1.0
2845.7200000000003	1.0
2846.7200000000003	1.0
2847.7200000000003	1.0
2848.7200000000003	1.0
2849.7200000000003	1.0
2850.7200000000003	1.0
2851.7200000000003	1.0
2852.7200000000003	1.0
2853.7200000000003	1.0
2854.7200000000003	1.0
2855.7200000000003	1.0
2856.7200000000003	1.0
2857.7200000000003	1.0
2858.7200000000003	1.0
2859.7200000000003	1.0
2860.7200000000003	1.0
2861.7200000000003	1.0
2862.7200000000003	1.0
2863.7200000000003	1.0
2864.7200000000003	1.0
2865.7200000000003	1.0
2866.7200000000003	1.0
2867.7200000000003	1.0
2868.7200000000003	1.0
2869.7200000000003	1.0
2870.7200000000003	1.0
2871.7200000000003	1.0
2872.7200000000003	1.0
2873.7200000000003	1.0
2874.7200000000003	1.0
2875.7200000000003	1.0
2876.7200000000003	1.0
2877.7200000000003	1.0
2878.7200000000003	1.0
2879.7200000000003	1.0
2880.7200000000003	1.0
2881.7200000000003	1.0
2882.7200000000003	1.0
2883.7200000000003	1.0
2884.7200000000003	1.0
2885.7200000000003	1.0
2886.7200000000003	1.0
2887.7200000000003	1.0
2888.7200000000003	1.0
2889.7200000000003	1.0
2890.7200000000003	1.0
2891.7200000000003	1.0
2892.7200000000003	1.0
2893.7200000000003	1.0
2894.7200000000003	1.0
2895.7200000000003	1.0
2896.7200000000003	1.0
2897.7200000000003	1.0
2898.7200000000003	1.0
2899.7200000000003	1.0
2900.7200000000003	1.0
2901.7200000000003	1.0
2902.7200000000003	1.0
2903.7200000000003	1.0
2904.7200000000003	1.0
2905.7200000000003	1.0
2906.7200000000003	1.0
2907.7200000000003	1.0
2908.7200000000003	1.0
2909.7200000000003	1.0
2910.7200000000003	1.0
2911.7200000000003	1.0
2912.7200000000003	1.0
2913.7200000000003	1.0
2914.7200000000003	1.0
2915.7200000000003	1.0
2916.7200000000003	1.0
2917.7200000000003	1.0
2918.7200000000003	1.0
2919.7200000000003	1.0
2920.7200000000003	1.0
2921.7200000000003	1.0
2922.7200000000003	1.0
2923.7200000000003	1.0
2924.7200000000003	1.0
2925.7200000000003	1.0
2926.7200000000003	1.0
2927.7200000000003	1.0
2928.7200000000003	1.0
2929.7200000000003	1.0
2930.7200000000003	1.0
2931.7200000000003	1.0
2932.7200000000003	1.0
2933.7200000000003	1.0
2934.7200000000003	1.0
2935.7200000000003	1.0
2936.7200000000003	1.0
2937.7200000000003	1.0
2938.7200000000003	1.0
2939.7200000000003	1.0
2940.7200000000003	1.0
2941.7200000000003	1.0
2942.7200000000003	1.0
2943.7200000000003	1.0
2944.7200000000003	1.0
2945.7200000000003	1.0
2946.7200000000003	1.0
2947.7200000000003	1.0
2948.7200000000003	1.0
2949.7200000000003	1.0
2950.7200000000003	1.0
2951.7200000000003	1.0
2952.7200000000003	1.0
2953.7200000000003	1.0
2954.7200000000003	1.0
2955.7200000000003	1.0
2956.7200000000003	1.0
2957.7200000000003	1.0
2958.7200000000003	1.0
2959.7200000000003	1.0
2960.7200000000003	1.0
2961.7200000000003	1.0
2962.7200000000003	1.0
2963.7200000000003	1.0
2964.7200000000003	1.0
2965.7200000000003	1.0
2966.7200000000003	1.0
2967.7200000000003	1.0
2968.7200000000003	1.0
2969.7200000000003	1.0
2970.7200000000003	1.0
2971.7200000000003	1.0
2972.7200000000003	1.0
2973.7200000000003	1.0
2974.7200000000003	1.0
2975.7200000000003	1.0
2976.7200000000003	1.0
2977.7200000000003	1.0
2978.7200000000003	1.0
2979.7200000000003	1.0
2980.7200000000003	1.0
2981.7200000000003	1.0
2982.7200000000003	1.0
2983.7200000000003	1.0
2984.7200000000003	1.0
2985.7200000000003	1.0
2986.7200000000003	1.0
2987.7200000000003	1.0
2988.7200000000003	1.0
2989.7200000000003	1.0
2990.7200000000003	1.0
2991.7200000000003	1.0
2992.7200000000003	1.0
2993.7200000000003	1.0
