0.306	0.5430251629722509
1.288	0.5442137896340229
2.271	0.5373756458383765
3.254	0.5410901456645575
4.237	0.545550396900691
5.221	0.5272241846823928
6.205	0.549001478823593
7.19	0.5515748552930121
8.175	0.5423553273244185
9.161	0.5428150661455526
10.147	0.5437803333985041
11.134	0.5429905260162431
12.121	0.5444801823820109
13.109	0.5446833582858985
14.103	0.5593357956783612
15.092	0.5680244203307122
16.076	0.5932499543045623
17.056	0.6025150130375818
18.036	0.6002054174596099
19.016000000000002	0.6098807122769794
20.006	0.5805527078308601
20.996	0.5713153415801374
21.977	0.5686502225412924
22.958000000000002	0.5678339889638457
23.939	0.5861623063855187
24.92	0.6030380122159846
25.901	0.6004620725120042
26.882	0.6006367850467926
27.873	0.5898284387216596
28.864	0.5781880647120137
29.846	0.5765501769652246
30.829	0.5728397693803795
31.812	0.5718185592244046
32.795	0.5703760120225586
33.778	0.5674300721808335
34.762	0.5634283820128229
35.746	0.5815515166052362
36.741	0.5679840421226225
37.736000000000004	0.5556757054433415
38.723	0.5484261347071128
39.709	0.5415918571113455
40.695	0.5355113348337572
41.681	0.528281305875258
42.681	0.5103880142480473
43.669000000000004	0.5023741641994618
44.657000000000004	0.49586172714473986
45.65	0.5026936920667366
46.629	0.5043783429000097
47.608000000000004	0.5162245556870322
48.592	0.5231872976401096
49.576	0.5198668921509386
50.57	0.5255650071739971
51.56	0.5179465306470749
52.554	0.5253908558462876
53.548	0.5130929299178209
54.543	0.5084090540914786
55.538000000000004	0.49367658643121126
56.529	0.483601925298062
57.524	0.4794002874061611
58.508	0.47755724540490135
59.503	0.46289438146379736
60.495000000000005	0.45223761849193983
61.49	0.4396769184983366
62.475	0.4364207036022421
63.46	0.4329146185669078
64.449	0.4267069389656153
65.435	0.42161679407087904
66.424	0.40332399869399926
67.411	0.39859444636217395
68.404	0.3852565040677385
69.392	0.37675186824131346
70.38	0.3906441540580519
71.368	0.3868214493561901
72.361	0.3773846312931679
73.35000000000001	0.37170396498441965
74.34400000000001	0.3617474124521526
75.34400000000001	0.36259470885098255
76.339	0.35036986493839983
77.331	0.34322638726322197
78.322	0.35487477021571545
79.31400000000001	0.3476836721858632
80.31	0.3348435881894898
81.303	0.32667496465329604
82.3	0.31417581614458123
83.294	0.3055095889256941
84.292	0.2924816793560814
85.29	0.27707289426769227
86.29	0.2616855146217263
87.286	0.24773786970300635
88.284	0.28233213705598226
89.271	0.2799878796713444
90.268	0.2676350050821988
91.267	0.32968742027910763
92.265	0.5823618909138563
93.255	0.5675428690086989
94.235	0.4932650858677816
95.22500000000001	0.5287460934029845
96.215	0.5428529189688664
97.196	0.49667015706396206
98.19500000000001	0.6308376076509427
99.186	0.6236928993846326
100.168	0.6161540498989952
101.15	0.6177205157680336
102.132	0.6188288965046216
103.114	0.6115364258175187
104.096	0.6122178369115211
105.078	0.5938926618991525
106.06	0.6035230295046559
107.051	0.6051938965596726
108.034	0.6139231392618048
109.016	0.5838363772751636
110.008	0.6334015687808402
110.991	0.6336535429544492
111.982	0.6667371450631998
112.962	0.6789632704034889
113.953	0.7209273692292737
114.935	0.7219016163066766
115.919	0.7030284923879045
116.912	0.7151678913076364
117.903	0.7201845508732606
118.894	0.7335038195823717
119.878	0.7324737263676216
120.86200000000001	0.7332687321543883
121.846	0.7244278185552087
122.846	0.7390538906151848
123.831	0.7370540983987642
124.816	0.7548879684005242
125.81	0.75632037785845
126.802	0.7479492620423797
127.779	0.7457032730894683
128.76500000000001	0.7454895489651284
129.758	0.73666616682348
130.736	0.7410485384619101
131.72	0.7409532879662478
132.704	0.7624462868612796
133.68800000000002	0.7634737051415226
134.681	0.7552989589399159
135.66	0.7612626005085608
136.644	0.7604341482428103
137.629	0.7578766159788884
138.614	0.7572532652400058
139.602	0.7735116427452531
140.587	0.77174750825715
141.566	0.7774283289817043
142.554	0.7735957315494458
143.541	0.7702521282637065
144.53300000000002	0.7610397884407294
145.522	0.7545156884481967
146.50900000000001	0.7512083094790413
147.498	0.746482392264924
148.49	0.7397207874682428
149.482	0.7320657508231199
150.463	0.7370161373595399
151.44400000000002	0.7397026146110707
152.425	0.7449136244701671
153.425	0.7305457118472275
154.411	0.7296728612567178
155.411	0.7130824594715637
156.393	0.7174278553550767
157.379	0.7170961892609516
158.361	0.72106323794007
159.355	0.71154029364676
160.351	0.701149701760466
161.338	0.6981891107038979
162.333	0.6879450511651105
163.326	0.6801493804430356
164.31	0.6810212779953687
165.305	0.6719476858632548
166.293	0.6690755137310661
167.29	0.6576058395649581
168.282	0.6509979221340244
169.27	0.6490092537333146
170.263	0.6421000007174287
171.25300000000001	0.6386921124132353
172.245	0.6326950579112126
173.237	0.6256663418638468
174.234	0.6130259835441391
175.223	0.6084074035410773
176.219	0.5974006963407941
177.20600000000002	0.5937006438735243
178.195	0.5909765976004432
179.189	0.5813174231822527
180.183	0.5713484064576612
181.18	0.5598649176468389
182.168	0.5575772594308817
183.163	0.5474026213367711
184.16	0.5358560992386692
185.149	0.5420632240365657
186.139	0.5260986616287247
187.135	0.5139250530528056
188.125	0.507171241602559
189.115	0.5018296127656734
190.113	0.48877493635135205
191.104	0.48194479491704895
192.102	0.4692652295520217
193.1	0.4668202708732228
194.098	0.4828523585307308
195.082	0.4719663571557682
196.066	0.47233274151906635
197.055	0.46750130733498474
198.03900000000002	0.5466103893952934
199.028	0.5518605589667159
200.017	0.5655213508348572
201.007	0.5602874094908815
201.992	0.5591818803911144
202.977	0.5605035846785507
203.96200000000002	0.5598682653391935
204.952	0.5556620457184493
205.943	0.5589442468289547
206.934	0.5527661688086416
207.92000000000002	0.5529068199713304
208.911	0.5466356436946339
209.898	0.5449931662170087
210.89000000000001	0.5376549786045787
211.877	0.5449354524183697
212.868	0.540887702916834
213.846	0.5472497871609143
214.83700000000002	0.5413461101465856
215.82	0.5414478492943552
216.803	0.5446287720893936
217.78300000000002	0.5501916443326826
218.761	0.5580049739009216
219.746	0.5582794416451836
220.737	0.5509330971705765
221.721	0.5509881384189956
222.707	0.5491978216912898
223.692	0.5493315295396404
224.678	0.550672111930043
225.65800000000002	0.5569338606907496
226.643	0.5499750284816666
227.629	0.5514187136455684
228.615	0.5317593994593526
229.601	0.5309881933178561
230.582	0.536960954956967
231.56300000000002	0.5235195373237996
232.549	0.5244866228023867
233.53	0.5275242387025402
234.516	0.5272790349499357
235.497	0.5225739603680373
236.483	0.5231676612744489
237.469	0.5244548946841943
238.455	0.525550739259732
239.442	0.5269411043836427
240.434	0.5243138506362033
241.42600000000002	0.5308774964834982
242.413	0.5315415859704988
243.4	0.5307580540891353
244.392	0.5264831200038784
245.374	0.5299981546688288
246.362	0.5276262581814853
247.35	0.5249266417716444
248.332	0.5295179578716622
249.314	0.5347849439587459
250.296	0.5399310871847066
251.278	0.5453749369912196
252.26000000000002	0.5517379748573906
253.24200000000002	0.5575464746130466
254.229	0.5589905308073717
255.211	0.5656495479378887
256.204	0.5618741096923917
257.192	0.5627741124901836
258.18	0.5649866402283101
259.168	0.5673982279255706
260.156	0.5672036986038466
261.144	0.5690874900419896
262.137	0.5688757629460948
263.125	0.5703159273972725
264.118	0.5681043962287776
265.106	0.5709291208313737
266.1	0.5669378757481978
267.094	0.5644513301487827
268.083	0.5618882375166837
269.083	0.5513647514921566
270.083	0.5411837705716886
271.072	0.5374968634129677
272.056	0.5421858668490436
273.045	0.5418222377355141
274.034	0.5424619631196876
275.024	0.5428920368876833
276.014	0.5427079608544415
277.004	0.5425648427147977
277.994	0.5426403747146454
278.984	0.54371145192925
279.979	0.5354180459385403
280.964	0.5372177781253763
281.949	0.5404841432155711
282.934	0.542135550148068
283.919	0.5429593998475393
284.914	0.5368305727888495
285.904	0.5345838021171726
286.899	0.5279057689450865
287.89	0.5229149404704775
288.88100000000003	0.5202583474475202
289.877	0.5101895644135775
290.868	0.5092958785530806
291.859	0.5066071934351994
292.859	0.49380848040125547
293.846	0.49757060734809966
294.837	0.4939661047255847
295.833	0.4896197725650786
296.829	0.4851799110191525
297.821	0.4847946359375826
298.808	0.4909988339438926
299.795	0.4986954667325867
300.782	0.5069844968576045
301.76800000000003	0.5168038314405837
302.754	0.5268765281862214
303.74	0.5375011032371677
304.725	0.5490061141855775
305.71	0.5405634111928618
306.695	0.5502281454682855
307.685	0.5511207746034676
308.68	0.5476387711584987
309.664	0.5585019638748936
310.648	0.5698209483409857
311.632	0.5812924964541556
312.615	0.5945541544164957
313.598	0.6079207711886576
314.58	0.6218981109959917
315.568	0.6290437649559957
316.556	0.6363042823665517
317.544	0.6452851683630996
318.532	0.6545972205568837
319.519	0.6651105108753859
320.5	0.6683336564343908
321.487	0.6783677321641929
322.467	0.6930659298519918
323.446	0.7088597636547967
324.432	0.7184989916224765
325.425	0.7211765710680826
326.425	0.7170056886304276
327.411	0.7280396594631509
328.397	0.7399027593629737
329.382	0.7526465973980817
330.367	0.7652370217696847
331.35200000000003	0.7775769969780849
332.329	0.7968734453422835
333.305	0.8168513258795257
334.305	0.8113701486909739
335.289	0.8240397594649247
336.273	0.8376233465761277
337.25600000000003	0.8531962433184259
338.23900000000003	0.8689407014493966
339.222	0.8846758993478033
340.204	0.8992881195735708
341.18600000000004	0.913716151693707
342.177	0.9196630016132921
343.168	0.925837042509573
344.159	0.9329467414569863
345.14	0.9507989102439904
346.121	0.9687493367081188
347.112	0.6054062307899998
348.112	0.9331669182527316
349.112	0.9723698431410558
350.112	0.9717770278578984
351.112	0.9812245458147412
352.112	0.9808184805415838
353.103	0.6346165764818665
354.103	0.9612295003653554
355.103	0.9908220429513199
356.103	0.9906049486781626
357.103	0.9903878544050052
358.094	0.8319235453931562
359.094	0.9751854507470847
360.085	0.9712241227854931
361.085	0.9904406893186263
362.084	0.9911565769616842
363.084	0.9910011229073706
364.084	0.9908471257707919
365.075	0.6346847433165331
366.075	0.9714702462100547
367.075	0.9911348085902639
368.075	0.9909808114536852
369.075	0.9908268143171067
370.075	0.990672817180528
371.075	0.9905188200439493
372.075	0.9903648229073706
373.075	0.990210825770792
374.06600000000003	0.703558333216032
375.06600000000003	0.9808233057268428
376.06600000000003	0.9900478362150997
377.064	0.8709580999999998
378.064	0.9906272
379.064	0.9905363
380.064	0.9904454
381.064	0.9903545
382.064	0.9902636
383.064	0.9901727
384.064	0.9900818
385.064	1.0
386.064	1.0
387.064	1.0
388.064	1.0
389.064	1.0
390.064	1.0
391.064	1.0
392.064	1.0
393.064	1.0
394.064	1.0
395.064	1.0
396.064	1.0
397.064	1.0
398.064	1.0
399.064	1.0
400.064	1.0
401.064	1.0
402.064	1.0
403.064	1.0
404.064	1.0
405.064	1.0
406.064	1.0
407.064	1.0
408.064	1.0
409.064	1.0
410.064	1.0
411.064	1.0
412.064	1.0
413.064	1.0
414.064	1.0
415.064	1.0
416.064	1.0
417.064	1.0
418.064	1.0
419.064	1.0
420.064	1.0
421.064	1.0
422.064	1.0
423.064	1.0
424.064	1.0
425.064	1.0
426.064	1.0
427.064	1.0
428.064	1.0
429.064	1.0
430.064	1.0
431.064	1.0
432.064	1.0
433.064	1.0
434.064	1.0
435.064	1.0
436.064	1.0
437.064	1.0
438.064	1.0
439.064	1.0
440.064	1.0
441.064	1.0
442.064	1.0
443.064	1.0
444.064	1.0
445.064	1.0
446.064	1.0
447.064	1.0
448.064	1.0
449.064	1.0
450.064	1.0
451.064	1.0
452.064	1.0
453.064	1.0
454.064	1.0
455.064	1.0
456.064	1.0
457.064	1.0
458.064	1.0
459.064	1.0
460.064	1.0
461.064	1.0
462.064	1.0
463.064	1.0
464.064	1.0
465.064	1.0
466.064	1.0
467.064	1.0
468.064	1.0
469.064	1.0
470.064	1.0
471.064	1.0
472.064	1.0
473.064	1.0
474.064	1.0
475.064	1.0
476.064	1.0
477.064	1.0
478.064	1.0
479.064	1.0
480.064	1.0
481.064	1.0
482.064	1.0
483.064	1.0
484.064	1.0
485.064	1.0
486.064	1.0
487.064	1.0
488.064	1.0
489.064	1.0
490.064	1.0
491.064	1.0
492.064	1.0
493.064	1.0
494.064	1.0
495.064	1.0
496.064	1.0
497.064	1.0
498.064	1.0
499.064	1.0
500.064	1.0
501.064	1.0
502.064	1.0
503.064	1.0
504.064	1.0
505.064	1.0
506.064	1.0
507.064	1.0
508.064	1.0
509.064	1.0
510.064	1.0
511.064	1.0
512.064	1.0
513.064	1.0
514.064	1.0
515.064	1.0
516.064	1.0
517.064	1.0
518.064	1.0
519.064	1.0
520.064	1.0
521.064	1.0
522.064	1.0
523.064	1.0
524.064	1.0
525.064	1.0
526.064	1.0
527.064	1.0
528.064	1.0
529.064	1.0
530.064	1.0
531.064	1.0
532.064	1.0
533.064	1.0
534.064	1.0
535.064	1.0
536.064	1.0
537.064	1.0
538.064	1.0
539.064	1.0
540.064	1.0
541.064	1.0
542.064	1.0
543.064	1.0
544.064	1.0
545.064	1.0
546.064	1.0
547.064	1.0
548.064	1.0
549.064	1.0
550.064	1.0
551.064	1.0
552.064	1.0
553.064	1.0
554.064	1.0
555.064	1.0
556.064	1.0
557.064	1.0
558.064	1.0
559.064	1.0
560.064	1.0
561.064	1.0
562.064	1.0
563.064	1.0
564.064	1.0
565.064	1.0
566.064	1.0
567.064	1.0
568.064	1.0
569.064	1.0
570.064	1.0
571.064	1.0
572.064	1.0
573.064	1.0
574.064	1.0
575.064	1.0
576.064	1.0
577.064	1.0
578.064	1.0
579.064	1.0
580.064	1.0
581.064	1.0
582.064	1.0
583.064	1.0
584.064	1.0
585.064	1.0
586.064	1.0
587.064	1.0
588.064	1.0
589.064	1.0
590.064	1.0
591.064	1.0
592.064	1.0
593.064	1.0
594.064	1.0
595.064	1.0
596.064	1.0
597.064	1.0
598.064	1.0
599.064	1.0
600.064	1.0
601.064	1.0
602.064	1.0
603.064	1.0
604.064	1.0
605.064	1.0
606.064	1.0
607.064	1.0
608.064	1.0
609.064	1.0
610.064	1.0
611.064	1.0
612.064	1.0
613.064	1.0
614.064	1.0
615.064	1.0
616.064	1.0
617.064	1.0
618.064	1.0
619.064	1.0
620.064	1.0
621.064	1.0
622.064	1.0
623.064	1.0
624.064	1.0
625.064	1.0
626.064	1.0
627.064	1.0
628.064	1.0
629.064	1.0
630.064	1.0
631.064	1.0
632.064	1.0
633.064	1.0
634.064	1.0
635.064	1.0
636.064	1.0
637.064	1.0
638.064	1.0
639.064	1.0
640.064	1.0
641.064	1.0
642.064	1.0
643.064	1.0
644.064	1.0
645.064	1.0
646.064	1.0
647.064	1.0
648.064	1.0
649.064	1.0
650.064	1.0
651.064	1.0
652.064	1.0
653.064	1.0
654.064	1.0
655.064	1.0
656.064	1.0
657.064	1.0
658.064	1.0
659.064	1.0
660.064	1.0
661.064	1.0
662.064	1.0
663.064	1.0
664.064	1.0
665.064	1.0
666.064	1.0
667.064	1.0
668.064	1.0
669.064	1.0
670.064	1.0
671.064	1.0
672.064	1.0
673.064	1.0
674.064	1.0
675.064	1.0
676.064	1.0
677.064	1.0
678.064	1.0
679.064	1.0
680.064	1.0
681.064	1.0
682.064	1.0
683.064	1.0
684.064	1.0
685.064	1.0
686.064	1.0
687.064	1.0
688.064	1.0
689.064	1.0
690.064	1.0
691.064	1.0
692.064	1.0
693.064	1.0
694.064	1.0
695.064	1.0
696.064	1.0
697.064	1.0
698.064	1.0
699.064	1.0
700.064	1.0
701.064	1.0
702.064	1.0
703.064	1.0
704.064	1.0
705.064	1.0
706.064	1.0
707.064	1.0
708.064	1.0
709.064	1.0
710.064	1.0
711.064	1.0
712.064	1.0
713.064	1.0
714.064	1.0
715.064	1.0
716.064	1.0
717.064	1.0
718.064	1.0
719.064	1.0
720.064	1.0
721.064	1.0
722.064	1.0
723.064	1.0
724.064	1.0
725.064	1.0
726.064	1.0
727.064	1.0
728.064	1.0
729.064	1.0
730.064	1.0
731.064	1.0
732.064	1.0
733.064	1.0
734.064	1.0
735.064	1.0
736.064	1.0
737.064	1.0
738.064	1.0
739.064	1.0
740.064	1.0
741.064	1.0
742.064	1.0
743.064	1.0
744.064	1.0
745.064	1.0
746.064	1.0
747.064	1.0
748.064	1.0
749.064	1.0
750.064	1.0
751.064	1.0
752.064	1.0
753.064	1.0
754.064	1.0
755.064	1.0
756.064	1.0
757.064	1.0
758.064	1.0
759.064	1.0
760.064	1.0
761.064	1.0
762.064	1.0
763.064	1.0
764.064	1.0
765.064	1.0
766.064	1.0
767.064	1.0
768.064	1.0
769.064	1.0
770.064	1.0
771.064	1.0
772.064	1.0
773.064	1.0
774.064	1.0
775.064	1.0
776.064	1.0
777.064	1.0
778.064	1.0
779.064	1.0
780.064	1.0
781.064	1.0
782.064	1.0
783.064	1.0
784.064	1.0
785.064	1.0
786.064	1.0
787.064	1.0
788.064	1.0
789.064	1.0
790.064	1.0
791.064	1.0
792.064	1.0
793.064	1.0
794.064	1.0
795.064	1.0
796.064	1.0
797.064	1.0
798.064	1.0
799.064	1.0
800.064	1.0
801.064	1.0
802.064	1.0
803.064	1.0
804.064	1.0
805.064	1.0
806.064	1.0
807.064	1.0
808.064	1.0
809.064	1.0
810.064	1.0
811.064	1.0
812.064	1.0
813.064	1.0
814.064	1.0
815.064	1.0
816.064	1.0
817.064	1.0
818.064	1.0
819.064	1.0
820.064	1.0
821.064	1.0
822.064	1.0
823.064	1.0
824.064	1.0
825.064	1.0
826.064	1.0
827.064	1.0
828.064	1.0
829.064	1.0
830.064	1.0
831.064	1.0
832.064	1.0
833.064	1.0
834.064	1.0
835.064	1.0
836.064	1.0
837.064	1.0
838.064	1.0
839.064	1.0
840.064	1.0
841.064	1.0
842.064	1.0
843.064	1.0
844.064	1.0
845.064	1.0
846.064	1.0
847.064	1.0
848.064	1.0
849.064	1.0
850.064	1.0
851.064	1.0
852.064	1.0
853.064	1.0
854.064	1.0
855.064	1.0
856.064	1.0
857.064	1.0
858.064	1.0
859.064	1.0
860.064	1.0
861.064	1.0
862.064	1.0
863.064	1.0
864.064	1.0
865.064	1.0
866.064	1.0
867.064	1.0
868.064	1.0
869.064	1.0
870.064	1.0
871.064	1.0
872.064	1.0
873.064	1.0
874.064	1.0
875.064	1.0
876.064	1.0
877.064	1.0
878.064	1.0
879.064	1.0
880.064	1.0
881.064	1.0
882.064	1.0
883.064	1.0
884.064	1.0
885.064	1.0
886.064	1.0
887.064	1.0
888.064	1.0
889.064	1.0
890.064	1.0
891.064	1.0
892.064	1.0
893.064	1.0
894.064	1.0
895.064	1.0
896.064	1.0
897.064	1.0
898.064	1.0
899.064	1.0
900.064	1.0
901.064	1.0
902.064	1.0
903.064	1.0
904.064	1.0
905.064	1.0
906.064	1.0
907.064	1.0
908.064	1.0
909.064	1.0
910.064	1.0
911.064	1.0
912.064	1.0
913.064	1.0
914.064	1.0
915.064	1.0
916.064	1.0
917.064	1.0
918.064	1.0
919.064	1.0
920.064	1.0
921.064	1.0
922.064	1.0
923.064	1.0
924.064	1.0
925.064	1.0
926.064	1.0
927.064	1.0
928.064	1.0
929.064	1.0
930.064	1.0
931.064	1.0
932.064	1.0
933.064	1.0
934.064	1.0
935.064	1.0
936.064	1.0
937.064	1.0
938.064	1.0
939.064	1.0
940.064	1.0
941.064	1.0
942.064	1.0
943.064	1.0
944.064	1.0
945.064	1.0
946.064	1.0
947.064	1.0
948.064	1.0
949.064	1.0
950.064	1.0
951.064	1.0
952.064	1.0
953.064	1.0
954.064	1.0
955.064	1.0
956.064	1.0
957.064	1.0
958.064	1.0
959.064	1.0
960.064	1.0
961.064	1.0
962.064	1.0
963.064	1.0
964.064	1.0
965.064	1.0
966.064	1.0
967.064	1.0
968.064	1.0
969.064	1.0
970.064	1.0
971.064	1.0
972.064	1.0
973.064	1.0
974.064	1.0
975.064	1.0
976.064	1.0
977.064	1.0
978.064	1.0
979.064	1.0
980.064	1.0
981.064	1.0
982.064	1.0
983.064	1.0
984.064	1.0
985.064	1.0
986.064	1.0
987.064	1.0
988.064	1.0
989.064	1.0
990.064	1.0
991.064	1.0
992.064	1.0
993.064	1.0
994.064	1.0
995.064	1.0
996.064	1.0
997.064	1.0
998.064	1.0
999.064	1.0
1000.064	1.0
1001.064	1.0
1002.064	1.0
1003.064	1.0
1004.064	1.0
1005.064	1.0
1006.064	1.0
1007.064	1.0
1008.064	1.0
1009.064	1.0
1010.064	1.0
1011.064	1.0
1012.064	1.0
1013.064	1.0
1014.064	1.0
1015.064	1.0
1016.064	1.0
1017.064	1.0
1018.064	1.0
1019.064	1.0
1020.064	1.0
1021.064	1.0
1022.064	1.0
1023.064	1.0
1024.064	1.0
1025.064	1.0
1026.064	1.0
1027.064	1.0
1028.064	1.0
1029.064	1.0
1030.064	1.0
1031.064	1.0
1032.064	1.0
1033.064	1.0
1034.064	1.0
1035.064	1.0
1036.064	1.0
1037.064	1.0
1038.064	1.0
1039.064	1.0
1040.064	1.0
1041.064	1.0
1042.064	1.0
1043.064	1.0
1044.064	1.0
1045.064	1.0
1046.064	1.0
1047.064	1.0
1048.064	1.0
1049.064	1.0
1050.064	1.0
1051.064	1.0
1052.064	1.0
1053.064	1.0
1054.064	1.0
1055.064	1.0
1056.064	1.0
1057.064	1.0
1058.064	1.0
1059.064	1.0
1060.064	1.0
1061.064	1.0
1062.064	1.0
1063.064	1.0
1064.064	1.0
1065.064	1.0
1066.064	1.0
1067.064	1.0
1068.064	1.0
1069.064	1.0
1070.064	1.0
1071.064	1.0
1072.064	1.0
1073.064	1.0
1074.064	1.0
1075.064	1.0
1076.064	1.0
1077.064	1.0
1078.064	1.0
1079.064	1.0
1080.064	1.0
1081.064	1.0
1082.064	1.0
1083.064	1.0
1084.064	1.0
1085.064	1.0
1086.064	1.0
1087.064	1.0
1088.064	1.0
1089.064	1.0
1090.064	1.0
1091.064	1.0
1092.064	1.0
1093.064	1.0
1094.064	1.0
1095.064	1.0
1096.064	1.0
1097.064	1.0
1098.064	1.0
1099.064	1.0
1100.064	1.0
1101.064	1.0
1102.064	1.0
1103.064	1.0
1104.064	1.0
1105.064	1.0
1106.064	1.0
1107.064	1.0
1108.064	1.0
1109.064	1.0
1110.064	1.0
1111.064	1.0
1112.064	1.0
1113.064	1.0
1114.064	1.0
1115.064	1.0
1116.064	1.0
1117.064	1.0
1118.064	1.0
1119.064	1.0
1120.064	1.0
1121.064	1.0
1122.064	1.0
1123.064	1.0
1124.064	1.0
1125.064	1.0
1126.064	1.0
1127.064	1.0
1128.064	1.0
1129.064	1.0
1130.064	1.0
1131.064	1.0
1132.064	1.0
1133.064	1.0
1134.064	1.0
1135.064	1.0
1136.064	1.0
1137.064	1.0
1138.064	1.0
1139.064	1.0
1140.064	1.0
1141.064	1.0
1142.064	1.0
1143.064	1.0
1144.064	1.0
1145.064	1.0
1146.064	1.0
1147.064	1.0
1148.064	1.0
1149.064	1.0
1150.064	1.0
1151.064	1.0
1152.064	1.0
1153.064	1.0
1154.064	1.0
1155.064	1.0
1156.064	1.0
1157.064	1.0
1158.064	1.0
1159.064	1.0
1160.064	1.0
1161.064	1.0
1162.064	1.0
1163.064	1.0
1164.064	1.0
1165.064	1.0
1166.064	1.0
1167.064	1.0
1168.064	1.0
1169.064	1.0
1170.064	1.0
1171.064	1.0
1172.064	1.0
1173.064	1.0
1174.064	1.0
1175.064	1.0
1176.064	1.0
1177.064	1.0
1178.064	1.0
1179.064	1.0
1180.064	1.0
1181.064	1.0
1182.064	1.0
1183.064	1.0
1184.064	1.0
1185.064	1.0
1186.064	1.0
1187.064	1.0
1188.064	1.0
1189.064	1.0
1190.064	1.0
1191.064	1.0
1192.064	1.0
1193.064	1.0
1194.064	1.0
1195.064	1.0
1196.064	1.0
1197.064	1.0
1198.064	1.0
1199.064	1.0
1200.064	1.0
1201.064	1.0
1202.064	1.0
1203.064	1.0
1204.064	1.0
1205.064	1.0
1206.064	1.0
1207.064	1.0
1208.064	1.0
1209.064	1.0
1210.064	1.0
1211.064	1.0
1212.064	1.0
1213.064	1.0
1214.064	1.0
1215.064	1.0
1216.064	1.0
1217.064	1.0
1218.064	1.0
1219.064	1.0
1220.064	1.0
1221.064	1.0
1222.064	1.0
1223.064	1.0
1224.064	1.0
1225.064	1.0
1226.064	1.0
1227.064	1.0
1228.064	1.0
1229.064	1.0
1230.064	1.0
1231.064	1.0
1232.064	1.0
1233.064	1.0
1234.064	1.0
1235.064	1.0
1236.064	1.0
1237.064	1.0
1238.064	1.0
1239.064	1.0
1240.064	1.0
1241.064	1.0
1242.064	1.0
1243.064	1.0
1244.064	1.0
1245.064	1.0
1246.064	1.0
1247.064	1.0
1248.064	1.0
1249.064	1.0
1250.064	1.0
1251.064	1.0
1252.064	1.0
1253.064	1.0
1254.064	1.0
1255.064	1.0
1256.064	1.0
1257.064	1.0
1258.064	1.0
1259.064	1.0
1260.064	1.0
1261.064	1.0
1262.064	1.0
1263.064	1.0
1264.064	1.0
1265.064	1.0
1266.064	1.0
1267.064	1.0
1268.064	1.0
1269.064	1.0
1270.064	1.0
1271.064	1.0
1272.064	1.0
1273.064	1.0
1274.064	1.0
1275.064	1.0
1276.064	1.0
1277.064	1.0
1278.064	1.0
1279.064	1.0
1280.064	1.0
1281.064	1.0
1282.064	1.0
1283.064	1.0
1284.064	1.0
1285.064	1.0
1286.064	1.0
1287.064	1.0
1288.064	1.0
1289.064	1.0
1290.064	1.0
1291.064	1.0
1292.064	1.0
1293.064	1.0
1294.064	1.0
1295.064	1.0
1296.064	1.0
1297.064	1.0
1298.064	1.0
1299.064	1.0
1300.064	1.0
1301.064	1.0
1302.064	1.0
1303.064	1.0
1304.064	1.0
1305.064	1.0
1306.064	1.0
1307.064	1.0
1308.064	1.0
1309.064	1.0
1310.064	1.0
1311.064	1.0
1312.064	1.0
1313.064	1.0
1314.064	1.0
1315.064	1.0
1316.064	1.0
1317.064	1.0
1318.064	1.0
1319.064	1.0
1320.064	1.0
1321.064	1.0
1322.064	1.0
1323.064	1.0
1324.064	1.0
1325.064	1.0
1326.064	1.0
1327.064	1.0
1328.064	1.0
1329.064	1.0
1330.064	1.0
1331.064	1.0
1332.064	1.0
1333.064	1.0
1334.064	1.0
1335.064	1.0
1336.064	1.0
1337.064	1.0
1338.064	1.0
1339.064	1.0
1340.064	1.0
1341.064	1.0
1342.064	1.0
1343.064	1.0
1344.064	1.0
1345.064	1.0
1346.064	1.0
1347.064	1.0
1348.064	1.0
1349.064	1.0
1350.064	1.0
1351.064	1.0
1352.064	1.0
1353.064	1.0
1354.064	1.0
1355.064	1.0
1356.064	1.0
1357.064	1.0
1358.064	1.0
1359.064	1.0
1360.064	1.0
1361.064	1.0
1362.064	1.0
1363.064	1.0
1364.064	1.0
1365.064	1.0
1366.064	1.0
1367.064	1.0
1368.064	1.0
1369.064	1.0
1370.064	1.0
1371.064	1.0
1372.064	1.0
1373.064	1.0
1374.064	1.0
1375.064	1.0
1376.064	1.0
1377.064	1.0
1378.064	1.0
1379.064	1.0
1380.064	1.0
1381.064	1.0
1382.064	1.0
1383.064	1.0
1384.064	1.0
1385.064	1.0
1386.064	1.0
1387.064	1.0
1388.064	1.0
1389.064	1.0
1390.064	1.0
1391.064	1.0
1392.064	1.0
1393.064	1.0
1394.064	1.0
1395.064	1.0
1396.064	1.0
1397.064	1.0
1398.064	1.0
1399.064	1.0
1400.064	1.0
1401.064	1.0
1402.064	1.0
1403.064	1.0
1404.064	1.0
1405.064	1.0
1406.064	1.0
1407.064	1.0
1408.064	1.0
1409.064	1.0
1410.064	1.0
1411.064	1.0
1412.064	1.0
1413.064	1.0
1414.064	1.0
1415.064	1.0
1416.064	1.0
1417.064	1.0
1418.064	1.0
1419.064	1.0
1420.064	1.0
1421.064	1.0
1422.064	1.0
1423.064	1.0
1424.064	1.0
1425.064	1.0
1426.064	1.0
1427.064	1.0
1428.064	1.0
1429.064	1.0
1430.064	1.0
1431.064	1.0
1432.064	1.0
1433.064	1.0
1434.064	1.0
1435.064	1.0
1436.064	1.0
1437.064	1.0
1438.064	1.0
1439.064	1.0
1440.064	1.0
1441.064	1.0
1442.064	1.0
1443.064	1.0
1444.064	1.0
1445.064	1.0
1446.064	1.0
1447.064	1.0
1448.064	1.0
1449.064	1.0
1450.064	1.0
1451.064	1.0
1452.064	1.0
1453.064	1.0
1454.064	1.0
1455.064	1.0
1456.064	1.0
1457.064	1.0
1458.064	1.0
1459.064	1.0
1460.064	1.0
1461.064	1.0
1462.064	1.0
1463.064	1.0
1464.064	1.0
1465.064	1.0
1466.064	1.0
1467.064	1.0
1468.064	1.0
1469.064	1.0
1470.064	1.0
1471.064	1.0
1472.064	1.0
1473.064	1.0
1474.064	1.0
1475.064	1.0
1476.064	1.0
1477.064	1.0
1478.064	1.0
1479.064	1.0
1480.064	1.0
1481.064	1.0
1482.064	1.0
1483.064	1.0
1484.064	1.0
1485.064	1.0
1486.064	1.0
1487.064	1.0
1488.064	1.0
1489.064	1.0
1490.064	1.0
1491.064	1.0
1492.064	1.0
1493.064	1.0
1494.064	1.0
1495.064	1.0
1496.064	1.0
1497.064	1.0
1498.064	1.0
1499.064	1.0
1500.064	1.0
1501.064	1.0
1502.064	1.0
1503.064	1.0
1504.064	1.0
1505.064	1.0
1506.064	1.0
1507.064	1.0
1508.064	1.0
1509.064	1.0
1510.064	1.0
1511.064	1.0
1512.064	1.0
1513.064	1.0
1514.064	1.0
1515.064	1.0
1516.064	1.0
1517.064	1.0
1518.064	1.0
1519.064	1.0
1520.064	1.0
1521.064	1.0
1522.064	1.0
1523.064	1.0
1524.064	1.0
1525.064	1.0
1526.064	1.0
1527.064	1.0
1528.064	1.0
1529.064	1.0
1530.064	1.0
1531.064	1.0
1532.064	1.0
1533.064	1.0
1534.064	1.0
1535.064	1.0
1536.064	1.0
1537.064	1.0
1538.064	1.0
1539.064	1.0
1540.064	1.0
1541.064	1.0
1542.064	1.0
1543.064	1.0
1544.064	1.0
1545.064	1.0
1546.064	1.0
1547.064	1.0
1548.064	1.0
1549.064	1.0
1550.064	1.0
1551.064	1.0
1552.064	1.0
1553.064	1.0
1554.064	1.0
1555.064	1.0
1556.064	1.0
1557.064	1.0
1558.064	1.0
1559.064	1.0
1560.064	1.0
1561.064	1.0
1562.064	1.0
1563.064	1.0
1564.064	1.0
1565.064	1.0
1566.064	1.0
1567.064	1.0
1568.064	1.0
1569.064	1.0
1570.064	1.0
1571.064	1.0
1572.064	1.0
1573.064	1.0
1574.064	1.0
1575.064	1.0
1576.064	1.0
1577.064	1.0
1578.064	1.0
1579.064	1.0
1580.064	1.0
1581.064	1.0
1582.064	1.0
1583.064	1.0
1584.064	1.0
1585.064	1.0
1586.064	1.0
1587.064	1.0
1588.064	1.0
1589.064	1.0
1590.064	1.0
1591.064	1.0
1592.064	1.0
1593.064	1.0
1594.064	1.0
1595.064	1.0
1596.064	1.0
1597.064	1.0
1598.064	1.0
1599.064	1.0
1600.064	1.0
1601.064	1.0
1602.064	1.0
1603.064	1.0
1604.064	1.0
1605.064	1.0
1606.064	1.0
1607.064	1.0
1608.064	1.0
1609.064	1.0
1610.064	1.0
1611.064	1.0
1612.064	1.0
1613.064	1.0
1614.064	1.0
1615.064	1.0
1616.064	1.0
1617.064	1.0
1618.064	1.0
1619.064	1.0
1620.064	1.0
1621.064	1.0
1622.064	1.0
1623.064	1.0
1624.064	1.0
1625.064	1.0
1626.064	1.0
1627.064	1.0
1628.064	1.0
1629.064	1.0
1630.064	1.0
1631.064	1.0
1632.064	1.0
1633.064	1.0
1634.064	1.0
1635.064	1.0
1636.064	1.0
1637.064	1.0
1638.064	1.0
1639.064	1.0
1640.064	1.0
1641.064	1.0
1642.064	1.0
1643.064	1.0
1644.064	1.0
1645.064	1.0
1646.064	1.0
1647.064	1.0
1648.064	1.0
1649.064	1.0
1650.064	1.0
1651.064	1.0
1652.064	1.0
1653.064	1.0
1654.064	1.0
1655.064	1.0
1656.064	1.0
1657.064	1.0
1658.064	1.0
1659.064	1.0
1660.064	1.0
1661.064	1.0
1662.064	1.0
1663.064	1.0
1664.064	1.0
1665.064	1.0
1666.064	1.0
1667.064	1.0
1668.064	1.0
1669.064	1.0
1670.064	1.0
1671.064	1.0
1672.064	1.0
1673.064	1.0
1674.064	1.0
1675.064	1.0
1676.064	1.0
1677.064	1.0
1678.064	1.0
1679.064	1.0
1680.064	1.0
1681.064	1.0
1682.064	1.0
1683.064	1.0
1684.064	1.0
1685.064	1.0
1686.064	1.0
1687.064	1.0
1688.064	1.0
1689.064	1.0
1690.064	1.0
1691.064	1.0
1692.064	1.0
1693.064	1.0
1694.064	1.0
1695.064	1.0
1696.064	1.0
1697.064	1.0
1698.064	1.0
1699.064	1.0
1700.064	1.0
1701.064	1.0
1702.064	1.0
1703.064	1.0
1704.064	1.0
1705.064	1.0
1706.064	1.0
1707.064	1.0
1708.064	1.0
1709.064	1.0
1710.064	1.0
1711.064	1.0
1712.064	1.0
1713.064	1.0
1714.064	1.0
1715.064	1.0
1716.064	1.0
1717.064	1.0
1718.064	1.0
1719.064	1.0
1720.064	1.0
1721.064	1.0
1722.064	1.0
1723.064	1.0
1724.064	1.0
1725.064	1.0
1726.064	1.0
1727.064	1.0
1728.064	1.0
1729.064	1.0
1730.064	1.0
1731.064	1.0
1732.064	1.0
1733.064	1.0
1734.064	1.0
1735.064	1.0
1736.064	1.0
1737.064	1.0
1738.064	1.0
1739.064	1.0
1740.064	1.0
1741.064	1.0
1742.064	1.0
1743.064	1.0
1744.064	1.0
1745.064	1.0
1746.064	1.0
1747.064	1.0
1748.064	1.0
1749.064	1.0
1750.064	1.0
1751.064	1.0
1752.064	1.0
1753.064	1.0
1754.064	1.0
1755.064	1.0
1756.064	1.0
1757.064	1.0
1758.064	1.0
1759.064	1.0
1760.064	1.0
1761.064	1.0
1762.064	1.0
1763.064	1.0
1764.064	1.0
1765.064	1.0
1766.064	1.0
1767.064	1.0
1768.064	1.0
1769.064	1.0
1770.064	1.0
1771.064	1.0
1772.064	1.0
1773.064	1.0
1774.064	1.0
1775.064	1.0
1776.064	1.0
1777.064	1.0
1778.064	1.0
1779.064	1.0
1780.064	1.0
1781.064	1.0
1782.064	1.0
1783.064	1.0
1784.064	1.0
1785.064	1.0
1786.064	1.0
1787.064	1.0
1788.064	1.0
1789.064	1.0
1790.064	1.0
1791.064	1.0
1792.064	1.0
1793.064	1.0
1794.064	1.0
1795.064	1.0
1796.064	1.0
1797.064	1.0
1798.064	1.0
1799.064	1.0
1800.064	1.0
1801.064	1.0
1802.064	1.0
1803.064	1.0
1804.064	1.0
1805.064	1.0
1806.064	1.0
1807.064	1.0
1808.064	1.0
1809.064	1.0
1810.064	1.0
1811.064	1.0
1812.064	1.0
1813.064	1.0
1814.064	1.0
1815.064	1.0
1816.064	1.0
1817.064	1.0
1818.064	1.0
1819.064	1.0
1820.064	1.0
1821.064	1.0
1822.064	1.0
1823.064	1.0
1824.064	1.0
1825.064	1.0
1826.064	1.0
1827.064	1.0
1828.064	1.0
1829.064	1.0
1830.064	1.0
1831.064	1.0
1832.064	1.0
1833.064	1.0
1834.064	1.0
1835.064	1.0
1836.064	1.0
1837.064	1.0
1838.064	1.0
1839.064	1.0
1840.064	1.0
1841.064	1.0
1842.064	1.0
1843.064	1.0
1844.064	1.0
1845.064	1.0
1846.064	1.0
1847.064	1.0
1848.064	1.0
1849.064	1.0
1850.064	1.0
1851.064	1.0
1852.064	1.0
1853.064	1.0
1854.064	1.0
1855.064	1.0
1856.064	1.0
1857.064	1.0
1858.064	1.0
1859.064	1.0
1860.064	1.0
1861.064	1.0
1862.064	1.0
1863.064	1.0
1864.064	1.0
1865.064	1.0
1866.064	1.0
1867.064	1.0
1868.064	1.0
1869.064	1.0
1870.064	1.0
1871.064	1.0
1872.064	1.0
1873.064	1.0
1874.064	1.0
1875.064	1.0
1876.064	1.0
1877.064	1.0
1878.064	1.0
1879.064	1.0
1880.064	1.0
1881.064	1.0
1882.064	1.0
1883.064	1.0
1884.064	1.0
1885.064	1.0
1886.064	1.0
1887.064	1.0
1888.064	1.0
1889.064	1.0
1890.064	1.0
1891.064	1.0
1892.064	1.0
1893.064	1.0
1894.064	1.0
1895.064	1.0
1896.064	1.0
1897.064	1.0
1898.064	1.0
1899.064	1.0
1900.064	1.0
1901.064	1.0
1902.064	1.0
1903.064	1.0
1904.064	1.0
1905.064	1.0
1906.064	1.0
1907.064	1.0
1908.064	1.0
1909.064	1.0
1910.064	1.0
1911.064	1.0
1912.064	1.0
1913.064	1.0
1914.064	1.0
1915.064	1.0
1916.064	1.0
1917.064	1.0
1918.064	1.0
1919.064	1.0
1920.064	1.0
1921.064	1.0
1922.064	1.0
1923.064	1.0
1924.064	1.0
1925.064	1.0
1926.064	1.0
1927.064	1.0
1928.064	1.0
1929.064	1.0
1930.064	1.0
1931.064	1.0
1932.064	1.0
1933.064	1.0
1934.064	1.0
1935.064	1.0
1936.064	1.0
1937.064	1.0
1938.064	1.0
1939.064	1.0
1940.064	1.0
1941.064	1.0
1942.064	1.0
1943.064	1.0
1944.064	1.0
1945.064	1.0
1946.064	1.0
1947.064	1.0
1948.064	1.0
1949.064	1.0
1950.064	1.0
1951.064	1.0
1952.064	1.0
1953.064	1.0
1954.064	1.0
1955.064	1.0
1956.064	1.0
1957.064	1.0
1958.064	1.0
1959.064	1.0
1960.064	1.0
1961.064	1.0
1962.064	1.0
1963.064	1.0
1964.064	1.0
1965.064	1.0
1966.064	1.0
1967.064	1.0
1968.064	1.0
1969.064	1.0
1970.064	1.0
1971.064	1.0
1972.064	1.0
1973.064	1.0
1974.064	1.0
1975.064	1.0
1976.064	1.0
1977.064	1.0
1978.064	1.0
1979.064	1.0
1980.064	1.0
1981.064	1.0
1982.064	1.0
1983.064	1.0
1984.064	1.0
1985.064	1.0
1986.064	1.0
1987.064	1.0
1988.064	1.0
1989.064	1.0
1990.064	1.0
1991.064	1.0
1992.064	1.0
1993.064	1.0
1994.064	1.0
1995.064	1.0
1996.064	1.0
1997.064	1.0
1998.064	1.0
1999.064	1.0
2000.064	1.0
2001.064	1.0
2002.064	1.0
2003.064	1.0
2004.064	1.0
2005.064	1.0
2006.064	1.0
2007.064	1.0
2008.064	1.0
2009.064	1.0
2010.064	1.0
2011.064	1.0
2012.064	1.0
2013.064	1.0
2014.064	1.0
2015.064	1.0
2016.064	1.0
2017.064	1.0
2018.064	1.0
2019.064	1.0
2020.064	1.0
2021.064	1.0
2022.064	1.0
2023.064	1.0
2024.064	1.0
2025.064	1.0
2026.064	1.0
2027.064	1.0
2028.064	1.0
2029.064	1.0
2030.064	1.0
2031.064	1.0
2032.064	1.0
2033.064	1.0
2034.064	1.0
2035.064	1.0
2036.064	1.0
2037.064	1.0
2038.064	1.0
2039.064	1.0
2040.064	1.0
2041.064	1.0
2042.064	1.0
2043.064	1.0
2044.064	1.0
2045.064	1.0
2046.064	1.0
2047.064	1.0
2048.064	1.0
2049.064	1.0
2050.064	1.0
2051.064	1.0
2052.064	1.0
2053.064	1.0
2054.064	1.0
2055.064	1.0
2056.064	1.0
2057.064	1.0
2058.064	1.0
2059.064	1.0
2060.064	1.0
2061.064	1.0
2062.064	1.0
2063.064	1.0
2064.064	1.0
2065.064	1.0
2066.064	1.0
2067.064	1.0
2068.064	1.0
2069.064	1.0
2070.064	1.0
2071.064	1.0
2072.064	1.0
2073.064	1.0
2074.064	1.0
2075.064	1.0
2076.064	1.0
2077.064	1.0
2078.064	1.0
2079.064	1.0
2080.064	1.0
2081.064	1.0
2082.064	1.0
2083.064	1.0
2084.064	1.0
2085.064	1.0
2086.064	1.0
2087.064	1.0
2088.064	1.0
2089.064	1.0
2090.064	1.0
2091.064	1.0
2092.064	1.0
2093.064	1.0
2094.064	1.0
2095.064	1.0
2096.064	1.0
2097.064	1.0
2098.064	1.0
2099.064	1.0
2100.064	1.0
2101.064	1.0
2102.064	1.0
2103.064	1.0
2104.064	1.0
2105.064	1.0
2106.064	1.0
2107.064	1.0
2108.064	1.0
2109.064	1.0
2110.064	1.0
2111.064	1.0
2112.064	1.0
2113.064	1.0
2114.064	1.0
2115.064	1.0
2116.064	1.0
2117.064	1.0
2118.064	1.0
2119.064	1.0
2120.064	1.0
2121.064	1.0
2122.064	1.0
2123.064	1.0
2124.064	1.0
2125.064	1.0
2126.064	1.0
2127.064	1.0
2128.064	1.0
2129.064	1.0
2130.064	1.0
2131.064	1.0
2132.064	1.0
2133.064	1.0
2134.064	1.0
2135.064	1.0
2136.064	1.0
2137.064	1.0
2138.064	1.0
2139.064	1.0
2140.064	1.0
2141.064	1.0
2142.064	1.0
2143.064	1.0
2144.064	1.0
2145.064	1.0
2146.064	1.0
2147.064	1.0
2148.064	1.0
2149.064	1.0
2150.064	1.0
2151.064	1.0
2152.064	1.0
2153.064	1.0
2154.064	1.0
2155.064	1.0
2156.064	1.0
2157.064	1.0
2158.064	1.0
2159.064	1.0
2160.064	1.0
2161.064	1.0
2162.064	1.0
2163.064	1.0
2164.064	1.0
2165.064	1.0
2166.064	1.0
2167.064	1.0
2168.064	1.0
2169.064	1.0
2170.064	1.0
2171.064	1.0
2172.064	1.0
2173.064	1.0
2174.064	1.0
2175.064	1.0
2176.064	1.0
2177.064	1.0
2178.064	1.0
2179.064	1.0
2180.064	1.0
2181.064	1.0
2182.064	1.0
2183.064	1.0
2184.064	1.0
2185.064	1.0
2186.064	1.0
2187.064	1.0
2188.064	1.0
2189.064	1.0
2190.064	1.0
2191.064	1.0
2192.064	1.0
2193.064	1.0
2194.064	1.0
2195.064	1.0
2196.064	1.0
2197.064	1.0
2198.064	1.0
2199.064	1.0
2200.064	1.0
2201.064	1.0
2202.064	1.0
2203.064	1.0
2204.064	1.0
2205.064	1.0
2206.064	1.0
2207.064	1.0
2208.064	1.0
2209.064	1.0
2210.064	1.0
2211.064	1.0
2212.064	1.0
2213.064	1.0
2214.064	1.0
2215.064	1.0
2216.064	1.0
2217.064	1.0
2218.064	1.0
2219.064	1.0
2220.064	1.0
2221.064	1.0
2222.064	1.0
2223.064	1.0
2224.064	1.0
2225.064	1.0
2226.064	1.0
2227.064	1.0
2228.064	1.0
2229.064	1.0
2230.064	1.0
2231.064	1.0
2232.064	1.0
2233.064	1.0
2234.064	1.0
2235.064	1.0
2236.064	1.0
2237.064	1.0
2238.064	1.0
2239.064	1.0
2240.064	1.0
2241.064	1.0
2242.064	1.0
2243.064	1.0
2244.064	1.0
2245.064	1.0
2246.064	1.0
2247.064	1.0
2248.064	1.0
2249.064	1.0
2250.064	1.0
2251.064	1.0
2252.064	1.0
2253.064	1.0
2254.064	1.0
2255.064	1.0
2256.064	1.0
2257.064	1.0
2258.064	1.0
2259.064	1.0
2260.064	1.0
2261.064	1.0
2262.064	1.0
2263.064	1.0
2264.064	1.0
2265.064	1.0
2266.064	1.0
2267.064	1.0
2268.064	1.0
2269.064	1.0
2270.064	1.0
2271.064	1.0
2272.064	1.0
2273.064	1.0
2274.064	1.0
2275.064	1.0
2276.064	1.0
2277.064	1.0
2278.064	1.0
2279.064	1.0
2280.064	1.0
2281.064	1.0
2282.064	1.0
2283.064	1.0
2284.064	1.0
2285.064	1.0
2286.064	1.0
2287.064	1.0
2288.064	1.0
2289.064	1.0
2290.064	1.0
2291.064	1.0
2292.064	1.0
2293.064	1.0
2294.064	1.0
2295.064	1.0
2296.064	1.0
2297.064	1.0
2298.064	1.0
2299.064	1.0
2300.064	1.0
2301.064	1.0
2302.064	1.0
2303.064	1.0
2304.064	1.0
2305.064	1.0
2306.064	1.0
2307.064	1.0
2308.064	1.0
2309.064	1.0
2310.064	1.0
2311.064	1.0
2312.064	1.0
2313.064	1.0
2314.064	1.0
2315.064	1.0
2316.064	1.0
2317.064	1.0
2318.064	1.0
2319.064	1.0
2320.064	1.0
2321.064	1.0
2322.064	1.0
2323.064	1.0
2324.064	1.0
2325.064	1.0
2326.064	1.0
2327.064	1.0
2328.064	1.0
2329.064	1.0
2330.064	1.0
2331.064	1.0
2332.064	1.0
2333.064	1.0
2334.064	1.0
2335.064	1.0
2336.064	1.0
2337.064	1.0
2338.064	1.0
2339.064	1.0
2340.064	1.0
2341.064	1.0
2342.064	1.0
2343.064	1.0
2344.064	1.0
2345.064	1.0
2346.064	1.0
2347.064	1.0
2348.064	1.0
2349.064	1.0
2350.064	1.0
2351.064	1.0
2352.064	1.0
2353.064	1.0
2354.064	1.0
2355.064	1.0
2356.064	1.0
2357.064	1.0
2358.064	1.0
2359.064	1.0
2360.064	1.0
2361.064	1.0
2362.064	1.0
2363.064	1.0
2364.064	1.0
2365.064	1.0
2366.064	1.0
2367.064	1.0
2368.064	1.0
2369.064	1.0
2370.064	1.0
2371.064	1.0
2372.064	1.0
2373.064	1.0
2374.064	1.0
2375.064	1.0
2376.064	1.0
2377.064	1.0
2378.064	1.0
2379.064	1.0
2380.064	1.0
2381.064	1.0
2382.064	1.0
2383.064	1.0
2384.064	1.0
2385.064	1.0
2386.064	1.0
2387.064	1.0
2388.064	1.0
2389.064	1.0
2390.064	1.0
2391.064	1.0
2392.064	1.0
2393.064	1.0
2394.064	1.0
2395.064	1.0
2396.064	1.0
2397.064	1.0
2398.064	1.0
2399.064	1.0
2400.064	1.0
2401.064	1.0
2402.064	1.0
2403.064	1.0
2404.064	1.0
2405.064	1.0
2406.064	1.0
2407.064	1.0
2408.064	1.0
2409.064	1.0
2410.064	1.0
2411.064	1.0
2412.064	1.0
2413.064	1.0
2414.064	1.0
2415.064	1.0
2416.064	1.0
2417.064	1.0
2418.064	1.0
2419.064	1.0
2420.064	1.0
2421.064	1.0
2422.064	1.0
2423.064	1.0
2424.064	1.0
2425.064	1.0
2426.064	1.0
2427.064	1.0
2428.064	1.0
2429.064	1.0
2430.064	1.0
2431.064	1.0
2432.064	1.0
2433.064	1.0
2434.064	1.0
2435.064	1.0
2436.064	1.0
2437.064	1.0
2438.064	1.0
2439.064	1.0
2440.064	1.0
2441.064	1.0
2442.064	1.0
2443.064	1.0
2444.064	1.0
2445.064	1.0
2446.064	1.0
2447.064	1.0
2448.064	1.0
2449.064	1.0
2450.064	1.0
2451.064	1.0
2452.064	1.0
2453.064	1.0
2454.064	1.0
2455.064	1.0
2456.064	1.0
2457.064	1.0
2458.064	1.0
2459.064	1.0
2460.064	1.0
2461.064	1.0
2462.064	1.0
2463.064	1.0
2464.064	1.0
2465.064	1.0
2466.064	1.0
2467.064	1.0
2468.064	1.0
2469.064	1.0
2470.064	1.0
2471.064	1.0
2472.064	1.0
2473.064	1.0
2474.064	1.0
2475.064	1.0
2476.064	1.0
2477.064	1.0
2478.064	1.0
2479.064	1.0
2480.064	1.0
2481.064	1.0
2482.064	1.0
2483.064	1.0
2484.064	1.0
2485.064	1.0
2486.064	1.0
2487.064	1.0
2488.064	1.0
2489.064	1.0
2490.064	1.0
2491.064	1.0
2492.064	1.0
2493.064	1.0
2494.064	1.0
2495.064	1.0
2496.064	1.0
2497.064	1.0
2498.064	1.0
2499.064	1.0
2500.064	1.0
2501.064	1.0
2502.064	1.0
2503.064	1.0
2504.064	1.0
2505.064	1.0
2506.064	1.0
2507.064	1.0
2508.064	1.0
2509.064	1.0
2510.064	1.0
2511.064	1.0
2512.064	1.0
2513.064	1.0
2514.064	1.0
2515.064	1.0
2516.064	1.0
2517.064	1.0
2518.064	1.0
2519.064	1.0
2520.064	1.0
2521.064	1.0
2522.064	1.0
2523.064	1.0
2524.064	1.0
2525.064	1.0
2526.064	1.0
2527.064	1.0
2528.064	1.0
2529.064	1.0
2530.064	1.0
2531.064	1.0
2532.064	1.0
2533.064	1.0
2534.064	1.0
2535.064	1.0
2536.064	1.0
2537.064	1.0
2538.064	1.0
2539.064	1.0
2540.064	1.0
2541.064	1.0
2542.064	1.0
2543.064	1.0
2544.064	1.0
2545.064	1.0
2546.064	1.0
2547.064	1.0
2548.064	1.0
2549.064	1.0
2550.064	1.0
2551.064	1.0
2552.064	1.0
2553.064	1.0
2554.064	1.0
2555.064	1.0
2556.064	1.0
2557.064	1.0
2558.064	1.0
2559.064	1.0
2560.064	1.0
2561.064	1.0
2562.064	1.0
2563.064	1.0
2564.064	1.0
2565.064	1.0
2566.064	1.0
2567.064	1.0
2568.064	1.0
2569.064	1.0
2570.064	1.0
2571.064	1.0
2572.064	1.0
2573.064	1.0
2574.064	1.0
2575.064	1.0
2576.064	1.0
2577.064	1.0
2578.064	1.0
2579.064	1.0
2580.064	1.0
2581.064	1.0
2582.064	1.0
2583.064	1.0
2584.064	1.0
2585.064	1.0
2586.064	1.0
2587.064	1.0
2588.064	1.0
2589.064	1.0
2590.064	1.0
2591.064	1.0
2592.064	1.0
2593.064	1.0
2594.064	1.0
2595.064	1.0
2596.064	1.0
2597.064	1.0
2598.064	1.0
2599.064	1.0
2600.064	1.0
2601.064	1.0
2602.064	1.0
2603.064	1.0
2604.064	1.0
2605.064	1.0
2606.064	1.0
2607.064	1.0
2608.064	1.0
2609.064	1.0
2610.064	1.0
2611.064	1.0
2612.064	1.0
2613.064	1.0
2614.064	1.0
2615.064	1.0
2616.064	1.0
2617.064	1.0
2618.064	1.0
2619.064	1.0
2620.064	1.0
2621.064	1.0
2622.064	1.0
2623.064	1.0
2624.064	1.0
2625.064	1.0
2626.064	1.0
2627.064	1.0
2628.064	1.0
2629.064	1.0
2630.064	1.0
2631.064	1.0
2632.064	1.0
2633.064	1.0
2634.064	1.0
2635.064	1.0
2636.064	1.0
2637.064	1.0
2638.064	1.0
2639.064	1.0
2640.064	1.0
2641.064	1.0
2642.064	1.0
2643.064	1.0
2644.064	1.0
2645.064	1.0
2646.064	1.0
2647.064	1.0
2648.064	1.0
2649.064	1.0
2650.064	1.0
2651.064	1.0
2652.064	1.0
2653.064	1.0
2654.064	1.0
2655.064	1.0
2656.064	1.0
2657.064	1.0
2658.064	1.0
2659.064	1.0
2660.064	1.0
2661.064	1.0
2662.064	1.0
2663.064	1.0
2664.064	1.0
2665.064	1.0
2666.064	1.0
2667.064	1.0
2668.064	1.0
2669.064	1.0
2670.064	1.0
2671.064	1.0
2672.064	1.0
2673.064	1.0
2674.064	1.0
2675.064	1.0
2676.064	1.0
2677.064	1.0
2678.064	1.0
2679.064	1.0
2680.064	1.0
2681.064	1.0
2682.064	1.0
2683.064	1.0
2684.064	1.0
2685.064	1.0
2686.064	1.0
2687.064	1.0
2688.064	1.0
2689.064	1.0
2690.064	1.0
2691.064	1.0
2692.064	1.0
2693.064	1.0
2694.064	1.0
2695.064	1.0
2696.064	1.0
2697.064	1.0
2698.064	1.0
2699.064	1.0
2700.064	1.0
2701.064	1.0
2702.064	1.0
2703.064	1.0
2704.064	1.0
2705.064	1.0
2706.064	1.0
2707.064	1.0
2708.064	1.0
2709.064	1.0
2710.064	1.0
2711.064	1.0
2712.064	1.0
2713.064	1.0
2714.064	1.0
2715.064	1.0
2716.064	1.0
2717.064	1.0
2718.064	1.0
2719.064	1.0
2720.064	1.0
2721.064	1.0
2722.064	1.0
2723.064	1.0
2724.064	1.0
2725.064	1.0
2726.064	1.0
2727.064	1.0
2728.064	1.0
2729.064	1.0
2730.064	1.0
2731.064	1.0
2732.064	1.0
2733.064	1.0
2734.064	1.0
2735.064	1.0
2736.064	1.0
2737.064	1.0
2738.064	1.0
2739.064	1.0
2740.064	1.0
2741.064	1.0
2742.064	1.0
2743.064	1.0
2744.064	1.0
2745.064	1.0
2746.064	1.0
2747.064	1.0
2748.064	1.0
2749.064	1.0
2750.064	1.0
2751.064	1.0
2752.064	1.0
2753.064	1.0
2754.064	1.0
2755.064	1.0
2756.064	1.0
2757.064	1.0
2758.064	1.0
2759.064	1.0
2760.064	1.0
2761.064	1.0
2762.064	1.0
2763.064	1.0
2764.064	1.0
2765.064	1.0
2766.064	1.0
2767.064	1.0
2768.064	1.0
2769.064	1.0
2770.064	1.0
2771.064	1.0
2772.064	1.0
2773.064	1.0
2774.064	1.0
2775.064	1.0
2776.064	1.0
2777.064	1.0
2778.064	1.0
2779.064	1.0
2780.064	1.0
2781.064	1.0
2782.064	1.0
2783.064	1.0
2784.064	1.0
2785.064	1.0
2786.064	1.0
2787.064	1.0
2788.064	1.0
2789.064	1.0
2790.064	1.0
2791.064	1.0
2792.064	1.0
2793.064	1.0
2794.064	1.0
2795.064	1.0
2796.064	1.0
2797.064	1.0
2798.064	1.0
2799.064	1.0
2800.064	1.0
2801.064	1.0
2802.064	1.0
2803.064	1.0
2804.064	1.0
2805.064	1.0
2806.064	1.0
2807.064	1.0
2808.064	1.0
2809.064	1.0
2810.064	1.0
2811.064	1.0
2812.064	1.0
2813.064	1.0
2814.064	1.0
2815.064	1.0
2816.064	1.0
2817.064	1.0
2818.064	1.0
2819.064	1.0
2820.064	1.0
2821.064	1.0
2822.064	1.0
2823.064	1.0
2824.064	1.0
2825.064	1.0
2826.064	1.0
2827.064	1.0
2828.064	1.0
2829.064	1.0
2830.064	1.0
2831.064	1.0
2832.064	1.0
2833.064	1.0
2834.064	1.0
2835.064	1.0
2836.064	1.0
2837.064	1.0
2838.064	1.0
2839.064	1.0
2840.064	1.0
2841.064	1.0
2842.064	1.0
2843.064	1.0
2844.064	1.0
2845.064	1.0
2846.064	1.0
2847.064	1.0
2848.064	1.0
2849.064	1.0
2850.064	1.0
2851.064	1.0
2852.064	1.0
2853.064	1.0
2854.064	1.0
2855.064	1.0
2856.064	1.0
2857.064	1.0
2858.064	1.0
2859.064	1.0
2860.064	1.0
2861.064	1.0
2862.064	1.0
2863.064	1.0
2864.064	1.0
2865.064	1.0
2866.064	1.0
2867.064	1.0
2868.064	1.0
2869.064	1.0
2870.064	1.0
2871.064	1.0
2872.064	1.0
2873.064	1.0
2874.064	1.0
2875.064	1.0
2876.064	1.0
2877.064	1.0
2878.064	1.0
2879.064	1.0
2880.064	1.0
2881.064	1.0
2882.064	1.0
2883.064	1.0
2884.064	1.0
2885.064	1.0
2886.064	1.0
2887.064	1.0
2888.064	1.0
2889.064	1.0
2890.064	1.0
2891.064	1.0
2892.064	1.0
2893.064	1.0
2894.064	1.0
2895.064	1.0
2896.064	1.0
2897.064	1.0
2898.064	1.0
2899.064	1.0
2900.064	1.0
2901.064	1.0
2902.064	1.0
2903.064	1.0
2904.064	1.0
2905.064	1.0
2906.064	1.0
2907.064	1.0
2908.064	1.0
2909.064	1.0
2910.064	1.0
2911.064	1.0
2912.064	1.0
2913.064	1.0
2914.064	1.0
2915.064	1.0
2916.064	1.0
2917.064	1.0
2918.064	1.0
2919.064	1.0
2920.064	1.0
2921.064	1.0
2922.064	1.0
2923.064	1.0
2924.064	1.0
2925.064	1.0
2926.064	1.0
2927.064	1.0
2928.064	1.0
2929.064	1.0
2930.064	1.0
2931.064	1.0
2932.064	1.0
2933.064	1.0
2934.064	1.0
2935.064	1.0
2936.064	1.0
2937.064	1.0
2938.064	1.0
2939.064	1.0
2940.064	1.0
2941.064	1.0
2942.064	1.0
2943.064	1.0
2944.064	1.0
2945.064	1.0
2946.064	1.0
2947.064	1.0
2948.064	1.0
2949.064	1.0
2950.064	1.0
2951.064	1.0
2952.064	1.0
2953.064	1.0
2954.064	1.0
2955.064	1.0
2956.064	1.0
2957.064	1.0
2958.064	1.0
2959.064	1.0
2960.064	1.0
2961.064	1.0
2962.064	1.0
2963.064	1.0
2964.064	1.0
2965.064	1.0
2966.064	1.0
2967.064	1.0
2968.064	1.0
2969.064	1.0
2970.064	1.0
2971.064	1.0
2972.064	1.0
2973.064	1.0
2974.064	1.0
2975.064	1.0
2976.064	1.0
2977.064	1.0
2978.064	1.0
2979.064	1.0
2980.064	1.0
2981.064	1.0
2982.064	1.0
2983.064	1.0
2984.064	1.0
2985.064	1.0
2986.064	1.0
2987.064	1.0
2988.064	1.0
2989.064	1.0
2990.064	1.0
2991.064	1.0
2992.064	1.0
2993.064	1.0
2994.064	1.0
2995.064	1.0
