0.978	0.4357310138452407
1.968	0.4531013783779984
2.961	0.4384006873037146
3.9530000000000003	0.42520845957081577
4.948	0.418292504483432
5.942	0.41383002177327166
6.936	0.4381196112621859
7.932	0.4413710293670665
8.928	0.4436444889392853
9.915000000000001	0.45653704629193653
10.902000000000001	0.4497316130045031
11.892	0.4786127634414178
12.88	0.4711901978784735
13.869	0.4931487474074312
14.858	0.5054097369743739
15.849	0.5255446519192328
16.839	0.5370660804526171
17.838	0.5295053634961326
18.829	0.519929371842937
19.819	0.543119518309329
20.812	0.5928645212237056
21.803	0.595515296289664
22.785	0.5757020133690778
23.777	0.5970738274428049
24.749	0.5890058445418793
25.740000000000002	0.5906674367960051
26.740000000000002	0.5845742508822365
27.721	0.5779136586007111
28.702	0.5811421362234669
29.683	0.5833424496064601
30.674	0.5757679247287583
31.665	0.5683037923465601
32.656	0.5708192223498993
33.647	0.5645629753426613
34.638	0.5565643656554261
35.629	0.5589766549912804
36.613	0.5487877555443968
37.596000000000004	0.5480419853966656
38.578	0.5500137207942922
39.569	0.541970124686991
40.551	0.5335386902981226
41.542	0.5443231477405743
42.524	0.5440201313522356
43.516	0.5549872854121518
44.507	0.5560522724195658
45.499	0.5666858589834701
46.483000000000004	0.5557166958111329
47.475	0.5566568244055183
48.45	0.5541801926976341
49.432	0.5556491388847236
50.414	0.5666545721295269
51.389	0.5936354497377284
52.364000000000004	0.5912106601355078
53.355000000000004	0.5732635925456996
54.33	0.5715043643382226
55.312	0.5819474392066712
56.286	0.591745464286479
57.267	0.6139152462209525
58.257	0.6069196418212766
59.239000000000004	0.6078754320038706
60.221000000000004	0.6089471354781995
61.203	0.610625511896784
62.184000000000005	0.6135204379009669
63.165	0.6170371970674515
64.148	0.6171201450014814
65.131	0.6269927600165688
66.115	0.6262851323491141
67.098	0.6272030698604477
68.072	0.6355893396499164
69.046	0.6445209500667414
70.029	0.6446791622978918
71.012	0.6447714651201977
71.986	0.6536355694127407
72.96900000000001	0.6645593305320463
73.952	0.6548921140539257
74.936	0.6437479707795418
75.917	0.6453509776464134
76.891	0.654566201395673
77.875	0.6644699986668274
78.849	0.6550385814142408
79.82300000000001	0.6449658629470215
80.807	0.6646734415891433
81.787	0.6494168494756127
82.772	0.6474897017540306
83.746	0.6570538633169412
84.73400000000001	0.653589046617042
85.71300000000001	0.6585859113905466
86.687	0.6377701078341576
87.667	0.660294990750574
88.65	0.6513550846593668
89.632	0.6624781186853729
90.614	0.663881042250086
91.605	0.6577578158067151
92.587	0.650987701883627
93.571	0.6512811852405003
94.563	0.6537546539801266
95.546	0.6547448315180663
96.529	0.655890775969429
97.503	0.6652111370916819
98.486	0.6776228264243742
99.46900000000001	0.68951162262455
100.461	0.6826038266607398
101.435	0.6933741457035985
102.418	0.6958087845690548
103.391	0.6673259643989298
104.363	0.6795939471600181
105.345	0.6823794192309975
106.327	0.6854234994783057
107.308	0.6595315585738841
108.285	0.6384388335395836
109.273	0.6348558374633047
110.24600000000001	0.6461041239949907
111.236	0.6408126091854943
112.21900000000001	0.6422883898776065
113.199	0.6370780098174625
114.179	0.6431494577728728
115.159	0.6281431250906927
116.139	0.5550941413404897
117.127	0.6221537188714327
118.113	0.6508150563724838
119.10300000000001	0.6662659964148924
120.083	0.6723135811384124
121.063	0.6485042932373
122.043	0.6530580788834375
123.023	0.6589188785643355
124.011	0.6664451958396701
124.99900000000001	0.6647493242017769
125.977	0.671555615197778
126.96600000000001	0.6672052854554683
127.946	0.6828056246659403
128.943	0.671269111099989
129.913	0.6767271991437308
130.883	0.6729287140331511
131.861	0.6816471221503239
132.84	0.6891945880610102
133.817	0.6576251876426606
134.79500000000002	0.6358270149588687
135.776	0.6220179623490427
136.754	0.6187264729754568
137.732	0.6268746983022166
138.714	0.6316325725664649
139.696	0.6349426527871804
140.67000000000002	0.5667457006263067
141.657	0.5862217467977977
142.648	0.6020948927232966
143.624	0.5732721262527637
144.601	0.5831703920378456
145.577	0.5928509962634116
146.553	0.5832192638824997
147.529	0.5543182219585517
148.504	0.5361454681184177
149.489	0.5381331226476526
150.473	0.5214972145448876
151.453	0.5177436676921584
152.43800000000002	0.49938192738062087
153.418	0.39616765087581335
154.403	0.3480138973053915
155.387	0.3503611801524605
156.371	0.24560271181608823
157.355	0.20898395080530668
158.339	0.2127394807566931
159.323	0.22427589052724606
160.30700000000002	0.25711342567370044
161.293	0.2570895947454607
162.284	0.29221450232845425
163.275	0.3554083663473925
164.266	0.39281585050019957
165.255	0.3822361852440795
166.245	0.45778068395958743
167.23	0.4407566058819685
168.223	0.5345928635205687
169.207	0.4878461861345916
170.19	0.4829229558563996
171.173	0.3792389243746925
172.165	0.4935665593095996
173.156	0.5218993300571966
174.141	0.5252745230294996
175.124	0.3622961798519895
176.116	0.4771928295071996
177.108	0.5925478068088996
178.092	0.5181172355974997
179.082	0.4875369871893986
180.072	0.49751505738599844
181.064	0.6033040095829996
182.047	0.3818712309186985
183.038	0.44902612023959954
184.029	0.4780143419889996
185.02	0.5063020979059996
186.001	0.3559639227495664
186.992	0.38459396643939947
187.983	0.3940504219594995
188.97400000000002	0.4818033150074956
189.955	0.36222300089148646
190.942	0.3348503298085994
191.93200000000002	0.35246218655939754
192.922	0.33317164255015447
193.912	0.2748030236373994
194.90200000000002	0.23648451763158537
195.9	0.5253428986394997
196.891	0.43658718232759947
197.882	0.5253059783491996
198.882	0.7457424575782998
199.872	0.7363489371935908
200.863	0.7761117873984997
201.854	0.7860012949785998
202.845	0.7367144844266958
203.835	0.7761769906984
204.826	0.7858947357347758
205.817	0.7952383994588799
206.808	0.7560423461782768
207.799	0.7466432741332669
208.796	0.7610595808633669
209.792	0.7864820328521667
210.792	0.7978331653138558
211.78300000000002	0.7887315928051507
212.782	0.8014298807432487
213.782	0.8034234242714468
214.782	0.7953376123285407
215.773	0.7860544518373347
216.773	0.7879990795354318
217.773	0.7800304028736288
218.773	0.7909942854136738
219.764	0.7814466909753128
220.755	0.7812184096839553
221.746	0.7815489960787819
222.746	0.8023005122158979
223.729	0.7999280396626918
224.72	0.8099097359338918
225.71200000000002	0.8092671332016799
226.69400000000002	0.7986267701879999
227.69400000000002	0.8103606749254928
228.685	0.8100545909154938
229.667	0.8090225553292
230.65800000000002	0.8081124333172959
231.64000000000001	0.8150905849864958
232.622	0.8236781722646919
233.613	0.823124984786394
234.595	0.8124362245674991
235.577	0.8234218792674
236.577	0.8165165608111927
237.577	0.8391674813224921
238.577	0.8326240770829929
239.568	0.8334676206869999
240.541	0.8206982933217928
241.523	0.8098012098530998
242.505	0.8165954135049988
243.496	0.8230403210721007
244.487	0.8318210263356689
245.478	0.831540080140466
246.469	0.8406960667999819
247.451	0.8285330355605898
248.433	0.837475929772471
249.415	0.8348565086142695
250.415	0.8550210682172338
251.406	0.8643391939521989
252.397	0.8440619327263998
253.388	0.8531686601187318
254.36	0.8310387958149998
255.341	0.8300386476169979
256.315	0.6069779555888998
257.305	0.5184260541647707
258.305	0.7579031415013536
259.296	0.8058259330897587
260.277	0.7056594426640386
261.259	0.33546833085298744
262.259	0.7436259742759198
263.243	0.6302384592488997
264.243	0.7693147587759959
265.234	0.8372281968840999
266.21500000000003	0.7760419543092998
267.205	0.7861075471861768
268.196	0.7848053229707879
269.177	0.6544635976479998
270.177	0.8046396980184987
271.177	0.8553242420742957
272.158	0.8351010772735918
273.139	0.7740845956754872
274.13	0.7930898261488989
275.121	0.7849686755878998
276.112	0.7467576865576998
277.103	0.6485340299459916
278.101	0.842190301657769
279.099	0.8957647168379999
280.087	0.8586812694277997
281.085	0.8527535707347808
282.06600000000003	0.8033424535738759
283.052	0.7702908965291998
284.043	0.6637808073499998
285.034	0.6159553417162926
286.016	0.3677276742565965
287.007	0.15107555200879932
287.999	0.15334367120957232
288.991	0.17490015212058435
289.983	0.2160394228391994
290.983	0.3493283646965514
291.983	0.3916255947798995
292.974	0.3838682499472995
293.96500000000003	0.3861638255586995
294.956	0.39812188948859956
295.947	0.4002549461274995
296.938	0.4023364898568995
297.92900000000003	0.4044396325862995
298.92	0.4066102683156996
299.911	0.39745225565442543
300.907	0.4900466130818867
301.894	0.49300530497899964
302.885	0.5609599770399867
303.87600000000003	0.5889601331395997
304.866	0.5294641481999997
305.857	0.48072522334959955
306.848	0.5297362356298997
307.839	0.5003306361344936
308.82800000000003	0.4432152306049905
309.819	0.5027313555577986
310.809	0.4836615792291996
311.8	0.5035913249084987
312.791	0.4653271232682986
313.782	0.35699638092999947
314.773	0.4180924458793996
315.764	0.46798364733929954
316.755	0.3993174415397995
317.749	0.4371914109881995
318.735	0.27430844197996135
319.735	0.4940660200588986
320.726	0.4464338832882986
321.717	0.4967387356496996
322.708	0.5751949923487987
323.699	0.48751980172959963
324.698	0.7195357315387999
325.689	0.6122150718898998
326.68	0.6238132226192996
327.671	0.6158568757799998
328.665	0.6254033058399997
329.66	0.6138834889799997
330.652	0.5455406035990997
331.64300000000003	0.5654850709593996
332.624	0.4554119517749896
333.61400000000003	0.47521428766969964
334.603	0.3592811014090994
335.601	0.48308300977999963
336.596	0.39188774112729546
337.596	0.7515283164796998
338.58	0.5118050379499995
339.571	0.4547893864189995
340.562	0.4071413933591995
341.556	0.37674051337899955
342.548	0.32692855780999946
343.544	0.5308093342688995
344.538	0.7081278805498998
345.532	0.6278707308497997
346.523	0.37230775131929944
347.52	0.4594310699499996
348.514	0.3906074645783935
349.508	0.3816738804982964
350.502	0.35289719469959946
351.496	0.3146325350464924
352.49	0.3166208185964965
353.484	0.31874115363497146
354.478	0.3207560965499994
355.472	0.3229523105392952
356.466	0.3253343366462805
357.459	0.2989442472850273
358.452	0.3481588466915913
359.442	0.3928018410192042
360.432	0.48903325122327357
361.422	0.4958361487959796
362.403	0.42504977259405935
363.391	0.3668786579926995
364.38100000000003	0.35880535933596247
365.373	0.2793082674775984
366.366	0.2588439894394994
367.359	0.2388572945252894
368.349	0.14329556339198532
369.345	0.22979180981639236
370.338	0.1507974418986993
371.33	0.09290999551339028
372.322	0.09531083644329127
373.314	0.09785490113789926
374.306	0.10091336013387928
375.298	0.1047553496571993
376.29	0.10906590142813409
377.282	0.1138843433702114
378.274	0.11882584816451203
379.266	0.11734188740033119
380.258	0.11838046402779928
381.25	0.1209615786170993
382.242	0.1232978964477993
383.234	0.12315789123192418
384.226	0.12446002518788328
385.217	0.1277057342358993
386.208	0.13218987777797733
387.199	0.13665970383419931
388.19	0.14176173973297831
389.181	0.1427794016324703
390.172	0.14600347752683607
391.163	0.1501322732561142
392.154	0.1560415951203378
393.145	0.1619517154630753
394.136	0.16754280267689903
395.134	0.16553204034710145
396.129	0.15683328590094325
397.128	0.13564062735421323
398.127	0.12532669105046929
399.127	0.11553361174158727
400.127	0.10632224986466099
401.127	0.09823005498085109
402.127	0.12009670714008226
403.125	0.1321015729364693
404.116	0.11190188833599429
405.116	0.32008137571969947
406.111	0.5266658477917605
407.111	0.7894077064790999
408.10200000000003	0.5236039627193996
409.1	0.8267572576079999
410.09700000000004	0.834909855543292
411.088	0.6968337391673959
412.07800000000003	0.7288356724049936
413.069	0.7105235194493998
414.06	0.6342082716851908
415.051	0.30928083059929945
416.04900000000004	0.39648967075999947
417.047	0.41450212680989956
418.045	0.4323046768998995
419.043	0.48061496095999956
420.041	0.42945889472949844
421.039	0.42763509470929956
422.03700000000003	0.42594288777939854
423.035	0.42491077771879754
424.033	0.4242254387896996
425.031	0.4233785138196996
426.029	0.42248035199999956
427.027	0.4220573299999996
428.027	0.5258474862280995
429.01800000000003	0.48963814300789954
430.01800000000003	0.8107110457962899
431.009	0.7455810390467879
432.004	0.8154886180899998
432.996	0.2916381184388994
433.994	0.28956822785979947
434.992	0.28851173551678744
435.99	0.2481725024784188
436.988	0.24724048080876135
437.987	0.24481174905195527
438.986	0.3324166365172915
439.985	0.291259450882449
440.98400000000004	0.2895264543103634
441.983	0.28717551163647836
442.982	0.28524331705135125
443.981	0.2839754781153854
444.98	0.2824114366063784
445.979	0.2810096958097452
446.978	0.41906819542819757
447.97700000000003	0.22811829867899736
448.976	0.2261073977999994
449.975	0.22446728499999943
450.969	0.7416357438075569
451.96000000000004	0.7027020436266678
452.95	0.35685270655929946
453.94	0.23184735523829839
454.94	0.36497965187999953
455.935	0.5847885859899996
456.934	0.2235948746793994
457.933	0.3898335850551995
458.92400000000004	0.44119089640508846
459.915	0.4714906247243896
460.906	0.5114329466091996
461.897	0.5908960525218847
462.88800000000003	0.5136663871583997
463.879	0.5327546246795997
464.868	0.5238494071207996
465.858	0.5725219148991997
466.849	0.6312491640485757
467.84000000000003	0.6991859160449998
468.831	0.7377938594290849
469.822	0.8217290961401998
470.793	0.5883496398546827
471.774	0.5543825578841998
472.769	0.5980469236703706
473.757	0.6371731106209996
474.738	0.5736958556305587
475.719	0.5583275382420997
476.7	0.5626716132415897
477.687	0.5630996389102987
478.67400000000004	0.5736602706919975
479.664	0.6021071685048767
480.644	0.5590393277866317
481.634	0.6156573829315116
482.61400000000003	0.5146693003528686
483.595	0.4926237114402655
484.58500000000004	0.5112854725295997
485.567	0.3898258681809845
486.553	0.3929443560818996
487.553	0.5312546672013876
488.543	0.4931897969179995
489.543	0.7132455221196998
490.533	0.723885660368699
491.523	0.7924735350527888
492.503	0.5361064779699997
493.502	0.6874828610992998
494.492	0.6501751725992996
495.492	0.7796389220984
496.468	0.6166368070969948
497.458	0.4186231508688995
498.456	0.8387673535652
499.446	0.829359875047882
500.43600000000004	0.7812615650478996
501.426	0.8413148430587998
502.409	0.5501756398498997
503.402	0.6199910498398996
504.397	0.4418192987897996
505.39300000000003	0.20369735356879734
506.38800000000003	0.12608163224739533
507.384	0.12757170972615126
508.38	0.13920419087559133
509.37600000000003	0.14109915772709933
510.372	0.16231665422739933
511.368	0.15326075446433923
512.364	0.15035122437433618
513.36	0.14796274114567723
514.356	0.147963834255114
515.352	0.15011758600785727
516.348	0.15268985096702278
517.344	0.1554558492627109
518.34	0.15837201911525323
519.336	0.16128818896779556
520.332	0.16420435882033785
521.328	0.1671205286728802
522.324	0.1701059985254225
523.32	0.17311126837796484
524.316	0.17277848021729672
525.312	0.17328656414024304
526.308	0.17567598893677036
527.304	0.17859723345169365
528.3	0.18169250330423597
529.296	0.18138063936456988
530.292	0.1819771112073162
531.288	0.1844564309334425
532.284	0.18745736837796478
533.28	0.1872136802172967
534.2760000000001	0.18701730004731143
535.272	0.1856734826973846
536.268	0.1870550780600488
537.264	0.189954349262711
538.26	0.19312278418898213
539.256	0.19293877045001884
540.2520000000001	0.19361725226829204
541.248	0.19617090098336018
542.244	0.19860717931702634
543.243	0.17338376373656936
544.235	0.19279557709068137
545.231	0.19185538288408735
546.227	0.19071281829849837
547.223	0.19150270177709636
548.219	0.19235730268949935
549.215	0.1941317717383934
550.211	0.19710117387254172
551.207	0.1996273896585129
552.206	0.17431271977566634
553.198	0.19377918590796633
554.194	0.1929865371892693
555.19	0.19183130969909837
556.186	0.19334090937459134
557.182	0.19357417079999936
558.178	0.19494459999999939
559.174	0.1979438349262706
560.17	0.19991859903528716
561.166	0.1979824028032904
562.162	0.19760450893794435
563.158	0.18578552992394226
564.154	0.19292522983718235
565.15	0.18971652946908338
566.146	0.1874519013409823
567.142	0.18661861668949836
568.138	0.1863553970235463
569.134	0.18537418581329235
570.13	0.18437174402257933
571.126	0.18439049756284137
572.122	0.18007825074329234
573.118	0.17979092665969934
574.114	0.18038654167799234
575.11	0.18253331917498336
576.106	0.18549300477881286
577.102	0.18874053970508398
578.098	0.19198817463135515
579.094	0.1952457095576263
580.09	0.1978613092031975
581.089	0.17263466672687033
582.08	0.18301046331238635
583.076	0.19200653585539937
584.072	0.19170764653519037
585.068	0.19136848736428935
586.064	0.1912835929999994
587.0600000000001	0.19403113492627055
588.056	0.19719866985254172
589.052	0.19972668965851287
590.051	0.17450754678566632
591.043	0.19396688590796635
592.039	0.19317423718926932
593.035	0.19201900969909835
594.0310000000001	0.19352860937459138
595.027	0.19376187079999938
596.023	0.1951322999999994
597.019	0.19748942988617058
598.018	0.17226275377506434
599.01	0.19176719178615628
600.006	0.1910729067260573
601.0020000000001	0.18985630475939838
601.998	0.19132076897679337
602.994	0.19155430645919935
603.99	0.19272819999999943
604.986	0.19565063492627055
605.982	0.19807571951849737
606.9780000000001	0.18689701239679837
607.974	0.19424474484439036
608.97	0.1916410919764503
609.966	0.18948962416842327
610.962	0.18802538105055536
611.958	0.18562009891856823
612.9540000000001	0.1842952105615572
613.95	0.18458555897589132
614.946	0.18506069999999938
615.942	0.18739433693627053
616.938	0.19039426985254168
617.934	0.19347270477881284
618.9300000000001	0.19601136758549337
619.926	0.1973651819999994
620.926	0.19163147342757114
621.917	0.1923331571761371
622.913	0.19130139253374526
623.909	0.18974665138789235
624.905	0.19102409659879738
625.9010000000001	0.19253888552157133
626.897	0.1943396999999994
627.896	0.1819079977397994
628.8870000000001	0.18330082924958233
629.883	0.18970785637948237
630.879	0.18664275432938238
631.875	0.18323711924094227
632.871	0.18049170503389134
633.867	0.17940454016089238
634.863	0.17733516226833004
635.859	0.17623805619429234
636.855	0.17653471314739533
637.852	0.17731737642819737
638.849	0.17852549999999934
639.846	0.17935024099999936
640.843	0.17693181717408935
641.84	0.17528763840488715
642.837	0.17352455430752475
643.8340000000001	0.17196574158739936
644.831	0.17078256695727248
645.828	0.17220843362899835
646.825	0.17395419399999934
647.822	0.17539789999999938
648.819	0.17474367503841826
649.816	0.17408945007683713
650.813	0.17409602511525604
651.8100000000001	0.1680575714846993
652.807	0.16685486049859835
653.804	0.16725753278969935
654.801	0.16828629099999934
655.791	0.1714343399350601
656.785	0.1697938153947391
657.782	0.16784526148334422
658.779	0.16448133122587724
659.7760000000001	0.16490546283629232
660.773	0.1644632136814853
661.77	0.16486669799999934
662.759	0.15165669314999936
663.754	0.16990664577809939
664.751	0.16946407352764226
665.748	0.1668077531407693
666.745	0.16497393313409134
667.742	0.1636427021207833
668.739	0.16303293297958932
669.736	0.15968252329459034
670.7330000000001	0.15831981841587728
671.73	0.15976418898999933
672.727	0.16110289999999933
673.724	0.16115987503841822
674.721	0.15977509099999934
675.718	0.16065289999999932
676.715	0.16070987503841824
677.712	0.15932509099999936
678.71	0.15869416199999936
679.708	0.15575319469398932
680.706	0.15178234803599733
681.7040000000001	0.14955956787979932
682.702	0.1502431919799993
683.7	0.15135749999999937
684.698	0.15207909999999933
685.696	0.15110737503841823
686.694	0.14887139099999933
687.692	0.14894769999999935
688.69	0.14806507503841823
689.688	0.14582909099999936
690.686	0.14594499999999935
691.684	0.1450623750384182
692.682	0.1428263909999993
693.6800000000001	0.14294229999999933
694.678	0.1420596750384182
695.676	0.13920239099999937
696.674	0.1368915750384182
697.672	0.13605655007683715
698.671	0.12997924968989932
699.67	0.46529979826405005
700.667	0.8738052024577759
701.665	0.1254544225982963
702.664	0.12482596490989929
703.663	0.12523989899999932
704.662	0.46269030822253604
705.657	0.8834511633550942
706.6560000000001	0.12404209099999931
707.655	0.12396709999999932
708.654	0.4614473305760572
709.648	0.8831704907487153
710.647	0.1237584909999993
711.646	0.12367369999999933
712.645	0.12435239999999932
713.644	0.46185200822253614
714.639	0.8826166633550941
715.638	0.46001903334366245
716.6370000000001	0.4567689211718311
717.621	0.7056814370057447
718.62	0.2353700848199994
719.619	0.12415045448587725
720.618	0.1242605346489983
721.617	0.1246224909899993
722.616	0.1252240999999993
723.616	0.31425249999999944
724.616	0.7323441337799997
725.616	0.9611944331007278
726.616	0.9808874653616262
727.616	0.9806642319279051
728.616	0.9771324569857924
729.607	0.9308404258966759
730.607	0.978025038567982
731.601	0.9512526
732.601	0.9808908
733.601	0.9807089999999999
734.601	0.9805271999999999
735.601	0.9903545
736.601	0.9902636
737.601	0.9901727
738.601	0.9900818
739.601	1.0
740.601	1.0
741.601	1.0
742.601	1.0
743.601	1.0
744.601	1.0
745.601	1.0
746.601	1.0
747.601	1.0
748.601	1.0
749.601	1.0
750.601	1.0
751.601	1.0
752.601	1.0
753.601	1.0
754.601	1.0
755.601	1.0
756.601	1.0
757.601	1.0
758.601	1.0
759.601	1.0
760.601	1.0
761.601	1.0
762.601	1.0
763.601	1.0
764.601	1.0
765.601	1.0
766.601	1.0
767.601	1.0
768.601	1.0
769.601	1.0
770.601	1.0
771.601	1.0
772.601	1.0
773.601	1.0
774.601	1.0
775.601	1.0
776.601	1.0
777.601	1.0
778.601	1.0
779.601	1.0
780.601	1.0
781.601	1.0
782.601	1.0
783.601	1.0
784.601	1.0
785.601	1.0
786.601	1.0
787.601	1.0
788.601	1.0
789.601	1.0
790.601	1.0
791.601	1.0
792.601	1.0
793.601	1.0
794.601	1.0
795.601	1.0
796.601	1.0
797.601	1.0
798.601	1.0
799.601	1.0
800.601	1.0
801.601	1.0
802.601	1.0
803.601	1.0
804.601	1.0
805.601	1.0
806.601	1.0
807.601	1.0
808.601	1.0
809.601	1.0
810.601	1.0
811.601	1.0
812.601	1.0
813.601	1.0
814.601	1.0
815.601	1.0
816.601	1.0
817.601	1.0
818.601	1.0
819.601	1.0
820.601	1.0
821.601	1.0
822.601	1.0
823.601	1.0
824.601	1.0
825.601	1.0
826.601	1.0
827.601	1.0
828.601	1.0
829.601	1.0
830.601	1.0
831.601	1.0
832.601	1.0
833.601	1.0
834.601	1.0
835.601	1.0
836.601	1.0
837.601	1.0
838.601	1.0
839.601	1.0
840.601	1.0
841.601	1.0
842.601	1.0
843.601	1.0
844.601	1.0
845.601	1.0
846.601	1.0
847.601	1.0
848.601	1.0
849.601	1.0
850.601	1.0
851.601	1.0
852.601	1.0
853.601	1.0
854.601	1.0
855.601	1.0
856.601	1.0
857.601	1.0
858.601	1.0
859.601	1.0
860.601	1.0
861.601	1.0
862.601	1.0
863.601	1.0
864.601	1.0
865.601	1.0
866.601	1.0
867.601	1.0
868.601	1.0
869.601	1.0
870.601	1.0
871.601	1.0
872.601	1.0
873.601	1.0
874.601	1.0
875.601	1.0
876.601	1.0
877.601	1.0
878.601	1.0
879.601	1.0
880.601	1.0
881.601	1.0
882.601	1.0
883.601	1.0
884.601	1.0
885.601	1.0
886.601	1.0
887.601	1.0
888.601	1.0
889.601	1.0
890.601	1.0
891.601	1.0
892.601	1.0
893.601	1.0
894.601	1.0
895.601	1.0
896.601	1.0
897.601	1.0
898.601	1.0
899.601	1.0
900.601	1.0
901.601	1.0
902.601	1.0
903.601	1.0
904.601	1.0
905.601	1.0
906.601	1.0
907.601	1.0
908.601	1.0
909.601	1.0
910.601	1.0
911.601	1.0
912.601	1.0
913.601	1.0
914.601	1.0
915.601	1.0
916.601	1.0
917.601	1.0
918.601	1.0
919.601	1.0
920.601	1.0
921.601	1.0
922.601	1.0
923.601	1.0
924.601	1.0
925.601	1.0
926.601	1.0
927.601	1.0
928.601	1.0
929.601	1.0
930.601	1.0
931.601	1.0
932.601	1.0
933.601	1.0
934.601	1.0
935.601	1.0
936.601	1.0
937.601	1.0
938.601	1.0
939.601	1.0
940.601	1.0
941.601	1.0
942.601	1.0
943.601	1.0
944.601	1.0
945.601	1.0
946.601	1.0
947.601	1.0
948.601	1.0
949.601	1.0
950.601	1.0
951.601	1.0
952.601	1.0
953.601	1.0
954.601	1.0
955.601	1.0
956.601	1.0
957.601	1.0
958.601	1.0
959.601	1.0
960.601	1.0
961.601	1.0
962.601	1.0
963.601	1.0
964.601	1.0
965.601	1.0
966.601	1.0
967.601	1.0
968.601	1.0
969.601	1.0
970.601	1.0
971.601	1.0
972.601	1.0
973.601	1.0
974.601	1.0
975.601	1.0
976.601	1.0
977.601	1.0
978.601	1.0
979.601	1.0
980.601	1.0
981.601	1.0
982.601	1.0
983.601	1.0
984.601	1.0
985.601	1.0
986.601	1.0
987.601	1.0
988.601	1.0
989.601	1.0
990.601	1.0
991.601	1.0
992.601	1.0
993.601	1.0
994.601	1.0
995.601	1.0
996.601	1.0
997.601	1.0
998.601	1.0
999.601	1.0
1000.601	1.0
1001.601	1.0
1002.601	1.0
1003.601	1.0
1004.601	1.0
1005.601	1.0
1006.601	1.0
1007.601	1.0
1008.601	1.0
1009.601	1.0
1010.601	1.0
1011.601	1.0
1012.601	1.0
1013.601	1.0
1014.601	1.0
1015.601	1.0
1016.601	1.0
1017.601	1.0
1018.601	1.0
1019.601	1.0
1020.601	1.0
1021.601	1.0
1022.601	1.0
1023.601	1.0
1024.601	1.0
1025.601	1.0
1026.601	1.0
1027.601	1.0
1028.601	1.0
1029.601	1.0
1030.601	1.0
1031.601	1.0
1032.601	1.0
1033.601	1.0
1034.601	1.0
1035.601	1.0
1036.601	1.0
1037.601	1.0
1038.601	1.0
1039.601	1.0
1040.601	1.0
1041.601	1.0
1042.601	1.0
1043.601	1.0
1044.601	1.0
1045.601	1.0
1046.601	1.0
1047.601	1.0
1048.601	1.0
1049.601	1.0
1050.601	1.0
1051.601	1.0
1052.601	1.0
1053.601	1.0
1054.601	1.0
1055.601	1.0
1056.601	1.0
1057.601	1.0
1058.601	1.0
1059.601	1.0
1060.601	1.0
1061.601	1.0
1062.601	1.0
1063.601	1.0
1064.601	1.0
1065.601	1.0
1066.601	1.0
1067.601	1.0
1068.601	1.0
1069.601	1.0
1070.601	1.0
1071.601	1.0
1072.601	1.0
1073.601	1.0
1074.601	1.0
1075.601	1.0
1076.601	1.0
1077.601	1.0
1078.601	1.0
1079.601	1.0
1080.601	1.0
1081.601	1.0
1082.601	1.0
1083.601	1.0
1084.601	1.0
1085.601	1.0
1086.601	1.0
1087.601	1.0
1088.601	1.0
1089.601	1.0
1090.601	1.0
1091.601	1.0
1092.601	1.0
1093.601	1.0
1094.601	1.0
1095.601	1.0
1096.601	1.0
1097.601	1.0
1098.601	1.0
1099.601	1.0
1100.601	1.0
1101.601	1.0
1102.601	1.0
1103.601	1.0
1104.601	1.0
1105.601	1.0
1106.601	1.0
1107.601	1.0
1108.601	1.0
1109.601	1.0
1110.601	1.0
1111.601	1.0
1112.601	1.0
1113.601	1.0
1114.601	1.0
1115.601	1.0
1116.601	1.0
1117.601	1.0
1118.601	1.0
1119.601	1.0
1120.601	1.0
1121.601	1.0
1122.601	1.0
1123.601	1.0
1124.601	1.0
1125.601	1.0
1126.601	1.0
1127.601	1.0
1128.601	1.0
1129.601	1.0
1130.601	1.0
1131.601	1.0
1132.601	1.0
1133.601	1.0
1134.601	1.0
1135.601	1.0
1136.601	1.0
1137.601	1.0
1138.601	1.0
1139.601	1.0
1140.601	1.0
1141.601	1.0
1142.601	1.0
1143.601	1.0
1144.601	1.0
1145.601	1.0
1146.601	1.0
1147.601	1.0
1148.601	1.0
1149.601	1.0
1150.601	1.0
1151.601	1.0
1152.601	1.0
1153.601	1.0
1154.601	1.0
1155.601	1.0
1156.601	1.0
1157.601	1.0
1158.601	1.0
1159.601	1.0
1160.601	1.0
1161.601	1.0
1162.601	1.0
1163.601	1.0
1164.601	1.0
1165.601	1.0
1166.601	1.0
1167.601	1.0
1168.601	1.0
1169.601	1.0
1170.601	1.0
1171.601	1.0
1172.601	1.0
1173.601	1.0
1174.601	1.0
1175.601	1.0
1176.601	1.0
1177.601	1.0
1178.601	1.0
1179.601	1.0
1180.601	1.0
1181.601	1.0
1182.601	1.0
1183.601	1.0
1184.601	1.0
1185.601	1.0
1186.601	1.0
1187.601	1.0
1188.601	1.0
1189.601	1.0
1190.601	1.0
1191.601	1.0
1192.601	1.0
1193.601	1.0
1194.601	1.0
1195.601	1.0
1196.601	1.0
1197.601	1.0
1198.601	1.0
1199.601	1.0
1200.601	1.0
1201.601	1.0
1202.601	1.0
1203.601	1.0
1204.601	1.0
1205.601	1.0
1206.601	1.0
1207.601	1.0
1208.601	1.0
1209.601	1.0
1210.601	1.0
1211.601	1.0
1212.601	1.0
1213.601	1.0
1214.601	1.0
1215.601	1.0
1216.601	1.0
1217.601	1.0
1218.601	1.0
1219.601	1.0
1220.601	1.0
1221.601	1.0
1222.601	1.0
1223.601	1.0
1224.601	1.0
1225.601	1.0
1226.601	1.0
1227.601	1.0
1228.601	1.0
1229.601	1.0
1230.601	1.0
1231.601	1.0
1232.601	1.0
1233.601	1.0
1234.601	1.0
1235.601	1.0
1236.601	1.0
1237.601	1.0
1238.601	1.0
1239.601	1.0
1240.601	1.0
1241.601	1.0
1242.601	1.0
1243.601	1.0
1244.601	1.0
1245.601	1.0
1246.601	1.0
1247.601	1.0
1248.601	1.0
1249.601	1.0
1250.601	1.0
1251.601	1.0
1252.601	1.0
1253.601	1.0
1254.601	1.0
1255.601	1.0
1256.601	1.0
1257.601	1.0
1258.601	1.0
1259.601	1.0
1260.601	1.0
1261.601	1.0
1262.601	1.0
1263.601	1.0
1264.601	1.0
1265.601	1.0
1266.601	1.0
1267.601	1.0
1268.601	1.0
1269.601	1.0
1270.601	1.0
1271.601	1.0
1272.601	1.0
1273.601	1.0
1274.601	1.0
1275.601	1.0
1276.601	1.0
1277.601	1.0
1278.601	1.0
1279.601	1.0
1280.601	1.0
1281.601	1.0
1282.601	1.0
1283.601	1.0
1284.601	1.0
1285.601	1.0
1286.601	1.0
1287.601	1.0
1288.601	1.0
1289.601	1.0
1290.601	1.0
1291.601	1.0
1292.601	1.0
1293.601	1.0
1294.601	1.0
1295.601	1.0
1296.601	1.0
1297.601	1.0
1298.601	1.0
1299.601	1.0
1300.601	1.0
1301.601	1.0
1302.601	1.0
1303.601	1.0
1304.601	1.0
1305.601	1.0
1306.601	1.0
1307.601	1.0
1308.601	1.0
1309.601	1.0
1310.601	1.0
1311.601	1.0
1312.601	1.0
1313.601	1.0
1314.601	1.0
1315.601	1.0
1316.601	1.0
1317.601	1.0
1318.601	1.0
1319.601	1.0
1320.601	1.0
1321.601	1.0
1322.601	1.0
1323.601	1.0
1324.601	1.0
1325.601	1.0
1326.601	1.0
1327.601	1.0
1328.601	1.0
1329.601	1.0
1330.601	1.0
1331.601	1.0
1332.601	1.0
1333.601	1.0
1334.601	1.0
1335.601	1.0
1336.601	1.0
1337.601	1.0
1338.601	1.0
1339.601	1.0
1340.601	1.0
1341.601	1.0
1342.601	1.0
1343.601	1.0
1344.601	1.0
1345.601	1.0
1346.601	1.0
1347.601	1.0
1348.601	1.0
1349.601	1.0
1350.601	1.0
1351.601	1.0
1352.601	1.0
1353.601	1.0
1354.601	1.0
1355.601	1.0
1356.601	1.0
1357.601	1.0
1358.601	1.0
1359.601	1.0
1360.601	1.0
1361.601	1.0
1362.601	1.0
1363.601	1.0
1364.601	1.0
1365.601	1.0
1366.601	1.0
1367.601	1.0
1368.601	1.0
1369.601	1.0
1370.601	1.0
1371.601	1.0
1372.601	1.0
1373.601	1.0
1374.601	1.0
1375.601	1.0
1376.601	1.0
1377.601	1.0
1378.601	1.0
1379.601	1.0
1380.601	1.0
1381.601	1.0
1382.601	1.0
1383.601	1.0
1384.601	1.0
1385.601	1.0
1386.601	1.0
1387.601	1.0
1388.601	1.0
1389.601	1.0
1390.601	1.0
1391.601	1.0
1392.601	1.0
1393.601	1.0
1394.601	1.0
1395.601	1.0
1396.601	1.0
1397.601	1.0
1398.601	1.0
1399.601	1.0
1400.601	1.0
1401.601	1.0
1402.601	1.0
1403.601	1.0
1404.601	1.0
1405.601	1.0
1406.601	1.0
1407.601	1.0
1408.601	1.0
1409.601	1.0
1410.601	1.0
1411.601	1.0
1412.601	1.0
1413.601	1.0
1414.601	1.0
1415.601	1.0
1416.601	1.0
1417.601	1.0
1418.601	1.0
1419.601	1.0
1420.601	1.0
1421.601	1.0
1422.601	1.0
1423.601	1.0
1424.601	1.0
1425.601	1.0
1426.601	1.0
1427.601	1.0
1428.601	1.0
1429.601	1.0
1430.601	1.0
1431.601	1.0
1432.601	1.0
1433.601	1.0
1434.601	1.0
1435.601	1.0
1436.601	1.0
1437.601	1.0
1438.601	1.0
1439.601	1.0
1440.601	1.0
1441.601	1.0
1442.601	1.0
1443.601	1.0
1444.601	1.0
1445.601	1.0
1446.601	1.0
1447.601	1.0
1448.601	1.0
1449.601	1.0
1450.601	1.0
1451.601	1.0
1452.601	1.0
1453.601	1.0
1454.601	1.0
1455.601	1.0
1456.601	1.0
1457.601	1.0
1458.601	1.0
1459.601	1.0
1460.601	1.0
1461.601	1.0
1462.601	1.0
1463.601	1.0
1464.601	1.0
1465.601	1.0
1466.601	1.0
1467.601	1.0
1468.601	1.0
1469.601	1.0
1470.601	1.0
1471.601	1.0
1472.601	1.0
1473.601	1.0
1474.601	1.0
1475.601	1.0
1476.601	1.0
1477.601	1.0
1478.601	1.0
1479.601	1.0
1480.601	1.0
1481.601	1.0
1482.601	1.0
1483.601	1.0
1484.601	1.0
1485.601	1.0
1486.601	1.0
1487.601	1.0
1488.601	1.0
1489.601	1.0
1490.601	1.0
1491.601	1.0
1492.601	1.0
1493.601	1.0
1494.601	1.0
1495.601	1.0
1496.601	1.0
1497.601	1.0
1498.601	1.0
1499.601	1.0
1500.601	1.0
1501.601	1.0
1502.601	1.0
1503.601	1.0
1504.601	1.0
1505.601	1.0
1506.601	1.0
1507.601	1.0
1508.601	1.0
1509.601	1.0
1510.601	1.0
1511.601	1.0
1512.601	1.0
1513.601	1.0
1514.601	1.0
1515.601	1.0
1516.601	1.0
1517.601	1.0
1518.601	1.0
1519.601	1.0
1520.601	1.0
1521.601	1.0
1522.601	1.0
1523.601	1.0
1524.601	1.0
1525.601	1.0
1526.601	1.0
1527.601	1.0
1528.601	1.0
1529.601	1.0
1530.601	1.0
1531.601	1.0
1532.601	1.0
1533.601	1.0
1534.601	1.0
1535.601	1.0
1536.601	1.0
1537.601	1.0
1538.601	1.0
1539.601	1.0
1540.601	1.0
1541.601	1.0
1542.601	1.0
1543.601	1.0
1544.601	1.0
1545.601	1.0
1546.601	1.0
1547.601	1.0
1548.601	1.0
1549.601	1.0
1550.601	1.0
1551.601	1.0
1552.601	1.0
1553.601	1.0
1554.601	1.0
1555.601	1.0
1556.601	1.0
1557.601	1.0
1558.601	1.0
1559.601	1.0
1560.601	1.0
1561.601	1.0
1562.601	1.0
1563.601	1.0
1564.601	1.0
1565.601	1.0
1566.601	1.0
1567.601	1.0
1568.601	1.0
1569.601	1.0
1570.601	1.0
1571.601	1.0
1572.601	1.0
1573.601	1.0
1574.601	1.0
1575.601	1.0
1576.601	1.0
1577.601	1.0
1578.601	1.0
1579.601	1.0
1580.601	1.0
1581.601	1.0
1582.601	1.0
1583.601	1.0
1584.601	1.0
1585.601	1.0
1586.601	1.0
1587.601	1.0
1588.601	1.0
1589.601	1.0
1590.601	1.0
1591.601	1.0
1592.601	1.0
1593.601	1.0
1594.601	1.0
1595.601	1.0
1596.601	1.0
1597.601	1.0
1598.601	1.0
1599.601	1.0
1600.601	1.0
1601.601	1.0
1602.601	1.0
1603.601	1.0
1604.601	1.0
1605.601	1.0
1606.601	1.0
1607.601	1.0
1608.601	1.0
1609.601	1.0
1610.601	1.0
1611.601	1.0
1612.601	1.0
1613.601	1.0
1614.601	1.0
1615.601	1.0
1616.601	1.0
1617.601	1.0
1618.601	1.0
1619.601	1.0
1620.601	1.0
1621.601	1.0
1622.601	1.0
1623.601	1.0
1624.601	1.0
1625.601	1.0
1626.601	1.0
1627.601	1.0
1628.601	1.0
1629.601	1.0
1630.601	1.0
1631.601	1.0
1632.601	1.0
1633.601	1.0
1634.601	1.0
1635.601	1.0
1636.601	1.0
1637.601	1.0
1638.601	1.0
1639.601	1.0
1640.601	1.0
1641.601	1.0
1642.601	1.0
1643.601	1.0
1644.601	1.0
1645.601	1.0
1646.601	1.0
1647.601	1.0
1648.601	1.0
1649.601	1.0
1650.601	1.0
1651.601	1.0
1652.601	1.0
1653.601	1.0
1654.601	1.0
1655.601	1.0
1656.601	1.0
1657.601	1.0
1658.601	1.0
1659.601	1.0
1660.601	1.0
1661.601	1.0
1662.601	1.0
1663.601	1.0
1664.601	1.0
1665.601	1.0
1666.601	1.0
1667.601	1.0
1668.601	1.0
1669.601	1.0
1670.601	1.0
1671.601	1.0
1672.601	1.0
1673.601	1.0
1674.601	1.0
1675.601	1.0
1676.601	1.0
1677.601	1.0
1678.601	1.0
1679.601	1.0
1680.601	1.0
1681.601	1.0
1682.601	1.0
1683.601	1.0
1684.601	1.0
1685.601	1.0
1686.601	1.0
1687.601	1.0
1688.601	1.0
1689.601	1.0
1690.601	1.0
1691.601	1.0
1692.601	1.0
1693.601	1.0
1694.601	1.0
1695.601	1.0
1696.601	1.0
1697.601	1.0
1698.601	1.0
1699.601	1.0
1700.601	1.0
1701.601	1.0
1702.601	1.0
1703.601	1.0
1704.601	1.0
1705.601	1.0
1706.601	1.0
1707.601	1.0
1708.601	1.0
1709.601	1.0
1710.601	1.0
1711.601	1.0
1712.601	1.0
1713.601	1.0
1714.601	1.0
1715.601	1.0
1716.601	1.0
1717.601	1.0
1718.601	1.0
1719.601	1.0
1720.601	1.0
1721.601	1.0
1722.601	1.0
1723.601	1.0
1724.601	1.0
1725.601	1.0
1726.601	1.0
1727.601	1.0
1728.601	1.0
1729.601	1.0
1730.601	1.0
1731.601	1.0
1732.601	1.0
1733.601	1.0
1734.601	1.0
1735.601	1.0
1736.601	1.0
1737.601	1.0
1738.601	1.0
1739.601	1.0
1740.601	1.0
1741.601	1.0
1742.601	1.0
1743.601	1.0
1744.601	1.0
1745.601	1.0
1746.601	1.0
1747.601	1.0
1748.601	1.0
1749.601	1.0
1750.601	1.0
1751.601	1.0
1752.601	1.0
1753.601	1.0
1754.601	1.0
1755.601	1.0
1756.601	1.0
1757.601	1.0
1758.601	1.0
1759.601	1.0
1760.601	1.0
1761.601	1.0
1762.601	1.0
1763.601	1.0
1764.601	1.0
1765.601	1.0
1766.601	1.0
1767.601	1.0
1768.601	1.0
1769.601	1.0
1770.601	1.0
1771.601	1.0
1772.601	1.0
1773.601	1.0
1774.601	1.0
1775.601	1.0
1776.601	1.0
1777.601	1.0
1778.601	1.0
1779.601	1.0
1780.601	1.0
1781.601	1.0
1782.601	1.0
1783.601	1.0
1784.601	1.0
1785.601	1.0
1786.601	1.0
1787.601	1.0
1788.601	1.0
1789.601	1.0
1790.601	1.0
1791.601	1.0
1792.601	1.0
1793.601	1.0
1794.601	1.0
1795.601	1.0
1796.601	1.0
1797.601	1.0
1798.601	1.0
1799.601	1.0
1800.601	1.0
1801.601	1.0
1802.601	1.0
1803.601	1.0
1804.601	1.0
1805.601	1.0
1806.601	1.0
1807.601	1.0
1808.601	1.0
1809.601	1.0
1810.601	1.0
1811.601	1.0
1812.601	1.0
1813.601	1.0
1814.601	1.0
1815.601	1.0
1816.601	1.0
1817.601	1.0
1818.601	1.0
1819.601	1.0
1820.601	1.0
1821.601	1.0
1822.601	1.0
1823.601	1.0
1824.601	1.0
1825.601	1.0
1826.601	1.0
1827.601	1.0
1828.601	1.0
1829.601	1.0
1830.601	1.0
1831.601	1.0
1832.601	1.0
1833.601	1.0
1834.601	1.0
1835.601	1.0
1836.601	1.0
1837.601	1.0
1838.601	1.0
1839.601	1.0
1840.601	1.0
1841.601	1.0
1842.601	1.0
1843.601	1.0
1844.601	1.0
1845.601	1.0
1846.601	1.0
1847.601	1.0
1848.601	1.0
1849.601	1.0
1850.601	1.0
1851.601	1.0
1852.601	1.0
1853.601	1.0
1854.601	1.0
1855.601	1.0
1856.601	1.0
1857.601	1.0
1858.601	1.0
1859.601	1.0
1860.601	1.0
1861.601	1.0
1862.601	1.0
1863.601	1.0
1864.601	1.0
1865.601	1.0
1866.601	1.0
1867.601	1.0
1868.601	1.0
1869.601	1.0
1870.601	1.0
1871.601	1.0
1872.601	1.0
1873.601	1.0
1874.601	1.0
1875.601	1.0
1876.601	1.0
1877.601	1.0
1878.601	1.0
1879.601	1.0
1880.601	1.0
1881.601	1.0
1882.601	1.0
1883.601	1.0
1884.601	1.0
1885.601	1.0
1886.601	1.0
1887.601	1.0
1888.601	1.0
1889.601	1.0
1890.601	1.0
1891.601	1.0
1892.601	1.0
1893.601	1.0
1894.601	1.0
1895.601	1.0
1896.601	1.0
1897.601	1.0
1898.601	1.0
1899.601	1.0
1900.601	1.0
1901.601	1.0
1902.601	1.0
1903.601	1.0
1904.601	1.0
1905.601	1.0
1906.601	1.0
1907.601	1.0
1908.601	1.0
1909.601	1.0
1910.601	1.0
1911.601	1.0
1912.601	1.0
1913.601	1.0
1914.601	1.0
1915.601	1.0
1916.601	1.0
1917.601	1.0
1918.601	1.0
1919.601	1.0
1920.601	1.0
1921.601	1.0
1922.601	1.0
1923.601	1.0
1924.601	1.0
1925.601	1.0
1926.601	1.0
1927.601	1.0
1928.601	1.0
1929.601	1.0
1930.601	1.0
1931.601	1.0
1932.601	1.0
1933.601	1.0
1934.601	1.0
1935.601	1.0
1936.601	1.0
1937.601	1.0
1938.601	1.0
1939.601	1.0
1940.601	1.0
1941.601	1.0
1942.601	1.0
1943.601	1.0
1944.601	1.0
1945.601	1.0
1946.601	1.0
1947.601	1.0
1948.601	1.0
1949.601	1.0
1950.601	1.0
1951.601	1.0
1952.601	1.0
1953.601	1.0
1954.601	1.0
1955.601	1.0
1956.601	1.0
1957.601	1.0
1958.601	1.0
1959.601	1.0
1960.601	1.0
1961.601	1.0
1962.601	1.0
1963.601	1.0
1964.601	1.0
1965.601	1.0
1966.601	1.0
1967.601	1.0
1968.601	1.0
1969.601	1.0
1970.601	1.0
1971.601	1.0
1972.601	1.0
1973.601	1.0
1974.601	1.0
1975.601	1.0
1976.601	1.0
1977.601	1.0
1978.601	1.0
1979.601	1.0
1980.601	1.0
1981.601	1.0
1982.601	1.0
1983.601	1.0
1984.601	1.0
1985.601	1.0
1986.601	1.0
1987.601	1.0
1988.601	1.0
1989.601	1.0
1990.601	1.0
1991.601	1.0
1992.601	1.0
1993.601	1.0
1994.601	1.0
1995.601	1.0
1996.601	1.0
1997.601	1.0
1998.601	1.0
1999.601	1.0
2000.601	1.0
2001.601	1.0
2002.601	1.0
2003.601	1.0
2004.601	1.0
2005.601	1.0
2006.601	1.0
2007.601	1.0
2008.601	1.0
2009.601	1.0
2010.601	1.0
2011.601	1.0
2012.601	1.0
2013.601	1.0
2014.601	1.0
2015.601	1.0
2016.601	1.0
2017.601	1.0
2018.601	1.0
2019.601	1.0
2020.601	1.0
2021.601	1.0
2022.601	1.0
2023.601	1.0
2024.601	1.0
2025.601	1.0
2026.601	1.0
2027.601	1.0
2028.601	1.0
2029.601	1.0
2030.601	1.0
2031.601	1.0
2032.601	1.0
2033.601	1.0
2034.601	1.0
2035.601	1.0
2036.601	1.0
2037.601	1.0
2038.601	1.0
2039.601	1.0
2040.601	1.0
2041.601	1.0
2042.601	1.0
2043.601	1.0
2044.601	1.0
2045.601	1.0
2046.601	1.0
2047.601	1.0
2048.601	1.0
2049.601	1.0
2050.601	1.0
2051.601	1.0
2052.601	1.0
2053.601	1.0
2054.601	1.0
2055.601	1.0
2056.601	1.0
2057.601	1.0
2058.601	1.0
2059.601	1.0
2060.601	1.0
2061.601	1.0
2062.601	1.0
2063.601	1.0
2064.601	1.0
2065.601	1.0
2066.601	1.0
2067.601	1.0
2068.601	1.0
2069.601	1.0
2070.601	1.0
2071.601	1.0
2072.601	1.0
2073.601	1.0
2074.601	1.0
2075.601	1.0
2076.601	1.0
2077.601	1.0
2078.601	1.0
2079.601	1.0
2080.601	1.0
2081.601	1.0
2082.601	1.0
2083.601	1.0
2084.601	1.0
2085.601	1.0
2086.601	1.0
2087.601	1.0
2088.601	1.0
2089.601	1.0
2090.601	1.0
2091.601	1.0
2092.601	1.0
2093.601	1.0
2094.601	1.0
2095.601	1.0
2096.601	1.0
2097.601	1.0
2098.601	1.0
2099.601	1.0
2100.601	1.0
2101.601	1.0
2102.601	1.0
2103.601	1.0
2104.601	1.0
2105.601	1.0
2106.601	1.0
2107.601	1.0
2108.601	1.0
2109.601	1.0
2110.601	1.0
2111.601	1.0
2112.601	1.0
2113.601	1.0
2114.601	1.0
2115.601	1.0
2116.601	1.0
2117.601	1.0
2118.601	1.0
2119.601	1.0
2120.601	1.0
2121.601	1.0
2122.601	1.0
2123.601	1.0
2124.601	1.0
2125.601	1.0
2126.601	1.0
2127.601	1.0
2128.601	1.0
2129.601	1.0
2130.601	1.0
2131.601	1.0
2132.601	1.0
2133.601	1.0
2134.601	1.0
2135.601	1.0
2136.601	1.0
2137.601	1.0
2138.601	1.0
2139.601	1.0
2140.601	1.0
2141.601	1.0
2142.601	1.0
2143.601	1.0
2144.601	1.0
2145.601	1.0
2146.601	1.0
2147.601	1.0
2148.601	1.0
2149.601	1.0
2150.601	1.0
2151.601	1.0
2152.601	1.0
2153.601	1.0
2154.601	1.0
2155.601	1.0
2156.601	1.0
2157.601	1.0
2158.601	1.0
2159.601	1.0
2160.601	1.0
2161.601	1.0
2162.601	1.0
2163.601	1.0
2164.601	1.0
2165.601	1.0
2166.601	1.0
2167.601	1.0
2168.601	1.0
2169.601	1.0
2170.601	1.0
2171.601	1.0
2172.601	1.0
2173.601	1.0
2174.601	1.0
2175.601	1.0
2176.601	1.0
2177.601	1.0
2178.601	1.0
2179.601	1.0
2180.601	1.0
2181.601	1.0
2182.601	1.0
2183.601	1.0
2184.601	1.0
2185.601	1.0
2186.601	1.0
2187.601	1.0
2188.601	1.0
2189.601	1.0
2190.601	1.0
2191.601	1.0
2192.601	1.0
2193.601	1.0
2194.601	1.0
2195.601	1.0
2196.601	1.0
2197.601	1.0
2198.601	1.0
2199.601	1.0
2200.601	1.0
2201.601	1.0
2202.601	1.0
2203.601	1.0
2204.601	1.0
2205.601	1.0
2206.601	1.0
2207.601	1.0
2208.601	1.0
2209.601	1.0
2210.601	1.0
2211.601	1.0
2212.601	1.0
2213.601	1.0
2214.601	1.0
2215.601	1.0
2216.601	1.0
2217.601	1.0
2218.601	1.0
2219.601	1.0
2220.601	1.0
2221.601	1.0
2222.601	1.0
2223.601	1.0
2224.601	1.0
2225.601	1.0
2226.601	1.0
2227.601	1.0
2228.601	1.0
2229.601	1.0
2230.601	1.0
2231.601	1.0
2232.601	1.0
2233.601	1.0
2234.601	1.0
2235.601	1.0
2236.601	1.0
2237.601	1.0
2238.601	1.0
2239.601	1.0
2240.601	1.0
2241.601	1.0
2242.601	1.0
2243.601	1.0
2244.601	1.0
2245.601	1.0
2246.601	1.0
2247.601	1.0
2248.601	1.0
2249.601	1.0
2250.601	1.0
2251.601	1.0
2252.601	1.0
2253.601	1.0
2254.601	1.0
2255.601	1.0
2256.601	1.0
2257.601	1.0
2258.601	1.0
2259.601	1.0
2260.601	1.0
2261.601	1.0
2262.601	1.0
2263.601	1.0
2264.601	1.0
2265.601	1.0
2266.601	1.0
2267.601	1.0
2268.601	1.0
2269.601	1.0
2270.601	1.0
2271.601	1.0
2272.601	1.0
2273.601	1.0
2274.601	1.0
2275.601	1.0
2276.601	1.0
2277.601	1.0
2278.601	1.0
2279.601	1.0
2280.601	1.0
2281.601	1.0
2282.601	1.0
2283.601	1.0
2284.601	1.0
2285.601	1.0
2286.601	1.0
2287.601	1.0
2288.601	1.0
2289.601	1.0
2290.601	1.0
2291.601	1.0
2292.601	1.0
2293.601	1.0
2294.601	1.0
2295.601	1.0
2296.601	1.0
2297.601	1.0
2298.601	1.0
2299.601	1.0
2300.601	1.0
2301.601	1.0
2302.601	1.0
2303.601	1.0
2304.601	1.0
2305.601	1.0
2306.601	1.0
2307.601	1.0
2308.601	1.0
2309.601	1.0
2310.601	1.0
2311.601	1.0
2312.601	1.0
2313.601	1.0
2314.601	1.0
2315.601	1.0
2316.601	1.0
2317.601	1.0
2318.601	1.0
2319.601	1.0
2320.601	1.0
2321.601	1.0
2322.601	1.0
2323.601	1.0
2324.601	1.0
2325.601	1.0
2326.601	1.0
2327.601	1.0
2328.601	1.0
2329.601	1.0
2330.601	1.0
2331.601	1.0
2332.601	1.0
2333.601	1.0
2334.601	1.0
2335.601	1.0
2336.601	1.0
2337.601	1.0
2338.601	1.0
2339.601	1.0
2340.601	1.0
2341.601	1.0
2342.601	1.0
2343.601	1.0
2344.601	1.0
2345.601	1.0
2346.601	1.0
2347.601	1.0
2348.601	1.0
2349.601	1.0
2350.601	1.0
2351.601	1.0
2352.601	1.0
2353.601	1.0
2354.601	1.0
2355.601	1.0
2356.601	1.0
2357.601	1.0
2358.601	1.0
2359.601	1.0
2360.601	1.0
2361.601	1.0
2362.601	1.0
2363.601	1.0
2364.601	1.0
2365.601	1.0
2366.601	1.0
2367.601	1.0
2368.601	1.0
2369.601	1.0
2370.601	1.0
2371.601	1.0
2372.601	1.0
2373.601	1.0
2374.601	1.0
2375.601	1.0
2376.601	1.0
2377.601	1.0
2378.601	1.0
2379.601	1.0
2380.601	1.0
2381.601	1.0
2382.601	1.0
2383.601	1.0
2384.601	1.0
2385.601	1.0
2386.601	1.0
2387.601	1.0
2388.601	1.0
2389.601	1.0
2390.601	1.0
2391.601	1.0
2392.601	1.0
2393.601	1.0
2394.601	1.0
2395.601	1.0
2396.601	1.0
2397.601	1.0
2398.601	1.0
2399.601	1.0
2400.601	1.0
2401.601	1.0
2402.601	1.0
2403.601	1.0
2404.601	1.0
2405.601	1.0
2406.601	1.0
2407.601	1.0
2408.601	1.0
2409.601	1.0
2410.601	1.0
2411.601	1.0
2412.601	1.0
2413.601	1.0
2414.601	1.0
2415.601	1.0
2416.601	1.0
2417.601	1.0
2418.601	1.0
2419.601	1.0
2420.601	1.0
2421.601	1.0
2422.601	1.0
2423.601	1.0
2424.601	1.0
2425.601	1.0
2426.601	1.0
2427.601	1.0
2428.601	1.0
2429.601	1.0
2430.601	1.0
2431.601	1.0
2432.601	1.0
2433.601	1.0
2434.601	1.0
2435.601	1.0
2436.601	1.0
2437.601	1.0
2438.601	1.0
2439.601	1.0
2440.601	1.0
2441.601	1.0
2442.601	1.0
2443.601	1.0
2444.601	1.0
2445.601	1.0
2446.601	1.0
2447.601	1.0
2448.601	1.0
2449.601	1.0
2450.601	1.0
2451.601	1.0
2452.601	1.0
2453.601	1.0
2454.601	1.0
2455.601	1.0
2456.601	1.0
2457.601	1.0
2458.601	1.0
2459.601	1.0
2460.601	1.0
2461.601	1.0
2462.601	1.0
2463.601	1.0
2464.601	1.0
2465.601	1.0
2466.601	1.0
2467.601	1.0
2468.601	1.0
2469.601	1.0
2470.601	1.0
2471.601	1.0
2472.601	1.0
2473.601	1.0
2474.601	1.0
2475.601	1.0
2476.601	1.0
2477.601	1.0
2478.601	1.0
2479.601	1.0
2480.601	1.0
2481.601	1.0
2482.601	1.0
2483.601	1.0
2484.601	1.0
2485.601	1.0
2486.601	1.0
2487.601	1.0
2488.601	1.0
2489.601	1.0
2490.601	1.0
2491.601	1.0
2492.601	1.0
2493.601	1.0
2494.601	1.0
2495.601	1.0
2496.601	1.0
2497.601	1.0
2498.601	1.0
2499.601	1.0
2500.601	1.0
2501.601	1.0
2502.601	1.0
2503.601	1.0
2504.601	1.0
2505.601	1.0
2506.601	1.0
2507.601	1.0
2508.601	1.0
2509.601	1.0
2510.601	1.0
2511.601	1.0
2512.601	1.0
2513.601	1.0
2514.601	1.0
2515.601	1.0
2516.601	1.0
2517.601	1.0
2518.601	1.0
2519.601	1.0
2520.601	1.0
2521.601	1.0
2522.601	1.0
2523.601	1.0
2524.601	1.0
2525.601	1.0
2526.601	1.0
2527.601	1.0
2528.601	1.0
2529.601	1.0
2530.601	1.0
2531.601	1.0
2532.601	1.0
2533.601	1.0
2534.601	1.0
2535.601	1.0
2536.601	1.0
2537.601	1.0
2538.601	1.0
2539.601	1.0
2540.601	1.0
2541.601	1.0
2542.601	1.0
2543.601	1.0
2544.601	1.0
2545.601	1.0
2546.601	1.0
2547.601	1.0
2548.601	1.0
2549.601	1.0
2550.601	1.0
2551.601	1.0
2552.601	1.0
2553.601	1.0
2554.601	1.0
2555.601	1.0
2556.601	1.0
2557.601	1.0
2558.601	1.0
2559.601	1.0
2560.601	1.0
2561.601	1.0
2562.601	1.0
2563.601	1.0
2564.601	1.0
2565.601	1.0
2566.601	1.0
2567.601	1.0
2568.601	1.0
2569.601	1.0
2570.601	1.0
2571.601	1.0
2572.601	1.0
2573.601	1.0
2574.601	1.0
2575.601	1.0
2576.601	1.0
2577.601	1.0
2578.601	1.0
2579.601	1.0
2580.601	1.0
2581.601	1.0
2582.601	1.0
2583.601	1.0
2584.601	1.0
2585.601	1.0
2586.601	1.0
2587.601	1.0
2588.601	1.0
2589.601	1.0
2590.601	1.0
2591.601	1.0
2592.601	1.0
2593.601	1.0
2594.601	1.0
2595.601	1.0
2596.601	1.0
2597.601	1.0
2598.601	1.0
2599.601	1.0
2600.601	1.0
2601.601	1.0
2602.601	1.0
2603.601	1.0
2604.601	1.0
2605.601	1.0
2606.601	1.0
2607.601	1.0
2608.601	1.0
2609.601	1.0
2610.601	1.0
2611.601	1.0
2612.601	1.0
2613.601	1.0
2614.601	1.0
2615.601	1.0
2616.601	1.0
2617.601	1.0
2618.601	1.0
2619.601	1.0
2620.601	1.0
2621.601	1.0
2622.601	1.0
2623.601	1.0
2624.601	1.0
2625.601	1.0
2626.601	1.0
2627.601	1.0
2628.601	1.0
2629.601	1.0
2630.601	1.0
2631.601	1.0
2632.601	1.0
2633.601	1.0
2634.601	1.0
2635.601	1.0
2636.601	1.0
2637.601	1.0
2638.601	1.0
2639.601	1.0
2640.601	1.0
2641.601	1.0
2642.601	1.0
2643.601	1.0
2644.601	1.0
2645.601	1.0
2646.601	1.0
2647.601	1.0
2648.601	1.0
2649.601	1.0
2650.601	1.0
2651.601	1.0
2652.601	1.0
2653.601	1.0
2654.601	1.0
2655.601	1.0
2656.601	1.0
2657.601	1.0
2658.601	1.0
2659.601	1.0
2660.601	1.0
2661.601	1.0
2662.601	1.0
2663.601	1.0
2664.601	1.0
2665.601	1.0
2666.601	1.0
2667.601	1.0
2668.601	1.0
2669.601	1.0
2670.601	1.0
2671.601	1.0
2672.601	1.0
2673.601	1.0
2674.601	1.0
2675.601	1.0
2676.601	1.0
2677.601	1.0
2678.601	1.0
2679.601	1.0
2680.601	1.0
2681.601	1.0
2682.601	1.0
2683.601	1.0
2684.601	1.0
2685.601	1.0
2686.601	1.0
2687.601	1.0
2688.601	1.0
2689.601	1.0
2690.601	1.0
2691.601	1.0
2692.601	1.0
2693.601	1.0
2694.601	1.0
2695.601	1.0
2696.601	1.0
2697.601	1.0
2698.601	1.0
2699.601	1.0
2700.601	1.0
2701.601	1.0
2702.601	1.0
2703.601	1.0
2704.601	1.0
2705.601	1.0
2706.601	1.0
2707.601	1.0
2708.601	1.0
2709.601	1.0
2710.601	1.0
2711.601	1.0
2712.601	1.0
2713.601	1.0
2714.601	1.0
2715.601	1.0
2716.601	1.0
2717.601	1.0
2718.601	1.0
2719.601	1.0
2720.601	1.0
2721.601	1.0
2722.601	1.0
2723.601	1.0
2724.601	1.0
2725.601	1.0
2726.601	1.0
2727.601	1.0
2728.601	1.0
2729.601	1.0
2730.601	1.0
2731.601	1.0
2732.601	1.0
2733.601	1.0
2734.601	1.0
2735.601	1.0
2736.601	1.0
2737.601	1.0
2738.601	1.0
2739.601	1.0
2740.601	1.0
2741.601	1.0
2742.601	1.0
2743.601	1.0
2744.601	1.0
2745.601	1.0
2746.601	1.0
2747.601	1.0
2748.601	1.0
2749.601	1.0
2750.601	1.0
2751.601	1.0
2752.601	1.0
2753.601	1.0
2754.601	1.0
2755.601	1.0
2756.601	1.0
2757.601	1.0
2758.601	1.0
2759.601	1.0
2760.601	1.0
2761.601	1.0
2762.601	1.0
2763.601	1.0
2764.601	1.0
2765.601	1.0
2766.601	1.0
2767.601	1.0
2768.601	1.0
2769.601	1.0
2770.601	1.0
2771.601	1.0
2772.601	1.0
2773.601	1.0
2774.601	1.0
2775.601	1.0
2776.601	1.0
2777.601	1.0
2778.601	1.0
2779.601	1.0
2780.601	1.0
2781.601	1.0
2782.601	1.0
2783.601	1.0
2784.601	1.0
2785.601	1.0
2786.601	1.0
2787.601	1.0
2788.601	1.0
2789.601	1.0
2790.601	1.0
2791.601	1.0
2792.601	1.0
2793.601	1.0
2794.601	1.0
2795.601	1.0
2796.601	1.0
2797.601	1.0
2798.601	1.0
2799.601	1.0
2800.601	1.0
2801.601	1.0
2802.601	1.0
2803.601	1.0
2804.601	1.0
2805.601	1.0
2806.601	1.0
2807.601	1.0
2808.601	1.0
2809.601	1.0
2810.601	1.0
2811.601	1.0
2812.601	1.0
2813.601	1.0
2814.601	1.0
2815.601	1.0
2816.601	1.0
2817.601	1.0
2818.601	1.0
2819.601	1.0
2820.601	1.0
2821.601	1.0
2822.601	1.0
2823.601	1.0
2824.601	1.0
2825.601	1.0
2826.601	1.0
2827.601	1.0
2828.601	1.0
2829.601	1.0
2830.601	1.0
2831.601	1.0
2832.601	1.0
2833.601	1.0
2834.601	1.0
2835.601	1.0
2836.601	1.0
2837.601	1.0
2838.601	1.0
2839.601	1.0
2840.601	1.0
2841.601	1.0
2842.601	1.0
2843.601	1.0
2844.601	1.0
2845.601	1.0
2846.601	1.0
2847.601	1.0
2848.601	1.0
2849.601	1.0
2850.601	1.0
2851.601	1.0
2852.601	1.0
2853.601	1.0
2854.601	1.0
2855.601	1.0
2856.601	1.0
2857.601	1.0
2858.601	1.0
2859.601	1.0
2860.601	1.0
2861.601	1.0
2862.601	1.0
2863.601	1.0
2864.601	1.0
2865.601	1.0
2866.601	1.0
2867.601	1.0
2868.601	1.0
2869.601	1.0
2870.601	1.0
2871.601	1.0
2872.601	1.0
2873.601	1.0
2874.601	1.0
2875.601	1.0
2876.601	1.0
2877.601	1.0
2878.601	1.0
2879.601	1.0
2880.601	1.0
2881.601	1.0
2882.601	1.0
2883.601	1.0
2884.601	1.0
2885.601	1.0
2886.601	1.0
2887.601	1.0
2888.601	1.0
2889.601	1.0
2890.601	1.0
2891.601	1.0
2892.601	1.0
2893.601	1.0
2894.601	1.0
2895.601	1.0
2896.601	1.0
2897.601	1.0
2898.601	1.0
2899.601	1.0
2900.601	1.0
2901.601	1.0
2902.601	1.0
2903.601	1.0
2904.601	1.0
2905.601	1.0
2906.601	1.0
2907.601	1.0
2908.601	1.0
2909.601	1.0
2910.601	1.0
2911.601	1.0
2912.601	1.0
2913.601	1.0
2914.601	1.0
2915.601	1.0
2916.601	1.0
2917.601	1.0
2918.601	1.0
2919.601	1.0
2920.601	1.0
2921.601	1.0
2922.601	1.0
2923.601	1.0
2924.601	1.0
2925.601	1.0
2926.601	1.0
2927.601	1.0
2928.601	1.0
2929.601	1.0
2930.601	1.0
2931.601	1.0
2932.601	1.0
2933.601	1.0
2934.601	1.0
2935.601	1.0
2936.601	1.0
2937.601	1.0
2938.601	1.0
2939.601	1.0
2940.601	1.0
2941.601	1.0
2942.601	1.0
2943.601	1.0
2944.601	1.0
2945.601	1.0
2946.601	1.0
2947.601	1.0
2948.601	1.0
2949.601	1.0
2950.601	1.0
2951.601	1.0
2952.601	1.0
2953.601	1.0
2954.601	1.0
2955.601	1.0
2956.601	1.0
2957.601	1.0
2958.601	1.0
2959.601	1.0
2960.601	1.0
2961.601	1.0
2962.601	1.0
2963.601	1.0
2964.601	1.0
2965.601	1.0
2966.601	1.0
2967.601	1.0
2968.601	1.0
2969.601	1.0
2970.601	1.0
2971.601	1.0
2972.601	1.0
2973.601	1.0
2974.601	1.0
2975.601	1.0
2976.601	1.0
2977.601	1.0
2978.601	1.0
2979.601	1.0
2980.601	1.0
2981.601	1.0
2982.601	1.0
2983.601	1.0
2984.601	1.0
2985.601	1.0
2986.601	1.0
2987.601	1.0
2988.601	1.0
2989.601	1.0
2990.601	1.0
2991.601	1.0
2992.601	1.0
2993.601	1.0
