0.169	0.5109668472534975
1.109	0.5148727731596
2.061	0.5098221718635273
2.991	0.522127230585824
3.94	0.5207536628988948
4.871	0.5208297109840079
5.812	0.5197624286691673
6.758	0.5181865452075662
7.707	0.5170163169271087
8.65	0.5206806202955644
9.599	0.5093154577764282
10.548	0.5124278863907744
11.489	0.5007555527898172
12.436	0.5144103127485887
13.389000000000001	0.5161607204578871
14.349	0.5109667940591113
15.288	0.5150101509780234
16.248	0.5073499089094593
17.195	0.514114594906722
18.144000000000002	0.5212881303804737
19.093	0.5327277213023889
20.041	0.5344948260234704
20.986	0.5482459193746091
21.937	0.542763023172219
22.875	0.560604999650354
23.816	0.5618010258820709
24.747	0.563724665319851
25.682000000000002	0.5741090273692185
26.622	0.5693570905119708
27.567	0.584764916205112
28.519000000000002	0.61583032408817
29.459	0.621866970263055
30.412	0.6403389314082355
31.338	0.6457022698649383
32.282000000000004	0.6411886919248669
33.242	0.6485369056259945
34.2	0.6539761464645567
35.144	0.6510040993015282
36.078	0.6576423005062767
37.032000000000004	0.6562259687760675
37.973	0.6565862381700476
38.913000000000004	0.6589457641821919
39.857	0.660277184162115
40.793	0.6719928204125
41.758	0.6661002794711621
42.692	0.682971896020759
43.641	0.6848403161875051
44.572	0.689789243319394
45.502	0.7048324125038319
46.446	0.7034947857177586
47.383	0.7182397958634684
48.336	0.7187356492017415
49.265	0.7414524785835412
50.219	0.7500302410270228
51.166000000000004	0.7549712607343995
52.116	0.7578130901234307
53.066	0.769451697457995
54.031	0.773270791998724
54.963	0.7864979542001561
55.901	0.793237855710927
56.856	0.796600750441981
57.81	0.8026603182658654
58.752	0.7719100066911021
59.704	0.6959294909438615
60.662	0.529496436691999
61.632	0.6178746668504533
62.598	0.5889253525736136
63.562000000000005	0.25670275107059537
64.541	0.4187650406008664
65.521	0.7079706107793875
66.491	0.34376803179845583
67.468	0.2504851301673291
68.447	0.49232443769207784
69.42	0.23399970091615965
70.401	0.3612890666723614
71.381	0.5423029769737923
72.361	0.587221879125645
73.342	0.8229901210863838
74.315	0.4724144977048523
75.296	0.6826601093863855
76.277	0.7249465238192143
77.258	0.589870911483026
78.242	0.6520487753720352
79.23	0.7185337091585651
80.221	0.8735236734146029
81.199	0.6649358562519914
82.187	0.7543664198834873
83.168	0.5388426613434839
84.158	0.844054821200471
85.139	0.6811704576579466
86.129	0.8486454414623513
87.11	0.6045259536055105
88.101	0.8411119885015284
89.101	0.9449109050752774
90.072	0.8762503649384307
91.054	0.4701444274795737
92.045	0.8876388535120942
93.025	0.5485427675813682
94.009	0.35178269131272927
95.0	0.77881633851895
95.98400000000001	0.7142515502292309
96.97200000000001	0.7944343521612638
97.953	0.6607844582593931
98.944	0.8814492315884405
99.923	0.5843461047996197
100.911	0.6812045932066578
101.897	0.7341688639701883
102.885	0.6965622193369403
103.874	0.7823010984013404
104.863	0.5075020677190978
105.852	0.36566057912508204
106.843	0.7431720970420668
107.82900000000001	0.6833123111965834
108.811	0.4483004157736006
109.795	0.23480947568141047
110.783	0.4115546067748074
111.783	0.9477315117454564
112.762	0.8380730800654421
113.75	0.6724367725158371
114.741	0.8821118185026514
115.73100000000001	0.9073997513984161
116.71900000000001	0.7942570824668932
117.709	0.6656247063256143
118.699	0.6425065230103036
119.68900000000001	0.28579641210229234
120.68	0.5624647541075589
121.67	0.5942458151610367
122.661	0.8711955311684555
123.648	0.6740953052323219
124.638	0.8024214793535572
125.622	0.2343575556127569
126.61	0.2014892341941352
127.60000000000001	0.30847958080238325
128.588	0.4889591626081984
129.576	0.6210879172208196
130.567	0.8500107223562771
131.552	0.38562644568957916
132.542	0.6798815605532882
133.53300000000002	0.9066617718746531
134.51500000000001	0.7527414974208495
135.50300000000001	0.8279766395648441
136.489	0.5845009104642047
137.48	0.8464301726020115
138.465	0.7159672995419598
139.455	0.8655232056239683
140.43800000000002	0.47149798993240355
141.429	0.7992956997318875
142.419	0.925836346507102
143.4	0.5240909783832156
144.391	0.9148016036066482
145.379	0.7954591560266313
146.366	0.5650382511392776
147.354	0.644185686733828
148.344	0.7892636378233614
149.333	0.40954030976446554
150.324	0.5615991085587362
151.315	0.6405710987644875
152.306	0.6643434839718094
153.296	0.6923717822359976
154.28300000000002	0.4910035339248772
155.274	0.8485374875089725
156.274	0.9707651058405656
157.247	0.8576237930999399
158.238	0.9370124131496463
159.223	0.9026332134849311
160.204	0.6287413078009007
161.192	0.6537600351850799
162.175	0.2519973325627312
163.165	0.5851551013559331
164.14600000000002	0.2987810232175751
165.137	0.7822259275669977
166.122	0.7905312584799029
167.105	0.4225948080625264
168.096	0.811775082149624
169.08700000000002	0.9446116386693412
170.06	0.5604842557189409
171.05	0.8536201656610024
172.04	0.9223662867703899
173.031	0.9756221504973327
174.011	0.8390077593612427
175.001	0.8124209377859837
175.991	0.8619032184085476
176.981	0.8915671037547132
177.972	0.949899632551322
178.959	0.7669158139159823
179.95000000000002	0.9417821231895231
180.94	0.859821766484385
181.93	0.31252961495535564
182.93	0.9113496092466363
183.93	0.9800899301490028
184.923	0.986614838381203
185.923	0.9906762592722521
186.923	0.9886979190408768
187.923	0.9867136786938028
188.917	0.978728144097636
189.916	0.7449104590321332
190.916	0.989460199253897
191.888	0.8408762728803424
192.859	0.591428513930881
193.84900000000002	0.4719566756248992
194.848	0.6056726517143194
195.848	0.9506746886463444
196.844	0.9955523215920874
197.844	0.9941233618907237
198.835	0.9897567176093387
199.826	0.9860172264593323
200.815	0.6675905323707562
201.815	0.9952196292109483
202.815	0.9937641938756919
203.806	0.7999036095732208
204.806	0.9932252425702586
205.787	0.9581081036400211
206.767	0.5172135794552318
207.767	0.9738706697706857
208.766	0.9766532857670861
209.766	0.9953771916490756
210.766	0.9942735104103911
211.757	0.8005106742011321
212.757	0.9940976749426903
213.748	0.8002342569769043
214.748	0.9938021937145828
215.729	0.9503284510708127
216.72	0.9080223011335922
217.719	0.8329389544148116
218.714	0.9073049181497747
219.714	0.9958199303194127
220.714	0.9948827160107955
221.705	0.8011807427804325
222.696	0.7301746801534376
223.696	0.9956540743757752
224.695	0.9957260489997324
225.695	0.9949576425927347
226.686	0.9202190413464371
227.681	0.45915248759643285
228.67600000000002	0.3210763962949227
229.672	0.4168120766252984
230.672	0.9868704461689856
231.672	0.9962717967985789
232.672	0.9928300137525667
233.665	0.9969543888893702
234.665	0.9966229938527343
235.663	0.9070752690190653
236.663	0.9967820265433333
237.663	1.0
238.663	1.0
239.663	1.0
240.663	1.0
241.663	1.0
242.663	1.0
243.663	1.0
244.663	1.0
245.663	1.0
246.663	1.0
247.663	1.0
248.663	1.0
249.663	1.0
250.663	1.0
251.663	1.0
252.663	1.0
253.663	1.0
254.663	1.0
255.663	1.0
256.663	1.0
257.663	1.0
258.663	1.0
259.663	1.0
260.663	1.0
261.663	1.0
262.663	1.0
263.663	1.0
264.663	1.0
265.663	1.0
266.663	1.0
267.663	1.0
268.663	1.0
269.663	1.0
270.663	1.0
271.663	1.0
272.663	1.0
273.663	1.0
274.663	1.0
275.663	1.0
276.663	1.0
277.663	1.0
278.663	1.0
279.663	1.0
280.663	1.0
281.663	1.0
282.663	1.0
283.663	1.0
284.663	1.0
285.663	1.0
286.663	1.0
287.663	1.0
288.663	1.0
289.663	1.0
290.663	1.0
291.663	1.0
292.663	1.0
293.663	1.0
294.663	1.0
295.663	1.0
296.663	1.0
297.663	1.0
298.663	1.0
299.663	1.0
300.663	1.0
301.663	1.0
302.663	1.0
303.663	1.0
304.663	1.0
305.663	1.0
306.663	1.0
307.663	1.0
308.663	1.0
309.663	1.0
310.663	1.0
311.663	1.0
312.663	1.0
313.663	1.0
314.663	1.0
315.663	1.0
316.663	1.0
317.663	1.0
318.663	1.0
319.663	1.0
320.663	1.0
321.663	1.0
322.663	1.0
323.663	1.0
324.663	1.0
325.663	1.0
326.663	1.0
327.663	1.0
328.663	1.0
329.663	1.0
330.663	1.0
331.663	1.0
332.663	1.0
333.663	1.0
334.663	1.0
335.663	1.0
336.663	1.0
337.663	1.0
338.663	1.0
339.663	1.0
340.663	1.0
341.663	1.0
342.663	1.0
343.663	1.0
344.663	1.0
345.663	1.0
346.663	1.0
347.663	1.0
348.663	1.0
349.663	1.0
350.663	1.0
351.663	1.0
352.663	1.0
353.663	1.0
354.663	1.0
355.663	1.0
356.663	1.0
357.663	1.0
358.663	1.0
359.663	1.0
360.663	1.0
361.663	1.0
362.663	1.0
363.663	1.0
364.663	1.0
365.663	1.0
366.663	1.0
367.663	1.0
368.663	1.0
369.663	1.0
370.663	1.0
371.663	1.0
372.663	1.0
373.663	1.0
374.663	1.0
375.663	1.0
376.663	1.0
377.663	1.0
378.663	1.0
379.663	1.0
380.663	1.0
381.663	1.0
382.663	1.0
383.663	1.0
384.663	1.0
385.663	1.0
386.663	1.0
387.663	1.0
388.663	1.0
389.663	1.0
390.663	1.0
391.663	1.0
392.663	1.0
393.663	1.0
394.663	1.0
395.663	1.0
396.663	1.0
397.663	1.0
398.663	1.0
399.663	1.0
400.663	1.0
401.663	1.0
402.663	1.0
403.663	1.0
404.663	1.0
405.663	1.0
406.663	1.0
407.663	1.0
408.663	1.0
409.663	1.0
410.663	1.0
411.663	1.0
412.663	1.0
413.663	1.0
414.663	1.0
415.663	1.0
416.663	1.0
417.663	1.0
418.663	1.0
419.663	1.0
420.663	1.0
421.663	1.0
422.663	1.0
423.663	1.0
424.663	1.0
425.663	1.0
426.663	1.0
427.663	1.0
428.663	1.0
429.663	1.0
430.663	1.0
431.663	1.0
432.663	1.0
433.663	1.0
434.663	1.0
435.663	1.0
436.663	1.0
437.663	1.0
438.663	1.0
439.663	1.0
440.663	1.0
441.663	1.0
442.663	1.0
443.663	1.0
444.663	1.0
445.663	1.0
446.663	1.0
447.663	1.0
448.663	1.0
449.663	1.0
450.663	1.0
451.663	1.0
452.663	1.0
453.663	1.0
454.663	1.0
455.663	1.0
456.663	1.0
457.663	1.0
458.663	1.0
459.663	1.0
460.663	1.0
461.663	1.0
462.663	1.0
463.663	1.0
464.663	1.0
465.663	1.0
466.663	1.0
467.663	1.0
468.663	1.0
469.663	1.0
470.663	1.0
471.663	1.0
472.663	1.0
473.663	1.0
474.663	1.0
475.663	1.0
476.663	1.0
477.663	1.0
478.663	1.0
479.663	1.0
480.663	1.0
481.663	1.0
482.663	1.0
483.663	1.0
484.663	1.0
485.663	1.0
486.663	1.0
487.663	1.0
488.663	1.0
489.663	1.0
490.663	1.0
491.663	1.0
492.663	1.0
493.663	1.0
494.663	1.0
495.663	1.0
496.663	1.0
497.663	1.0
498.663	1.0
499.663	1.0
500.663	1.0
501.663	1.0
502.663	1.0
503.663	1.0
504.663	1.0
505.663	1.0
506.663	1.0
507.663	1.0
508.663	1.0
509.663	1.0
510.663	1.0
511.663	1.0
512.663	1.0
513.663	1.0
514.663	1.0
515.663	1.0
516.663	1.0
517.663	1.0
518.663	1.0
519.663	1.0
520.663	1.0
521.663	1.0
522.663	1.0
523.663	1.0
524.663	1.0
525.663	1.0
526.663	1.0
527.663	1.0
528.663	1.0
529.663	1.0
530.663	1.0
531.663	1.0
532.663	1.0
533.663	1.0
534.663	1.0
535.663	1.0
536.663	1.0
537.663	1.0
538.663	1.0
539.663	1.0
540.663	1.0
541.663	1.0
542.663	1.0
543.663	1.0
544.663	1.0
545.663	1.0
546.663	1.0
547.663	1.0
548.663	1.0
549.663	1.0
550.663	1.0
551.663	1.0
552.663	1.0
553.663	1.0
554.663	1.0
555.663	1.0
556.663	1.0
557.663	1.0
558.663	1.0
559.663	1.0
560.663	1.0
561.663	1.0
562.663	1.0
563.663	1.0
564.663	1.0
565.663	1.0
566.663	1.0
567.663	1.0
568.663	1.0
569.663	1.0
570.663	1.0
571.663	1.0
572.663	1.0
573.663	1.0
574.663	1.0
575.663	1.0
576.663	1.0
577.663	1.0
578.663	1.0
579.663	1.0
580.663	1.0
581.663	1.0
582.663	1.0
583.663	1.0
584.663	1.0
585.663	1.0
586.663	1.0
587.663	1.0
588.663	1.0
589.663	1.0
590.663	1.0
591.663	1.0
592.663	1.0
593.663	1.0
594.663	1.0
595.663	1.0
596.663	1.0
597.663	1.0
598.663	1.0
599.663	1.0
600.663	1.0
601.663	1.0
602.663	1.0
603.663	1.0
604.663	1.0
605.663	1.0
606.663	1.0
607.663	1.0
608.663	1.0
609.663	1.0
610.663	1.0
611.663	1.0
612.663	1.0
613.663	1.0
614.663	1.0
615.663	1.0
616.663	1.0
617.663	1.0
618.663	1.0
619.663	1.0
620.663	1.0
621.663	1.0
622.663	1.0
623.663	1.0
624.663	1.0
625.663	1.0
626.663	1.0
627.663	1.0
628.663	1.0
629.663	1.0
630.663	1.0
631.663	1.0
632.663	1.0
633.663	1.0
634.663	1.0
635.663	1.0
636.663	1.0
637.663	1.0
638.663	1.0
639.663	1.0
640.663	1.0
641.663	1.0
642.663	1.0
643.663	1.0
644.663	1.0
645.663	1.0
646.663	1.0
647.663	1.0
648.663	1.0
649.663	1.0
650.663	1.0
651.663	1.0
652.663	1.0
653.663	1.0
654.663	1.0
655.663	1.0
656.663	1.0
657.663	1.0
658.663	1.0
659.663	1.0
660.663	1.0
661.663	1.0
662.663	1.0
663.663	1.0
664.663	1.0
665.663	1.0
666.663	1.0
667.663	1.0
668.663	1.0
669.663	1.0
670.663	1.0
671.663	1.0
672.663	1.0
673.663	1.0
674.663	1.0
675.663	1.0
676.663	1.0
677.663	1.0
678.663	1.0
679.663	1.0
680.663	1.0
681.663	1.0
682.663	1.0
683.663	1.0
684.663	1.0
685.663	1.0
686.663	1.0
687.663	1.0
688.663	1.0
689.663	1.0
690.663	1.0
691.663	1.0
692.663	1.0
693.663	1.0
694.663	1.0
695.663	1.0
696.663	1.0
697.663	1.0
698.663	1.0
699.663	1.0
700.663	1.0
701.663	1.0
702.663	1.0
703.663	1.0
704.663	1.0
705.663	1.0
706.663	1.0
707.663	1.0
708.663	1.0
709.663	1.0
710.663	1.0
711.663	1.0
712.663	1.0
713.663	1.0
714.663	1.0
715.663	1.0
716.663	1.0
717.663	1.0
718.663	1.0
719.663	1.0
720.663	1.0
721.663	1.0
722.663	1.0
723.663	1.0
724.663	1.0
725.663	1.0
726.663	1.0
727.663	1.0
728.663	1.0
729.663	1.0
730.663	1.0
731.663	1.0
732.663	1.0
733.663	1.0
734.663	1.0
735.663	1.0
736.663	1.0
737.663	1.0
738.663	1.0
739.663	1.0
740.663	1.0
741.663	1.0
742.663	1.0
743.663	1.0
744.663	1.0
745.663	1.0
746.663	1.0
747.663	1.0
748.663	1.0
749.663	1.0
750.663	1.0
751.663	1.0
752.663	1.0
753.663	1.0
754.663	1.0
755.663	1.0
756.663	1.0
757.663	1.0
758.663	1.0
759.663	1.0
760.663	1.0
761.663	1.0
762.663	1.0
763.663	1.0
764.663	1.0
765.663	1.0
766.663	1.0
767.663	1.0
768.663	1.0
769.663	1.0
770.663	1.0
771.663	1.0
772.663	1.0
773.663	1.0
774.663	1.0
775.663	1.0
776.663	1.0
777.663	1.0
778.663	1.0
779.663	1.0
780.663	1.0
781.663	1.0
782.663	1.0
783.663	1.0
784.663	1.0
785.663	1.0
786.663	1.0
787.663	1.0
788.663	1.0
789.663	1.0
790.663	1.0
791.663	1.0
792.663	1.0
793.663	1.0
794.663	1.0
795.663	1.0
796.663	1.0
797.663	1.0
798.663	1.0
799.663	1.0
800.663	1.0
801.663	1.0
802.663	1.0
803.663	1.0
804.663	1.0
805.663	1.0
806.663	1.0
807.663	1.0
808.663	1.0
809.663	1.0
810.663	1.0
811.663	1.0
812.663	1.0
813.663	1.0
814.663	1.0
815.663	1.0
816.663	1.0
817.663	1.0
818.663	1.0
819.663	1.0
820.663	1.0
821.663	1.0
822.663	1.0
823.663	1.0
824.663	1.0
825.663	1.0
826.663	1.0
827.663	1.0
828.663	1.0
829.663	1.0
830.663	1.0
831.663	1.0
832.663	1.0
833.663	1.0
834.663	1.0
835.663	1.0
836.663	1.0
837.663	1.0
838.663	1.0
839.663	1.0
840.663	1.0
841.663	1.0
842.663	1.0
843.663	1.0
844.663	1.0
845.663	1.0
846.663	1.0
847.663	1.0
848.663	1.0
849.663	1.0
850.663	1.0
851.663	1.0
852.663	1.0
853.663	1.0
854.663	1.0
855.663	1.0
856.663	1.0
857.663	1.0
858.663	1.0
859.663	1.0
860.663	1.0
861.663	1.0
862.663	1.0
863.663	1.0
864.663	1.0
865.663	1.0
866.663	1.0
867.663	1.0
868.663	1.0
869.663	1.0
870.663	1.0
871.663	1.0
872.663	1.0
873.663	1.0
874.663	1.0
875.663	1.0
876.663	1.0
877.663	1.0
878.663	1.0
879.663	1.0
880.663	1.0
881.663	1.0
882.663	1.0
883.663	1.0
884.663	1.0
885.663	1.0
886.663	1.0
887.663	1.0
888.663	1.0
889.663	1.0
890.663	1.0
891.663	1.0
892.663	1.0
893.663	1.0
894.663	1.0
895.663	1.0
896.663	1.0
897.663	1.0
898.663	1.0
899.663	1.0
900.663	1.0
901.663	1.0
902.663	1.0
903.663	1.0
904.663	1.0
905.663	1.0
906.663	1.0
907.663	1.0
908.663	1.0
909.663	1.0
910.663	1.0
911.663	1.0
912.663	1.0
913.663	1.0
914.663	1.0
915.663	1.0
916.663	1.0
917.663	1.0
918.663	1.0
919.663	1.0
920.663	1.0
921.663	1.0
922.663	1.0
923.663	1.0
924.663	1.0
925.663	1.0
926.663	1.0
927.663	1.0
928.663	1.0
929.663	1.0
930.663	1.0
931.663	1.0
932.663	1.0
933.663	1.0
934.663	1.0
935.663	1.0
936.663	1.0
937.663	1.0
938.663	1.0
939.663	1.0
940.663	1.0
941.663	1.0
942.663	1.0
943.663	1.0
944.663	1.0
945.663	1.0
946.663	1.0
947.663	1.0
948.663	1.0
949.663	1.0
950.663	1.0
951.663	1.0
952.663	1.0
953.663	1.0
954.663	1.0
955.663	1.0
956.663	1.0
957.663	1.0
958.663	1.0
959.663	1.0
960.663	1.0
961.663	1.0
962.663	1.0
963.663	1.0
964.663	1.0
965.663	1.0
966.663	1.0
967.663	1.0
968.663	1.0
969.663	1.0
970.663	1.0
971.663	1.0
972.663	1.0
973.663	1.0
974.663	1.0
975.663	1.0
976.663	1.0
977.663	1.0
978.663	1.0
979.663	1.0
980.663	1.0
981.663	1.0
982.663	1.0
983.663	1.0
984.663	1.0
985.663	1.0
986.663	1.0
987.663	1.0
988.663	1.0
989.663	1.0
990.663	1.0
991.663	1.0
992.663	1.0
993.663	1.0
