0.753	0.5545569946636912
1.7510000000000001	0.5660873347537464
2.74	0.5664412760037453
3.73	0.5554578254337486
4.72	0.5464164795701669
5.711	0.5561885959599284
6.703	0.5541661236198528
7.695	0.542445348427122
8.687	0.5423599963380341
9.677	0.5535364559262199
10.667	0.5265732059175027
11.652000000000001	0.5343044140022322
12.652000000000001	0.5271035700126613
13.652000000000001	0.5097327162111907
14.652000000000001	0.5225421778828632
15.639000000000001	0.5275205833800968
16.626	0.5129805304241666
17.614	0.5071623180097276
18.602	0.5119769345740379
19.59	0.4981723629758432
20.578	0.5326421221725338
21.565	0.5187758830976466
22.552	0.5238848043550164
23.54	0.5181588943502744
24.528000000000002	0.5131260531631532
25.519000000000002	0.49589671737728
26.508	0.5008312970582564
27.497	0.49450540536146037
28.487000000000002	0.4972880800499896
29.477	0.5012600829758852
30.467000000000002	0.49551281086710086
31.458000000000002	0.4883854307258059
32.449	0.49961859312748297
33.44	0.5018591347192353
34.432	0.5029434331319242
35.424	0.49318583095612595
36.417	0.482576300637674
37.410000000000004	0.4727053283550356
38.406	0.4690552821471185
39.403	0.50297442815468
40.391	0.5079778659906045
41.38	0.5026112758656793
42.369	0.5172554167981267
43.35	0.5295902418921509
44.33	0.5132326954945788
45.311	0.5157759465399052
46.301	0.5286623204217773
47.282000000000004	0.5410674155834094
48.263	0.5445696870379432
49.244	0.5388835662291072
50.226	0.5413347135071566
51.218	0.5344537714804846
52.2	0.5361008690439119
53.182	0.5289019841948877
54.164	0.5309111120012538
55.146	0.5329152394006994
56.129	0.5348623746644674
57.112	0.5355141061950672
58.103	0.529791766408215
59.095	0.5233771440318513
60.078	0.5233014985655925
61.074	0.532170807666096
62.058	0.5329596263416596
63.058	0.5571283728992025
64.05	0.5487627233713464
65.041	0.5430254995367583
66.032	0.5750427480845308
67.032	0.6386396813233433
68.018	0.6376604865270934
69.005	0.6357968931822886
69.996	0.629535117918254
70.98	0.6303172803885984
71.959	0.6356567334292337
72.946	0.6327774913437603
73.933	0.6292814341018476
74.924	0.6226801917135922
75.908	0.6232196225574058
76.887	0.6284247008862356
77.881	0.6201377593649128
78.87	0.6164420435418851
79.86	0.612543603082408
80.845	0.6130094778819511
81.83200000000001	0.6118554988237495
82.827	0.6022609261172184
83.812	0.5938425693354525
84.801	0.5906931174098549
85.793	0.5839133839499904
86.783	0.5693157539389122
87.774	0.5824515392113371
88.765	0.5574554769984106
89.752	0.5560645486962036
90.743	0.5504707548710283
91.73400000000001	0.5443494721647394
92.724	0.5387595279759164
93.71900000000001	0.5297698951924761
94.709	0.5250726717070652
95.696	0.5239380536346349
96.693	0.5128333176364057
97.686	0.5077274990104157
98.677	0.513262203774845
99.664	0.5212553292230886
100.657	0.5239610471138128
101.648	0.5093872074360006
102.635	0.5079059127216939
103.619	0.5096313912836729
104.60300000000001	0.5135209444294085
105.59400000000001	0.5092221215950858
106.59100000000001	0.4991496032515631
107.57600000000001	0.490913430506781
108.561	0.49361219613053015
109.549	0.49213649160784967
110.538	0.47988220101979473
111.533	0.47205953995646416
112.53	0.4720543199702684
113.517	0.46057446452290113
114.503	0.46050681137610355
115.494	0.4557292023409582
116.483	0.45253095425700657
117.473	0.4478087442375543
118.46300000000001	0.43454892215140334
119.46000000000001	0.43202695452063233
120.45	0.42629878697589
121.45	0.42245426277111187
122.44800000000001	0.4290186299730416
123.431	0.4512988604200365
124.412	0.44682221959697654
125.401	0.44380391496699956
126.392	0.4390976642840606
127.37100000000001	0.44696536533405734
128.35	0.4531705596500975
129.331	0.45741198949795736
130.31	0.4638240589631475
131.28900000000002	0.4697521428661952
132.268	0.4758334507834834
133.256	0.47287466739160633
134.244	0.46069855876919136
135.235	0.4567527687190173
136.222	0.45472207102398343
137.211	0.4507296560949905
138.201	0.43575361471181945
139.191	0.44028311773722834
140.17600000000002	0.4397282093608166
141.168	0.4335864158634968
142.15800000000002	0.4486159545472148
143.149	0.45392306607502086
144.135	0.45270255951173977
145.121	0.44272873067479446
146.114	0.4458725620260491
147.1	0.4561013245243695
148.086	0.45556860419493594
149.07500000000002	0.45215514011961894
150.064	0.4489322811500931
151.055	0.4450162453917374
152.044	0.4411247547431226
153.031	0.4408729931108135
154.024	0.4363813901329574
155.013	0.43224335471824005
156.006	0.4259047313008301
156.996	0.42102825280648987
157.984	0.4194940378847083
158.973	0.4075664472378157
159.963	0.4040063052744305
160.952	0.40139863901902006
161.942	0.388355581475534
162.93200000000002	0.38416801550649393
163.921	0.38011503642470823
164.912	0.37544721567892536
165.901	0.3727953863235337
166.895	0.366306372159135
167.886	0.3615086091694291
168.877	0.35531587606453435
169.868	0.37102377528852953
170.859	0.37805418783326944
171.854	0.38798552722766394
172.849	0.4372236735166354
173.844	0.44860207325454154
174.82	0.4488175017798765
175.811	0.49212330806618954
176.792	0.49627093911399256
177.788	0.5152264599697105
178.788	0.5811558262232736
179.775	0.5909081236715708
180.757	0.5952705348517796
181.744	0.5934921292775777
182.731	0.5919089147033316
183.709	0.5896250853636945
184.69	0.5943175863214876
185.668	0.6132160438324935
186.649	0.6180474513187788
187.635	0.6169524834604797
188.616	0.6031560436261046
189.614	0.6127378852962977
190.607	0.6169704181304317
191.589	0.6122027295314207
192.579	0.6186609919053286
193.56	0.6244259457049779
194.55	0.6013395776114138
195.54	0.6175333737881916
196.531	0.6329430131120669
197.513	0.6380077308778511
198.513	0.6363002455126997
199.495	0.6430219730591997
200.477	0.6479713675967292
201.459	0.6417903286060064
202.441	0.6465434089978886
203.44	0.6649299532749796
204.431	0.6520458517136997
205.422	0.6587370475037747
206.394	0.6537293506331977
207.385	0.6500792501831877
208.366	0.6357319994324937
209.357	0.6321794110729828
210.338	0.5984981783153747
211.31900000000002	0.5949852894554857
212.31	0.6103905536217787
213.282	0.5946935911324737
214.273	0.6002595761489566
215.264	0.6067440461210837
216.23600000000002	0.6120477135023827
217.217	0.6176777320678998
218.199	0.6228361713801647
219.19	0.5995559774937996
220.181	0.6454788229455637
221.172	0.6510840270234908
222.151	0.6498594238359565
223.133	0.6351691909173596
224.124	0.6617316558175627
225.115	0.6582862535592447
226.096	0.6655345226235526
227.078	0.6321175016792998
228.06900000000002	0.6689713999440441
229.06	0.6562455689572968
230.05100000000002	0.6640155699540097
231.042	0.6619563360233908
232.03300000000002	0.6588443376342917
233.014	0.6657583941272759
234.005	0.6626959458363305
234.996	0.6601070317711707
235.996	0.6499147640976878
236.978	0.6554558180626615
237.969	0.6533244804198428
238.95000000000002	0.6493608807723849
239.941	0.6469794041041876
240.93200000000002	0.6751427362127856
241.919	0.6570156528498107
242.91	0.6548261540429867
243.901	0.6726445310706997
244.892	0.6711840681055987
245.883	0.6885566146358848
246.85500000000002	0.6839252522232256
247.836	0.6627070438095768
248.827	0.6608853927768137
249.818	0.6595627619282105
250.812	0.7139177683435107
251.803	0.7211947714542437
252.794	0.7203715356391459
253.778	0.6880526468900062
254.769	0.6977318631908858
255.76000000000002	0.6864988771235696
256.741	0.6157615009776207
257.737	0.6585266545815938
258.737	0.7464255025243418
259.728	0.7420956026591579
260.7	0.679647530325259
261.69100000000003	0.6667300908131937
262.672	0.6524850463503422
263.653	0.5608632507255167
264.64	0.640635325416329
265.627	0.5720903172452622
266.618	0.6385493458669552
267.618	0.7363177534523254
268.589	0.6539484447134732
269.586	0.6669383583022527
270.584	0.7794648824712899
271.575	0.7778968520302816
272.561	0.7598202694263317
273.552	0.7781515210543908
274.539	0.7813216794481598
275.53000000000003	0.7894735787209446
276.521	0.7979080276578593
277.512	0.8164243015855448
278.493	0.8048506249248648
279.473	0.7151561946329997
280.464	0.7237900341906157
281.455	0.7236457137220299
282.446	0.7426652152732099
283.427	0.7208942180751898
284.408	0.6397062864329977
285.389	0.3510021807628845
286.371	0.2890218201027954
287.371	0.5467320180191997
288.362	0.5863890337899997
289.362	0.7357063946387469
290.333	0.46572004319789956
291.324	0.4553958657524666
292.324	0.7136235874391766
293.305	0.5236826603850866
294.291	0.4397338836771955
295.28000000000003	0.37313552944789946
296.271	0.3730664732488995
297.264	0.5001518699516996
298.253	0.3926315118584975
299.253	0.6226183924893997
300.233	0.3356710719997995
301.223	0.4055749202798995
302.213	0.3670700292497995
303.204	0.3862710064157955
304.195	0.4450493949685985
305.186	0.3470661896877985
306.176	0.20036784239609337
307.166	0.17343934028068334
308.157	0.17519861819673926
309.148	0.1770434068895893
310.139	0.17898943052151825
311.13	0.18054261779959535
312.121	0.1808934220713863
313.112	0.18313993951792729
314.104	0.21204067044699634
315.095	0.19176380257928435
316.086	0.19143914980827834
317.086	0.5080538739977997
318.086	0.6771474154373978
319.067	0.3701699797898996
320.058	0.39097320650929857
321.041	0.30953140049909944
322.032	0.3683559961562944
323.023	0.4170692839857361
324.014	0.48615545809859967
325.003	0.4090259787189996
326.003	0.6085302953458996
326.984	0.44859848546909964
327.975	0.46752490056529256
328.966	0.47694840187089566
329.966	0.6758060365151156
330.957	0.6847364491845966
331.938	0.5546920883095997
332.927	0.4768180321551996
333.914	0.4112717479600915
334.90500000000003	0.38146056848919957
335.898	0.43025286726919953
336.889	0.4608667847565956
337.88	0.4417645125284966
338.871	0.43309481825909957
339.862	0.4132149274491985
340.853	0.4248760616999996
341.853	0.6851120853792998
342.844	0.5776231677099998
343.835	0.5491019935191997
344.835	0.7903433821346908
345.83	0.6995838905499997
346.83	0.8030145633960999
347.83	0.8466050152920999
348.83	0.840806268429596
349.821	0.8349340077449777
350.821	0.8596400172811
351.803	0.8556464170463388
352.794	0.8553545336706867
353.785	0.8654500124848498
354.776	0.8559600641652939
355.767	0.8563333717705138
356.758	0.8284584351488999
357.749	0.8411646896174999
358.749	0.8648864909887
359.74	0.8580860877927569
360.731	0.8617597907777789
361.731	0.876395505565294
362.731	0.8712821179960768
363.731	0.8652670015235999
364.731	0.8600307458614799
365.722	0.8619154399247607
366.722	0.8560215912267136
367.713	0.8578685138416617
368.713	0.8606646785678685
369.695	0.8710397160289696
370.68600000000004	0.8728941707849729
371.677	0.874957906402476
372.668	0.8779731138305727
373.668	0.8715683995894291
374.65000000000003	0.8510991948115403
375.641	0.8532279938555787
376.641	0.8664032570950918
377.622	0.8467184607995438
378.613	0.8293288506057127
379.604	0.8217303152185998
380.595	0.823858643205476
381.576	0.7760287330281999
382.576	0.8085126260300848
383.576	0.8332896114213859
384.567	0.8268138464376998
385.567	0.8616567885291998
386.567	0.8768710685264997
387.567	0.8720859123962968
388.567	0.8776683767292336
389.558	0.8799274850112054
390.54900000000004	0.8639883147170958
391.54900000000004	0.869310827739
392.54900000000004	0.8648769023856001
393.54900000000004	0.8607334116157449
394.54900000000004	0.8569485400407999
395.54900000000004	0.8532196258233
396.54900000000004	0.8497125613756428
397.54900000000004	0.845988683885503
398.54	0.8507555075238179
399.531	0.8456413397502388
400.531	0.8404031979325972
401.531	0.8499115556159426
402.522	0.8503327534611551
403.51300000000003	0.8510968904018569
404.504	0.8511964531444889
405.495	0.8523828500698278
406.468	0.8374901048893538
407.44800000000004	0.7871705924727999
408.44	0.7645122584683445
409.421	0.6844377347529498
410.41200000000003	0.7225040444249352
411.403	0.7129310828569367
412.394	0.7230559283168367
413.385	0.7222725924953152
414.366	0.6832323493143307
415.357	0.6841932832034998
416.348	0.6864606890889898
417.344	0.6927312679578997
418.326	0.6776166669297444
419.307	0.6370710218027676
420.288	0.5451857684031927
421.279	0.6427217712554936
422.27	0.6713895998150937
423.25100000000003	0.6124249173068977
424.242	0.6722347133484979
425.229	0.5085226320297996
426.22	0.4998804257499996
427.216	0.5368320337899997
428.21500000000003	0.6608829017948906
429.21500000000003	0.7351573326538927
430.206	0.6486315546499998
431.199	0.5912750103769946
432.199	0.6660386145174998
433.199	0.7402827341143907
434.19	0.7149221931685998
435.19	0.7405858423119838
436.181	0.7319110085269739
437.172	0.7515665983658977
438.163	0.6936907838297997
439.156	0.6747756236099997
440.147	0.5977333135699997
441.14300000000003	0.5374719419499996
442.14300000000003	0.7626716469727937
443.137	0.6743187983898998
444.133	0.7896886422805
445.124	0.7605727032127558
446.115	0.7216675097090668
447.096	0.5112002675054725
448.087	0.6288853568892807
449.087	0.7699094739680816
450.087	0.8099021018538828
451.07800000000003	0.8004632422520858
452.069	0.8103185998611998
453.06	0.8103626639616999
454.051	0.8098637058098896
455.051	0.8126537431024998
456.032	0.8137168558920648
457.023	0.8248451289484968
458.014	0.8571849023054169
459.005	0.8115286328146819
459.99600000000004	0.7908413122546999
460.97700000000003	0.7003585603241873
461.962	0.5863612827413847
462.95300000000003	0.5463560499560927
463.944	0.6541561338569989
464.932	0.6246917798950926
465.923	0.6930559367757929
466.923	0.7717880911242818
467.914	0.8002034722835609
468.90500000000003	0.8187488882375
469.90500000000003	0.8390063735746959
470.896	0.8486155819560969
471.896	0.8590757733683779
472.887	0.8582712711488
473.878	0.8893934171100818
474.86	0.8778126673981
475.86	0.870169620109
476.851	0.8501531828244918
477.832	0.8601443330353981
478.82300000000004	0.862427078522295
479.814	0.8439794879211888
480.795	0.8058717208641849
481.776	0.6267026540053776
482.767	0.6666913408951969
483.748	0.5388249922252957
484.73900000000003	0.6292081166297997
485.738	0.7225683455492999
486.729	0.6940278929779998
487.725	0.7508588933688999
488.725	0.8037891743232919
489.716	0.7760565090567999
490.713	0.7629973516965998
491.704	0.7060835295098998
492.695	0.7068541771182987
493.676	0.6365011706497997
494.657	0.5169210216879996
495.657	0.6284232541576997
496.63800000000003	0.5193107501290986
497.63800000000003	0.5615311678699997
498.63800000000003	0.7042660108073998
499.63100000000003	0.6059372139799997
500.622	0.7028273624970598
501.622	0.7932481809111899
502.61	0.8055617596145247
503.591	0.7846794895933898
504.582	0.7853824627480998
505.565	0.6246877110279957
506.556	0.6067305963096996
507.547	0.5689740622595997
508.538	0.5900818662194997
509.528	0.5922383025083967
510.519	0.5838045166732858
511.511	0.6227953786765987
512.5020000000001	0.6136837252999997
513.493	0.6445794381189996
514.484	0.6545286094792996
515.475	0.6467627487494997
516.466	0.5886153989899998
517.457	0.4715853273892996
518.457	0.6341261809686998
519.449	0.5371154739099996
520.449	0.7278879463095999
521.449	0.8018710031813758
522.44	0.7954490369460998
523.421	0.6053260889367565
524.412	0.5864881566598996
525.408	0.6943864616099996
526.399	0.5677205649299997
527.399	0.6813647275969578
528.39	0.6644612991492999
529.388	0.6403983203992998
530.388	0.7334669984273987
531.388	0.7570661468196996
532.379	0.7499482464288998
533.37	0.7318120602291998
534.361	0.7333515757181998
535.351	0.6469481547890997
536.342	0.6298293296025866
537.333	0.6630535426981997
538.332	0.7195892912976
539.332	0.8052545426345828
540.331	0.8130112360973
541.331	0.8196906979481909
542.328	0.809528851840167
543.328	0.826076907688408
544.319	0.8343360092120744
545.3100000000001	0.8338881896219629
546.301	0.8024559577528708
547.29	0.7156889885754848
548.29	0.7880680476876998
549.2810000000001	0.8239805267939747
550.263	0.7801293394760326
551.254	0.8159489640747875
552.245	0.8139064881248657
553.236	0.8225466381012068
554.217	0.7816852104330978
555.217	0.8521595289558448
556.208	0.8418606038506579
557.199	0.8419563004408036
558.1800000000001	0.8315786222633438
559.1800000000001	0.8233988507137129
560.152	0.81181175317917
561.143	0.831668116095094
562.143	0.8313021173225869
563.124	0.831705342276776
564.105	0.821208723076398
565.105	0.8222490840578968
566.105	0.8239817767877969
567.096	0.8251291606585728
568.087	0.8257324629323537
569.078	0.8262486585267969
570.069	0.8256002678068939
571.0600000000001	0.8456968764280988
572.051	0.8566325842280998
573.042	0.8382584819471748
574.033	0.8302240073850988
575.024	0.8317397840862988
576.015	0.8242520760849757
576.996	0.7916833376257557
577.977	0.7424000002305837
578.968	0.7636414054817898
579.952	0.6935067897394999
580.946	0.6946418746995997
581.946	0.7599585161328868
582.94	0.6822049325790998
583.936	0.8020048279167957
584.936	0.8291295002786718
585.936	0.8567081759247948
586.936	0.8744855363844098
587.936	0.8722995577729458
588.936	0.8802041852332876
589.9350000000001	0.8592696780110254
590.9350000000001	0.8672229978319792
591.9350000000001	0.9226343899853579
592.926	0.8768485805343958
593.917	0.7428059956893998
594.917	0.8302811624155738
595.917	0.8683857707927833
596.917	0.8666992470843016
597.917	0.8849196742803355
598.908	0.6311695239599997
599.908	0.8276236901687998
600.908	0.9246478816632
601.908	0.9329488695719275
602.908	0.9312628904453732
603.899	0.4377180474375956
604.89	0.3933664366391995
605.8820000000001	0.24896128637579945
606.8820000000001	0.4519680448894986
607.8820000000001	0.7273907927089976
608.8820000000001	0.8851591231704439
609.8820000000001	0.9438927629943613
610.8820000000001	0.9429002341414651
611.873	0.7843048965631135
612.873	0.8802465028681469
613.864	0.7550250133109998
614.855	0.5587863159097997
615.847	0.2842545117794994
616.847	0.5094797947694986
617.846	0.35788097054909945
618.846	0.6945239537142999
619.837	0.26162937195999947
620.837	0.5081819879999997
621.837	0.85396728656
622.837	0.9322975728460733
623.828	0.25985269299999947
624.819	0.23542117146396746
625.8100000000001	0.2169984807857924
626.801	0.23814131953317536
627.801	0.5002584637383937
628.799	0.3500238126653904
629.799	0.6348813629999998
630.799	0.9130680647336998
631.799	0.921887268247503
632.799	0.948350912375881
633.799	0.9648772125770804
634.7810000000001	0.6076609995628197
635.7810000000001	0.8110699972154172
636.772	0.6862527218158399
637.772	0.9228524137948507
638.772	0.9490220316119553
639.763	0.7544967109157779
640.763	0.9393303513847752
641.754	0.7546184342391988
642.754	0.9394223837682962
643.745	0.7547099616027197
644.745	0.9395144161518174
645.736	0.754801488966241
646.736	0.9423108164289508
647.736	0.9586701275919551
648.727	0.754147806895778
649.727	0.9390699513847752
650.718	0.7544479342391988
651.718	0.9392510837682962
652.7090000000001	0.7545394616027198
653.7090000000001	0.9393431161518173
654.7	0.7546309889662409
655.7	0.9421395164289508
656.7	0.9584984275919552
657.691	0.7539773068957778
658.691	0.9388986513847751
659.682	0.7542774342391989
660.682	0.9390797837682962
661.673	0.7543689616027198
662.673	0.9391718161518173
663.664	0.754460488966241
664.664	0.9419682164289508
665.655	0.8525814441262276
666.655	0.9576298390495106
667.646	0.8828932194892259
668.645	0.5027546604399997
669.645	0.8787219010619194
670.645	0.9352734805370747
671.636	0.8273773026554937
672.6270000000001	0.7803071706910504
673.618	0.5465703253919927
674.617	0.6342156999998997
675.617	0.872452479840936
676.617	0.9516266333414123
677.617	0.9481931876677525
678.617	0.9649010312515691
679.599	0.5776486378550726
680.599	0.7911432533043993
681.59	0.676274399935536
682.59	0.9130685831591668
683.59	0.9492284788714923
684.581	0.7547719760956361
685.581	0.9423887683847668
686.581	0.9588159748514924
687.572	0.754363372075636
688.572	0.9420680683847668
689.572	0.9586755793155913
690.563	0.754213172075636
691.563	0.9419172683847666
692.563	0.9585239793155914
693.554	0.754062972075636
694.554	0.9417664683847669
695.554	0.9582806748514924
696.545	0.753832772075636
697.545	0.9415348683847666
698.545	0.9581407793155913
699.5360000000001	0.753682572075636
700.5360000000001	0.9413840683847668
701.5360000000001	0.9579891793155914
702.527	0.7535323720756361
703.527	0.9412332683847667
704.518	0.8616302612211969
705.518	0.9457276023002689
706.509	0.9317488574470347
707.509	0.9574473812044421
708.5	0.7635631321749314
709.499	0.9223774197513186
710.498	0.2527580989999994
711.498	0.5120139339999996
712.498	0.8481932591125421
713.489	0.43524367691999954
714.489	0.8221207781984938
715.488	0.25251439499999945
716.488	0.6014541339999997
717.488	0.9077247567362331
718.479	0.46449455583999955
719.479	0.8513284878969998
720.479	0.950541344428704
721.479	0.9699225632750114
722.47	0.6436051901152736
723.47	0.9503408160609136
724.47	0.9669458942150144
725.461	0.7525315240639882
726.452	0.5466070411936625
727.443	0.549729843101831
728.443	0.7735811820552982
729.441	0.2447941259299994
730.441	0.5623374659598998
731.441	0.9209556897
732.441	0.97050329846368
733.441	0.9902958105676511
734.441	0.9901305053903219
735.441	0.989966436574193
736.441	0.9870669480381405
737.432	0.7526494084553523
738.432	0.9506787037270235
739.432	0.9802423538347833
740.432	0.9899864118387093
741.423	0.8321265717684939
742.422	0.4722879648199996
743.422	0.9407074999999999
744.422	0.9905666
745.422	0.9904757000000001
746.422	0.9903848
747.422	0.9902939000000001
748.422	0.9902029999999999
749.422	0.9901121
750.422	0.9900211999999999
751.422	1.0
752.422	1.0
753.422	1.0
754.422	1.0
755.422	1.0
756.422	1.0
757.422	1.0
758.422	1.0
759.422	1.0
760.422	1.0
761.422	1.0
762.422	1.0
763.422	1.0
764.422	1.0
765.422	1.0
766.422	1.0
767.422	1.0
768.422	1.0
769.422	1.0
770.422	1.0
771.422	1.0
772.422	1.0
773.422	1.0
774.422	1.0
775.422	1.0
776.422	1.0
777.422	1.0
778.422	1.0
779.422	1.0
780.422	1.0
781.422	1.0
782.422	1.0
783.422	1.0
784.422	1.0
785.422	1.0
786.422	1.0
787.422	1.0
788.422	1.0
789.422	1.0
790.422	1.0
791.422	1.0
792.422	1.0
793.422	1.0
794.422	1.0
795.422	1.0
796.422	1.0
797.422	1.0
798.422	1.0
799.422	1.0
800.422	1.0
801.422	1.0
802.422	1.0
803.422	1.0
804.422	1.0
805.422	1.0
806.422	1.0
807.422	1.0
808.422	1.0
809.422	1.0
810.422	1.0
811.422	1.0
812.422	1.0
813.422	1.0
814.422	1.0
815.422	1.0
816.422	1.0
817.422	1.0
818.422	1.0
819.422	1.0
820.422	1.0
821.422	1.0
822.422	1.0
823.422	1.0
824.422	1.0
825.422	1.0
826.422	1.0
827.422	1.0
828.422	1.0
829.422	1.0
830.422	1.0
831.422	1.0
832.422	1.0
833.422	1.0
834.422	1.0
835.422	1.0
836.422	1.0
837.422	1.0
838.422	1.0
839.422	1.0
840.422	1.0
841.422	1.0
842.422	1.0
843.422	1.0
844.422	1.0
845.422	1.0
846.422	1.0
847.422	1.0
848.422	1.0
849.422	1.0
850.422	1.0
851.422	1.0
852.422	1.0
853.422	1.0
854.422	1.0
855.422	1.0
856.422	1.0
857.422	1.0
858.422	1.0
859.422	1.0
860.422	1.0
861.422	1.0
862.422	1.0
863.422	1.0
864.422	1.0
865.422	1.0
866.422	1.0
867.422	1.0
868.422	1.0
869.422	1.0
870.422	1.0
871.422	1.0
872.422	1.0
873.422	1.0
874.422	1.0
875.422	1.0
876.422	1.0
877.422	1.0
878.422	1.0
879.422	1.0
880.422	1.0
881.422	1.0
882.422	1.0
883.422	1.0
884.422	1.0
885.422	1.0
886.422	1.0
887.422	1.0
888.422	1.0
889.422	1.0
890.422	1.0
891.422	1.0
892.422	1.0
893.422	1.0
894.422	1.0
895.422	1.0
896.422	1.0
897.422	1.0
898.422	1.0
899.422	1.0
900.422	1.0
901.422	1.0
902.422	1.0
903.422	1.0
904.422	1.0
905.422	1.0
906.422	1.0
907.422	1.0
908.422	1.0
909.422	1.0
910.422	1.0
911.422	1.0
912.422	1.0
913.422	1.0
914.422	1.0
915.422	1.0
916.422	1.0
917.422	1.0
918.422	1.0
919.422	1.0
920.422	1.0
921.422	1.0
922.422	1.0
923.422	1.0
924.422	1.0
925.422	1.0
926.422	1.0
927.422	1.0
928.422	1.0
929.422	1.0
930.422	1.0
931.422	1.0
932.422	1.0
933.422	1.0
934.422	1.0
935.422	1.0
936.422	1.0
937.422	1.0
938.422	1.0
939.422	1.0
940.422	1.0
941.422	1.0
942.422	1.0
943.422	1.0
944.422	1.0
945.422	1.0
946.422	1.0
947.422	1.0
948.422	1.0
949.422	1.0
950.422	1.0
951.422	1.0
952.422	1.0
953.422	1.0
954.422	1.0
955.422	1.0
956.422	1.0
957.422	1.0
958.422	1.0
959.422	1.0
960.422	1.0
961.422	1.0
962.422	1.0
963.422	1.0
964.422	1.0
965.422	1.0
966.422	1.0
967.422	1.0
968.422	1.0
969.422	1.0
970.422	1.0
971.422	1.0
972.422	1.0
973.422	1.0
974.422	1.0
975.422	1.0
976.422	1.0
977.422	1.0
978.422	1.0
979.422	1.0
980.422	1.0
981.422	1.0
982.422	1.0
983.422	1.0
984.422	1.0
985.422	1.0
986.422	1.0
987.422	1.0
988.422	1.0
989.422	1.0
990.422	1.0
991.422	1.0
992.422	1.0
993.422	1.0
994.422	1.0
995.422	1.0
996.422	1.0
997.422	1.0
998.422	1.0
999.422	1.0
1000.422	1.0
1001.422	1.0
1002.422	1.0
1003.422	1.0
1004.422	1.0
1005.422	1.0
1006.422	1.0
1007.422	1.0
1008.422	1.0
1009.422	1.0
1010.422	1.0
1011.422	1.0
1012.422	1.0
1013.422	1.0
1014.422	1.0
1015.422	1.0
1016.422	1.0
1017.422	1.0
1018.422	1.0
1019.422	1.0
1020.422	1.0
1021.422	1.0
1022.422	1.0
1023.422	1.0
1024.422	1.0
1025.422	1.0
1026.422	1.0
1027.422	1.0
1028.422	1.0
1029.422	1.0
1030.422	1.0
1031.422	1.0
1032.422	1.0
1033.422	1.0
1034.422	1.0
1035.422	1.0
1036.422	1.0
1037.422	1.0
1038.422	1.0
1039.422	1.0
1040.422	1.0
1041.422	1.0
1042.422	1.0
1043.422	1.0
1044.422	1.0
1045.422	1.0
1046.422	1.0
1047.422	1.0
1048.422	1.0
1049.422	1.0
1050.422	1.0
1051.422	1.0
1052.422	1.0
1053.422	1.0
1054.422	1.0
1055.422	1.0
1056.422	1.0
1057.422	1.0
1058.422	1.0
1059.422	1.0
1060.422	1.0
1061.422	1.0
1062.422	1.0
1063.422	1.0
1064.422	1.0
1065.422	1.0
1066.422	1.0
1067.422	1.0
1068.422	1.0
1069.422	1.0
1070.422	1.0
1071.422	1.0
1072.422	1.0
1073.422	1.0
1074.422	1.0
1075.422	1.0
1076.422	1.0
1077.422	1.0
1078.422	1.0
1079.422	1.0
1080.422	1.0
1081.422	1.0
1082.422	1.0
1083.422	1.0
1084.422	1.0
1085.422	1.0
1086.422	1.0
1087.422	1.0
1088.422	1.0
1089.422	1.0
1090.422	1.0
1091.422	1.0
1092.422	1.0
1093.422	1.0
1094.422	1.0
1095.422	1.0
1096.422	1.0
1097.422	1.0
1098.422	1.0
1099.422	1.0
1100.422	1.0
1101.422	1.0
1102.422	1.0
1103.422	1.0
1104.422	1.0
1105.422	1.0
1106.422	1.0
1107.422	1.0
1108.422	1.0
1109.422	1.0
1110.422	1.0
1111.422	1.0
1112.422	1.0
1113.422	1.0
1114.422	1.0
1115.422	1.0
1116.422	1.0
1117.422	1.0
1118.422	1.0
1119.422	1.0
1120.422	1.0
1121.422	1.0
1122.422	1.0
1123.422	1.0
1124.422	1.0
1125.422	1.0
1126.422	1.0
1127.422	1.0
1128.422	1.0
1129.422	1.0
1130.422	1.0
1131.422	1.0
1132.422	1.0
1133.422	1.0
1134.422	1.0
1135.422	1.0
1136.422	1.0
1137.422	1.0
1138.422	1.0
1139.422	1.0
1140.422	1.0
1141.422	1.0
1142.422	1.0
1143.422	1.0
1144.422	1.0
1145.422	1.0
1146.422	1.0
1147.422	1.0
1148.422	1.0
1149.422	1.0
1150.422	1.0
1151.422	1.0
1152.422	1.0
1153.422	1.0
1154.422	1.0
1155.422	1.0
1156.422	1.0
1157.422	1.0
1158.422	1.0
1159.422	1.0
1160.422	1.0
1161.422	1.0
1162.422	1.0
1163.422	1.0
1164.422	1.0
1165.422	1.0
1166.422	1.0
1167.422	1.0
1168.422	1.0
1169.422	1.0
1170.422	1.0
1171.422	1.0
1172.422	1.0
1173.422	1.0
1174.422	1.0
1175.422	1.0
1176.422	1.0
1177.422	1.0
1178.422	1.0
1179.422	1.0
1180.422	1.0
1181.422	1.0
1182.422	1.0
1183.422	1.0
1184.422	1.0
1185.422	1.0
1186.422	1.0
1187.422	1.0
1188.422	1.0
1189.422	1.0
1190.422	1.0
1191.422	1.0
1192.422	1.0
1193.422	1.0
1194.422	1.0
1195.422	1.0
1196.422	1.0
1197.422	1.0
1198.422	1.0
1199.422	1.0
1200.422	1.0
1201.422	1.0
1202.422	1.0
1203.422	1.0
1204.422	1.0
1205.422	1.0
1206.422	1.0
1207.422	1.0
1208.422	1.0
1209.422	1.0
1210.422	1.0
1211.422	1.0
1212.422	1.0
1213.422	1.0
1214.422	1.0
1215.422	1.0
1216.422	1.0
1217.422	1.0
1218.422	1.0
1219.422	1.0
1220.422	1.0
1221.422	1.0
1222.422	1.0
1223.422	1.0
1224.422	1.0
1225.422	1.0
1226.422	1.0
1227.422	1.0
1228.422	1.0
1229.422	1.0
1230.422	1.0
1231.422	1.0
1232.422	1.0
1233.422	1.0
1234.422	1.0
1235.422	1.0
1236.422	1.0
1237.422	1.0
1238.422	1.0
1239.422	1.0
1240.422	1.0
1241.422	1.0
1242.422	1.0
1243.422	1.0
1244.422	1.0
1245.422	1.0
1246.422	1.0
1247.422	1.0
1248.422	1.0
1249.422	1.0
1250.422	1.0
1251.422	1.0
1252.422	1.0
1253.422	1.0
1254.422	1.0
1255.422	1.0
1256.422	1.0
1257.422	1.0
1258.422	1.0
1259.422	1.0
1260.422	1.0
1261.422	1.0
1262.422	1.0
1263.422	1.0
1264.422	1.0
1265.422	1.0
1266.422	1.0
1267.422	1.0
1268.422	1.0
1269.422	1.0
1270.422	1.0
1271.422	1.0
1272.422	1.0
1273.422	1.0
1274.422	1.0
1275.422	1.0
1276.422	1.0
1277.422	1.0
1278.422	1.0
1279.422	1.0
1280.422	1.0
1281.422	1.0
1282.422	1.0
1283.422	1.0
1284.422	1.0
1285.422	1.0
1286.422	1.0
1287.422	1.0
1288.422	1.0
1289.422	1.0
1290.422	1.0
1291.422	1.0
1292.422	1.0
1293.422	1.0
1294.422	1.0
1295.422	1.0
1296.422	1.0
1297.422	1.0
1298.422	1.0
1299.422	1.0
1300.422	1.0
1301.422	1.0
1302.422	1.0
1303.422	1.0
1304.422	1.0
1305.422	1.0
1306.422	1.0
1307.422	1.0
1308.422	1.0
1309.422	1.0
1310.422	1.0
1311.422	1.0
1312.422	1.0
1313.422	1.0
1314.422	1.0
1315.422	1.0
1316.422	1.0
1317.422	1.0
1318.422	1.0
1319.422	1.0
1320.422	1.0
1321.422	1.0
1322.422	1.0
1323.422	1.0
1324.422	1.0
1325.422	1.0
1326.422	1.0
1327.422	1.0
1328.422	1.0
1329.422	1.0
1330.422	1.0
1331.422	1.0
1332.422	1.0
1333.422	1.0
1334.422	1.0
1335.422	1.0
1336.422	1.0
1337.422	1.0
1338.422	1.0
1339.422	1.0
1340.422	1.0
1341.422	1.0
1342.422	1.0
1343.422	1.0
1344.422	1.0
1345.422	1.0
1346.422	1.0
1347.422	1.0
1348.422	1.0
1349.422	1.0
1350.422	1.0
1351.422	1.0
1352.422	1.0
1353.422	1.0
1354.422	1.0
1355.422	1.0
1356.422	1.0
1357.422	1.0
1358.422	1.0
1359.422	1.0
1360.422	1.0
1361.422	1.0
1362.422	1.0
1363.422	1.0
1364.422	1.0
1365.422	1.0
1366.422	1.0
1367.422	1.0
1368.422	1.0
1369.422	1.0
1370.422	1.0
1371.422	1.0
1372.422	1.0
1373.422	1.0
1374.422	1.0
1375.422	1.0
1376.422	1.0
1377.422	1.0
1378.422	1.0
1379.422	1.0
1380.422	1.0
1381.422	1.0
1382.422	1.0
1383.422	1.0
1384.422	1.0
1385.422	1.0
1386.422	1.0
1387.422	1.0
1388.422	1.0
1389.422	1.0
1390.422	1.0
1391.422	1.0
1392.422	1.0
1393.422	1.0
1394.422	1.0
1395.422	1.0
1396.422	1.0
1397.422	1.0
1398.422	1.0
1399.422	1.0
1400.422	1.0
1401.422	1.0
1402.422	1.0
1403.422	1.0
1404.422	1.0
1405.422	1.0
1406.422	1.0
1407.422	1.0
1408.422	1.0
1409.422	1.0
1410.422	1.0
1411.422	1.0
1412.422	1.0
1413.422	1.0
1414.422	1.0
1415.422	1.0
1416.422	1.0
1417.422	1.0
1418.422	1.0
1419.422	1.0
1420.422	1.0
1421.422	1.0
1422.422	1.0
1423.422	1.0
1424.422	1.0
1425.422	1.0
1426.422	1.0
1427.422	1.0
1428.422	1.0
1429.422	1.0
1430.422	1.0
1431.422	1.0
1432.422	1.0
1433.422	1.0
1434.422	1.0
1435.422	1.0
1436.422	1.0
1437.422	1.0
1438.422	1.0
1439.422	1.0
1440.422	1.0
1441.422	1.0
1442.422	1.0
1443.422	1.0
1444.422	1.0
1445.422	1.0
1446.422	1.0
1447.422	1.0
1448.422	1.0
1449.422	1.0
1450.422	1.0
1451.422	1.0
1452.422	1.0
1453.422	1.0
1454.422	1.0
1455.422	1.0
1456.422	1.0
1457.422	1.0
1458.422	1.0
1459.422	1.0
1460.422	1.0
1461.422	1.0
1462.422	1.0
1463.422	1.0
1464.422	1.0
1465.422	1.0
1466.422	1.0
1467.422	1.0
1468.422	1.0
1469.422	1.0
1470.422	1.0
1471.422	1.0
1472.422	1.0
1473.422	1.0
1474.422	1.0
1475.422	1.0
1476.422	1.0
1477.422	1.0
1478.422	1.0
1479.422	1.0
1480.422	1.0
1481.422	1.0
1482.422	1.0
1483.422	1.0
1484.422	1.0
1485.422	1.0
1486.422	1.0
1487.422	1.0
1488.422	1.0
1489.422	1.0
1490.422	1.0
1491.422	1.0
1492.422	1.0
1493.422	1.0
1494.422	1.0
1495.422	1.0
1496.422	1.0
1497.422	1.0
1498.422	1.0
1499.422	1.0
1500.422	1.0
1501.422	1.0
1502.422	1.0
1503.422	1.0
1504.422	1.0
1505.422	1.0
1506.422	1.0
1507.422	1.0
1508.422	1.0
1509.422	1.0
1510.422	1.0
1511.422	1.0
1512.422	1.0
1513.422	1.0
1514.422	1.0
1515.422	1.0
1516.422	1.0
1517.422	1.0
1518.422	1.0
1519.422	1.0
1520.422	1.0
1521.422	1.0
1522.422	1.0
1523.422	1.0
1524.422	1.0
1525.422	1.0
1526.422	1.0
1527.422	1.0
1528.422	1.0
1529.422	1.0
1530.422	1.0
1531.422	1.0
1532.422	1.0
1533.422	1.0
1534.422	1.0
1535.422	1.0
1536.422	1.0
1537.422	1.0
1538.422	1.0
1539.422	1.0
1540.422	1.0
1541.422	1.0
1542.422	1.0
1543.422	1.0
1544.422	1.0
1545.422	1.0
1546.422	1.0
1547.422	1.0
1548.422	1.0
1549.422	1.0
1550.422	1.0
1551.422	1.0
1552.422	1.0
1553.422	1.0
1554.422	1.0
1555.422	1.0
1556.422	1.0
1557.422	1.0
1558.422	1.0
1559.422	1.0
1560.422	1.0
1561.422	1.0
1562.422	1.0
1563.422	1.0
1564.422	1.0
1565.422	1.0
1566.422	1.0
1567.422	1.0
1568.422	1.0
1569.422	1.0
1570.422	1.0
1571.422	1.0
1572.422	1.0
1573.422	1.0
1574.422	1.0
1575.422	1.0
1576.422	1.0
1577.422	1.0
1578.422	1.0
1579.422	1.0
1580.422	1.0
1581.422	1.0
1582.422	1.0
1583.422	1.0
1584.422	1.0
1585.422	1.0
1586.422	1.0
1587.422	1.0
1588.422	1.0
1589.422	1.0
1590.422	1.0
1591.422	1.0
1592.422	1.0
1593.422	1.0
1594.422	1.0
1595.422	1.0
1596.422	1.0
1597.422	1.0
1598.422	1.0
1599.422	1.0
1600.422	1.0
1601.422	1.0
1602.422	1.0
1603.422	1.0
1604.422	1.0
1605.422	1.0
1606.422	1.0
1607.422	1.0
1608.422	1.0
1609.422	1.0
1610.422	1.0
1611.422	1.0
1612.422	1.0
1613.422	1.0
1614.422	1.0
1615.422	1.0
1616.422	1.0
1617.422	1.0
1618.422	1.0
1619.422	1.0
1620.422	1.0
1621.422	1.0
1622.422	1.0
1623.422	1.0
1624.422	1.0
1625.422	1.0
1626.422	1.0
1627.422	1.0
1628.422	1.0
1629.422	1.0
1630.422	1.0
1631.422	1.0
1632.422	1.0
1633.422	1.0
1634.422	1.0
1635.422	1.0
1636.422	1.0
1637.422	1.0
1638.422	1.0
1639.422	1.0
1640.422	1.0
1641.422	1.0
1642.422	1.0
1643.422	1.0
1644.422	1.0
1645.422	1.0
1646.422	1.0
1647.422	1.0
1648.422	1.0
1649.422	1.0
1650.422	1.0
1651.422	1.0
1652.422	1.0
1653.422	1.0
1654.422	1.0
1655.422	1.0
1656.422	1.0
1657.422	1.0
1658.422	1.0
1659.422	1.0
1660.422	1.0
1661.422	1.0
1662.422	1.0
1663.422	1.0
1664.422	1.0
1665.422	1.0
1666.422	1.0
1667.422	1.0
1668.422	1.0
1669.422	1.0
1670.422	1.0
1671.422	1.0
1672.422	1.0
1673.422	1.0
1674.422	1.0
1675.422	1.0
1676.422	1.0
1677.422	1.0
1678.422	1.0
1679.422	1.0
1680.422	1.0
1681.422	1.0
1682.422	1.0
1683.422	1.0
1684.422	1.0
1685.422	1.0
1686.422	1.0
1687.422	1.0
1688.422	1.0
1689.422	1.0
1690.422	1.0
1691.422	1.0
1692.422	1.0
1693.422	1.0
1694.422	1.0
1695.422	1.0
1696.422	1.0
1697.422	1.0
1698.422	1.0
1699.422	1.0
1700.422	1.0
1701.422	1.0
1702.422	1.0
1703.422	1.0
1704.422	1.0
1705.422	1.0
1706.422	1.0
1707.422	1.0
1708.422	1.0
1709.422	1.0
1710.422	1.0
1711.422	1.0
1712.422	1.0
1713.422	1.0
1714.422	1.0
1715.422	1.0
1716.422	1.0
1717.422	1.0
1718.422	1.0
1719.422	1.0
1720.422	1.0
1721.422	1.0
1722.422	1.0
1723.422	1.0
1724.422	1.0
1725.422	1.0
1726.422	1.0
1727.422	1.0
1728.422	1.0
1729.422	1.0
1730.422	1.0
1731.422	1.0
1732.422	1.0
1733.422	1.0
1734.422	1.0
1735.422	1.0
1736.422	1.0
1737.422	1.0
1738.422	1.0
1739.422	1.0
1740.422	1.0
1741.422	1.0
1742.422	1.0
1743.422	1.0
1744.422	1.0
1745.422	1.0
1746.422	1.0
1747.422	1.0
1748.422	1.0
1749.422	1.0
1750.422	1.0
1751.422	1.0
1752.422	1.0
1753.422	1.0
1754.422	1.0
1755.422	1.0
1756.422	1.0
1757.422	1.0
1758.422	1.0
1759.422	1.0
1760.422	1.0
1761.422	1.0
1762.422	1.0
1763.422	1.0
1764.422	1.0
1765.422	1.0
1766.422	1.0
1767.422	1.0
1768.422	1.0
1769.422	1.0
1770.422	1.0
1771.422	1.0
1772.422	1.0
1773.422	1.0
1774.422	1.0
1775.422	1.0
1776.422	1.0
1777.422	1.0
1778.422	1.0
1779.422	1.0
1780.422	1.0
1781.422	1.0
1782.422	1.0
1783.422	1.0
1784.422	1.0
1785.422	1.0
1786.422	1.0
1787.422	1.0
1788.422	1.0
1789.422	1.0
1790.422	1.0
1791.422	1.0
1792.422	1.0
1793.422	1.0
1794.422	1.0
1795.422	1.0
1796.422	1.0
1797.422	1.0
1798.422	1.0
1799.422	1.0
1800.422	1.0
1801.422	1.0
1802.422	1.0
1803.422	1.0
1804.422	1.0
1805.422	1.0
1806.422	1.0
1807.422	1.0
1808.422	1.0
1809.422	1.0
1810.422	1.0
1811.422	1.0
1812.422	1.0
1813.422	1.0
1814.422	1.0
1815.422	1.0
1816.422	1.0
1817.422	1.0
1818.422	1.0
1819.422	1.0
1820.422	1.0
1821.422	1.0
1822.422	1.0
1823.422	1.0
1824.422	1.0
1825.422	1.0
1826.422	1.0
1827.422	1.0
1828.422	1.0
1829.422	1.0
1830.422	1.0
1831.422	1.0
1832.422	1.0
1833.422	1.0
1834.422	1.0
1835.422	1.0
1836.422	1.0
1837.422	1.0
1838.422	1.0
1839.422	1.0
1840.422	1.0
1841.422	1.0
1842.422	1.0
1843.422	1.0
1844.422	1.0
1845.422	1.0
1846.422	1.0
1847.422	1.0
1848.422	1.0
1849.422	1.0
1850.422	1.0
1851.422	1.0
1852.422	1.0
1853.422	1.0
1854.422	1.0
1855.422	1.0
1856.422	1.0
1857.422	1.0
1858.422	1.0
1859.422	1.0
1860.422	1.0
1861.422	1.0
1862.422	1.0
1863.422	1.0
1864.422	1.0
1865.422	1.0
1866.422	1.0
1867.422	1.0
1868.422	1.0
1869.422	1.0
1870.422	1.0
1871.422	1.0
1872.422	1.0
1873.422	1.0
1874.422	1.0
1875.422	1.0
1876.422	1.0
1877.422	1.0
1878.422	1.0
1879.422	1.0
1880.422	1.0
1881.422	1.0
1882.422	1.0
1883.422	1.0
1884.422	1.0
1885.422	1.0
1886.422	1.0
1887.422	1.0
1888.422	1.0
1889.422	1.0
1890.422	1.0
1891.422	1.0
1892.422	1.0
1893.422	1.0
1894.422	1.0
1895.422	1.0
1896.422	1.0
1897.422	1.0
1898.422	1.0
1899.422	1.0
1900.422	1.0
1901.422	1.0
1902.422	1.0
1903.422	1.0
1904.422	1.0
1905.422	1.0
1906.422	1.0
1907.422	1.0
1908.422	1.0
1909.422	1.0
1910.422	1.0
1911.422	1.0
1912.422	1.0
1913.422	1.0
1914.422	1.0
1915.422	1.0
1916.422	1.0
1917.422	1.0
1918.422	1.0
1919.422	1.0
1920.422	1.0
1921.422	1.0
1922.422	1.0
1923.422	1.0
1924.422	1.0
1925.422	1.0
1926.422	1.0
1927.422	1.0
1928.422	1.0
1929.422	1.0
1930.422	1.0
1931.422	1.0
1932.422	1.0
1933.422	1.0
1934.422	1.0
1935.422	1.0
1936.422	1.0
1937.422	1.0
1938.422	1.0
1939.422	1.0
1940.422	1.0
1941.422	1.0
1942.422	1.0
1943.422	1.0
1944.422	1.0
1945.422	1.0
1946.422	1.0
1947.422	1.0
1948.422	1.0
1949.422	1.0
1950.422	1.0
1951.422	1.0
1952.422	1.0
1953.422	1.0
1954.422	1.0
1955.422	1.0
1956.422	1.0
1957.422	1.0
1958.422	1.0
1959.422	1.0
1960.422	1.0
1961.422	1.0
1962.422	1.0
1963.422	1.0
1964.422	1.0
1965.422	1.0
1966.422	1.0
1967.422	1.0
1968.422	1.0
1969.422	1.0
1970.422	1.0
1971.422	1.0
1972.422	1.0
1973.422	1.0
1974.422	1.0
1975.422	1.0
1976.422	1.0
1977.422	1.0
1978.422	1.0
1979.422	1.0
1980.422	1.0
1981.422	1.0
1982.422	1.0
1983.422	1.0
1984.422	1.0
1985.422	1.0
1986.422	1.0
1987.422	1.0
1988.422	1.0
1989.422	1.0
1990.422	1.0
1991.422	1.0
1992.422	1.0
1993.422	1.0
1994.422	1.0
1995.422	1.0
1996.422	1.0
1997.422	1.0
1998.422	1.0
1999.422	1.0
2000.422	1.0
2001.422	1.0
2002.422	1.0
2003.422	1.0
2004.422	1.0
2005.422	1.0
2006.422	1.0
2007.422	1.0
2008.422	1.0
2009.422	1.0
2010.422	1.0
2011.422	1.0
2012.422	1.0
2013.422	1.0
2014.422	1.0
2015.422	1.0
2016.422	1.0
2017.422	1.0
2018.422	1.0
2019.422	1.0
2020.422	1.0
2021.422	1.0
2022.422	1.0
2023.422	1.0
2024.422	1.0
2025.422	1.0
2026.422	1.0
2027.422	1.0
2028.422	1.0
2029.422	1.0
2030.422	1.0
2031.422	1.0
2032.422	1.0
2033.422	1.0
2034.422	1.0
2035.422	1.0
2036.422	1.0
2037.422	1.0
2038.422	1.0
2039.422	1.0
2040.422	1.0
2041.422	1.0
2042.422	1.0
2043.422	1.0
2044.422	1.0
2045.422	1.0
2046.422	1.0
2047.422	1.0
2048.422	1.0
2049.422	1.0
2050.422	1.0
2051.422	1.0
2052.422	1.0
2053.422	1.0
2054.422	1.0
2055.422	1.0
2056.422	1.0
2057.422	1.0
2058.422	1.0
2059.422	1.0
2060.422	1.0
2061.422	1.0
2062.422	1.0
2063.422	1.0
2064.422	1.0
2065.422	1.0
2066.422	1.0
2067.422	1.0
2068.422	1.0
2069.422	1.0
2070.422	1.0
2071.422	1.0
2072.422	1.0
2073.422	1.0
2074.422	1.0
2075.422	1.0
2076.422	1.0
2077.422	1.0
2078.422	1.0
2079.422	1.0
2080.422	1.0
2081.422	1.0
2082.422	1.0
2083.422	1.0
2084.422	1.0
2085.422	1.0
2086.422	1.0
2087.422	1.0
2088.422	1.0
2089.422	1.0
2090.422	1.0
2091.422	1.0
2092.422	1.0
2093.422	1.0
2094.422	1.0
2095.422	1.0
2096.422	1.0
2097.422	1.0
2098.422	1.0
2099.422	1.0
2100.422	1.0
2101.422	1.0
2102.422	1.0
2103.422	1.0
2104.422	1.0
2105.422	1.0
2106.422	1.0
2107.422	1.0
2108.422	1.0
2109.422	1.0
2110.422	1.0
2111.422	1.0
2112.422	1.0
2113.422	1.0
2114.422	1.0
2115.422	1.0
2116.422	1.0
2117.422	1.0
2118.422	1.0
2119.422	1.0
2120.422	1.0
2121.422	1.0
2122.422	1.0
2123.422	1.0
2124.422	1.0
2125.422	1.0
2126.422	1.0
2127.422	1.0
2128.422	1.0
2129.422	1.0
2130.422	1.0
2131.422	1.0
2132.422	1.0
2133.422	1.0
2134.422	1.0
2135.422	1.0
2136.422	1.0
2137.422	1.0
2138.422	1.0
2139.422	1.0
2140.422	1.0
2141.422	1.0
2142.422	1.0
2143.422	1.0
2144.422	1.0
2145.422	1.0
2146.422	1.0
2147.422	1.0
2148.422	1.0
2149.422	1.0
2150.422	1.0
2151.422	1.0
2152.422	1.0
2153.422	1.0
2154.422	1.0
2155.422	1.0
2156.422	1.0
2157.422	1.0
2158.422	1.0
2159.422	1.0
2160.422	1.0
2161.422	1.0
2162.422	1.0
2163.422	1.0
2164.422	1.0
2165.422	1.0
2166.422	1.0
2167.422	1.0
2168.422	1.0
2169.422	1.0
2170.422	1.0
2171.422	1.0
2172.422	1.0
2173.422	1.0
2174.422	1.0
2175.422	1.0
2176.422	1.0
2177.422	1.0
2178.422	1.0
2179.422	1.0
2180.422	1.0
2181.422	1.0
2182.422	1.0
2183.422	1.0
2184.422	1.0
2185.422	1.0
2186.422	1.0
2187.422	1.0
2188.422	1.0
2189.422	1.0
2190.422	1.0
2191.422	1.0
2192.422	1.0
2193.422	1.0
2194.422	1.0
2195.422	1.0
2196.422	1.0
2197.422	1.0
2198.422	1.0
2199.422	1.0
2200.422	1.0
2201.422	1.0
2202.422	1.0
2203.422	1.0
2204.422	1.0
2205.422	1.0
2206.422	1.0
2207.422	1.0
2208.422	1.0
2209.422	1.0
2210.422	1.0
2211.422	1.0
2212.422	1.0
2213.422	1.0
2214.422	1.0
2215.422	1.0
2216.422	1.0
2217.422	1.0
2218.422	1.0
2219.422	1.0
2220.422	1.0
2221.422	1.0
2222.422	1.0
2223.422	1.0
2224.422	1.0
2225.422	1.0
2226.422	1.0
2227.422	1.0
2228.422	1.0
2229.422	1.0
2230.422	1.0
2231.422	1.0
2232.422	1.0
2233.422	1.0
2234.422	1.0
2235.422	1.0
2236.422	1.0
2237.422	1.0
2238.422	1.0
2239.422	1.0
2240.422	1.0
2241.422	1.0
2242.422	1.0
2243.422	1.0
2244.422	1.0
2245.422	1.0
2246.422	1.0
2247.422	1.0
2248.422	1.0
2249.422	1.0
2250.422	1.0
2251.422	1.0
2252.422	1.0
2253.422	1.0
2254.422	1.0
2255.422	1.0
2256.422	1.0
2257.422	1.0
2258.422	1.0
2259.422	1.0
2260.422	1.0
2261.422	1.0
2262.422	1.0
2263.422	1.0
2264.422	1.0
2265.422	1.0
2266.422	1.0
2267.422	1.0
2268.422	1.0
2269.422	1.0
2270.422	1.0
2271.422	1.0
2272.422	1.0
2273.422	1.0
2274.422	1.0
2275.422	1.0
2276.422	1.0
2277.422	1.0
2278.422	1.0
2279.422	1.0
2280.422	1.0
2281.422	1.0
2282.422	1.0
2283.422	1.0
2284.422	1.0
2285.422	1.0
2286.422	1.0
2287.422	1.0
2288.422	1.0
2289.422	1.0
2290.422	1.0
2291.422	1.0
2292.422	1.0
2293.422	1.0
2294.422	1.0
2295.422	1.0
2296.422	1.0
2297.422	1.0
2298.422	1.0
2299.422	1.0
2300.422	1.0
2301.422	1.0
2302.422	1.0
2303.422	1.0
2304.422	1.0
2305.422	1.0
2306.422	1.0
2307.422	1.0
2308.422	1.0
2309.422	1.0
2310.422	1.0
2311.422	1.0
2312.422	1.0
2313.422	1.0
2314.422	1.0
2315.422	1.0
2316.422	1.0
2317.422	1.0
2318.422	1.0
2319.422	1.0
2320.422	1.0
2321.422	1.0
2322.422	1.0
2323.422	1.0
2324.422	1.0
2325.422	1.0
2326.422	1.0
2327.422	1.0
2328.422	1.0
2329.422	1.0
2330.422	1.0
2331.422	1.0
2332.422	1.0
2333.422	1.0
2334.422	1.0
2335.422	1.0
2336.422	1.0
2337.422	1.0
2338.422	1.0
2339.422	1.0
2340.422	1.0
2341.422	1.0
2342.422	1.0
2343.422	1.0
2344.422	1.0
2345.422	1.0
2346.422	1.0
2347.422	1.0
2348.422	1.0
2349.422	1.0
2350.422	1.0
2351.422	1.0
2352.422	1.0
2353.422	1.0
2354.422	1.0
2355.422	1.0
2356.422	1.0
2357.422	1.0
2358.422	1.0
2359.422	1.0
2360.422	1.0
2361.422	1.0
2362.422	1.0
2363.422	1.0
2364.422	1.0
2365.422	1.0
2366.422	1.0
2367.422	1.0
2368.422	1.0
2369.422	1.0
2370.422	1.0
2371.422	1.0
2372.422	1.0
2373.422	1.0
2374.422	1.0
2375.422	1.0
2376.422	1.0
2377.422	1.0
2378.422	1.0
2379.422	1.0
2380.422	1.0
2381.422	1.0
2382.422	1.0
2383.422	1.0
2384.422	1.0
2385.422	1.0
2386.422	1.0
2387.422	1.0
2388.422	1.0
2389.422	1.0
2390.422	1.0
2391.422	1.0
2392.422	1.0
2393.422	1.0
2394.422	1.0
2395.422	1.0
2396.422	1.0
2397.422	1.0
2398.422	1.0
2399.422	1.0
2400.422	1.0
2401.422	1.0
2402.422	1.0
2403.422	1.0
2404.422	1.0
2405.422	1.0
2406.422	1.0
2407.422	1.0
2408.422	1.0
2409.422	1.0
2410.422	1.0
2411.422	1.0
2412.422	1.0
2413.422	1.0
2414.422	1.0
2415.422	1.0
2416.422	1.0
2417.422	1.0
2418.422	1.0
2419.422	1.0
2420.422	1.0
2421.422	1.0
2422.422	1.0
2423.422	1.0
2424.422	1.0
2425.422	1.0
2426.422	1.0
2427.422	1.0
2428.422	1.0
2429.422	1.0
2430.422	1.0
2431.422	1.0
2432.422	1.0
2433.422	1.0
2434.422	1.0
2435.422	1.0
2436.422	1.0
2437.422	1.0
2438.422	1.0
2439.422	1.0
2440.422	1.0
2441.422	1.0
2442.422	1.0
2443.422	1.0
2444.422	1.0
2445.422	1.0
2446.422	1.0
2447.422	1.0
2448.422	1.0
2449.422	1.0
2450.422	1.0
2451.422	1.0
2452.422	1.0
2453.422	1.0
2454.422	1.0
2455.422	1.0
2456.422	1.0
2457.422	1.0
2458.422	1.0
2459.422	1.0
2460.422	1.0
2461.422	1.0
2462.422	1.0
2463.422	1.0
2464.422	1.0
2465.422	1.0
2466.422	1.0
2467.422	1.0
2468.422	1.0
2469.422	1.0
2470.422	1.0
2471.422	1.0
2472.422	1.0
2473.422	1.0
2474.422	1.0
2475.422	1.0
2476.422	1.0
2477.422	1.0
2478.422	1.0
2479.422	1.0
2480.422	1.0
2481.422	1.0
2482.422	1.0
2483.422	1.0
2484.422	1.0
2485.422	1.0
2486.422	1.0
2487.422	1.0
2488.422	1.0
2489.422	1.0
2490.422	1.0
2491.422	1.0
2492.422	1.0
2493.422	1.0
2494.422	1.0
2495.422	1.0
2496.422	1.0
2497.422	1.0
2498.422	1.0
2499.422	1.0
2500.422	1.0
2501.422	1.0
2502.422	1.0
2503.422	1.0
2504.422	1.0
2505.422	1.0
2506.422	1.0
2507.422	1.0
2508.422	1.0
2509.422	1.0
2510.422	1.0
2511.422	1.0
2512.422	1.0
2513.422	1.0
2514.422	1.0
2515.422	1.0
2516.422	1.0
2517.422	1.0
2518.422	1.0
2519.422	1.0
2520.422	1.0
2521.422	1.0
2522.422	1.0
2523.422	1.0
2524.422	1.0
2525.422	1.0
2526.422	1.0
2527.422	1.0
2528.422	1.0
2529.422	1.0
2530.422	1.0
2531.422	1.0
2532.422	1.0
2533.422	1.0
2534.422	1.0
2535.422	1.0
2536.422	1.0
2537.422	1.0
2538.422	1.0
2539.422	1.0
2540.422	1.0
2541.422	1.0
2542.422	1.0
2543.422	1.0
2544.422	1.0
2545.422	1.0
2546.422	1.0
2547.422	1.0
2548.422	1.0
2549.422	1.0
2550.422	1.0
2551.422	1.0
2552.422	1.0
2553.422	1.0
2554.422	1.0
2555.422	1.0
2556.422	1.0
2557.422	1.0
2558.422	1.0
2559.422	1.0
2560.422	1.0
2561.422	1.0
2562.422	1.0
2563.422	1.0
2564.422	1.0
2565.422	1.0
2566.422	1.0
2567.422	1.0
2568.422	1.0
2569.422	1.0
2570.422	1.0
2571.422	1.0
2572.422	1.0
2573.422	1.0
2574.422	1.0
2575.422	1.0
2576.422	1.0
2577.422	1.0
2578.422	1.0
2579.422	1.0
2580.422	1.0
2581.422	1.0
2582.422	1.0
2583.422	1.0
2584.422	1.0
2585.422	1.0
2586.422	1.0
2587.422	1.0
2588.422	1.0
2589.422	1.0
2590.422	1.0
2591.422	1.0
2592.422	1.0
2593.422	1.0
2594.422	1.0
2595.422	1.0
2596.422	1.0
2597.422	1.0
2598.422	1.0
2599.422	1.0
2600.422	1.0
2601.422	1.0
2602.422	1.0
2603.422	1.0
2604.422	1.0
2605.422	1.0
2606.422	1.0
2607.422	1.0
2608.422	1.0
2609.422	1.0
2610.422	1.0
2611.422	1.0
2612.422	1.0
2613.422	1.0
2614.422	1.0
2615.422	1.0
2616.422	1.0
2617.422	1.0
2618.422	1.0
2619.422	1.0
2620.422	1.0
2621.422	1.0
2622.422	1.0
2623.422	1.0
2624.422	1.0
2625.422	1.0
2626.422	1.0
2627.422	1.0
2628.422	1.0
2629.422	1.0
2630.422	1.0
2631.422	1.0
2632.422	1.0
2633.422	1.0
2634.422	1.0
2635.422	1.0
2636.422	1.0
2637.422	1.0
2638.422	1.0
2639.422	1.0
2640.422	1.0
2641.422	1.0
2642.422	1.0
2643.422	1.0
2644.422	1.0
2645.422	1.0
2646.422	1.0
2647.422	1.0
2648.422	1.0
2649.422	1.0
2650.422	1.0
2651.422	1.0
2652.422	1.0
2653.422	1.0
2654.422	1.0
2655.422	1.0
2656.422	1.0
2657.422	1.0
2658.422	1.0
2659.422	1.0
2660.422	1.0
2661.422	1.0
2662.422	1.0
2663.422	1.0
2664.422	1.0
2665.422	1.0
2666.422	1.0
2667.422	1.0
2668.422	1.0
2669.422	1.0
2670.422	1.0
2671.422	1.0
2672.422	1.0
2673.422	1.0
2674.422	1.0
2675.422	1.0
2676.422	1.0
2677.422	1.0
2678.422	1.0
2679.422	1.0
2680.422	1.0
2681.422	1.0
2682.422	1.0
2683.422	1.0
2684.422	1.0
2685.422	1.0
2686.422	1.0
2687.422	1.0
2688.422	1.0
2689.422	1.0
2690.422	1.0
2691.422	1.0
2692.422	1.0
2693.422	1.0
2694.422	1.0
2695.422	1.0
2696.422	1.0
2697.422	1.0
2698.422	1.0
2699.422	1.0
2700.422	1.0
2701.422	1.0
2702.422	1.0
2703.422	1.0
2704.422	1.0
2705.422	1.0
2706.422	1.0
2707.422	1.0
2708.422	1.0
2709.422	1.0
2710.422	1.0
2711.422	1.0
2712.422	1.0
2713.422	1.0
2714.422	1.0
2715.422	1.0
2716.422	1.0
2717.422	1.0
2718.422	1.0
2719.422	1.0
2720.422	1.0
2721.422	1.0
2722.422	1.0
2723.422	1.0
2724.422	1.0
2725.422	1.0
2726.422	1.0
2727.422	1.0
2728.422	1.0
2729.422	1.0
2730.422	1.0
2731.422	1.0
2732.422	1.0
2733.422	1.0
2734.422	1.0
2735.422	1.0
2736.422	1.0
2737.422	1.0
2738.422	1.0
2739.422	1.0
2740.422	1.0
2741.422	1.0
2742.422	1.0
2743.422	1.0
2744.422	1.0
2745.422	1.0
2746.422	1.0
2747.422	1.0
2748.422	1.0
2749.422	1.0
2750.422	1.0
2751.422	1.0
2752.422	1.0
2753.422	1.0
2754.422	1.0
2755.422	1.0
2756.422	1.0
2757.422	1.0
2758.422	1.0
2759.422	1.0
2760.422	1.0
2761.422	1.0
2762.422	1.0
2763.422	1.0
2764.422	1.0
2765.422	1.0
2766.422	1.0
2767.422	1.0
2768.422	1.0
2769.422	1.0
2770.422	1.0
2771.422	1.0
2772.422	1.0
2773.422	1.0
2774.422	1.0
2775.422	1.0
2776.422	1.0
2777.422	1.0
2778.422	1.0
2779.422	1.0
2780.422	1.0
2781.422	1.0
2782.422	1.0
2783.422	1.0
2784.422	1.0
2785.422	1.0
2786.422	1.0
2787.422	1.0
2788.422	1.0
2789.422	1.0
2790.422	1.0
2791.422	1.0
2792.422	1.0
2793.422	1.0
2794.422	1.0
2795.422	1.0
2796.422	1.0
2797.422	1.0
2798.422	1.0
2799.422	1.0
2800.422	1.0
2801.422	1.0
2802.422	1.0
2803.422	1.0
2804.422	1.0
2805.422	1.0
2806.422	1.0
2807.422	1.0
2808.422	1.0
2809.422	1.0
2810.422	1.0
2811.422	1.0
2812.422	1.0
2813.422	1.0
2814.422	1.0
2815.422	1.0
2816.422	1.0
2817.422	1.0
2818.422	1.0
2819.422	1.0
2820.422	1.0
2821.422	1.0
2822.422	1.0
2823.422	1.0
2824.422	1.0
2825.422	1.0
2826.422	1.0
2827.422	1.0
2828.422	1.0
2829.422	1.0
2830.422	1.0
2831.422	1.0
2832.422	1.0
2833.422	1.0
2834.422	1.0
2835.422	1.0
2836.422	1.0
2837.422	1.0
2838.422	1.0
2839.422	1.0
2840.422	1.0
2841.422	1.0
2842.422	1.0
2843.422	1.0
2844.422	1.0
2845.422	1.0
2846.422	1.0
2847.422	1.0
2848.422	1.0
2849.422	1.0
2850.422	1.0
2851.422	1.0
2852.422	1.0
2853.422	1.0
2854.422	1.0
2855.422	1.0
2856.422	1.0
2857.422	1.0
2858.422	1.0
2859.422	1.0
2860.422	1.0
2861.422	1.0
2862.422	1.0
2863.422	1.0
2864.422	1.0
2865.422	1.0
2866.422	1.0
2867.422	1.0
2868.422	1.0
2869.422	1.0
2870.422	1.0
2871.422	1.0
2872.422	1.0
2873.422	1.0
2874.422	1.0
2875.422	1.0
2876.422	1.0
2877.422	1.0
2878.422	1.0
2879.422	1.0
2880.422	1.0
2881.422	1.0
2882.422	1.0
2883.422	1.0
2884.422	1.0
2885.422	1.0
2886.422	1.0
2887.422	1.0
2888.422	1.0
2889.422	1.0
2890.422	1.0
2891.422	1.0
2892.422	1.0
2893.422	1.0
2894.422	1.0
2895.422	1.0
2896.422	1.0
2897.422	1.0
2898.422	1.0
2899.422	1.0
2900.422	1.0
2901.422	1.0
2902.422	1.0
2903.422	1.0
2904.422	1.0
2905.422	1.0
2906.422	1.0
2907.422	1.0
2908.422	1.0
2909.422	1.0
2910.422	1.0
2911.422	1.0
2912.422	1.0
2913.422	1.0
2914.422	1.0
2915.422	1.0
2916.422	1.0
2917.422	1.0
2918.422	1.0
2919.422	1.0
2920.422	1.0
2921.422	1.0
2922.422	1.0
2923.422	1.0
2924.422	1.0
2925.422	1.0
2926.422	1.0
2927.422	1.0
2928.422	1.0
2929.422	1.0
2930.422	1.0
2931.422	1.0
2932.422	1.0
2933.422	1.0
2934.422	1.0
2935.422	1.0
2936.422	1.0
2937.422	1.0
2938.422	1.0
2939.422	1.0
2940.422	1.0
2941.422	1.0
2942.422	1.0
2943.422	1.0
2944.422	1.0
2945.422	1.0
2946.422	1.0
2947.422	1.0
2948.422	1.0
2949.422	1.0
2950.422	1.0
2951.422	1.0
2952.422	1.0
2953.422	1.0
2954.422	1.0
2955.422	1.0
2956.422	1.0
2957.422	1.0
2958.422	1.0
2959.422	1.0
2960.422	1.0
2961.422	1.0
2962.422	1.0
2963.422	1.0
2964.422	1.0
2965.422	1.0
2966.422	1.0
2967.422	1.0
2968.422	1.0
2969.422	1.0
2970.422	1.0
2971.422	1.0
2972.422	1.0
2973.422	1.0
2974.422	1.0
2975.422	1.0
2976.422	1.0
2977.422	1.0
2978.422	1.0
2979.422	1.0
2980.422	1.0
2981.422	1.0
2982.422	1.0
2983.422	1.0
2984.422	1.0
2985.422	1.0
2986.422	1.0
2987.422	1.0
2988.422	1.0
2989.422	1.0
2990.422	1.0
2991.422	1.0
2992.422	1.0
2993.422	1.0
