0.262	0.491405486569004
1.204	0.49779506626260206
2.1550000000000002	0.5069868056363274
3.096	0.5046403496282401
4.038	0.5213833120872367
4.9750000000000005	0.5046157024220139
5.9190000000000005	0.48202462005613966
6.865	0.4968997636668183
7.815	0.4989496337930167
8.763	0.5011445800141276
9.71	0.5050857205108947
10.65	0.5242225269657592
11.602	0.5515168092826633
12.548	0.547409161480672
13.503	0.5192252313046831
14.458	0.4971528019069927
15.413	0.49404403435474814
16.368000000000002	0.49260993888883986
17.334	0.4979376920678924
18.307	0.547781160199599
19.285	0.5732064670378006
20.241	0.5549462901177317
21.202	0.5390458771611693
22.156	0.5307015334618295
23.116	0.5551672863072582
24.079	0.5480251613917065
25.047	0.5742302291144931
26.017	0.5866743794897996
26.975	0.582319320253405
27.935000000000002	0.5371584935682439
28.895	0.5154362083697004
29.86	0.49698602353953736
30.822	0.4911012868670987
31.794	0.5309788872081045
32.758	0.5508251838909427
33.718	0.518048395051827
34.68	0.5243606924717682
35.639	0.5311146696640703
36.593	0.5449665440567982
37.551	0.5538732240953579
38.522	0.5597189114934781
39.479	0.5688264721108321
40.436	0.5807933706476828
41.387	0.575368309281936
42.335	0.5739776435457024
43.288000000000004	0.575417853743754
44.234	0.5840156892586983
45.186	0.5987582121706445
46.137	0.624258684654098
47.119	0.6119584853058181
48.072	0.6167154075266248
49.016	0.6373934832484487
49.966	0.6430280513360311
50.932	0.6430697298937487
51.889	0.6538885834478673
52.855000000000004	0.6538713511085448
53.827	0.6493814899817651
54.782000000000004	0.663118913313153
55.737	0.6575104324002895
56.682	0.6726752846737828
57.641	0.6855458232991546
58.601	0.6876028567038439
59.577	0.682935999520804
60.542	0.7009631269174287
61.5	0.7060178689585151
62.458	0.6952871597606662
63.433	0.6962995004342173
64.397	0.6984548873574322
65.351	0.7151806938333071
66.313	0.6355614981334956
67.284	0.20487149955323283
68.272	0.20215820269491475
69.26	0.18716894204360404
70.249	0.22243482013265922
71.236	0.1812553354023712
72.22500000000001	0.31378655753222134
73.214	0.17448248178055928
74.202	0.25096839955709527
75.191	0.3672509261710266
76.178	0.27847041308457376
77.165	0.3377432345549954
78.155	0.4339789257152505
79.143	0.32555537641065047
80.129	0.27796848657887546
81.118	0.16987926452422722
82.108	0.18768765801107498
83.09400000000001	0.25903603503177436
84.083	0.5529775675884603
85.069	0.2282021838987663
86.059	0.17769291722842862
87.048	0.16881893007729534
88.037	0.16945356913106724
89.027	0.5424782685035937
90.014	0.5615696759035921
90.998	0.23832311393720068
91.98700000000001	0.1600602522869751
92.97500000000001	0.35479612702839
93.962	0.1898280609072773
94.95100000000001	0.3166900664272834
95.94	0.2865451999070172
96.929	0.22801286565988335
97.918	0.1695099072290322
98.907	0.16962997094812518
99.895	0.3175724228403414
100.883	0.16081685482286176
101.871	0.2892605634126804
102.85900000000001	0.2795119507212884
103.84700000000001	0.25037644727580427
104.83500000000001	0.23076584122952923
105.82300000000001	0.21269549065651122
106.811	0.20228911238424366
107.798	0.20143347136035128
108.785	0.17310106866627895
109.772	0.1655696970465693
110.759	0.07661716578269939
111.74600000000001	0.07688993827720157
112.733	0.07770109595901398
113.71900000000001	0.06895976345140716
114.705	0.07118363794388863
115.691	0.07418337293521454
116.677	0.07612512775280315
117.663	0.07594209023830084
118.649	0.0746140601444081
119.634	0.07784736956748738
120.619	0.07846079919947292
121.60300000000001	0.08235471448438778
122.587	0.0871037253174722
123.571	0.08954805575407508
124.555	0.09129284555902797
125.538	0.09556786379727501
126.52	0.1011631568712448
127.50200000000001	0.10745098638964688
128.483	0.11390128848244176
129.465	0.11884710645963452
130.447	0.12413753003996134
131.427	0.133166725152293
132.406	0.14003891957935913
133.386	0.14759529947742528
134.365	0.15696770415450775
135.344	0.1657098499699986
136.332	0.16657267701125125
137.321	0.1564076425830142
138.306	0.1606140263271876
139.303	0.16333656816806166
140.299	0.15821457819299978
141.292	0.15541673590367544
142.288	0.1497919431072965
143.28300000000002	0.14568131807147944
144.28	0.13832854825005095
145.276	0.1322010326181215
146.273	0.11954710898897053
147.27100000000002	0.1109580702983159
148.27	0.1008686727404145
149.268	0.09093455213953014
150.267	0.07972181287794444
151.267	0.0660715275208426
152.26500000000001	0.25536719119257234
153.258	0.32449666703669144
154.258	0.6568021754379947
155.258	0.929646963006298
156.258	0.9542827853787285
157.236	0.6260132911991856
158.218	0.41402576155035553
159.21	0.5393075409969926
160.198	0.4226294774137564
161.192	0.6189985247691946
162.183	0.6297738386977957
163.174	0.6986448981842307
164.165	0.6306117030258318
165.156	0.5328439416950316
166.15	0.5321726445945305
167.141	0.4846340150258316
168.141	0.7151544662344572
169.141	0.9091140726307319
170.14000000000001	0.8853639420504958
171.14000000000001	0.9807770510026279
172.14000000000001	0.9765827258203227
173.14000000000001	0.9725075414948062
174.14000000000001	0.96843235716929
175.121	0.5812539241158317
176.102	0.5905489546402317
177.092	0.5506252372957715
178.082	0.5810289406811576
179.082	0.6723869107147319
180.079	0.8592186000173438
181.079	0.9342565273375587
182.079	0.9702613951642995
183.079	0.9666426678060585
184.079	0.9631123580999431
185.07	0.835981777105733
186.061	0.8375767548391997
187.052	0.8391717325726663
188.043	0.8407667103061329
189.034	0.8423616880395995
190.025	0.8439566657730663
191.016	0.8455516435065329
192.01500000000001	0.7601850461188318
193.01500000000001	0.8728385054353589
194.014	0.8788119632379511
195.014	0.9434812357529865
195.996	0.8855264438270396
196.959	0.6631754184109347
197.94	0.8497872689128719
198.90200000000002	0.7576022598780549
199.876	0.668751707120919
200.857	0.6805709340343907
201.841	0.37622333042181966
202.83100000000002	0.3941193356204875
203.822	0.5038352840160997
204.822	0.8439432054559346
205.81900000000002	0.8805299925775478
206.809	0.7540910532234605
207.806	0.8110591616016657
208.806	0.9256189571536987
209.806	0.9307444796558473
210.805	0.9267588959136469
211.805	0.9620840794120552
212.805	0.9576947648313109
213.805	0.9533853470025768
214.787	0.5461192504323846
215.778	0.5474773154213266
216.778	0.6694201253028775
217.778	0.9120729085559256
218.778	0.9467720653211167
219.769	0.8392905359329745
220.751	0.6296615825611998
221.741	0.7759877271114908
222.703	0.6288922580863453
223.674	0.5759774514678984
224.66400000000002	0.5148403412635886
225.65200000000002	0.5823058795726637
226.647	0.8534426254063295
227.627	0.5639080009282685
228.616	0.4645416326308544
229.607	0.5335918843532446
230.598	0.6221540964475524
231.589	0.6523107349480943
232.58	0.6436763133586365
233.571	0.6445333309806847
234.562	0.6453198315927327
235.559	0.817980235808199
236.552	0.8815452628992881
237.552	0.9490660465456939
238.549	0.98025943284
239.549	1.0
240.549	1.0
241.549	1.0
242.549	1.0
243.549	1.0
244.549	1.0
245.549	1.0
246.549	1.0
247.549	1.0
248.549	1.0
249.549	1.0
250.549	1.0
251.549	1.0
252.549	1.0
253.549	1.0
254.549	1.0
255.549	1.0
256.549	1.0
257.549	1.0
258.549	1.0
259.549	1.0
260.549	1.0
261.549	1.0
262.549	1.0
263.549	1.0
264.549	1.0
265.549	1.0
266.549	1.0
267.549	1.0
268.549	1.0
269.549	1.0
270.549	1.0
271.549	1.0
272.549	1.0
273.549	1.0
274.549	1.0
275.549	1.0
276.549	1.0
277.549	1.0
278.549	1.0
279.549	1.0
280.549	1.0
281.549	1.0
282.549	1.0
283.549	1.0
284.549	1.0
285.549	1.0
286.549	1.0
287.549	1.0
288.549	1.0
289.549	1.0
290.549	1.0
291.549	1.0
292.549	1.0
293.549	1.0
294.549	1.0
295.549	1.0
296.549	1.0
297.549	1.0
298.549	1.0
299.549	1.0
300.549	1.0
301.549	1.0
302.549	1.0
303.549	1.0
304.549	1.0
305.549	1.0
306.549	1.0
307.549	1.0
308.549	1.0
309.549	1.0
310.549	1.0
311.549	1.0
312.549	1.0
313.549	1.0
314.549	1.0
315.549	1.0
316.549	1.0
317.54900000000004	1.0
318.54900000000004	1.0
319.54900000000004	1.0
320.54900000000004	1.0
321.54900000000004	1.0
322.54900000000004	1.0
323.54900000000004	1.0
324.54900000000004	1.0
325.54900000000004	1.0
326.54900000000004	1.0
327.54900000000004	1.0
328.54900000000004	1.0
329.54900000000004	1.0
330.54900000000004	1.0
331.54900000000004	1.0
332.54900000000004	1.0
333.54900000000004	1.0
334.54900000000004	1.0
335.54900000000004	1.0
336.54900000000004	1.0
337.54900000000004	1.0
338.54900000000004	1.0
339.54900000000004	1.0
340.54900000000004	1.0
341.54900000000004	1.0
342.54900000000004	1.0
343.54900000000004	1.0
344.54900000000004	1.0
345.54900000000004	1.0
346.54900000000004	1.0
347.54900000000004	1.0
348.54900000000004	1.0
349.54900000000004	1.0
350.54900000000004	1.0
351.54900000000004	1.0
352.54900000000004	1.0
353.54900000000004	1.0
354.54900000000004	1.0
355.54900000000004	1.0
356.54900000000004	1.0
357.54900000000004	1.0
358.54900000000004	1.0
359.54900000000004	1.0
360.54900000000004	1.0
361.54900000000004	1.0
362.54900000000004	1.0
363.54900000000004	1.0
364.54900000000004	1.0
365.54900000000004	1.0
366.54900000000004	1.0
367.54900000000004	1.0
368.54900000000004	1.0
369.54900000000004	1.0
370.54900000000004	1.0
371.54900000000004	1.0
372.54900000000004	1.0
373.54900000000004	1.0
374.54900000000004	1.0
375.54900000000004	1.0
376.54900000000004	1.0
377.54900000000004	1.0
378.54900000000004	1.0
379.54900000000004	1.0
380.54900000000004	1.0
381.54900000000004	1.0
382.54900000000004	1.0
383.54900000000004	1.0
384.54900000000004	1.0
385.54900000000004	1.0
386.54900000000004	1.0
387.54900000000004	1.0
388.54900000000004	1.0
389.54900000000004	1.0
390.54900000000004	1.0
391.54900000000004	1.0
392.54900000000004	1.0
393.54900000000004	1.0
394.54900000000004	1.0
395.54900000000004	1.0
396.54900000000004	1.0
397.54900000000004	1.0
398.54900000000004	1.0
399.54900000000004	1.0
400.54900000000004	1.0
401.54900000000004	1.0
402.54900000000004	1.0
403.54900000000004	1.0
404.54900000000004	1.0
405.54900000000004	1.0
406.54900000000004	1.0
407.54900000000004	1.0
408.54900000000004	1.0
409.54900000000004	1.0
410.54900000000004	1.0
411.54900000000004	1.0
412.54900000000004	1.0
413.54900000000004	1.0
414.54900000000004	1.0
415.54900000000004	1.0
416.54900000000004	1.0
417.54900000000004	1.0
418.54900000000004	1.0
419.54900000000004	1.0
420.54900000000004	1.0
421.54900000000004	1.0
422.54900000000004	1.0
423.54900000000004	1.0
424.54900000000004	1.0
425.54900000000004	1.0
426.54900000000004	1.0
427.54900000000004	1.0
428.54900000000004	1.0
429.54900000000004	1.0
430.54900000000004	1.0
431.54900000000004	1.0
432.54900000000004	1.0
433.54900000000004	1.0
434.54900000000004	1.0
435.54900000000004	1.0
436.54900000000004	1.0
437.54900000000004	1.0
438.54900000000004	1.0
439.54900000000004	1.0
440.54900000000004	1.0
441.54900000000004	1.0
442.54900000000004	1.0
443.54900000000004	1.0
444.54900000000004	1.0
445.54900000000004	1.0
446.54900000000004	1.0
447.54900000000004	1.0
448.54900000000004	1.0
449.54900000000004	1.0
450.54900000000004	1.0
451.54900000000004	1.0
452.54900000000004	1.0
453.54900000000004	1.0
454.54900000000004	1.0
455.54900000000004	1.0
456.54900000000004	1.0
457.54900000000004	1.0
458.54900000000004	1.0
459.54900000000004	1.0
460.54900000000004	1.0
461.54900000000004	1.0
462.54900000000004	1.0
463.54900000000004	1.0
464.54900000000004	1.0
465.54900000000004	1.0
466.54900000000004	1.0
467.54900000000004	1.0
468.54900000000004	1.0
469.54900000000004	1.0
470.54900000000004	1.0
471.54900000000004	1.0
472.54900000000004	1.0
473.54900000000004	1.0
474.54900000000004	1.0
475.54900000000004	1.0
476.54900000000004	1.0
477.54900000000004	1.0
478.54900000000004	1.0
479.54900000000004	1.0
480.54900000000004	1.0
481.54900000000004	1.0
482.54900000000004	1.0
483.54900000000004	1.0
484.54900000000004	1.0
485.54900000000004	1.0
486.54900000000004	1.0
487.54900000000004	1.0
488.54900000000004	1.0
489.54900000000004	1.0
490.54900000000004	1.0
491.54900000000004	1.0
492.54900000000004	1.0
493.54900000000004	1.0
494.54900000000004	1.0
495.54900000000004	1.0
496.54900000000004	1.0
497.54900000000004	1.0
498.54900000000004	1.0
499.54900000000004	1.0
500.54900000000004	1.0
501.54900000000004	1.0
502.54900000000004	1.0
503.54900000000004	1.0
504.54900000000004	1.0
505.54900000000004	1.0
506.54900000000004	1.0
507.54900000000004	1.0
508.54900000000004	1.0
509.54900000000004	1.0
510.54900000000004	1.0
511.54900000000004	1.0
512.549	1.0
513.549	1.0
514.549	1.0
515.549	1.0
516.549	1.0
517.549	1.0
518.549	1.0
519.549	1.0
520.549	1.0
521.549	1.0
522.549	1.0
523.549	1.0
524.549	1.0
525.549	1.0
526.549	1.0
527.549	1.0
528.549	1.0
529.549	1.0
530.549	1.0
531.549	1.0
532.549	1.0
533.549	1.0
534.549	1.0
535.549	1.0
536.549	1.0
537.549	1.0
538.549	1.0
539.549	1.0
540.549	1.0
541.549	1.0
542.549	1.0
543.549	1.0
544.549	1.0
545.549	1.0
546.549	1.0
547.549	1.0
548.549	1.0
549.549	1.0
550.549	1.0
551.549	1.0
552.549	1.0
553.549	1.0
554.549	1.0
555.549	1.0
556.549	1.0
557.549	1.0
558.549	1.0
559.549	1.0
560.549	1.0
561.549	1.0
562.549	1.0
563.549	1.0
564.549	1.0
565.549	1.0
566.549	1.0
567.549	1.0
568.549	1.0
569.549	1.0
570.549	1.0
571.549	1.0
572.549	1.0
573.549	1.0
574.549	1.0
575.549	1.0
576.549	1.0
577.549	1.0
578.549	1.0
579.549	1.0
580.549	1.0
581.549	1.0
582.549	1.0
583.549	1.0
584.549	1.0
585.549	1.0
586.549	1.0
587.549	1.0
588.549	1.0
589.549	1.0
590.549	1.0
591.549	1.0
592.549	1.0
593.549	1.0
594.549	1.0
595.549	1.0
596.549	1.0
597.549	1.0
598.549	1.0
599.549	1.0
600.549	1.0
601.549	1.0
602.549	1.0
603.549	1.0
604.549	1.0
605.549	1.0
606.549	1.0
607.549	1.0
608.549	1.0
609.549	1.0
610.549	1.0
611.549	1.0
612.549	1.0
613.549	1.0
614.549	1.0
615.549	1.0
616.549	1.0
617.549	1.0
618.549	1.0
619.549	1.0
620.549	1.0
621.549	1.0
622.549	1.0
623.549	1.0
624.549	1.0
625.549	1.0
626.549	1.0
627.549	1.0
628.549	1.0
629.549	1.0
630.549	1.0
631.549	1.0
632.549	1.0
633.549	1.0
634.549	1.0
635.549	1.0
636.549	1.0
637.549	1.0
638.549	1.0
639.549	1.0
640.549	1.0
641.549	1.0
642.549	1.0
643.549	1.0
644.549	1.0
645.549	1.0
646.549	1.0
647.549	1.0
648.549	1.0
649.549	1.0
650.549	1.0
651.549	1.0
652.549	1.0
653.549	1.0
654.549	1.0
655.549	1.0
656.549	1.0
657.549	1.0
658.549	1.0
659.549	1.0
660.549	1.0
661.549	1.0
662.549	1.0
663.549	1.0
664.549	1.0
665.549	1.0
666.549	1.0
667.549	1.0
668.549	1.0
669.549	1.0
670.549	1.0
671.549	1.0
672.549	1.0
673.549	1.0
674.549	1.0
675.549	1.0
676.549	1.0
677.549	1.0
678.549	1.0
679.549	1.0
680.549	1.0
681.549	1.0
682.549	1.0
683.549	1.0
684.549	1.0
685.549	1.0
686.549	1.0
687.549	1.0
688.549	1.0
689.549	1.0
690.549	1.0
691.549	1.0
692.549	1.0
693.549	1.0
694.549	1.0
695.549	1.0
696.549	1.0
697.549	1.0
698.549	1.0
699.549	1.0
700.549	1.0
701.549	1.0
702.549	1.0
703.549	1.0
704.549	1.0
705.549	1.0
706.549	1.0
707.549	1.0
708.549	1.0
709.549	1.0
710.549	1.0
711.549	1.0
712.549	1.0
713.549	1.0
714.549	1.0
715.549	1.0
716.549	1.0
717.549	1.0
718.549	1.0
719.549	1.0
720.549	1.0
721.549	1.0
722.549	1.0
723.549	1.0
724.549	1.0
725.549	1.0
726.549	1.0
727.549	1.0
728.549	1.0
729.549	1.0
730.549	1.0
731.549	1.0
732.549	1.0
733.549	1.0
734.549	1.0
735.549	1.0
736.549	1.0
737.549	1.0
738.549	1.0
739.549	1.0
740.549	1.0
741.549	1.0
742.549	1.0
743.549	1.0
744.549	1.0
745.549	1.0
746.549	1.0
747.549	1.0
748.549	1.0
749.549	1.0
750.549	1.0
751.549	1.0
752.549	1.0
753.549	1.0
754.549	1.0
755.549	1.0
756.549	1.0
757.549	1.0
758.549	1.0
759.549	1.0
760.549	1.0
761.549	1.0
762.549	1.0
763.549	1.0
764.549	1.0
765.549	1.0
766.549	1.0
767.549	1.0
768.549	1.0
769.549	1.0
770.549	1.0
771.549	1.0
772.549	1.0
773.549	1.0
774.549	1.0
775.549	1.0
776.549	1.0
777.549	1.0
778.549	1.0
779.549	1.0
780.549	1.0
781.549	1.0
782.549	1.0
783.549	1.0
784.549	1.0
785.549	1.0
786.549	1.0
787.549	1.0
788.549	1.0
789.549	1.0
790.549	1.0
791.549	1.0
792.549	1.0
793.549	1.0
794.549	1.0
795.549	1.0
796.549	1.0
797.549	1.0
798.549	1.0
799.549	1.0
800.549	1.0
801.549	1.0
802.549	1.0
803.549	1.0
804.549	1.0
805.549	1.0
806.549	1.0
807.549	1.0
808.549	1.0
809.549	1.0
810.549	1.0
811.549	1.0
812.549	1.0
813.549	1.0
814.549	1.0
815.549	1.0
816.549	1.0
817.549	1.0
818.549	1.0
819.549	1.0
820.549	1.0
821.549	1.0
822.549	1.0
823.549	1.0
824.549	1.0
825.549	1.0
826.549	1.0
827.549	1.0
828.549	1.0
829.549	1.0
830.549	1.0
831.549	1.0
832.549	1.0
833.549	1.0
834.549	1.0
835.549	1.0
836.549	1.0
837.549	1.0
838.549	1.0
839.549	1.0
840.549	1.0
841.549	1.0
842.549	1.0
843.549	1.0
844.549	1.0
845.549	1.0
846.549	1.0
847.549	1.0
848.549	1.0
849.549	1.0
850.549	1.0
851.549	1.0
852.549	1.0
853.549	1.0
854.549	1.0
855.549	1.0
856.549	1.0
857.549	1.0
858.549	1.0
859.549	1.0
860.549	1.0
861.549	1.0
862.549	1.0
863.549	1.0
864.549	1.0
865.549	1.0
866.549	1.0
867.549	1.0
868.549	1.0
869.549	1.0
870.549	1.0
871.549	1.0
872.549	1.0
873.549	1.0
874.549	1.0
875.549	1.0
876.549	1.0
877.549	1.0
878.549	1.0
879.549	1.0
880.549	1.0
881.549	1.0
882.549	1.0
883.549	1.0
884.549	1.0
885.549	1.0
886.549	1.0
887.549	1.0
888.549	1.0
889.549	1.0
890.549	1.0
891.549	1.0
892.549	1.0
893.549	1.0
894.549	1.0
895.549	1.0
896.549	1.0
897.549	1.0
898.549	1.0
899.549	1.0
900.549	1.0
901.549	1.0
902.549	1.0
903.549	1.0
904.549	1.0
905.549	1.0
906.549	1.0
907.549	1.0
908.549	1.0
909.549	1.0
910.549	1.0
911.549	1.0
912.549	1.0
913.549	1.0
914.549	1.0
915.549	1.0
916.549	1.0
917.549	1.0
918.549	1.0
919.549	1.0
920.549	1.0
921.549	1.0
922.549	1.0
923.549	1.0
924.549	1.0
925.549	1.0
926.549	1.0
927.549	1.0
928.549	1.0
929.549	1.0
930.549	1.0
931.549	1.0
932.549	1.0
933.549	1.0
934.549	1.0
935.549	1.0
936.549	1.0
937.549	1.0
938.549	1.0
939.549	1.0
940.549	1.0
941.549	1.0
942.549	1.0
943.549	1.0
944.549	1.0
945.549	1.0
946.549	1.0
947.549	1.0
948.549	1.0
949.549	1.0
950.549	1.0
951.549	1.0
952.549	1.0
953.549	1.0
954.549	1.0
955.549	1.0
956.549	1.0
957.549	1.0
958.549	1.0
959.549	1.0
960.549	1.0
961.549	1.0
962.549	1.0
963.549	1.0
964.549	1.0
965.549	1.0
966.549	1.0
967.549	1.0
968.549	1.0
969.549	1.0
970.549	1.0
971.549	1.0
972.549	1.0
973.549	1.0
974.549	1.0
975.549	1.0
976.549	1.0
977.549	1.0
978.549	1.0
979.549	1.0
980.549	1.0
981.549	1.0
982.549	1.0
983.549	1.0
984.549	1.0
985.549	1.0
986.549	1.0
987.549	1.0
988.549	1.0
989.549	1.0
990.549	1.0
991.549	1.0
992.549	1.0
993.549	1.0
994.549	1.0
