0.11900000000000001	0.5383673273726212
0.993	0.5435184053113133
1.891	0.558871363335304
2.771	0.5748045369566642
3.636	0.561139133322992
4.513	0.49439436438018947
5.3790000000000004	0.46917226488250663
6.256	0.46628738215833493
7.138	0.4531128078228868
8.038	0.43010793059427027
8.946	0.3989005349640829
9.852	0.3545268093042287
10.783	0.36856317089822505
11.707	0.3898392293210786
12.641	0.43626790611250515
13.563	0.4108018493473623
14.493	0.4042631939487108
15.428	0.3583658497069546
16.38	0.48342126802541313
17.325	0.4383452757385314
18.276	0.3140087992480762
19.225	0.39924178061751986
20.184	0.5187510993958558
21.138	0.2876374841888639
22.101	0.3668494421401569
23.071	0.8852482731827471
24.03	0.8495385997122493
24.981	0.5336886731820644
25.943	0.5315910113082151
26.91	0.7669071891207321
27.874000000000002	0.717643225162308
28.843	0.8646792663600532
29.805	0.7236419220124153
30.77	0.48600642627626095
31.739	0.7967823137253888
32.706	0.7790951143688546
33.674	0.6515098782650276
34.643	0.41046077147328264
35.619	0.7743129965616119
36.588	0.6468330806775766
37.568	0.7243731195517635
38.547000000000004	0.6777327670649023
39.526	0.6026815508988957
40.507	0.23182979929723588
41.495	0.8595912089537772
42.478	0.8691186617616656
43.463	0.799516225919728
44.448	0.7014590041490946
45.435	0.7695011880336551
46.422000000000004	0.889777688017805
47.405	0.5944743591383858
48.394	0.7151666420200166
49.382	0.763775541687877
50.370000000000005	0.5257142922341563
51.36	0.8418877438033053
52.346000000000004	0.5719976188585182
53.336	0.8311468857094398
54.326	0.7909342486785648
55.316	0.8539885712694871
56.306000000000004	0.8934559986653975
57.295	0.7899777675797549
58.285000000000004	0.927851326382786
59.274	0.6475703888378718
60.263	0.45556039724822134
61.255	0.8955494272476587
62.246	0.9349708330386138
63.241	0.7144762344719598
64.232	0.8210364353384508
65.223	0.543689752799797
66.223	0.9689244082257314
67.214	0.9271870265548144
68.208	0.7385375516553994
69.206	0.9025670522487395
70.20100000000001	0.7114962968199943
71.20100000000001	1.0
72.20100000000001	1.0
73.20100000000001	1.0
74.20100000000001	1.0
75.20100000000001	1.0
76.20100000000001	1.0
77.20100000000001	1.0
78.20100000000001	1.0
79.20100000000001	1.0
80.20100000000001	1.0
81.20100000000001	1.0
82.20100000000001	1.0
83.20100000000001	1.0
84.20100000000001	1.0
85.20100000000001	1.0
86.20100000000001	1.0
87.20100000000001	1.0
88.20100000000001	1.0
89.20100000000001	1.0
90.20100000000001	1.0
91.20100000000001	1.0
92.20100000000001	1.0
93.20100000000001	1.0
94.20100000000001	1.0
95.20100000000001	1.0
96.20100000000001	1.0
97.20100000000001	1.0
98.20100000000001	1.0
99.20100000000001	1.0
100.20100000000001	1.0
101.20100000000001	1.0
102.20100000000001	1.0
103.20100000000001	1.0
104.20100000000001	1.0
105.20100000000001	1.0
106.20100000000001	1.0
107.20100000000001	1.0
108.20100000000001	1.0
109.20100000000001	1.0
110.20100000000001	1.0
111.20100000000001	1.0
112.20100000000001	1.0
113.20100000000001	1.0
114.20100000000001	1.0
115.20100000000001	1.0
116.20100000000001	1.0
117.20100000000001	1.0
118.20100000000001	1.0
119.20100000000001	1.0
120.20100000000001	1.0
121.20100000000001	1.0
122.20100000000001	1.0
123.20100000000001	1.0
124.20100000000001	1.0
125.20100000000001	1.0
126.20100000000001	1.0
127.20100000000001	1.0
128.201	1.0
129.201	1.0
130.201	1.0
131.201	1.0
132.201	1.0
133.201	1.0
134.201	1.0
135.201	1.0
136.201	1.0
137.201	1.0
138.201	1.0
139.201	1.0
140.201	1.0
141.201	1.0
142.201	1.0
143.201	1.0
144.201	1.0
145.201	1.0
146.201	1.0
147.201	1.0
148.201	1.0
149.201	1.0
150.201	1.0
151.201	1.0
152.201	1.0
153.201	1.0
154.201	1.0
155.201	1.0
156.201	1.0
157.201	1.0
158.201	1.0
159.201	1.0
160.201	1.0
161.201	1.0
162.201	1.0
163.201	1.0
164.201	1.0
165.201	1.0
166.201	1.0
167.201	1.0
168.201	1.0
169.201	1.0
170.201	1.0
171.201	1.0
172.201	1.0
173.201	1.0
174.201	1.0
175.201	1.0
176.201	1.0
177.201	1.0
178.201	1.0
179.201	1.0
180.201	1.0
181.201	1.0
182.201	1.0
183.201	1.0
184.201	1.0
185.201	1.0
186.201	1.0
187.201	1.0
188.201	1.0
189.201	1.0
190.201	1.0
191.201	1.0
192.201	1.0
193.201	1.0
194.201	1.0
195.201	1.0
196.201	1.0
197.201	1.0
198.201	1.0
199.201	1.0
200.201	1.0
201.201	1.0
202.201	1.0
203.201	1.0
204.201	1.0
205.201	1.0
206.201	1.0
207.201	1.0
208.201	1.0
209.201	1.0
210.201	1.0
211.201	1.0
212.201	1.0
213.201	1.0
214.201	1.0
215.201	1.0
216.201	1.0
217.201	1.0
218.201	1.0
219.201	1.0
220.201	1.0
221.201	1.0
222.201	1.0
223.201	1.0
224.201	1.0
225.201	1.0
226.201	1.0
227.201	1.0
228.201	1.0
229.201	1.0
230.201	1.0
231.201	1.0
232.201	1.0
233.201	1.0
234.201	1.0
235.201	1.0
236.201	1.0
237.201	1.0
238.201	1.0
239.201	1.0
240.201	1.0
241.201	1.0
242.201	1.0
243.201	1.0
244.201	1.0
245.201	1.0
246.201	1.0
247.201	1.0
248.201	1.0
249.201	1.0
250.201	1.0
251.201	1.0
252.201	1.0
253.201	1.0
254.201	1.0
255.201	1.0
256.201	1.0
257.201	1.0
258.201	1.0
259.201	1.0
260.201	1.0
261.201	1.0
262.201	1.0
263.201	1.0
264.201	1.0
265.201	1.0
266.201	1.0
267.201	1.0
268.201	1.0
269.201	1.0
270.201	1.0
271.201	1.0
272.201	1.0
273.201	1.0
274.201	1.0
275.201	1.0
276.201	1.0
277.201	1.0
278.201	1.0
279.201	1.0
280.201	1.0
281.201	1.0
282.201	1.0
283.201	1.0
284.201	1.0
285.201	1.0
286.201	1.0
287.201	1.0
288.201	1.0
289.201	1.0
290.201	1.0
291.201	1.0
292.201	1.0
293.201	1.0
294.201	1.0
295.201	1.0
296.201	1.0
297.201	1.0
298.201	1.0
299.201	1.0
300.201	1.0
301.201	1.0
302.201	1.0
303.201	1.0
304.201	1.0
305.201	1.0
306.201	1.0
307.201	1.0
308.201	1.0
309.201	1.0
310.201	1.0
311.201	1.0
312.201	1.0
313.201	1.0
314.201	1.0
315.201	1.0
316.201	1.0
317.201	1.0
318.201	1.0
319.201	1.0
320.201	1.0
321.201	1.0
322.201	1.0
323.201	1.0
324.201	1.0
325.201	1.0
326.201	1.0
327.201	1.0
328.201	1.0
329.201	1.0
330.201	1.0
331.201	1.0
332.201	1.0
333.201	1.0
334.201	1.0
335.201	1.0
336.201	1.0
337.201	1.0
338.201	1.0
339.201	1.0
340.201	1.0
341.201	1.0
342.201	1.0
343.201	1.0
344.201	1.0
345.201	1.0
346.201	1.0
347.201	1.0
348.201	1.0
349.201	1.0
350.201	1.0
351.201	1.0
352.201	1.0
353.201	1.0
354.201	1.0
355.201	1.0
356.201	1.0
357.201	1.0
358.201	1.0
359.201	1.0
360.201	1.0
361.201	1.0
362.201	1.0
363.201	1.0
364.201	1.0
365.201	1.0
366.201	1.0
367.201	1.0
368.201	1.0
369.201	1.0
370.201	1.0
371.201	1.0
372.201	1.0
373.201	1.0
374.201	1.0
375.201	1.0
376.201	1.0
377.201	1.0
378.201	1.0
379.201	1.0
380.201	1.0
381.201	1.0
382.201	1.0
383.201	1.0
384.201	1.0
385.201	1.0
386.201	1.0
387.201	1.0
388.201	1.0
389.201	1.0
390.201	1.0
391.201	1.0
392.201	1.0
393.201	1.0
394.201	1.0
395.201	1.0
396.201	1.0
397.201	1.0
398.201	1.0
399.201	1.0
400.201	1.0
401.201	1.0
402.201	1.0
403.201	1.0
404.201	1.0
405.201	1.0
406.201	1.0
407.201	1.0
408.201	1.0
409.201	1.0
410.201	1.0
411.201	1.0
412.201	1.0
413.201	1.0
414.201	1.0
415.201	1.0
416.201	1.0
417.201	1.0
418.201	1.0
419.201	1.0
420.201	1.0
421.201	1.0
422.201	1.0
423.201	1.0
424.201	1.0
425.201	1.0
426.201	1.0
427.201	1.0
428.201	1.0
429.201	1.0
430.201	1.0
431.201	1.0
432.201	1.0
433.201	1.0
434.201	1.0
435.201	1.0
436.201	1.0
437.201	1.0
438.201	1.0
439.201	1.0
440.201	1.0
441.201	1.0
442.201	1.0
443.201	1.0
444.201	1.0
445.201	1.0
446.201	1.0
447.201	1.0
448.201	1.0
449.201	1.0
450.201	1.0
451.201	1.0
452.201	1.0
453.201	1.0
454.201	1.0
455.201	1.0
456.201	1.0
457.201	1.0
458.201	1.0
459.201	1.0
460.201	1.0
461.201	1.0
462.201	1.0
463.201	1.0
464.201	1.0
465.201	1.0
466.201	1.0
467.201	1.0
468.201	1.0
469.201	1.0
470.201	1.0
471.201	1.0
472.201	1.0
473.201	1.0
474.201	1.0
475.201	1.0
476.201	1.0
477.201	1.0
478.201	1.0
479.201	1.0
480.201	1.0
481.201	1.0
482.201	1.0
483.201	1.0
484.201	1.0
485.201	1.0
486.201	1.0
487.201	1.0
488.201	1.0
489.201	1.0
490.201	1.0
491.201	1.0
492.201	1.0
493.201	1.0
494.201	1.0
495.201	1.0
496.201	1.0
497.201	1.0
498.201	1.0
499.201	1.0
500.201	1.0
501.201	1.0
502.201	1.0
503.201	1.0
504.201	1.0
505.201	1.0
506.201	1.0
507.201	1.0
508.201	1.0
509.201	1.0
510.201	1.0
511.201	1.0
512.201	1.0
513.201	1.0
514.201	1.0
515.201	1.0
516.201	1.0
517.201	1.0
518.201	1.0
519.201	1.0
520.201	1.0
521.201	1.0
522.201	1.0
523.201	1.0
524.201	1.0
525.201	1.0
526.201	1.0
527.201	1.0
528.201	1.0
529.201	1.0
530.201	1.0
531.201	1.0
532.201	1.0
533.201	1.0
534.201	1.0
535.201	1.0
536.201	1.0
537.201	1.0
538.201	1.0
539.201	1.0
540.201	1.0
541.201	1.0
542.201	1.0
543.201	1.0
544.201	1.0
545.201	1.0
546.201	1.0
547.201	1.0
548.201	1.0
549.201	1.0
550.201	1.0
551.201	1.0
552.201	1.0
553.201	1.0
554.201	1.0
555.201	1.0
556.201	1.0
557.201	1.0
558.201	1.0
559.201	1.0
560.201	1.0
561.201	1.0
562.201	1.0
563.201	1.0
564.201	1.0
565.201	1.0
566.201	1.0
567.201	1.0
568.201	1.0
569.201	1.0
570.201	1.0
571.201	1.0
572.201	1.0
573.201	1.0
574.201	1.0
575.201	1.0
576.201	1.0
577.201	1.0
578.201	1.0
579.201	1.0
580.201	1.0
581.201	1.0
582.201	1.0
583.201	1.0
584.201	1.0
585.201	1.0
586.201	1.0
587.201	1.0
588.201	1.0
589.201	1.0
590.201	1.0
591.201	1.0
592.201	1.0
593.201	1.0
594.201	1.0
595.201	1.0
596.201	1.0
597.201	1.0
598.201	1.0
599.201	1.0
600.201	1.0
601.201	1.0
602.201	1.0
603.201	1.0
604.201	1.0
605.201	1.0
606.201	1.0
607.201	1.0
608.201	1.0
609.201	1.0
610.201	1.0
611.201	1.0
612.201	1.0
613.201	1.0
614.201	1.0
615.201	1.0
616.201	1.0
617.201	1.0
618.201	1.0
619.201	1.0
620.201	1.0
621.201	1.0
622.201	1.0
623.201	1.0
624.201	1.0
625.201	1.0
626.201	1.0
627.201	1.0
628.201	1.0
629.201	1.0
630.201	1.0
631.201	1.0
632.201	1.0
633.201	1.0
634.201	1.0
635.201	1.0
636.201	1.0
637.201	1.0
638.201	1.0
639.201	1.0
640.201	1.0
641.201	1.0
642.201	1.0
643.201	1.0
644.201	1.0
645.201	1.0
646.201	1.0
647.201	1.0
648.201	1.0
649.201	1.0
650.201	1.0
651.201	1.0
652.201	1.0
653.201	1.0
654.201	1.0
655.201	1.0
656.201	1.0
657.201	1.0
658.201	1.0
659.201	1.0
660.201	1.0
661.201	1.0
662.201	1.0
663.201	1.0
664.201	1.0
665.201	1.0
666.201	1.0
667.201	1.0
668.201	1.0
669.201	1.0
670.201	1.0
671.201	1.0
672.201	1.0
673.201	1.0
674.201	1.0
675.201	1.0
676.201	1.0
677.201	1.0
678.201	1.0
679.201	1.0
680.201	1.0
681.201	1.0
682.201	1.0
683.201	1.0
684.201	1.0
685.201	1.0
686.201	1.0
687.201	1.0
688.201	1.0
689.201	1.0
690.201	1.0
691.201	1.0
692.201	1.0
693.201	1.0
694.201	1.0
695.201	1.0
696.201	1.0
697.201	1.0
698.201	1.0
699.201	1.0
700.201	1.0
701.201	1.0
702.201	1.0
703.201	1.0
704.201	1.0
705.201	1.0
706.201	1.0
707.201	1.0
708.201	1.0
709.201	1.0
710.201	1.0
711.201	1.0
712.201	1.0
713.201	1.0
714.201	1.0
715.201	1.0
716.201	1.0
717.201	1.0
718.201	1.0
719.201	1.0
720.201	1.0
721.201	1.0
722.201	1.0
723.201	1.0
724.201	1.0
725.201	1.0
726.201	1.0
727.201	1.0
728.201	1.0
729.201	1.0
730.201	1.0
731.201	1.0
732.201	1.0
733.201	1.0
734.201	1.0
735.201	1.0
736.201	1.0
737.201	1.0
738.201	1.0
739.201	1.0
740.201	1.0
741.201	1.0
742.201	1.0
743.201	1.0
744.201	1.0
745.201	1.0
746.201	1.0
747.201	1.0
748.201	1.0
749.201	1.0
750.201	1.0
751.201	1.0
752.201	1.0
753.201	1.0
754.201	1.0
755.201	1.0
756.201	1.0
757.201	1.0
758.201	1.0
759.201	1.0
760.201	1.0
761.201	1.0
762.201	1.0
763.201	1.0
764.201	1.0
765.201	1.0
766.201	1.0
767.201	1.0
768.201	1.0
769.201	1.0
770.201	1.0
771.201	1.0
772.201	1.0
773.201	1.0
774.201	1.0
775.201	1.0
776.201	1.0
777.201	1.0
778.201	1.0
779.201	1.0
780.201	1.0
781.201	1.0
782.201	1.0
783.201	1.0
784.201	1.0
785.201	1.0
786.201	1.0
787.201	1.0
788.201	1.0
789.201	1.0
790.201	1.0
791.201	1.0
792.201	1.0
793.201	1.0
794.201	1.0
795.201	1.0
796.201	1.0
797.201	1.0
798.201	1.0
799.201	1.0
800.201	1.0
801.201	1.0
802.201	1.0
803.201	1.0
804.201	1.0
805.201	1.0
806.201	1.0
807.201	1.0
808.201	1.0
809.201	1.0
810.201	1.0
811.201	1.0
812.201	1.0
813.201	1.0
814.201	1.0
815.201	1.0
816.201	1.0
817.201	1.0
818.201	1.0
819.201	1.0
820.201	1.0
821.201	1.0
822.201	1.0
823.201	1.0
824.201	1.0
825.201	1.0
826.201	1.0
827.201	1.0
828.201	1.0
829.201	1.0
830.201	1.0
831.201	1.0
832.201	1.0
833.201	1.0
834.201	1.0
835.201	1.0
836.201	1.0
837.201	1.0
838.201	1.0
839.201	1.0
840.201	1.0
841.201	1.0
842.201	1.0
843.201	1.0
844.201	1.0
845.201	1.0
846.201	1.0
847.201	1.0
848.201	1.0
849.201	1.0
850.201	1.0
851.201	1.0
852.201	1.0
853.201	1.0
854.201	1.0
855.201	1.0
856.201	1.0
857.201	1.0
858.201	1.0
859.201	1.0
860.201	1.0
861.201	1.0
862.201	1.0
863.201	1.0
864.201	1.0
865.201	1.0
866.201	1.0
867.201	1.0
868.201	1.0
869.201	1.0
870.201	1.0
871.201	1.0
872.201	1.0
873.201	1.0
874.201	1.0
875.201	1.0
876.201	1.0
877.201	1.0
878.201	1.0
879.201	1.0
880.201	1.0
881.201	1.0
882.201	1.0
883.201	1.0
884.201	1.0
885.201	1.0
886.201	1.0
887.201	1.0
888.201	1.0
889.201	1.0
890.201	1.0
891.201	1.0
892.201	1.0
893.201	1.0
894.201	1.0
895.201	1.0
896.201	1.0
897.201	1.0
898.201	1.0
899.201	1.0
900.201	1.0
901.201	1.0
902.201	1.0
903.201	1.0
904.201	1.0
905.201	1.0
906.201	1.0
907.201	1.0
908.201	1.0
909.201	1.0
910.201	1.0
911.201	1.0
912.201	1.0
913.201	1.0
914.201	1.0
915.201	1.0
916.201	1.0
917.201	1.0
918.201	1.0
919.201	1.0
920.201	1.0
921.201	1.0
922.201	1.0
923.201	1.0
924.201	1.0
925.201	1.0
926.201	1.0
927.201	1.0
928.201	1.0
929.201	1.0
930.201	1.0
931.201	1.0
932.201	1.0
933.201	1.0
934.201	1.0
935.201	1.0
936.201	1.0
937.201	1.0
938.201	1.0
939.201	1.0
940.201	1.0
941.201	1.0
942.201	1.0
943.201	1.0
944.201	1.0
945.201	1.0
946.201	1.0
947.201	1.0
948.201	1.0
949.201	1.0
950.201	1.0
951.201	1.0
952.201	1.0
953.201	1.0
954.201	1.0
955.201	1.0
956.201	1.0
957.201	1.0
958.201	1.0
959.201	1.0
960.201	1.0
961.201	1.0
962.201	1.0
963.201	1.0
964.201	1.0
965.201	1.0
966.201	1.0
967.201	1.0
968.201	1.0
969.201	1.0
970.201	1.0
971.201	1.0
972.201	1.0
973.201	1.0
974.201	1.0
975.201	1.0
976.201	1.0
977.201	1.0
978.201	1.0
979.201	1.0
980.201	1.0
981.201	1.0
982.201	1.0
983.201	1.0
984.201	1.0
985.201	1.0
986.201	1.0
987.201	1.0
988.201	1.0
989.201	1.0
990.201	1.0
991.201	1.0
992.201	1.0
993.201	1.0
994.201	1.0
995.201	1.0
996.201	1.0
