0.15	0.5335322487669462
1.113	0.5167161902784102
2.075	0.5125290130923351
3.0380000000000003	0.5087860626917518
4.003	0.4841657943812425
4.968	0.48975354583524655
5.94	0.4999271172114493
6.906000000000001	0.4980730587195156
7.878	0.4962367990399763
8.844	0.4992288903740851
9.818	0.5539736766028533
10.782	0.5567112456620987
11.756	0.5564222771192644
12.715	0.5591408671677435
13.673	0.5378045937325028
14.63	0.5471926034516285
15.595	0.5556212487794904
16.562	0.5590906989532821
17.523	0.5966610355092935
18.489	0.6054308101528972
19.449	0.5399563277503517
20.421	0.5706738958035606
21.387	0.5782868376890721
22.352	0.5658306840774078
23.311	0.548495551986021
24.276	0.5468585290914028
25.239	0.5548521047281443
26.196	0.5415757312740253
27.168	0.5712224721701942
28.126	0.5939304491914029
29.083000000000002	0.6072516279924298
30.055	0.6187857041253515
31.021	0.6083484108301611
31.987000000000002	0.6053430097228852
32.936	0.6222455870313893
33.89	0.6444527212039197
34.855000000000004	0.6432601582800075
35.809	0.645113929128826
36.762	0.6555099873791069
37.721000000000004	0.6614950058216165
38.672000000000004	0.6675796023363614
39.616	0.6496765033628213
40.573	0.6544028019581022
41.538000000000004	0.6684597732597262
42.495	0.6711242633944862
43.443	0.6808802805197723
44.393	0.6802025304030254
45.355000000000004	0.697227847396305
46.31	0.7008566343543976
47.27	0.7269294003503265
48.233000000000004	0.7157608798205517
49.201	0.7297241282431266
50.162	0.7390237760993094
51.132	0.7327576871747193
52.096000000000004	0.7239073835898835
53.066	0.7172529678750962
54.026	0.6685153548903893
54.986000000000004	0.6345489969783297
55.954	0.6386409224729639
56.922000000000004	0.6541282526683517
57.882	0.6435709195234146
58.854	0.6565077482872149
59.83	0.654546787889187
60.797000000000004	0.6311674158936487
61.763	0.6227017210453198
62.738	0.5952378421716221
63.703	0.477787310437173
64.677	0.44108716050511043
65.652	0.47227038877477284
66.635	0.5268396128404287
67.608	0.5322198072396931
68.583	0.49551812105259413
69.555	0.4986436458707294
70.527	0.36473507749920997
71.509	0.5081882895122005
72.488	0.5764584929962786
73.464	0.5580606301421266
74.44	0.4626482760982845
75.417	0.4748353597120024
76.398	0.5239025764538126
77.379	0.5515364225772446
78.366	0.6267451986859798
79.342	0.4242929224756339
80.33200000000001	0.6731542224477881
81.313	0.5090955380215462
82.298	0.556602009583895
83.287	0.7005471908576816
84.277	0.7947105486242617
85.259	0.7093303962797947
86.249	0.7268595755456961
87.238	0.7650509362649983
88.223	0.49035581872766953
89.21300000000001	0.46924988630649944
90.203	0.3996298223316705
91.193	0.3888655372086325
92.184	0.4959099842474785
93.175	0.7104940458451998
94.166	0.6014009696473966
95.157	0.6406785064405998
96.141	0.18964127792699714
97.132	0.2754512755093209
98.123	0.49143650995358157
99.11	0.23546300881413795
100.101	0.22532209316276755
101.092	0.2355714643013901
102.083	0.23553399737673733
103.074	0.21473811244824204
104.065	0.20477439767948735
105.056	0.1954560830224421
106.047	0.1961667875401642
107.038	0.19652309537945434
108.029	0.19700822374408003
109.02	0.19833318274402614
110.011	0.19964357216618414
111.002	0.2007701710909783
111.99300000000001	0.16248185939378917
112.985	0.16992188867581354
113.977	0.16577355232939897
114.97	0.16476062585046347
115.96300000000001	0.16395525272851516
116.956	0.16175951630652716
117.949	0.16051070524332925
118.943	0.15844387204591112
119.937	0.15746410009836628
120.931	0.15719626361481215
121.926	0.35205565299247743
122.921	0.40979133862749656
123.916	0.42885938032317755
124.914	0.7523529912971968
125.906	0.35663769072669554
126.903	0.6519667119420967
127.898	0.5919535207693997
128.889	0.27666385055547016
129.883	0.3155592855617683
130.881	0.6782190732843918
131.877	0.6969939985098997
132.87	0.5193279456595997
133.87	0.8132632415128959
134.87	0.8987133585632384
135.861	0.7725829060767968
136.856	0.48416090460159866
137.856	0.7294374857791968
138.856	0.9025324563409879
139.847	0.877848860575687
140.847	0.914172611653586
141.843	0.8554944460772879
142.843	0.9023417769119049
143.834	0.6874604912129818
144.834	0.8933060534091508
145.834	0.920925573580079
146.827	0.5954077982784987
147.826	0.8829883112322711
148.826	0.950997906567962
149.824	0.9512138399999999
150.824	0.9903848189476
151.824	1.0
152.824	1.0
153.824	1.0
154.824	1.0
155.824	1.0
156.824	1.0
157.824	1.0
158.824	1.0
159.824	1.0
160.824	1.0
161.824	1.0
162.824	1.0
163.824	1.0
164.824	1.0
165.824	1.0
166.824	1.0
167.824	1.0
168.824	1.0
169.824	1.0
170.824	1.0
171.824	1.0
172.824	1.0
173.824	1.0
174.824	1.0
175.824	1.0
176.824	1.0
177.824	1.0
178.824	1.0
179.824	1.0
180.824	1.0
181.824	1.0
182.824	1.0
183.824	1.0
184.824	1.0
185.824	1.0
186.824	1.0
187.824	1.0
188.824	1.0
189.824	1.0
190.824	1.0
191.824	1.0
192.824	1.0
193.824	1.0
194.824	1.0
195.824	1.0
196.824	1.0
197.824	1.0
198.824	1.0
199.824	1.0
200.824	1.0
201.824	1.0
202.824	1.0
203.824	1.0
204.824	1.0
205.824	1.0
206.824	1.0
207.824	1.0
208.824	1.0
209.824	1.0
210.824	1.0
211.824	1.0
212.824	1.0
213.824	1.0
214.824	1.0
215.824	1.0
216.824	1.0
217.824	1.0
218.824	1.0
219.824	1.0
220.824	1.0
221.824	1.0
222.824	1.0
223.824	1.0
224.824	1.0
225.824	1.0
226.824	1.0
227.824	1.0
228.824	1.0
229.824	1.0
230.824	1.0
231.824	1.0
232.824	1.0
233.824	1.0
234.824	1.0
235.824	1.0
236.824	1.0
237.824	1.0
238.824	1.0
239.824	1.0
240.824	1.0
241.824	1.0
242.824	1.0
243.824	1.0
244.824	1.0
245.824	1.0
246.824	1.0
247.824	1.0
248.824	1.0
249.824	1.0
250.824	1.0
251.824	1.0
252.824	1.0
253.824	1.0
254.824	1.0
255.824	1.0
256.824	1.0
257.824	1.0
258.824	1.0
259.824	1.0
260.824	1.0
261.824	1.0
262.824	1.0
263.824	1.0
264.824	1.0
265.824	1.0
266.824	1.0
267.824	1.0
268.824	1.0
269.824	1.0
270.824	1.0
271.824	1.0
272.824	1.0
273.824	1.0
274.824	1.0
275.824	1.0
276.824	1.0
277.824	1.0
278.824	1.0
279.824	1.0
280.824	1.0
281.824	1.0
282.824	1.0
283.824	1.0
284.824	1.0
285.824	1.0
286.824	1.0
287.824	1.0
288.824	1.0
289.824	1.0
290.824	1.0
291.824	1.0
292.824	1.0
293.824	1.0
294.824	1.0
295.824	1.0
296.824	1.0
297.824	1.0
298.824	1.0
299.824	1.0
300.824	1.0
301.824	1.0
302.824	1.0
303.824	1.0
304.824	1.0
305.824	1.0
306.824	1.0
307.824	1.0
308.824	1.0
309.824	1.0
310.824	1.0
311.824	1.0
312.824	1.0
313.824	1.0
314.824	1.0
315.824	1.0
316.824	1.0
317.824	1.0
318.824	1.0
319.824	1.0
320.824	1.0
321.824	1.0
322.824	1.0
323.824	1.0
324.824	1.0
325.824	1.0
326.824	1.0
327.824	1.0
328.824	1.0
329.824	1.0
330.824	1.0
331.824	1.0
332.824	1.0
333.824	1.0
334.824	1.0
335.824	1.0
336.824	1.0
337.824	1.0
338.824	1.0
339.824	1.0
340.824	1.0
341.824	1.0
342.824	1.0
343.824	1.0
344.824	1.0
345.824	1.0
346.824	1.0
347.824	1.0
348.824	1.0
349.824	1.0
350.824	1.0
351.824	1.0
352.824	1.0
353.824	1.0
354.824	1.0
355.824	1.0
356.824	1.0
357.824	1.0
358.824	1.0
359.824	1.0
360.824	1.0
361.824	1.0
362.824	1.0
363.824	1.0
364.824	1.0
365.824	1.0
366.824	1.0
367.824	1.0
368.824	1.0
369.824	1.0
370.824	1.0
371.824	1.0
372.824	1.0
373.824	1.0
374.824	1.0
375.824	1.0
376.824	1.0
377.824	1.0
378.824	1.0
379.824	1.0
380.824	1.0
381.824	1.0
382.824	1.0
383.824	1.0
384.824	1.0
385.824	1.0
386.824	1.0
387.824	1.0
388.824	1.0
389.824	1.0
390.824	1.0
391.824	1.0
392.824	1.0
393.824	1.0
394.824	1.0
395.824	1.0
396.824	1.0
397.824	1.0
398.824	1.0
399.824	1.0
400.824	1.0
401.824	1.0
402.824	1.0
403.824	1.0
404.824	1.0
405.824	1.0
406.824	1.0
407.824	1.0
408.824	1.0
409.824	1.0
410.824	1.0
411.824	1.0
412.824	1.0
413.824	1.0
414.824	1.0
415.824	1.0
416.824	1.0
417.824	1.0
418.824	1.0
419.824	1.0
420.824	1.0
421.824	1.0
422.824	1.0
423.824	1.0
424.824	1.0
425.824	1.0
426.824	1.0
427.824	1.0
428.824	1.0
429.824	1.0
430.824	1.0
431.824	1.0
432.824	1.0
433.824	1.0
434.824	1.0
435.824	1.0
436.824	1.0
437.824	1.0
438.824	1.0
439.824	1.0
440.824	1.0
441.824	1.0
442.824	1.0
443.824	1.0
444.824	1.0
445.824	1.0
446.824	1.0
447.824	1.0
448.824	1.0
449.824	1.0
450.824	1.0
451.824	1.0
452.824	1.0
453.824	1.0
454.824	1.0
455.824	1.0
456.824	1.0
457.824	1.0
458.824	1.0
459.824	1.0
460.824	1.0
461.824	1.0
462.824	1.0
463.824	1.0
464.824	1.0
465.824	1.0
466.824	1.0
467.824	1.0
468.824	1.0
469.824	1.0
470.824	1.0
471.824	1.0
472.824	1.0
473.824	1.0
474.824	1.0
475.824	1.0
476.824	1.0
477.824	1.0
478.824	1.0
479.824	1.0
480.824	1.0
481.824	1.0
482.824	1.0
483.824	1.0
484.824	1.0
485.824	1.0
486.824	1.0
487.824	1.0
488.824	1.0
489.824	1.0
490.824	1.0
491.824	1.0
492.824	1.0
493.824	1.0
494.824	1.0
495.824	1.0
496.824	1.0
497.824	1.0
498.824	1.0
499.824	1.0
500.824	1.0
501.824	1.0
502.824	1.0
503.824	1.0
504.824	1.0
505.824	1.0
506.824	1.0
507.824	1.0
508.824	1.0
509.824	1.0
510.824	1.0
511.824	1.0
512.824	1.0
513.824	1.0
514.824	1.0
515.824	1.0
516.824	1.0
517.824	1.0
518.824	1.0
519.824	1.0
520.824	1.0
521.824	1.0
522.824	1.0
523.824	1.0
524.824	1.0
525.824	1.0
526.824	1.0
527.824	1.0
528.824	1.0
529.824	1.0
530.824	1.0
531.824	1.0
532.824	1.0
533.824	1.0
534.824	1.0
535.824	1.0
536.824	1.0
537.824	1.0
538.824	1.0
539.824	1.0
540.824	1.0
541.824	1.0
542.824	1.0
543.824	1.0
544.824	1.0
545.824	1.0
546.824	1.0
547.824	1.0
548.824	1.0
549.824	1.0
550.824	1.0
551.824	1.0
552.824	1.0
553.824	1.0
554.824	1.0
555.824	1.0
556.824	1.0
557.824	1.0
558.824	1.0
559.824	1.0
560.824	1.0
561.824	1.0
562.824	1.0
563.824	1.0
564.824	1.0
565.824	1.0
566.824	1.0
567.824	1.0
568.824	1.0
569.824	1.0
570.824	1.0
571.824	1.0
572.824	1.0
573.824	1.0
574.824	1.0
575.824	1.0
576.824	1.0
577.824	1.0
578.824	1.0
579.824	1.0
580.824	1.0
581.824	1.0
582.824	1.0
583.824	1.0
584.824	1.0
585.824	1.0
586.824	1.0
587.824	1.0
588.824	1.0
589.8240000000001	1.0
590.8240000000001	1.0
591.8240000000001	1.0
592.8240000000001	1.0
593.8240000000001	1.0
594.8240000000001	1.0
595.8240000000001	1.0
596.8240000000001	1.0
597.8240000000001	1.0
598.8240000000001	1.0
599.8240000000001	1.0
600.8240000000001	1.0
601.8240000000001	1.0
602.8240000000001	1.0
603.8240000000001	1.0
604.8240000000001	1.0
605.8240000000001	1.0
606.8240000000001	1.0
607.8240000000001	1.0
608.8240000000001	1.0
609.8240000000001	1.0
610.8240000000001	1.0
611.8240000000001	1.0
612.8240000000001	1.0
613.8240000000001	1.0
614.8240000000001	1.0
615.8240000000001	1.0
616.8240000000001	1.0
617.8240000000001	1.0
618.8240000000001	1.0
619.8240000000001	1.0
620.8240000000001	1.0
621.8240000000001	1.0
622.8240000000001	1.0
623.8240000000001	1.0
624.8240000000001	1.0
625.8240000000001	1.0
626.8240000000001	1.0
627.8240000000001	1.0
628.8240000000001	1.0
629.8240000000001	1.0
630.8240000000001	1.0
631.8240000000001	1.0
632.8240000000001	1.0
633.8240000000001	1.0
634.8240000000001	1.0
635.8240000000001	1.0
636.8240000000001	1.0
637.8240000000001	1.0
638.8240000000001	1.0
639.8240000000001	1.0
640.8240000000001	1.0
641.8240000000001	1.0
642.8240000000001	1.0
643.8240000000001	1.0
644.8240000000001	1.0
645.8240000000001	1.0
646.8240000000001	1.0
647.8240000000001	1.0
648.8240000000001	1.0
649.8240000000001	1.0
650.8240000000001	1.0
651.8240000000001	1.0
652.8240000000001	1.0
653.8240000000001	1.0
654.8240000000001	1.0
655.8240000000001	1.0
656.8240000000001	1.0
657.8240000000001	1.0
658.8240000000001	1.0
659.8240000000001	1.0
660.8240000000001	1.0
661.8240000000001	1.0
662.8240000000001	1.0
663.8240000000001	1.0
664.8240000000001	1.0
665.8240000000001	1.0
666.8240000000001	1.0
667.8240000000001	1.0
668.8240000000001	1.0
669.8240000000001	1.0
670.8240000000001	1.0
671.8240000000001	1.0
672.8240000000001	1.0
673.8240000000001	1.0
674.8240000000001	1.0
675.8240000000001	1.0
676.8240000000001	1.0
677.8240000000001	1.0
678.8240000000001	1.0
679.8240000000001	1.0
680.8240000000001	1.0
681.8240000000001	1.0
682.8240000000001	1.0
683.8240000000001	1.0
684.8240000000001	1.0
685.8240000000001	1.0
686.8240000000001	1.0
687.8240000000001	1.0
688.8240000000001	1.0
689.8240000000001	1.0
690.8240000000001	1.0
691.8240000000001	1.0
692.8240000000001	1.0
693.8240000000001	1.0
694.8240000000001	1.0
695.8240000000001	1.0
696.8240000000001	1.0
697.8240000000001	1.0
698.8240000000001	1.0
699.8240000000001	1.0
700.8240000000001	1.0
701.8240000000001	1.0
702.8240000000001	1.0
703.8240000000001	1.0
704.8240000000001	1.0
705.8240000000001	1.0
706.8240000000001	1.0
707.8240000000001	1.0
708.8240000000001	1.0
709.8240000000001	1.0
710.8240000000001	1.0
711.8240000000001	1.0
712.8240000000001	1.0
713.8240000000001	1.0
714.8240000000001	1.0
715.8240000000001	1.0
716.8240000000001	1.0
717.8240000000001	1.0
718.8240000000001	1.0
719.8240000000001	1.0
720.8240000000001	1.0
721.8240000000001	1.0
722.8240000000001	1.0
723.8240000000001	1.0
724.8240000000001	1.0
725.8240000000001	1.0
726.8240000000001	1.0
727.8240000000001	1.0
728.8240000000001	1.0
729.8240000000001	1.0
730.8240000000001	1.0
731.8240000000001	1.0
732.8240000000001	1.0
733.8240000000001	1.0
734.8240000000001	1.0
735.8240000000001	1.0
736.8240000000001	1.0
737.8240000000001	1.0
738.8240000000001	1.0
739.8240000000001	1.0
740.8240000000001	1.0
741.8240000000001	1.0
742.8240000000001	1.0
743.8240000000001	1.0
744.8240000000001	1.0
745.8240000000001	1.0
746.8240000000001	1.0
747.8240000000001	1.0
748.8240000000001	1.0
749.8240000000001	1.0
750.8240000000001	1.0
751.8240000000001	1.0
752.8240000000001	1.0
753.8240000000001	1.0
754.8240000000001	1.0
755.8240000000001	1.0
756.8240000000001	1.0
757.8240000000001	1.0
758.8240000000001	1.0
759.8240000000001	1.0
760.8240000000001	1.0
761.8240000000001	1.0
762.8240000000001	1.0
763.8240000000001	1.0
764.8240000000001	1.0
765.8240000000001	1.0
766.8240000000001	1.0
767.8240000000001	1.0
768.8240000000001	1.0
769.8240000000001	1.0
770.8240000000001	1.0
771.8240000000001	1.0
772.8240000000001	1.0
773.8240000000001	1.0
774.8240000000001	1.0
775.8240000000001	1.0
776.8240000000001	1.0
777.8240000000001	1.0
778.8240000000001	1.0
779.8240000000001	1.0
780.8240000000001	1.0
781.8240000000001	1.0
782.8240000000001	1.0
783.8240000000001	1.0
784.8240000000001	1.0
785.8240000000001	1.0
786.8240000000001	1.0
787.8240000000001	1.0
788.8240000000001	1.0
789.8240000000001	1.0
790.8240000000001	1.0
791.8240000000001	1.0
792.8240000000001	1.0
793.8240000000001	1.0
794.8240000000001	1.0
795.8240000000001	1.0
796.8240000000001	1.0
797.8240000000001	1.0
798.8240000000001	1.0
799.8240000000001	1.0
800.8240000000001	1.0
801.8240000000001	1.0
802.8240000000001	1.0
803.8240000000001	1.0
804.8240000000001	1.0
805.8240000000001	1.0
806.8240000000001	1.0
807.8240000000001	1.0
808.8240000000001	1.0
809.8240000000001	1.0
810.8240000000001	1.0
811.8240000000001	1.0
812.8240000000001	1.0
813.8240000000001	1.0
814.8240000000001	1.0
815.8240000000001	1.0
816.8240000000001	1.0
817.8240000000001	1.0
818.8240000000001	1.0
819.8240000000001	1.0
820.8240000000001	1.0
821.8240000000001	1.0
822.8240000000001	1.0
823.8240000000001	1.0
824.8240000000001	1.0
825.8240000000001	1.0
826.8240000000001	1.0
827.8240000000001	1.0
828.8240000000001	1.0
829.8240000000001	1.0
830.8240000000001	1.0
831.8240000000001	1.0
832.8240000000001	1.0
833.8240000000001	1.0
834.8240000000001	1.0
835.8240000000001	1.0
836.8240000000001	1.0
837.8240000000001	1.0
838.8240000000001	1.0
839.8240000000001	1.0
840.8240000000001	1.0
841.8240000000001	1.0
842.8240000000001	1.0
843.8240000000001	1.0
844.8240000000001	1.0
845.8240000000001	1.0
846.8240000000001	1.0
847.8240000000001	1.0
848.8240000000001	1.0
849.8240000000001	1.0
850.8240000000001	1.0
851.8240000000001	1.0
852.8240000000001	1.0
853.8240000000001	1.0
854.8240000000001	1.0
855.8240000000001	1.0
856.8240000000001	1.0
857.8240000000001	1.0
858.8240000000001	1.0
859.8240000000001	1.0
860.8240000000001	1.0
861.8240000000001	1.0
862.8240000000001	1.0
863.8240000000001	1.0
864.8240000000001	1.0
865.8240000000001	1.0
866.8240000000001	1.0
867.8240000000001	1.0
868.8240000000001	1.0
869.8240000000001	1.0
870.8240000000001	1.0
871.8240000000001	1.0
872.8240000000001	1.0
873.8240000000001	1.0
874.8240000000001	1.0
875.8240000000001	1.0
876.8240000000001	1.0
877.8240000000001	1.0
878.8240000000001	1.0
879.8240000000001	1.0
880.8240000000001	1.0
881.8240000000001	1.0
882.8240000000001	1.0
883.8240000000001	1.0
884.8240000000001	1.0
885.8240000000001	1.0
886.8240000000001	1.0
887.8240000000001	1.0
888.8240000000001	1.0
889.8240000000001	1.0
890.8240000000001	1.0
891.8240000000001	1.0
892.8240000000001	1.0
893.8240000000001	1.0
894.8240000000001	1.0
895.8240000000001	1.0
896.8240000000001	1.0
897.8240000000001	1.0
898.8240000000001	1.0
899.8240000000001	1.0
900.8240000000001	1.0
901.8240000000001	1.0
902.8240000000001	1.0
903.8240000000001	1.0
904.8240000000001	1.0
905.8240000000001	1.0
906.8240000000001	1.0
907.8240000000001	1.0
908.8240000000001	1.0
909.8240000000001	1.0
910.8240000000001	1.0
911.8240000000001	1.0
912.8240000000001	1.0
913.8240000000001	1.0
914.8240000000001	1.0
915.8240000000001	1.0
916.8240000000001	1.0
917.8240000000001	1.0
918.8240000000001	1.0
919.8240000000001	1.0
920.8240000000001	1.0
921.8240000000001	1.0
922.8240000000001	1.0
923.8240000000001	1.0
924.8240000000001	1.0
925.8240000000001	1.0
926.8240000000001	1.0
927.8240000000001	1.0
928.8240000000001	1.0
929.8240000000001	1.0
930.8240000000001	1.0
931.8240000000001	1.0
932.8240000000001	1.0
933.8240000000001	1.0
934.8240000000001	1.0
935.8240000000001	1.0
936.8240000000001	1.0
937.8240000000001	1.0
938.8240000000001	1.0
939.8240000000001	1.0
940.8240000000001	1.0
941.8240000000001	1.0
942.8240000000001	1.0
943.8240000000001	1.0
944.8240000000001	1.0
945.8240000000001	1.0
946.8240000000001	1.0
947.8240000000001	1.0
948.8240000000001	1.0
949.8240000000001	1.0
950.8240000000001	1.0
951.8240000000001	1.0
952.8240000000001	1.0
953.8240000000001	1.0
954.8240000000001	1.0
955.8240000000001	1.0
956.8240000000001	1.0
957.8240000000001	1.0
958.8240000000001	1.0
959.8240000000001	1.0
960.8240000000001	1.0
961.8240000000001	1.0
962.8240000000001	1.0
963.8240000000001	1.0
964.8240000000001	1.0
965.8240000000001	1.0
966.8240000000001	1.0
967.8240000000001	1.0
968.8240000000001	1.0
969.8240000000001	1.0
970.8240000000001	1.0
971.8240000000001	1.0
972.8240000000001	1.0
973.8240000000001	1.0
974.8240000000001	1.0
975.8240000000001	1.0
976.8240000000001	1.0
977.8240000000001	1.0
978.8240000000001	1.0
979.8240000000001	1.0
980.8240000000001	1.0
981.8240000000001	1.0
982.8240000000001	1.0
983.8240000000001	1.0
984.8240000000001	1.0
985.8240000000001	1.0
986.8240000000001	1.0
987.8240000000001	1.0
988.8240000000001	1.0
989.8240000000001	1.0
990.8240000000001	1.0
991.8240000000001	1.0
992.8240000000001	1.0
993.8240000000001	1.0
994.8240000000001	1.0
995.8240000000001	1.0
