0.961	0.44365898099307816
1.934	0.44858039266577493
2.916	0.43452195395693016
3.894	0.4537640359036761
4.866	0.49008476058831896
5.84	0.5270725392180744
6.816	0.5432351794184666
7.783	0.5479734808019571
8.752	0.5821236666265857
9.712	0.5732941587836846
10.679	0.5887222709837919
11.637	0.5726600938192736
12.597	0.6021783373958134
13.562000000000001	0.5904424861472622
14.522	0.623887235917337
15.483	0.612907494592999
16.436	0.6020129932128588
17.396	0.5944483822374795
18.347	0.6186317473881111
19.305	0.6150123884060598
20.267	0.6286584375691108
21.217	0.6209039530063464
22.196	0.6176323026302272
23.156	0.6243790506292697
24.106	0.6291473232919285
25.064	0.5988445996547312
26.021	0.6167705964308446
26.975	0.5318884533183607
27.934	0.47994077245652134
28.899	0.48879547720853167
29.868000000000002	0.4850554934298066
30.844	0.5150986608572271
31.809	0.42917005638724265
32.774	0.44984523922038183
33.741	0.42800060033823173
34.709	0.4327616668312195
35.68	0.48563381407849154
36.647	0.4558907590738822
37.623	0.5034764788899142
38.602000000000004	0.5111018244151582
39.571	0.5052664325034187
40.54	0.5147811093814445
41.511	0.5305352920631717
42.482	0.5721918234693727
43.46	0.582633298743159
44.42	0.5880742472555457
45.389	0.5883647401632915
46.358000000000004	0.6237063115876914
47.321	0.6149123299474659
48.284	0.6093725616363332
49.239000000000004	0.5823025084241797
50.214	0.6062576557772993
51.18	0.5878894153059364
52.14	0.565428894208787
53.102000000000004	0.573593868912139
54.072	0.5829288417986392
55.059000000000005	0.58653679984415
56.022	0.6183265430110148
56.991	0.6245317754601728
57.966	0.6200847486893667
58.931000000000004	0.6265396018567073
59.905	0.6280402975896615
60.879	0.6508898517635427
61.845	0.6628030017199086
62.801	0.6725841356138058
63.776	0.6736904807109834
64.74	0.668434973387446
65.686	0.6706334271418097
66.659	0.6961583311878017
67.618	0.6751126172871815
68.574	0.6487539229356291
69.542	0.649957771622846
70.51	0.6681030773578128
71.474	0.6535200209575031
72.438	0.6393563616830353
73.401	0.6531484008507134
74.365	0.6094809860956151
75.333	0.6340871839314649
76.295	0.5844103538583671
77.259	0.5517864238116615
78.237	0.5639206376716012
79.208	0.514863474005647
80.179	0.4750140356788598
81.159	0.5252200203264379
82.133	0.5118489882680595
83.112	0.6203522521957019
84.095	0.6482983916258768
85.069	0.6651694562327123
86.043	0.6510625742560673
87.02	0.6546575374504209
87.996	0.6384076051888895
88.962	0.6033748798087017
89.94800000000001	0.686051213640775
90.921	0.6652196137344317
91.903	0.6479172163019737
92.874	0.6694589887998101
93.851	0.7557724231267953
94.82000000000001	0.7346392785060247
95.788	0.6427151004955953
96.759	0.4723293957584047
97.736	0.43306345254762996
98.71300000000001	0.366041642321359
99.69200000000001	0.38629046351689994
100.678	0.5774705967124754
101.655	0.5509155748016334
102.636	0.549164199811907
103.623	0.7003716322358448
104.593	0.5321390585488015
105.574	0.5417220366750864
106.56	0.7056476408527917
107.546	0.7525350250032109
108.528	0.8101180015988905
109.502	0.6417640069585887
110.48100000000001	0.5173320149479705
111.468	0.5459573791716754
112.45400000000001	0.6129064687569055
113.434	0.6039857058843343
114.42	0.6693055476039937
115.399	0.6150960821618766
116.384	0.6337176623552235
117.36500000000001	0.6258237363485537
118.351	0.6749653905374987
119.33200000000001	0.6367566673856787
120.315	0.6551056004655956
121.291	0.5329086438348666
122.276	0.6588141189780977
123.262	0.6854332101027899
124.248	0.6939347384426888
125.23400000000001	0.7696871397645358
126.212	0.7340787298234008
127.19500000000001	0.7856485919979839
128.17600000000002	0.6516009490678836
129.161	0.5722076503589997
130.14600000000002	0.4944130739000886
131.131	0.4055704590834456
132.116	0.44560374229508454
133.093	0.35125690675454135
134.078	0.6039107121647206
135.059	0.6647747596385477
136.044	0.7513924445217538
137.029	0.7425202022065999
138.004	0.41442461663228847
138.989	0.2184178541310175
139.975	0.14020926682554247
140.969	0.5588632324774904
141.963	0.821439279537472
142.948	0.7240003090608547
143.93200000000002	0.2716932057301841
144.916	0.24419303368324324
145.9	0.13984809792760874
146.889	0.16484097611808846
147.883	0.5427246776500906
148.867	0.5638718608229305
149.851	0.2995700108500067
150.835	0.08738853633708667
151.823	0.10540287396393257
152.811	0.10569025412561939
153.799	0.09608442075456765
154.787	0.09560722088568355
155.775	0.096341013748594
156.763	0.09536695365118891
157.75	0.09662676747692972
158.737	0.08862734963909069
159.724	0.0901361202076381
160.711	0.0881718530663219
161.698	0.08926280895386868
162.685	0.08971223586022607
163.672	0.09034284387648435
164.65800000000002	0.09312349847003185
165.645	0.09479345657468122
166.631	0.09679475050982671
167.617	0.09855905413825639
168.603	0.10029217901506166
169.589	0.10168922223135665
170.57500000000002	0.10268920300113203
171.561	0.1035258498191683
172.547	0.10428568081652642
173.53300000000002	0.1065322861490031
174.518	0.10861681090299946
175.50300000000001	0.11227812332653073
176.488	0.11488513723812507
177.473	0.11673495704618225
178.458	0.11640560416633175
179.442	0.11731627927670768
180.42600000000002	0.12080585902751288
181.41	0.12380546206028745
182.394	0.12756052174644159
183.37800000000001	0.13229295926019133
184.362	0.1366445376041094
185.344	0.13130736436058496
186.32500000000002	0.14719101590841072
187.31300000000002	0.1341355707915477
188.311	0.1273093012443297
189.31	0.11179258123183483
190.31	0.2479926275784701
191.29500000000002	0.4891917372304295
192.276	0.4025458382160833
193.266	0.6440573547749513
194.256	0.7895703694284331
195.237	0.5174969246652535
196.223	0.40122788806998644
197.21200000000002	0.49818252258278967
198.202	0.5750540158459656
199.193	0.7219876435659712
200.183	0.8305436330219629
201.172	0.791433978004259
202.162	0.8104091362853653
203.15200000000002	0.8690832592558215
204.142	0.6902546366518257
205.132	0.699639284164123
206.108	0.28847564895193395
207.089	0.28111613538057506
208.078	0.7190497807713332
209.062	0.8144942582546442
210.037	0.7480111410126803
211.011	0.7013144589453719
211.992	0.7506486145450417
212.97	0.49859828969584463
213.951	0.501265809174264
214.933	0.48309933198725147
215.91400000000002	0.5340029690040294
216.895	0.34161445379439287
217.886	0.45702779035799856
218.876	0.5445367696552175
219.866	0.7310920994531928
220.857	0.8280204198165335
221.848	0.906084466539196
222.839	0.9053594917204468
223.834	0.911177974369781
224.815	0.7907068533994406
225.804	0.48259349723849865
226.794	0.5505192142043897
227.784	0.5798307327564927
228.774	0.48060447779839954
229.76500000000001	0.6488179195973948
230.756	0.8569400643016155
231.745	0.5294167136192987
232.735	0.4413437131476975
233.726	0.8056676681592546
234.717	0.9123239717949887
235.708	0.9507055882952755
236.699	0.9115644406849681
237.69	0.8823957365689759
238.681	0.8829651995039859
239.669	0.8806104171699064
240.668	0.6884641287694998
241.663	0.99006
242.663	1.0
243.663	1.0
244.663	1.0
245.663	1.0
246.663	1.0
247.663	1.0
248.663	1.0
249.663	1.0
250.663	1.0
251.663	1.0
252.663	1.0
253.663	1.0
254.663	1.0
255.663	1.0
256.663	1.0
257.663	1.0
258.663	1.0
259.663	1.0
260.663	1.0
261.663	1.0
262.663	1.0
263.663	1.0
264.663	1.0
265.663	1.0
266.663	1.0
267.663	1.0
268.663	1.0
269.663	1.0
270.663	1.0
271.663	1.0
272.663	1.0
273.663	1.0
274.663	1.0
275.663	1.0
276.663	1.0
277.663	1.0
278.663	1.0
279.663	1.0
280.663	1.0
281.663	1.0
282.663	1.0
283.663	1.0
284.663	1.0
285.663	1.0
286.663	1.0
287.663	1.0
288.663	1.0
289.663	1.0
290.663	1.0
291.663	1.0
292.663	1.0
293.663	1.0
294.663	1.0
295.663	1.0
296.663	1.0
297.663	1.0
298.663	1.0
299.663	1.0
300.663	1.0
301.663	1.0
302.663	1.0
303.663	1.0
304.663	1.0
305.663	1.0
306.663	1.0
307.663	1.0
308.663	1.0
309.663	1.0
310.663	1.0
311.663	1.0
312.663	1.0
313.663	1.0
314.663	1.0
315.663	1.0
316.663	1.0
317.663	1.0
318.663	1.0
319.663	1.0
320.663	1.0
321.663	1.0
322.663	1.0
323.663	1.0
324.663	1.0
325.663	1.0
326.663	1.0
327.663	1.0
328.663	1.0
329.663	1.0
330.663	1.0
331.663	1.0
332.663	1.0
333.663	1.0
334.663	1.0
335.663	1.0
336.663	1.0
337.663	1.0
338.663	1.0
339.663	1.0
340.663	1.0
341.663	1.0
342.663	1.0
343.663	1.0
344.663	1.0
345.663	1.0
346.663	1.0
347.663	1.0
348.663	1.0
349.663	1.0
350.663	1.0
351.663	1.0
352.663	1.0
353.663	1.0
354.663	1.0
355.663	1.0
356.663	1.0
357.663	1.0
358.663	1.0
359.663	1.0
360.663	1.0
361.663	1.0
362.663	1.0
363.663	1.0
364.663	1.0
365.663	1.0
366.663	1.0
367.663	1.0
368.663	1.0
369.663	1.0
370.663	1.0
371.663	1.0
372.663	1.0
373.663	1.0
374.663	1.0
375.663	1.0
376.663	1.0
377.663	1.0
378.663	1.0
379.663	1.0
380.663	1.0
381.663	1.0
382.663	1.0
383.663	1.0
384.663	1.0
385.663	1.0
386.663	1.0
387.663	1.0
388.663	1.0
389.663	1.0
390.663	1.0
391.663	1.0
392.663	1.0
393.663	1.0
394.663	1.0
395.663	1.0
396.663	1.0
397.663	1.0
398.663	1.0
399.663	1.0
400.663	1.0
401.663	1.0
402.663	1.0
403.663	1.0
404.663	1.0
405.663	1.0
406.663	1.0
407.663	1.0
408.663	1.0
409.663	1.0
410.663	1.0
411.663	1.0
412.663	1.0
413.663	1.0
414.663	1.0
415.663	1.0
416.663	1.0
417.663	1.0
418.663	1.0
419.663	1.0
420.663	1.0
421.663	1.0
422.663	1.0
423.663	1.0
424.663	1.0
425.663	1.0
426.663	1.0
427.663	1.0
428.663	1.0
429.663	1.0
430.663	1.0
431.663	1.0
432.663	1.0
433.663	1.0
434.663	1.0
435.663	1.0
436.663	1.0
437.663	1.0
438.663	1.0
439.663	1.0
440.663	1.0
441.663	1.0
442.663	1.0
443.663	1.0
444.663	1.0
445.663	1.0
446.663	1.0
447.663	1.0
448.663	1.0
449.663	1.0
450.663	1.0
451.663	1.0
452.663	1.0
453.663	1.0
454.663	1.0
455.663	1.0
456.663	1.0
457.663	1.0
458.663	1.0
459.663	1.0
460.663	1.0
461.663	1.0
462.663	1.0
463.663	1.0
464.663	1.0
465.663	1.0
466.663	1.0
467.663	1.0
468.663	1.0
469.663	1.0
470.663	1.0
471.663	1.0
472.663	1.0
473.663	1.0
474.663	1.0
475.663	1.0
476.663	1.0
477.663	1.0
478.663	1.0
479.663	1.0
480.663	1.0
481.663	1.0
482.663	1.0
483.663	1.0
484.663	1.0
485.663	1.0
486.663	1.0
487.663	1.0
488.663	1.0
489.663	1.0
490.663	1.0
491.663	1.0
492.663	1.0
493.663	1.0
494.663	1.0
495.663	1.0
496.663	1.0
497.663	1.0
498.663	1.0
499.663	1.0
500.663	1.0
501.663	1.0
502.663	1.0
503.663	1.0
504.663	1.0
505.663	1.0
506.663	1.0
507.663	1.0
508.663	1.0
509.663	1.0
510.663	1.0
511.663	1.0
512.663	1.0
513.663	1.0
514.663	1.0
515.663	1.0
516.663	1.0
517.663	1.0
518.663	1.0
519.663	1.0
520.663	1.0
521.663	1.0
522.663	1.0
523.663	1.0
524.663	1.0
525.663	1.0
526.663	1.0
527.663	1.0
528.663	1.0
529.663	1.0
530.663	1.0
531.663	1.0
532.663	1.0
533.663	1.0
534.663	1.0
535.663	1.0
536.663	1.0
537.663	1.0
538.663	1.0
539.663	1.0
540.663	1.0
541.663	1.0
542.663	1.0
543.663	1.0
544.663	1.0
545.663	1.0
546.663	1.0
547.663	1.0
548.663	1.0
549.663	1.0
550.663	1.0
551.663	1.0
552.663	1.0
553.663	1.0
554.663	1.0
555.663	1.0
556.663	1.0
557.663	1.0
558.663	1.0
559.663	1.0
560.663	1.0
561.663	1.0
562.663	1.0
563.663	1.0
564.663	1.0
565.663	1.0
566.663	1.0
567.663	1.0
568.663	1.0
569.663	1.0
570.663	1.0
571.663	1.0
572.663	1.0
573.663	1.0
574.663	1.0
575.663	1.0
576.663	1.0
577.663	1.0
578.663	1.0
579.663	1.0
580.663	1.0
581.663	1.0
582.663	1.0
583.663	1.0
584.663	1.0
585.663	1.0
586.663	1.0
587.663	1.0
588.663	1.0
589.663	1.0
590.663	1.0
591.663	1.0
592.663	1.0
593.663	1.0
594.663	1.0
595.663	1.0
596.663	1.0
597.663	1.0
598.663	1.0
599.663	1.0
600.663	1.0
601.663	1.0
602.663	1.0
603.663	1.0
604.663	1.0
605.663	1.0
606.663	1.0
607.663	1.0
608.663	1.0
609.663	1.0
610.663	1.0
611.663	1.0
612.663	1.0
613.663	1.0
614.663	1.0
615.663	1.0
616.663	1.0
617.663	1.0
618.663	1.0
619.663	1.0
620.663	1.0
621.663	1.0
622.663	1.0
623.663	1.0
624.663	1.0
625.663	1.0
626.663	1.0
627.663	1.0
628.663	1.0
629.663	1.0
630.663	1.0
631.663	1.0
632.663	1.0
633.663	1.0
634.663	1.0
635.663	1.0
636.663	1.0
637.663	1.0
638.663	1.0
639.663	1.0
640.663	1.0
641.663	1.0
642.663	1.0
643.663	1.0
644.663	1.0
645.663	1.0
646.663	1.0
647.663	1.0
648.663	1.0
649.663	1.0
650.663	1.0
651.663	1.0
652.663	1.0
653.663	1.0
654.663	1.0
655.663	1.0
656.663	1.0
657.663	1.0
658.663	1.0
659.663	1.0
660.663	1.0
661.663	1.0
662.663	1.0
663.663	1.0
664.663	1.0
665.663	1.0
666.663	1.0
667.663	1.0
668.663	1.0
669.663	1.0
670.663	1.0
671.663	1.0
672.663	1.0
673.663	1.0
674.663	1.0
675.663	1.0
676.663	1.0
677.663	1.0
678.663	1.0
679.663	1.0
680.663	1.0
681.663	1.0
682.663	1.0
683.663	1.0
684.663	1.0
685.663	1.0
686.663	1.0
687.663	1.0
688.663	1.0
689.663	1.0
690.663	1.0
691.663	1.0
692.663	1.0
693.663	1.0
694.663	1.0
695.663	1.0
696.663	1.0
697.663	1.0
698.663	1.0
699.663	1.0
700.663	1.0
701.663	1.0
702.663	1.0
703.663	1.0
704.663	1.0
705.663	1.0
706.663	1.0
707.663	1.0
708.663	1.0
709.663	1.0
710.663	1.0
711.663	1.0
712.663	1.0
713.663	1.0
714.663	1.0
715.663	1.0
716.663	1.0
717.663	1.0
718.663	1.0
719.663	1.0
720.663	1.0
721.663	1.0
722.663	1.0
723.663	1.0
724.663	1.0
725.663	1.0
726.663	1.0
727.663	1.0
728.663	1.0
729.663	1.0
730.663	1.0
731.663	1.0
732.663	1.0
733.663	1.0
734.663	1.0
735.663	1.0
736.663	1.0
737.663	1.0
738.663	1.0
739.663	1.0
740.663	1.0
741.663	1.0
742.663	1.0
743.663	1.0
744.663	1.0
745.663	1.0
746.663	1.0
747.663	1.0
748.663	1.0
749.663	1.0
750.663	1.0
751.663	1.0
752.663	1.0
753.663	1.0
754.663	1.0
755.663	1.0
756.663	1.0
757.663	1.0
758.663	1.0
759.663	1.0
760.663	1.0
761.663	1.0
762.663	1.0
763.663	1.0
764.663	1.0
765.663	1.0
766.663	1.0
767.663	1.0
768.663	1.0
769.663	1.0
770.663	1.0
771.663	1.0
772.663	1.0
773.663	1.0
774.663	1.0
775.663	1.0
776.663	1.0
777.663	1.0
778.663	1.0
779.663	1.0
780.663	1.0
781.663	1.0
782.663	1.0
783.663	1.0
784.663	1.0
785.663	1.0
786.663	1.0
787.663	1.0
788.663	1.0
789.663	1.0
790.663	1.0
791.663	1.0
792.663	1.0
793.663	1.0
794.663	1.0
795.663	1.0
796.663	1.0
797.663	1.0
798.663	1.0
799.663	1.0
800.663	1.0
801.663	1.0
802.663	1.0
803.663	1.0
804.663	1.0
805.663	1.0
806.663	1.0
807.663	1.0
808.663	1.0
809.663	1.0
810.663	1.0
811.663	1.0
812.663	1.0
813.663	1.0
814.663	1.0
815.663	1.0
816.663	1.0
817.663	1.0
818.663	1.0
819.663	1.0
820.663	1.0
821.663	1.0
822.663	1.0
823.663	1.0
824.663	1.0
825.663	1.0
826.663	1.0
827.663	1.0
828.663	1.0
829.663	1.0
830.663	1.0
831.663	1.0
832.663	1.0
833.663	1.0
834.663	1.0
835.663	1.0
836.663	1.0
837.663	1.0
838.663	1.0
839.663	1.0
840.663	1.0
841.663	1.0
842.663	1.0
843.663	1.0
844.663	1.0
845.663	1.0
846.663	1.0
847.663	1.0
848.663	1.0
849.663	1.0
850.663	1.0
851.663	1.0
852.663	1.0
853.663	1.0
854.663	1.0
855.663	1.0
856.663	1.0
857.663	1.0
858.663	1.0
859.663	1.0
860.663	1.0
861.663	1.0
862.663	1.0
863.663	1.0
864.663	1.0
865.663	1.0
866.663	1.0
867.663	1.0
868.663	1.0
869.663	1.0
870.663	1.0
871.663	1.0
872.663	1.0
873.663	1.0
874.663	1.0
875.663	1.0
876.663	1.0
877.663	1.0
878.663	1.0
879.663	1.0
880.663	1.0
881.663	1.0
882.663	1.0
883.663	1.0
884.663	1.0
885.663	1.0
886.663	1.0
887.663	1.0
888.663	1.0
889.663	1.0
890.663	1.0
891.663	1.0
892.663	1.0
893.663	1.0
894.663	1.0
895.663	1.0
896.663	1.0
897.663	1.0
898.663	1.0
899.663	1.0
900.663	1.0
901.663	1.0
902.663	1.0
903.663	1.0
904.663	1.0
905.663	1.0
906.663	1.0
907.663	1.0
908.663	1.0
909.663	1.0
910.663	1.0
911.663	1.0
912.663	1.0
913.663	1.0
914.663	1.0
915.663	1.0
916.663	1.0
917.663	1.0
918.663	1.0
919.663	1.0
920.663	1.0
921.663	1.0
922.663	1.0
923.663	1.0
924.663	1.0
925.663	1.0
926.663	1.0
927.663	1.0
928.663	1.0
929.663	1.0
930.663	1.0
931.663	1.0
932.663	1.0
933.663	1.0
934.663	1.0
935.663	1.0
936.663	1.0
937.663	1.0
938.663	1.0
939.663	1.0
940.663	1.0
941.663	1.0
942.663	1.0
943.663	1.0
944.663	1.0
945.663	1.0
946.663	1.0
947.663	1.0
948.663	1.0
949.663	1.0
950.663	1.0
951.663	1.0
952.663	1.0
953.663	1.0
954.663	1.0
955.663	1.0
956.663	1.0
957.663	1.0
958.663	1.0
959.663	1.0
960.663	1.0
961.663	1.0
962.663	1.0
963.663	1.0
964.663	1.0
965.663	1.0
966.663	1.0
967.663	1.0
968.663	1.0
969.663	1.0
970.663	1.0
971.663	1.0
972.663	1.0
973.663	1.0
974.663	1.0
975.663	1.0
976.663	1.0
977.663	1.0
978.663	1.0
979.663	1.0
980.663	1.0
981.663	1.0
982.663	1.0
983.663	1.0
984.663	1.0
985.663	1.0
986.663	1.0
987.663	1.0
988.663	1.0
989.663	1.0
990.663	1.0
991.663	1.0
992.663	1.0
993.663	1.0
994.663	1.0
