0.15	0.5168458586711752
1.039	0.5249246166273102
1.934	0.5369677462992659
2.813	0.5384142800170029
3.701	0.5334770731869017
4.586	0.5338608194051033
5.452	0.5389558128936378
6.345	0.5202361243046464
7.243	0.5095907202324819
8.121	0.5096821022814244
9.032	0.5193310342476462
9.934000000000001	0.5117320034999066
10.839	0.505766391148353
11.742	0.4730986366125304
12.667	0.4712086487180725
13.581	0.48558656945624684
14.488	0.4450601013896669
15.42	0.4638483601237569
16.343	0.4168475721529959
17.258	0.3441344144602697
18.185	0.31601505425779775
19.13	0.40458530540439225
20.066	0.4782583853486481
20.998	0.34012872092148666
21.941	0.265538920862972
22.893	0.34592571868055555
23.847	0.4012269297627967
24.805	0.7160100817562741
25.759	0.6206292965176005
26.716	0.6466205214823026
27.661	0.3101843349655817
28.616	0.1770817069902625
29.577	0.40216786032387264
30.535	0.18498157473415952
31.5	0.13502096788290102
32.472	0.30516521810938807
33.442	0.7260124670216385
34.423	0.9309901978765674
35.375	0.7830509199771173
36.349000000000004	0.9226505178858433
37.32	0.9319827245113156
38.278	0.46854699710318876
39.246	0.7140119749551934
40.211	0.27960080987984054
41.183	0.23273514784864924
42.164	0.8854280088354163
43.126	0.5201479974597366
44.107	0.5424489358833897
45.09	0.35461780878879756
46.07	0.13371281566007057
47.058	0.6417542532698457
48.043	0.408031486059671
49.032000000000004	0.8617923727759528
50.017	0.43541702038886354
51.003	0.4939005644827507
51.991	0.6476408341059998
52.980000000000004	0.8418337858590754
53.968	0.5134855865883304
54.957	0.5895723216424387
55.946	0.6023417292131188
56.932	0.24098096463505092
57.921	0.48419350105535436
58.912	0.8708885221222357
59.903	0.9837101877136842
60.893	0.6808364210097835
61.881	0.7182931322980884
62.872	0.9832774410307226
63.862	0.5984003023025394
64.853	0.9754418018817059
65.84400000000001	0.9867940831520108
66.81400000000001	0.7223360601024822
67.802	0.06581525105957506
68.793	0.30419780437426847
69.784	0.7075028903980638
70.76	0.31817073205400137
71.736	0.15951812299216714
72.72	0.8103218776873012
73.702	0.8163765017247641
74.688	0.6685577766971987
75.678	0.6386829109985924
76.668	0.27433282736339654
77.659	0.6778315268599672
78.64	0.5779068428137961
79.621	0.2640974121662851
80.60300000000001	0.3631231684729345
81.593	0.8573725390606675
82.581	0.2200145816759498
83.572	0.7083959040133325
84.553	0.33904578905957933
85.538	0.34424728851239467
86.524	0.8926633906944681
87.51	0.8045141947122457
88.5	0.9431852404474802
89.489	0.7878176233115745
90.47500000000001	0.5332031253542537
91.462	0.903306997217391
92.45	0.37805915433614457
93.441	0.7909680551987788
94.422	0.6077324961666893
95.403	0.329694981430704
96.384	0.3315001992094081
97.371	0.11547733753398354
98.35900000000001	0.11656287907001478
99.342	0.11131190711324157
100.33200000000001	0.540448716216202
101.322	0.8677692373931108
102.312	0.784219287495499
103.301	0.7303537709391089
104.289	0.49407646346843603
105.28	0.9831829998487022
106.27	0.674116319870569
107.254	0.3897807459230311
108.244	0.9733662729931903
109.235	0.6565381200721984
110.235	0.9958282410947097
111.233	0.8368670873464994
112.233	1.0
113.233	1.0
114.233	1.0
115.233	1.0
116.233	1.0
117.233	1.0
118.233	1.0
119.233	1.0
120.233	1.0
121.233	1.0
122.233	1.0
123.233	1.0
124.233	1.0
125.233	1.0
126.233	1.0
127.233	1.0
128.233	1.0
129.233	1.0
130.233	1.0
131.233	1.0
132.233	1.0
133.233	1.0
134.233	1.0
135.233	1.0
136.233	1.0
137.233	1.0
138.233	1.0
139.233	1.0
140.233	1.0
141.233	1.0
142.233	1.0
143.233	1.0
144.233	1.0
145.233	1.0
146.233	1.0
147.233	1.0
148.233	1.0
149.233	1.0
150.233	1.0
151.233	1.0
152.233	1.0
153.233	1.0
154.233	1.0
155.233	1.0
156.233	1.0
157.233	1.0
158.233	1.0
159.233	1.0
160.233	1.0
161.233	1.0
162.233	1.0
163.233	1.0
164.233	1.0
165.233	1.0
166.233	1.0
167.233	1.0
168.233	1.0
169.233	1.0
170.233	1.0
171.233	1.0
172.233	1.0
173.233	1.0
174.233	1.0
175.233	1.0
176.233	1.0
177.233	1.0
178.233	1.0
179.233	1.0
180.233	1.0
181.233	1.0
182.233	1.0
183.233	1.0
184.233	1.0
185.233	1.0
186.233	1.0
187.233	1.0
188.233	1.0
189.233	1.0
190.233	1.0
191.233	1.0
192.233	1.0
193.233	1.0
194.233	1.0
195.233	1.0
196.233	1.0
197.233	1.0
198.233	1.0
199.233	1.0
200.233	1.0
201.233	1.0
202.233	1.0
203.233	1.0
204.233	1.0
205.233	1.0
206.233	1.0
207.233	1.0
208.233	1.0
209.233	1.0
210.233	1.0
211.233	1.0
212.233	1.0
213.233	1.0
214.233	1.0
215.233	1.0
216.233	1.0
217.233	1.0
218.233	1.0
219.233	1.0
220.233	1.0
221.233	1.0
222.233	1.0
223.233	1.0
224.233	1.0
225.233	1.0
226.233	1.0
227.233	1.0
228.233	1.0
229.233	1.0
230.233	1.0
231.233	1.0
232.233	1.0
233.233	1.0
234.233	1.0
235.233	1.0
236.233	1.0
237.233	1.0
238.233	1.0
239.233	1.0
240.233	1.0
241.233	1.0
242.233	1.0
243.233	1.0
244.233	1.0
245.233	1.0
246.233	1.0
247.233	1.0
248.233	1.0
249.233	1.0
250.233	1.0
251.233	1.0
252.233	1.0
253.233	1.0
254.233	1.0
255.233	1.0
256.233	1.0
257.233	1.0
258.233	1.0
259.233	1.0
260.233	1.0
261.233	1.0
262.233	1.0
263.233	1.0
264.233	1.0
265.233	1.0
266.233	1.0
267.233	1.0
268.233	1.0
269.233	1.0
270.233	1.0
271.233	1.0
272.233	1.0
273.233	1.0
274.233	1.0
275.233	1.0
276.233	1.0
277.233	1.0
278.233	1.0
279.233	1.0
280.233	1.0
281.233	1.0
282.233	1.0
283.233	1.0
284.233	1.0
285.233	1.0
286.233	1.0
287.233	1.0
288.233	1.0
289.233	1.0
290.233	1.0
291.233	1.0
292.233	1.0
293.233	1.0
294.233	1.0
295.233	1.0
296.233	1.0
297.233	1.0
298.233	1.0
299.233	1.0
300.233	1.0
301.233	1.0
302.233	1.0
303.233	1.0
304.233	1.0
305.233	1.0
306.233	1.0
307.233	1.0
308.233	1.0
309.233	1.0
310.233	1.0
311.233	1.0
312.233	1.0
313.233	1.0
314.233	1.0
315.233	1.0
316.233	1.0
317.233	1.0
318.233	1.0
319.233	1.0
320.233	1.0
321.233	1.0
322.233	1.0
323.233	1.0
324.233	1.0
325.233	1.0
326.233	1.0
327.233	1.0
328.233	1.0
329.233	1.0
330.233	1.0
331.233	1.0
332.233	1.0
333.233	1.0
334.233	1.0
335.233	1.0
336.233	1.0
337.233	1.0
338.233	1.0
339.233	1.0
340.233	1.0
341.233	1.0
342.233	1.0
343.233	1.0
344.233	1.0
345.233	1.0
346.233	1.0
347.233	1.0
348.233	1.0
349.233	1.0
350.233	1.0
351.233	1.0
352.233	1.0
353.233	1.0
354.233	1.0
355.233	1.0
356.233	1.0
357.233	1.0
358.233	1.0
359.233	1.0
360.233	1.0
361.233	1.0
362.233	1.0
363.233	1.0
364.233	1.0
365.233	1.0
366.233	1.0
367.233	1.0
368.233	1.0
369.233	1.0
370.233	1.0
371.233	1.0
372.233	1.0
373.233	1.0
374.233	1.0
375.233	1.0
376.233	1.0
377.233	1.0
378.233	1.0
379.233	1.0
380.233	1.0
381.233	1.0
382.233	1.0
383.233	1.0
384.233	1.0
385.233	1.0
386.233	1.0
387.233	1.0
388.233	1.0
389.233	1.0
390.233	1.0
391.233	1.0
392.233	1.0
393.233	1.0
394.233	1.0
395.233	1.0
396.233	1.0
397.233	1.0
398.233	1.0
399.233	1.0
400.233	1.0
401.233	1.0
402.233	1.0
403.233	1.0
404.233	1.0
405.233	1.0
406.233	1.0
407.233	1.0
408.233	1.0
409.233	1.0
410.233	1.0
411.233	1.0
412.233	1.0
413.233	1.0
414.233	1.0
415.233	1.0
416.233	1.0
417.233	1.0
418.233	1.0
419.233	1.0
420.233	1.0
421.233	1.0
422.233	1.0
423.233	1.0
424.233	1.0
425.233	1.0
426.233	1.0
427.233	1.0
428.233	1.0
429.233	1.0
430.233	1.0
431.233	1.0
432.233	1.0
433.233	1.0
434.233	1.0
435.233	1.0
436.233	1.0
437.233	1.0
438.233	1.0
439.233	1.0
440.233	1.0
441.233	1.0
442.233	1.0
443.233	1.0
444.233	1.0
445.233	1.0
446.233	1.0
447.233	1.0
448.233	1.0
449.233	1.0
450.233	1.0
451.233	1.0
452.233	1.0
453.233	1.0
454.233	1.0
455.233	1.0
456.233	1.0
457.233	1.0
458.233	1.0
459.233	1.0
460.233	1.0
461.233	1.0
462.233	1.0
463.233	1.0
464.233	1.0
465.233	1.0
466.233	1.0
467.233	1.0
468.233	1.0
469.233	1.0
470.233	1.0
471.233	1.0
472.233	1.0
473.233	1.0
474.233	1.0
475.233	1.0
476.233	1.0
477.233	1.0
478.233	1.0
479.233	1.0
480.233	1.0
481.233	1.0
482.233	1.0
483.233	1.0
484.233	1.0
485.233	1.0
486.233	1.0
487.233	1.0
488.233	1.0
489.233	1.0
490.233	1.0
491.233	1.0
492.233	1.0
493.233	1.0
494.233	1.0
495.233	1.0
496.233	1.0
497.233	1.0
498.233	1.0
499.233	1.0
500.233	1.0
501.233	1.0
502.233	1.0
503.233	1.0
504.233	1.0
505.233	1.0
506.233	1.0
507.233	1.0
508.233	1.0
509.233	1.0
510.233	1.0
511.233	1.0
512.2330000000001	1.0
513.2330000000001	1.0
514.2330000000001	1.0
515.2330000000001	1.0
516.2330000000001	1.0
517.2330000000001	1.0
518.2330000000001	1.0
519.2330000000001	1.0
520.2330000000001	1.0
521.2330000000001	1.0
522.2330000000001	1.0
523.2330000000001	1.0
524.2330000000001	1.0
525.2330000000001	1.0
526.2330000000001	1.0
527.2330000000001	1.0
528.2330000000001	1.0
529.2330000000001	1.0
530.2330000000001	1.0
531.2330000000001	1.0
532.2330000000001	1.0
533.2330000000001	1.0
534.2330000000001	1.0
535.2330000000001	1.0
536.2330000000001	1.0
537.2330000000001	1.0
538.2330000000001	1.0
539.2330000000001	1.0
540.2330000000001	1.0
541.2330000000001	1.0
542.2330000000001	1.0
543.2330000000001	1.0
544.2330000000001	1.0
545.2330000000001	1.0
546.2330000000001	1.0
547.2330000000001	1.0
548.2330000000001	1.0
549.2330000000001	1.0
550.2330000000001	1.0
551.2330000000001	1.0
552.2330000000001	1.0
553.2330000000001	1.0
554.2330000000001	1.0
555.2330000000001	1.0
556.2330000000001	1.0
557.2330000000001	1.0
558.2330000000001	1.0
559.2330000000001	1.0
560.2330000000001	1.0
561.2330000000001	1.0
562.2330000000001	1.0
563.2330000000001	1.0
564.2330000000001	1.0
565.2330000000001	1.0
566.2330000000001	1.0
567.2330000000001	1.0
568.2330000000001	1.0
569.2330000000001	1.0
570.2330000000001	1.0
571.2330000000001	1.0
572.2330000000001	1.0
573.2330000000001	1.0
574.2330000000001	1.0
575.2330000000001	1.0
576.2330000000001	1.0
577.2330000000001	1.0
578.2330000000001	1.0
579.2330000000001	1.0
580.2330000000001	1.0
581.2330000000001	1.0
582.2330000000001	1.0
583.2330000000001	1.0
584.2330000000001	1.0
585.2330000000001	1.0
586.2330000000001	1.0
587.2330000000001	1.0
588.2330000000001	1.0
589.2330000000001	1.0
590.2330000000001	1.0
591.2330000000001	1.0
592.2330000000001	1.0
593.2330000000001	1.0
594.2330000000001	1.0
595.2330000000001	1.0
596.2330000000001	1.0
597.2330000000001	1.0
598.2330000000001	1.0
599.2330000000001	1.0
600.2330000000001	1.0
601.2330000000001	1.0
602.2330000000001	1.0
603.2330000000001	1.0
604.2330000000001	1.0
605.2330000000001	1.0
606.2330000000001	1.0
607.2330000000001	1.0
608.2330000000001	1.0
609.2330000000001	1.0
610.2330000000001	1.0
611.2330000000001	1.0
612.2330000000001	1.0
613.2330000000001	1.0
614.2330000000001	1.0
615.2330000000001	1.0
616.2330000000001	1.0
617.2330000000001	1.0
618.2330000000001	1.0
619.2330000000001	1.0
620.2330000000001	1.0
621.2330000000001	1.0
622.2330000000001	1.0
623.2330000000001	1.0
624.2330000000001	1.0
625.2330000000001	1.0
626.2330000000001	1.0
627.2330000000001	1.0
628.2330000000001	1.0
629.2330000000001	1.0
630.2330000000001	1.0
631.2330000000001	1.0
632.2330000000001	1.0
633.2330000000001	1.0
634.2330000000001	1.0
635.2330000000001	1.0
636.2330000000001	1.0
637.2330000000001	1.0
638.2330000000001	1.0
639.2330000000001	1.0
640.2330000000001	1.0
641.2330000000001	1.0
642.2330000000001	1.0
643.2330000000001	1.0
644.2330000000001	1.0
645.2330000000001	1.0
646.2330000000001	1.0
647.2330000000001	1.0
648.2330000000001	1.0
649.2330000000001	1.0
650.2330000000001	1.0
651.2330000000001	1.0
652.2330000000001	1.0
653.2330000000001	1.0
654.2330000000001	1.0
655.2330000000001	1.0
656.2330000000001	1.0
657.2330000000001	1.0
658.2330000000001	1.0
659.2330000000001	1.0
660.2330000000001	1.0
661.2330000000001	1.0
662.2330000000001	1.0
663.2330000000001	1.0
664.2330000000001	1.0
665.2330000000001	1.0
666.2330000000001	1.0
667.2330000000001	1.0
668.2330000000001	1.0
669.2330000000001	1.0
670.2330000000001	1.0
671.2330000000001	1.0
672.2330000000001	1.0
673.2330000000001	1.0
674.2330000000001	1.0
675.2330000000001	1.0
676.2330000000001	1.0
677.2330000000001	1.0
678.2330000000001	1.0
679.2330000000001	1.0
680.2330000000001	1.0
681.2330000000001	1.0
682.2330000000001	1.0
683.2330000000001	1.0
684.2330000000001	1.0
685.2330000000001	1.0
686.2330000000001	1.0
687.2330000000001	1.0
688.2330000000001	1.0
689.2330000000001	1.0
690.2330000000001	1.0
691.2330000000001	1.0
692.2330000000001	1.0
693.2330000000001	1.0
694.2330000000001	1.0
695.2330000000001	1.0
696.2330000000001	1.0
697.2330000000001	1.0
698.2330000000001	1.0
699.2330000000001	1.0
700.2330000000001	1.0
701.2330000000001	1.0
702.2330000000001	1.0
703.2330000000001	1.0
704.2330000000001	1.0
705.2330000000001	1.0
706.2330000000001	1.0
707.2330000000001	1.0
708.2330000000001	1.0
709.2330000000001	1.0
710.2330000000001	1.0
711.2330000000001	1.0
712.2330000000001	1.0
713.2330000000001	1.0
714.2330000000001	1.0
715.2330000000001	1.0
716.2330000000001	1.0
717.2330000000001	1.0
718.2330000000001	1.0
719.2330000000001	1.0
720.2330000000001	1.0
721.2330000000001	1.0
722.2330000000001	1.0
723.2330000000001	1.0
724.2330000000001	1.0
725.2330000000001	1.0
726.2330000000001	1.0
727.2330000000001	1.0
728.2330000000001	1.0
729.2330000000001	1.0
730.2330000000001	1.0
731.2330000000001	1.0
732.2330000000001	1.0
733.2330000000001	1.0
734.2330000000001	1.0
735.2330000000001	1.0
736.2330000000001	1.0
737.2330000000001	1.0
738.2330000000001	1.0
739.2330000000001	1.0
740.2330000000001	1.0
741.2330000000001	1.0
742.2330000000001	1.0
743.2330000000001	1.0
744.2330000000001	1.0
745.2330000000001	1.0
746.2330000000001	1.0
747.2330000000001	1.0
748.2330000000001	1.0
749.2330000000001	1.0
750.2330000000001	1.0
751.2330000000001	1.0
752.2330000000001	1.0
753.2330000000001	1.0
754.2330000000001	1.0
755.2330000000001	1.0
756.2330000000001	1.0
757.2330000000001	1.0
758.2330000000001	1.0
759.2330000000001	1.0
760.2330000000001	1.0
761.2330000000001	1.0
762.2330000000001	1.0
763.2330000000001	1.0
764.2330000000001	1.0
765.2330000000001	1.0
766.2330000000001	1.0
767.2330000000001	1.0
768.2330000000001	1.0
769.2330000000001	1.0
770.2330000000001	1.0
771.2330000000001	1.0
772.2330000000001	1.0
773.2330000000001	1.0
774.2330000000001	1.0
775.2330000000001	1.0
776.2330000000001	1.0
777.2330000000001	1.0
778.2330000000001	1.0
779.2330000000001	1.0
780.2330000000001	1.0
781.2330000000001	1.0
782.2330000000001	1.0
783.2330000000001	1.0
784.2330000000001	1.0
785.2330000000001	1.0
786.2330000000001	1.0
787.2330000000001	1.0
788.2330000000001	1.0
789.2330000000001	1.0
790.2330000000001	1.0
791.2330000000001	1.0
792.2330000000001	1.0
793.2330000000001	1.0
794.2330000000001	1.0
795.2330000000001	1.0
796.2330000000001	1.0
797.2330000000001	1.0
798.2330000000001	1.0
799.2330000000001	1.0
800.2330000000001	1.0
801.2330000000001	1.0
802.2330000000001	1.0
803.2330000000001	1.0
804.2330000000001	1.0
805.2330000000001	1.0
806.2330000000001	1.0
807.2330000000001	1.0
808.2330000000001	1.0
809.2330000000001	1.0
810.2330000000001	1.0
811.2330000000001	1.0
812.2330000000001	1.0
813.2330000000001	1.0
814.2330000000001	1.0
815.2330000000001	1.0
816.2330000000001	1.0
817.2330000000001	1.0
818.2330000000001	1.0
819.2330000000001	1.0
820.2330000000001	1.0
821.2330000000001	1.0
822.2330000000001	1.0
823.2330000000001	1.0
824.2330000000001	1.0
825.2330000000001	1.0
826.2330000000001	1.0
827.2330000000001	1.0
828.2330000000001	1.0
829.2330000000001	1.0
830.2330000000001	1.0
831.2330000000001	1.0
832.2330000000001	1.0
833.2330000000001	1.0
834.2330000000001	1.0
835.2330000000001	1.0
836.2330000000001	1.0
837.2330000000001	1.0
838.2330000000001	1.0
839.2330000000001	1.0
840.2330000000001	1.0
841.2330000000001	1.0
842.2330000000001	1.0
843.2330000000001	1.0
844.2330000000001	1.0
845.2330000000001	1.0
846.2330000000001	1.0
847.2330000000001	1.0
848.2330000000001	1.0
849.2330000000001	1.0
850.2330000000001	1.0
851.2330000000001	1.0
852.2330000000001	1.0
853.2330000000001	1.0
854.2330000000001	1.0
855.2330000000001	1.0
856.2330000000001	1.0
857.2330000000001	1.0
858.2330000000001	1.0
859.2330000000001	1.0
860.2330000000001	1.0
861.2330000000001	1.0
862.2330000000001	1.0
863.2330000000001	1.0
864.2330000000001	1.0
865.2330000000001	1.0
866.2330000000001	1.0
867.2330000000001	1.0
868.2330000000001	1.0
869.2330000000001	1.0
870.2330000000001	1.0
871.2330000000001	1.0
872.2330000000001	1.0
873.2330000000001	1.0
874.2330000000001	1.0
875.2330000000001	1.0
876.2330000000001	1.0
877.2330000000001	1.0
878.2330000000001	1.0
879.2330000000001	1.0
880.2330000000001	1.0
881.2330000000001	1.0
882.2330000000001	1.0
883.2330000000001	1.0
884.2330000000001	1.0
885.2330000000001	1.0
886.2330000000001	1.0
887.2330000000001	1.0
888.2330000000001	1.0
889.2330000000001	1.0
890.2330000000001	1.0
891.2330000000001	1.0
892.2330000000001	1.0
893.2330000000001	1.0
894.2330000000001	1.0
895.2330000000001	1.0
896.2330000000001	1.0
897.2330000000001	1.0
898.2330000000001	1.0
899.2330000000001	1.0
900.2330000000001	1.0
901.2330000000001	1.0
902.2330000000001	1.0
903.2330000000001	1.0
904.2330000000001	1.0
905.2330000000001	1.0
906.2330000000001	1.0
907.2330000000001	1.0
908.2330000000001	1.0
909.2330000000001	1.0
910.2330000000001	1.0
911.2330000000001	1.0
912.2330000000001	1.0
913.2330000000001	1.0
914.2330000000001	1.0
915.2330000000001	1.0
916.2330000000001	1.0
917.2330000000001	1.0
918.2330000000001	1.0
919.2330000000001	1.0
920.2330000000001	1.0
921.2330000000001	1.0
922.2330000000001	1.0
923.2330000000001	1.0
924.2330000000001	1.0
925.2330000000001	1.0
926.2330000000001	1.0
927.2330000000001	1.0
928.2330000000001	1.0
929.2330000000001	1.0
930.2330000000001	1.0
931.2330000000001	1.0
932.2330000000001	1.0
933.2330000000001	1.0
934.2330000000001	1.0
935.2330000000001	1.0
936.2330000000001	1.0
937.2330000000001	1.0
938.2330000000001	1.0
939.2330000000001	1.0
940.2330000000001	1.0
941.2330000000001	1.0
942.2330000000001	1.0
943.2330000000001	1.0
944.2330000000001	1.0
945.2330000000001	1.0
946.2330000000001	1.0
947.2330000000001	1.0
948.2330000000001	1.0
949.2330000000001	1.0
950.2330000000001	1.0
951.2330000000001	1.0
952.2330000000001	1.0
953.2330000000001	1.0
954.2330000000001	1.0
955.2330000000001	1.0
956.2330000000001	1.0
957.2330000000001	1.0
958.2330000000001	1.0
959.2330000000001	1.0
960.2330000000001	1.0
961.2330000000001	1.0
962.2330000000001	1.0
963.2330000000001	1.0
964.2330000000001	1.0
965.2330000000001	1.0
966.2330000000001	1.0
967.2330000000001	1.0
968.2330000000001	1.0
969.2330000000001	1.0
970.2330000000001	1.0
971.2330000000001	1.0
972.2330000000001	1.0
973.2330000000001	1.0
974.2330000000001	1.0
975.2330000000001	1.0
976.2330000000001	1.0
977.2330000000001	1.0
978.2330000000001	1.0
979.2330000000001	1.0
980.2330000000001	1.0
981.2330000000001	1.0
982.2330000000001	1.0
983.2330000000001	1.0
984.2330000000001	1.0
985.2330000000001	1.0
986.2330000000001	1.0
987.2330000000001	1.0
988.2330000000001	1.0
989.2330000000001	1.0
990.2330000000001	1.0
991.2330000000001	1.0
992.2330000000001	1.0
993.2330000000001	1.0
994.2330000000001	1.0
995.2330000000001	1.0
