0.276	0.4807171023675339
1.25	0.4819484126215949
2.215	0.47507615228364564
3.181	0.46901597945984386
4.141	0.4653447520426008
5.109	0.49669895481404
6.077	0.5087580263376682
7.042	0.5054545214869963
8.014	0.5113017188064544
8.982	0.5054841610191946
9.947000000000001	0.48168078646720497
10.913	0.478644543203959
11.89	0.47293886671539737
12.863	0.46238542227046203
13.837	0.47294979603153564
14.807	0.4725580975563406
15.779	0.4711203323601396
16.751	0.4882350499951443
17.715	0.48456828306211924
18.691	0.488212665924626
19.656	0.4869555867796537
20.621	0.47669201394811156
21.591	0.517939443515928
22.555	0.4878872442101904
23.511	0.4912226384450873
24.477	0.4967384101590646
25.435000000000002	0.521083202378183
26.392	0.5190219308825743
27.349	0.49743106718636204
28.306	0.48449433036343675
29.263	0.4825513039071585
30.232	0.4767991033628214
31.199	0.47279645688818817
32.178	0.49724347753921755
33.143	0.4957819729055475
34.117	0.5432457020651321
35.076	0.5213569921846701
36.043	0.5088747865068725
37.012	0.5238899781582038
37.972	0.5363218610794379
38.938	0.5567678742425916
39.908	0.5624283189359386
40.878	0.5548817757095024
41.85	0.5734043710395959
42.812	0.5839297710959983
43.782000000000004	0.5563345667833105
44.752	0.5688289738284881
45.714	0.5513085085541898
46.677	0.5702424407741592
47.643	0.5578798197825645
48.61	0.5744941273782218
49.575	0.5858862177674139
50.54	0.5860301862825622
51.514	0.5949000764171045
52.47	0.5933490306300448
53.427	0.5893720243933168
54.401	0.5998568198691673
55.372	0.6120414737807485
56.332	0.6179073372892959
57.308	0.6305500378740191
58.278	0.6159779725213609
59.239000000000004	0.6139971410419908
60.207	0.6127688460591638
61.168	0.6257948205395468
62.126000000000005	0.6228524329245453
63.094	0.6304461489522876
64.044	0.6063966239144933
64.994	0.5821320988183143
65.956	0.5752470655049138
66.928	0.5622903289343175
67.893	0.5662998321933361
68.858	0.5663679142746904
69.821	0.561847905658775
70.789	0.5623764029804628
71.78	0.549821705921502
72.747	0.5481092829397987
73.71300000000001	0.5471778303450625
74.67	0.5179849339461605
75.628	0.5071167106506423
76.59	0.5018378965645144
77.559	0.500530038088974
78.524	0.5000877861941828
79.496	0.5256365265914845
80.459	0.5202139497316114
81.428	0.5479021249539117
82.394	0.5395802779638541
83.363	0.5208256522703728
84.34100000000001	0.569586132511607
85.303	0.5980094343735575
86.262	0.5987247621072945
87.223	0.5976169348358435
88.19500000000001	0.6156315257113055
89.166	0.5915583340528715
90.124	0.5909564136181124
91.084	0.596719715077136
92.056	0.5908959629680465
93.027	0.6055719390073047
93.994	0.6043132261436082
94.971	0.624011823446767
95.96000000000001	0.6228310027459822
96.931	0.6097208552783172
97.904	0.6122682331550556
98.88	0.6123421488655265
99.861	0.6086067108653629
100.831	0.6053278382599111
101.799	0.6012663633015424
102.77	0.5979088483246422
103.738	0.5965304580281939
104.705	0.5779385012951238
105.697	0.5718446415794262
106.66	0.5732477567522564
107.646	0.5625733836573749
108.608	0.5565284442402061
109.565	0.5563111817720554
110.521	0.5646879354653322
111.486	0.5475889745480097
112.47800000000001	0.546738909178858
113.459	0.5362108692852794
114.425	0.5279932698258999
115.399	0.5119519516950252
116.37100000000001	0.5199330206661906
117.343	0.5393733846553169
118.315	0.5399814402891131
119.274	0.5392760411786646
120.22200000000001	0.5584579100582013
121.181	0.5663777876558561
122.148	0.5694945206194233
123.095	0.5886273883115749
124.075	0.5771159486933491
125.037	0.5841669722885183
126.003	0.5737106506588282
126.97500000000001	0.5689308980434384
127.96300000000001	0.5718963959829186
128.935	0.557239431050281
129.89000000000001	0.5583546502053902
130.864	0.5329487744038949
131.837	0.5400338698875721
132.82	0.5384733592620728
133.79	0.5283469069838476
134.763	0.5338962367026654
135.744	0.556987734114326
136.72	0.5524761329785604
137.691	0.5331099748176621
138.669	0.5362626495267901
139.638	0.5098115263832176
140.613	0.4986893947347244
141.591	0.523913307714198
142.562	0.5155412593371461
143.532	0.5189248053935878
144.512	0.5073764978306601
145.483	0.5170495194537214
146.461	0.4962960217460855
147.437	0.4854457776918447
148.42000000000002	0.5190927768118851
149.394	0.5000623430656256
150.37	0.5150635506118126
151.346	0.5168605190785199
152.324	0.517086663778364
153.30100000000002	0.5201240607438359
154.279	0.5389496689021898
155.256	0.5405630136500377
156.229	0.5158886407638132
157.20600000000002	0.5177572742269999
158.179	0.5235151155618206
159.155	0.5277743879054984
160.137	0.5632526951832963
161.112	0.5578122372768667
162.093	0.5689199137150878
163.065	0.5553366402172891
164.03900000000002	0.5517501320815105
165.023	0.5747623761361
166.00300000000001	0.5680393605278364
166.98	0.5642516267973854
167.97	0.5856881521244104
168.94	0.5968961507839775
169.919	0.5901435112092858
170.889	0.5616240154458341
171.869	0.5816865360260615
172.838	0.5856335732613662
173.812	0.5947403330307862
174.786	0.6014928741090091
175.754	0.606522299021888
176.728	0.6144801577637463
177.701	0.612596750943113
178.668	0.6180237926453817
179.641	0.6256665587828305
180.607	0.6406268723016953
181.579	0.6490413281333335
182.56	0.6509005344672668
183.537	0.6777516136830886
184.517	0.6823666686636483
185.491	0.6919221871579536
186.46200000000002	0.6846036426720203
187.433	0.696467221587938
188.40800000000002	0.6950099688610837
189.383	0.7135317527803424
190.33700000000002	0.6948634978504632
191.322	0.7241381343982627
192.299	0.7025537659551016
193.268	0.7177740321962112
194.244	0.7475788596742048
195.21200000000002	0.7463252115476277
196.196	0.7601595220444496
197.163	0.7695725764629237
198.14600000000002	0.7737849952958687
199.12	0.7877593951709398
200.094	0.8010975637993697
201.067	0.8159028724067044
202.04	0.830587850382869
203.022	0.8359063657438268
204.004	0.861343549329612
204.976	0.8471606916413899
205.948	0.8619717384065688
206.933	0.8730938408896479
207.911	0.8911186818314033
208.882	0.8779175400607698
209.873	0.8849974724349557
210.85	0.7466668013604618
211.834	0.34454467659426824
212.824	0.3831518272486995
213.815	0.6293611843594615
214.806	0.8468249414315433
215.797	0.8764545664391232
216.788	0.8958163089087731
217.778	0.8560717823423574
218.767	0.8074757891164128
219.757	0.8173593403417838
220.748	0.896668840585491
221.738	0.8566652153468434
222.729	0.8962925837348608
223.72	0.9051095952586928
224.711	0.9236840318670759
225.702	0.8737021554000609
226.687	0.8288743774771477
227.678	0.8686828203848769
228.669	0.8787534308690464
229.66	0.8784939466761366
230.651	0.8984036330386997
231.642	0.9073525463178008
232.625	0.39544484961414134
233.616	0.6310929578516987
234.606	0.730142368689918
235.596	0.7589774289434859
236.586	0.8381307270957776
237.576	0.8464989113887781
238.564	0.5892322837994997
239.55100000000002	0.7198186590374968
240.538	0.47346561889749755
241.531	0.836692932816877
242.519	0.7096276741380987
243.519	0.9169476065516168
244.51	0.9056791342479827
245.491	0.8445351560190999
246.481	0.8339728632343
247.467	0.7478684631355929
248.449	0.6220956145324987
249.434	0.5622334631277865
250.422	0.7944718162796286
251.413	0.8960235156119783
252.387	0.7958153754470242
253.368	0.6601236254713528
254.346	0.6908688784520933
255.336	0.7827812180963158
256.317	0.8520861790220308
257.288	0.743192880302459
258.269	0.7410261456816771
259.249	0.7225328008873226
260.22	0.41465188438348544
261.202	0.2984700054429597
262.192	0.6384733766381278
263.177	0.6188870785732392
264.162	0.4328473664540064
265.152	0.5692354103977436
266.14300000000003	0.8989528900075182
267.118	0.7666640245148695
268.099	0.36464782864016343
269.087	0.4333813328972694
270.069	0.181695427606872
271.059	0.27621912794125075
272.049	0.5892181997673976
273.031	0.2782817382562754
274.021	0.2262217410435143
275.012	0.35241494831105946
275.997	0.7259516193512947
276.982	0.4801324067219545
277.971	0.5972506272160346
278.96	0.7348625853851957
279.94	0.5380099664396556
280.921	0.5090009742364248
281.903	0.5498401273389307
282.889	0.5863465305459389
283.87	0.5695663234037857
284.853	0.7533074793129221
285.834	0.7154740891777694
286.815	0.6291166071180646
287.796	0.6192147160485227
288.787	0.8021284718173999
289.77	0.8055180631223733
290.761	0.852423175677877
291.745	0.6372776992434797
292.734	0.6968954802633668
293.714	0.6664437329394359
294.695	0.7146240438330352
295.67	0.6410385877552636
296.651	0.7004734470655204
297.637	0.6887683708351156
298.612	0.507733174608418
299.593	0.5851724131182565
300.574	0.5466965796544347
301.549	0.249567563664176
302.53000000000003	0.24243701882456242
303.52	0.3810568808975423
304.504	0.3718647458678392
305.487	0.20732673329675969
306.478	0.3107494045149552
307.469	0.5443438830484905
308.459	0.4826342661447775
309.442	0.6424756631449897
310.433	0.7677968194991628
311.415	0.4741881579321556
312.411	0.7343975469955734
313.398	0.8447315583507367
314.386	0.6860391421833479
315.357	0.559707940436846
316.32800000000003	0.43877056013458954
317.314	0.7167767779852935
318.281	0.5482381279922623
319.262	0.5867310764341045
320.252	0.8025981491613101
321.223	0.7116791100718309
322.195	0.5620195362466337
323.186	0.8192092214449523
324.157	0.5230430699780263
325.147	0.6180397075040457
326.132	0.4511595042804936
327.122	0.7761469923238509
328.11	0.7947077588399517
329.097	0.6870616087017315
330.088	0.785836978755794
331.079	0.8644492444664715
332.07	0.8935319072573669
333.055	0.6892501385092987
334.045	0.7483366533982987
335.035	0.6880790212293998
336.02500000000003	0.7281849060176928
337.014	0.44079125957619053
338.004	0.35004545202249643
338.995	0.6070758927497998
339.986	0.9111964754562821
340.972	0.7340387584780979
341.963	0.8614364597514629
342.944	0.3522980876999021
343.935	0.6477529200845957
344.92400000000004	0.32098505658564
345.915	0.3204936558767914
346.90500000000003	0.4292851395620825
347.896	0.7555477871364839
348.887	0.8635880717909837
349.875	0.3289426679369555
350.867	0.8641585502523519
351.858	0.8450761937550336
352.849	0.48902988287548965
353.84000000000003	0.6471533090782924
354.831	0.7159572496810437
355.821	0.6756318941608267
356.815	0.8712949690590925
357.803	0.8436221461298483
358.794	0.8336269131744668
359.784	0.7749834645689673
360.77500000000003	0.7753862562176131
361.766	0.7756532507651049
362.757	0.7959276574925966
363.748	0.7965149540500884
364.73900000000003	0.7970712033863261
365.73	0.7976274527225636
366.721	0.7981837020588014
367.712	0.798708904173785
368.70300000000003	0.7988760052484675
369.694	0.799387969242698
370.685	0.8096025628146724
371.676	0.8098280024871477
372.66700000000003	0.810029563938369
373.658	0.810220079168336
374.649	0.5922648341093987
375.64	0.7766869837719779
376.623	0.5523661087806957
377.613	0.4604705832311464
378.599	0.7068846808046042
379.586	0.7564998256322869
380.574	0.7167098290666933
381.565	0.8524143373245255
382.546	0.755273495421185
383.528	0.5098932323998192
384.51	0.32501959390653246
385.499	0.4800099168126715
386.487	0.6632529180111878
387.47	0.6636908498163635
388.452	0.6273181748556057
389.442	0.7528313635515259
390.44100000000003	0.850700569153646
391.432	0.8871792620863345
392.413	0.8508878568442588
393.391	0.6983516860675804
394.374	0.3456467715962123
395.363	0.2657459331161929
396.346	0.5036975329504575
397.329	0.513213434390779
398.313	0.5425315856774057
399.3	0.6674818812462874
400.291	0.8585776190655414
401.276	0.7980371473766043
402.266	0.8799807661316733
403.245	0.8444426339301591
404.226	0.8249241699616706
405.207	0.7759578732715079
406.19800000000004	0.850421789567512
407.17900000000003	0.8342240076947408
408.154	0.5436852398682975
409.134	0.4391734523172529
410.122	0.6230100070878731
411.109	0.6406024197440929
412.092	0.5141685143609795
413.081	0.6792917824217412
414.062	0.5630966808435349
415.04900000000004	0.550828841812073
416.036	0.6182459358796327
417.017	0.49119351678584794
417.998	0.2870463885184391
418.984	0.5495755177296996
419.96500000000003	0.3536662506708531
420.955	0.7127573388932223
421.946	0.8074580858620185
422.931	0.7576197069426677
423.915	0.6510190272817976
424.904	0.5895941820522317
425.894	0.6469195627103627
426.885	0.8335656998841999
427.872	0.7756110256724997
428.853	0.5012294135309187
429.834	0.21936505304333082
430.82300000000004	0.45030769213406074
431.80400000000003	0.41219574218726146
432.785	0.3365284683158493
433.774	0.33424584513126926
434.764	0.5002348601536375
435.75100000000003	0.4304125531654846
436.742	0.6755842940721867
437.728	0.6976406293619998
438.719	0.8247793031202939
439.709	0.804740406848499
440.699	0.7244319699692003
441.69	0.6155076595526806
442.681	0.6752027669556998
443.672	0.5075920276523295
444.663	0.6361494842797998
445.654	0.43866527395626753
446.65000000000003	0.3758169341651665
447.645	0.6125271145991986
448.644	0.9067917429201766
449.642	0.7450381803661215
450.64	0.7432914497644231
451.63800000000003	0.5625112541419637
452.635	0.9230244873153819
453.62100000000004	0.8713923541889997
454.62100000000004	0.95336498483182
455.60900000000004	0.8130116078164845
456.607	0.45342124444482934
457.606	0.5723822494235487
458.606	0.9600242403892917
459.601	0.8615307666199999
460.601	0.99022244351
461.601	1.0
462.601	1.0
463.601	1.0
464.601	1.0
465.601	1.0
466.601	1.0
467.601	1.0
468.601	1.0
469.601	1.0
470.601	1.0
471.601	1.0
472.601	1.0
473.601	1.0
474.601	1.0
475.601	1.0
476.601	1.0
477.601	1.0
478.601	1.0
479.601	1.0
480.601	1.0
481.601	1.0
482.601	1.0
483.601	1.0
484.601	1.0
485.601	1.0
486.601	1.0
487.601	1.0
488.601	1.0
489.601	1.0
490.601	1.0
491.601	1.0
492.601	1.0
493.601	1.0
494.601	1.0
495.601	1.0
496.601	1.0
497.601	1.0
498.601	1.0
499.601	1.0
500.601	1.0
501.601	1.0
502.601	1.0
503.601	1.0
504.601	1.0
505.601	1.0
506.601	1.0
507.601	1.0
508.601	1.0
509.601	1.0
510.601	1.0
511.601	1.0
512.601	1.0
513.601	1.0
514.601	1.0
515.601	1.0
516.601	1.0
517.601	1.0
518.601	1.0
519.601	1.0
520.601	1.0
521.601	1.0
522.601	1.0
523.601	1.0
524.601	1.0
525.601	1.0
526.601	1.0
527.601	1.0
528.601	1.0
529.601	1.0
530.601	1.0
531.601	1.0
532.601	1.0
533.601	1.0
534.601	1.0
535.601	1.0
536.601	1.0
537.601	1.0
538.601	1.0
539.601	1.0
540.601	1.0
541.601	1.0
542.601	1.0
543.601	1.0
544.601	1.0
545.601	1.0
546.601	1.0
547.601	1.0
548.601	1.0
549.601	1.0
550.601	1.0
551.601	1.0
552.601	1.0
553.601	1.0
554.601	1.0
555.601	1.0
556.601	1.0
557.601	1.0
558.601	1.0
559.601	1.0
560.601	1.0
561.601	1.0
562.601	1.0
563.601	1.0
564.601	1.0
565.601	1.0
566.601	1.0
567.601	1.0
568.601	1.0
569.601	1.0
570.601	1.0
571.601	1.0
572.601	1.0
573.601	1.0
574.601	1.0
575.601	1.0
576.601	1.0
577.601	1.0
578.601	1.0
579.601	1.0
580.601	1.0
581.601	1.0
582.601	1.0
583.601	1.0
584.601	1.0
585.601	1.0
586.601	1.0
587.601	1.0
588.601	1.0
589.601	1.0
590.601	1.0
591.601	1.0
592.601	1.0
593.601	1.0
594.601	1.0
595.601	1.0
596.601	1.0
597.601	1.0
598.601	1.0
599.601	1.0
600.601	1.0
601.601	1.0
602.601	1.0
603.601	1.0
604.601	1.0
605.601	1.0
606.601	1.0
607.601	1.0
608.601	1.0
609.601	1.0
610.601	1.0
611.601	1.0
612.601	1.0
613.601	1.0
614.601	1.0
615.601	1.0
616.601	1.0
617.601	1.0
618.601	1.0
619.601	1.0
620.601	1.0
621.601	1.0
622.601	1.0
623.601	1.0
624.601	1.0
625.601	1.0
626.601	1.0
627.601	1.0
628.601	1.0
629.601	1.0
630.601	1.0
631.601	1.0
632.601	1.0
633.601	1.0
634.601	1.0
635.601	1.0
636.601	1.0
637.601	1.0
638.601	1.0
639.601	1.0
640.601	1.0
641.601	1.0
642.601	1.0
643.601	1.0
644.601	1.0
645.601	1.0
646.601	1.0
647.601	1.0
648.601	1.0
649.601	1.0
650.601	1.0
651.601	1.0
652.601	1.0
653.601	1.0
654.601	1.0
655.601	1.0
656.601	1.0
657.601	1.0
658.601	1.0
659.601	1.0
660.601	1.0
661.601	1.0
662.601	1.0
663.601	1.0
664.601	1.0
665.601	1.0
666.601	1.0
667.601	1.0
668.601	1.0
669.601	1.0
670.601	1.0
671.601	1.0
672.601	1.0
673.601	1.0
674.601	1.0
675.601	1.0
676.601	1.0
677.601	1.0
678.601	1.0
679.601	1.0
680.601	1.0
681.601	1.0
682.601	1.0
683.601	1.0
684.601	1.0
685.601	1.0
686.601	1.0
687.601	1.0
688.601	1.0
689.601	1.0
690.601	1.0
691.601	1.0
692.601	1.0
693.601	1.0
694.601	1.0
695.601	1.0
696.601	1.0
697.601	1.0
698.601	1.0
699.601	1.0
700.601	1.0
701.601	1.0
702.601	1.0
703.601	1.0
704.601	1.0
705.601	1.0
706.601	1.0
707.601	1.0
708.601	1.0
709.601	1.0
710.601	1.0
711.601	1.0
712.601	1.0
713.601	1.0
714.601	1.0
715.601	1.0
716.601	1.0
717.601	1.0
718.601	1.0
719.601	1.0
720.601	1.0
721.601	1.0
722.601	1.0
723.601	1.0
724.601	1.0
725.601	1.0
726.601	1.0
727.601	1.0
728.601	1.0
729.601	1.0
730.601	1.0
731.601	1.0
732.601	1.0
733.601	1.0
734.601	1.0
735.601	1.0
736.601	1.0
737.601	1.0
738.601	1.0
739.601	1.0
740.601	1.0
741.601	1.0
742.601	1.0
743.601	1.0
744.601	1.0
745.601	1.0
746.601	1.0
747.601	1.0
748.601	1.0
749.601	1.0
750.601	1.0
751.601	1.0
752.601	1.0
753.601	1.0
754.601	1.0
755.601	1.0
756.601	1.0
757.601	1.0
758.601	1.0
759.601	1.0
760.601	1.0
761.601	1.0
762.601	1.0
763.601	1.0
764.601	1.0
765.601	1.0
766.601	1.0
767.601	1.0
768.601	1.0
769.601	1.0
770.601	1.0
771.601	1.0
772.601	1.0
773.601	1.0
774.601	1.0
775.601	1.0
776.601	1.0
777.601	1.0
778.601	1.0
779.601	1.0
780.601	1.0
781.601	1.0
782.601	1.0
783.601	1.0
784.601	1.0
785.601	1.0
786.601	1.0
787.601	1.0
788.601	1.0
789.601	1.0
790.601	1.0
791.601	1.0
792.601	1.0
793.601	1.0
794.601	1.0
795.601	1.0
796.601	1.0
797.601	1.0
798.601	1.0
799.601	1.0
800.601	1.0
801.601	1.0
802.601	1.0
803.601	1.0
804.601	1.0
805.601	1.0
806.601	1.0
807.601	1.0
808.601	1.0
809.601	1.0
810.601	1.0
811.601	1.0
812.601	1.0
813.601	1.0
814.601	1.0
815.601	1.0
816.601	1.0
817.601	1.0
818.601	1.0
819.601	1.0
820.601	1.0
821.601	1.0
822.601	1.0
823.601	1.0
824.601	1.0
825.601	1.0
826.601	1.0
827.601	1.0
828.601	1.0
829.601	1.0
830.601	1.0
831.601	1.0
832.601	1.0
833.601	1.0
834.601	1.0
835.601	1.0
836.601	1.0
837.601	1.0
838.601	1.0
839.601	1.0
840.601	1.0
841.601	1.0
842.601	1.0
843.601	1.0
844.601	1.0
845.601	1.0
846.601	1.0
847.601	1.0
848.601	1.0
849.601	1.0
850.601	1.0
851.601	1.0
852.601	1.0
853.601	1.0
854.601	1.0
855.601	1.0
856.601	1.0
857.601	1.0
858.601	1.0
859.601	1.0
860.601	1.0
861.601	1.0
862.601	1.0
863.601	1.0
864.601	1.0
865.601	1.0
866.601	1.0
867.601	1.0
868.601	1.0
869.601	1.0
870.601	1.0
871.601	1.0
872.601	1.0
873.601	1.0
874.601	1.0
875.601	1.0
876.601	1.0
877.601	1.0
878.601	1.0
879.601	1.0
880.601	1.0
881.601	1.0
882.601	1.0
883.601	1.0
884.601	1.0
885.601	1.0
886.601	1.0
887.601	1.0
888.601	1.0
889.601	1.0
890.601	1.0
891.601	1.0
892.601	1.0
893.601	1.0
894.601	1.0
895.601	1.0
896.601	1.0
897.601	1.0
898.601	1.0
899.601	1.0
900.601	1.0
901.601	1.0
902.601	1.0
903.601	1.0
904.601	1.0
905.601	1.0
906.601	1.0
907.601	1.0
908.601	1.0
909.601	1.0
910.601	1.0
911.601	1.0
912.601	1.0
913.601	1.0
914.601	1.0
915.601	1.0
916.601	1.0
917.601	1.0
918.601	1.0
919.601	1.0
920.601	1.0
921.601	1.0
922.601	1.0
923.601	1.0
924.601	1.0
925.601	1.0
926.601	1.0
927.601	1.0
928.601	1.0
929.601	1.0
930.601	1.0
931.601	1.0
932.601	1.0
933.601	1.0
934.601	1.0
935.601	1.0
936.601	1.0
937.601	1.0
938.601	1.0
939.601	1.0
940.601	1.0
941.601	1.0
942.601	1.0
943.601	1.0
944.601	1.0
945.601	1.0
946.601	1.0
947.601	1.0
948.601	1.0
949.601	1.0
950.601	1.0
951.601	1.0
952.601	1.0
953.601	1.0
954.601	1.0
955.601	1.0
956.601	1.0
957.601	1.0
958.601	1.0
959.601	1.0
960.601	1.0
961.601	1.0
962.601	1.0
963.601	1.0
964.601	1.0
965.601	1.0
966.601	1.0
967.601	1.0
968.601	1.0
969.601	1.0
970.601	1.0
971.601	1.0
972.601	1.0
973.601	1.0
974.601	1.0
975.601	1.0
976.601	1.0
977.601	1.0
978.601	1.0
979.601	1.0
980.601	1.0
981.601	1.0
982.601	1.0
983.601	1.0
984.601	1.0
985.601	1.0
986.601	1.0
987.601	1.0
988.601	1.0
989.601	1.0
