0.178	0.5153665037397175
1.103	0.5305886049110399
2.023	0.5289211210994701
2.939	0.493813967066098
3.86	0.48304241027652345
4.815	0.48852146207386904
5.7540000000000004	0.46214969748031876
6.707	0.4495232963769219
7.663	0.43396264959497993
8.627	0.4247851943600136
9.587	0.3994130496472403
10.56	0.3811329988739746
11.537	0.3682485088371063
12.508000000000001	0.35184755602949613
13.481	0.35305686811830783
14.453000000000001	0.3673144052384223
15.426	0.33403420496477537
16.399	0.3230510333904813
17.372	0.3693221264417746
18.346	0.4259984816686269
19.318	0.501204858062785
20.289	0.49995915373299654
21.268	0.6092392112104316
22.228	0.524164234269129
23.199	0.5245431078639736
24.177	0.5119933545078593
25.147000000000002	0.5450176818777404
26.127	0.659230966043792
27.102	0.603994166047645
28.080000000000002	0.4981634563245219
29.067	0.6374798816606903
30.042	0.5811563918679553
31.023	0.68752913119421
32.002	0.5401221230094592
32.981	0.42245320383727225
33.963	0.4983325511902062
34.949	0.6301553094274813
35.93	0.48330854025142345
36.914	0.540540006359771
37.896	0.5504902806574629
38.88	0.40079773193609647
39.868	0.6211320835179491
40.852000000000004	0.659197285294371
41.831	0.5341983581652091
42.812	0.5254032432877472
43.797000000000004	0.5426452172390502
44.784	0.6870450873238295
45.764	0.3257438183864431
46.746	0.3665691817994703
47.735	0.3825033305035144
48.722	0.5094262709153154
49.707	0.3214042545952324
50.693	0.2319041668873611
51.683	0.5045278255549737
52.67	0.2267952274415613
53.658	0.4134949893373815
54.647	0.42198049631997847
55.634	0.37391912898479446
56.624	0.4905928421035595
57.613	0.3598794252316002
58.602000000000004	0.6044507921872876
59.587	0.44778885914214955
60.567	0.2257419792089233
61.557	0.34179718983411334
62.54	0.1677769240578212
63.523	0.16906989646735815
64.513	0.23234126366126873
65.504	0.3578180383944895
66.494	0.4255777481455935
67.484	0.4939537745225695
68.465	0.17484811729513122
69.455	0.18171370865702488
70.446	0.44585684105750034
71.437	0.6630412374658958
72.422	0.2608188741412834
73.405	0.11855443978664136
74.387	0.1221560890915098
75.369	0.12421607841962684
76.359	0.14893569366272288
77.34100000000001	0.1242117165846098
78.32300000000001	0.14662504879957436
79.313	0.3843059931678446
80.304	0.7340307302929306
81.285	0.5013379439551244
82.272	0.5208222478817854
83.262	0.7331844465795798
84.253	0.9178993964175645
85.23400000000001	0.674760379841672
86.215	0.40322675151927945
87.19800000000001	0.34766709672599644
88.187	0.6090697431968204
89.168	0.6222481141474822
90.152	0.4952849470717356
91.135	0.1534041532714757
92.126	0.13204443853134953
93.119	0.15933966733331908
94.11200000000001	0.18813580290628618
95.105	0.21731561634606733
96.098	0.21627935715408836
97.092	0.3846014830193995
98.08500000000001	0.3055998640368674
99.078	0.26638116984338445
100.071	0.2676342178091393
101.06400000000001	0.2682838669993804
102.057	0.2691623952543964
103.05	0.2699881004975974
104.043	0.27084771574164135
105.036	0.2715064130324854
106.029	0.27277065030579645
107.022	0.2741874330837904
108.015	0.27588226962959944
109.008	0.2767510605186413
110.001	0.27723927635769746
110.994	0.2786377268790994
111.98700000000001	0.27993208309277134
112.98	0.28162960217929944
113.973	0.28360834098839743
114.96600000000001	0.2860585103947814
115.959	0.2878609784199994
116.952	0.2902135382496994
117.94500000000001	0.29288023335989943
118.938	0.2953908512897994
119.931	0.2978139442094994
120.924	0.30016041843306934
121.917	0.30004800349277433
122.91	0.3026087443545293
123.903	0.30625404048134114
124.896	0.31040492143989945
125.889	0.22244491477947703
126.881	0.2466355646949563
127.87400000000001	0.2568896310795143
128.867	0.25903154640913534
129.86	0.2605633963864124
130.851	0.16505036995501904
131.844	0.2452471113018798
132.837	0.2536507500651261
133.83	0.25567563331452925
134.823	0.26040329243999943
135.814	0.20374883677169076
136.80700000000002	0.30781709251380085
137.8	0.3083027634502008
138.792	0.24016018046319856
139.785	0.2562576948161974
140.778	0.27593869980659796
141.77100000000002	0.1957257261568093
142.764	0.23435956270256583
143.757	0.2564185457636299
144.75	0.2319426217062038
145.743	0.23151313992084913
146.736	0.2304017440211894
147.729	0.23353523487989938
148.722	0.2382054598084288
149.715	0.2711241590211299
150.708	0.2415699162024919
151.701	0.24348691697879515
152.69400000000002	0.24605870746352274
153.686	0.22661227780260357
154.678	0.2398523886111163
155.67000000000002	0.23661712678427416
156.662	0.23653921023184737
157.654	0.24112067992989938
158.64600000000002	0.2747487596281761
159.638	0.28440680872736857
160.63	0.2946190458755724
161.622	0.2964961465546814
162.614	0.30024980736999946
163.605	0.2616519407245649
164.597	0.2767916223113116
165.589	0.29440394961889943
166.58100000000002	0.29805559633973416
167.573	0.3030871756099994
168.564	0.2740399636682096
169.556	0.2892713825473617
170.548	0.29780407465801173
171.54	0.2990417146654384
172.532	0.2995186935891984
173.524	0.3047395829499995
174.514	0.2758669280446946
175.504	0.2532443571061003
176.495	0.26071422112125114
177.486	0.2880239873600997
178.477	0.2983037531912122
179.46800000000002	0.2995653455040713
180.459	0.30531863846999946
181.449	0.2677536591796672
182.44	0.2825998951265759
183.431	0.2904250072364374
184.422	0.30029790918799754
185.413	0.30482561078823533
186.404	0.22865973741722836
187.4	0.14606505095886138
188.398	0.15490702554154226
189.395	0.11918517307713113
190.394	0.22206501131150844
191.394	0.8624465959899998
192.394	0.960385895645
193.394	1.0
194.394	1.0
195.394	1.0
196.394	1.0
197.394	1.0
198.394	1.0
199.394	1.0
200.394	1.0
201.394	1.0
202.394	1.0
203.394	1.0
204.394	1.0
205.394	1.0
206.394	1.0
207.394	1.0
208.394	1.0
209.394	1.0
210.394	1.0
211.394	1.0
212.394	1.0
213.394	1.0
214.394	1.0
215.394	1.0
216.394	1.0
217.394	1.0
218.394	1.0
219.394	1.0
220.394	1.0
221.394	1.0
222.394	1.0
223.394	1.0
224.394	1.0
225.394	1.0
226.394	1.0
227.394	1.0
228.394	1.0
229.394	1.0
230.394	1.0
231.394	1.0
232.394	1.0
233.394	1.0
234.394	1.0
235.394	1.0
236.394	1.0
237.394	1.0
238.394	1.0
239.394	1.0
240.394	1.0
241.394	1.0
242.394	1.0
243.394	1.0
244.394	1.0
245.394	1.0
246.394	1.0
247.394	1.0
248.394	1.0
249.394	1.0
250.394	1.0
251.394	1.0
252.394	1.0
253.394	1.0
254.394	1.0
255.394	1.0
256.394	1.0
257.394	1.0
258.394	1.0
259.394	1.0
260.394	1.0
261.394	1.0
262.394	1.0
263.394	1.0
264.394	1.0
265.394	1.0
266.394	1.0
267.394	1.0
268.394	1.0
269.394	1.0
270.394	1.0
271.394	1.0
272.394	1.0
273.394	1.0
274.394	1.0
275.394	1.0
276.394	1.0
277.394	1.0
278.394	1.0
279.394	1.0
280.394	1.0
281.394	1.0
282.394	1.0
283.394	1.0
284.394	1.0
285.394	1.0
286.394	1.0
287.394	1.0
288.394	1.0
289.394	1.0
290.394	1.0
291.394	1.0
292.394	1.0
293.394	1.0
294.394	1.0
295.394	1.0
296.394	1.0
297.394	1.0
298.394	1.0
299.394	1.0
300.394	1.0
301.394	1.0
302.394	1.0
303.394	1.0
304.394	1.0
305.394	1.0
306.394	1.0
307.394	1.0
308.394	1.0
309.394	1.0
310.394	1.0
311.394	1.0
312.394	1.0
313.394	1.0
314.394	1.0
315.394	1.0
316.394	1.0
317.394	1.0
318.394	1.0
319.394	1.0
320.394	1.0
321.394	1.0
322.394	1.0
323.394	1.0
324.394	1.0
325.394	1.0
326.394	1.0
327.394	1.0
328.394	1.0
329.394	1.0
330.394	1.0
331.394	1.0
332.394	1.0
333.394	1.0
334.394	1.0
335.394	1.0
336.394	1.0
337.394	1.0
338.394	1.0
339.394	1.0
340.394	1.0
341.394	1.0
342.394	1.0
343.394	1.0
344.394	1.0
345.394	1.0
346.394	1.0
347.394	1.0
348.394	1.0
349.394	1.0
350.394	1.0
351.394	1.0
352.394	1.0
353.394	1.0
354.394	1.0
355.394	1.0
356.394	1.0
357.394	1.0
358.394	1.0
359.394	1.0
360.394	1.0
361.394	1.0
362.394	1.0
363.394	1.0
364.394	1.0
365.394	1.0
366.394	1.0
367.394	1.0
368.394	1.0
369.394	1.0
370.394	1.0
371.394	1.0
372.394	1.0
373.394	1.0
374.394	1.0
375.394	1.0
376.394	1.0
377.394	1.0
378.394	1.0
379.394	1.0
380.394	1.0
381.394	1.0
382.394	1.0
383.394	1.0
384.394	1.0
385.394	1.0
386.394	1.0
387.394	1.0
388.394	1.0
389.394	1.0
390.394	1.0
391.394	1.0
392.394	1.0
393.394	1.0
394.394	1.0
395.394	1.0
396.394	1.0
397.394	1.0
398.394	1.0
399.394	1.0
400.394	1.0
401.394	1.0
402.394	1.0
403.394	1.0
404.394	1.0
405.394	1.0
406.394	1.0
407.394	1.0
408.394	1.0
409.394	1.0
410.394	1.0
411.394	1.0
412.394	1.0
413.394	1.0
414.394	1.0
415.394	1.0
416.394	1.0
417.394	1.0
418.394	1.0
419.394	1.0
420.394	1.0
421.394	1.0
422.394	1.0
423.394	1.0
424.394	1.0
425.394	1.0
426.394	1.0
427.394	1.0
428.394	1.0
429.394	1.0
430.394	1.0
431.394	1.0
432.394	1.0
433.394	1.0
434.394	1.0
435.394	1.0
436.394	1.0
437.394	1.0
438.394	1.0
439.394	1.0
440.394	1.0
441.394	1.0
442.394	1.0
443.394	1.0
444.394	1.0
445.394	1.0
446.394	1.0
447.394	1.0
448.394	1.0
449.394	1.0
450.394	1.0
451.394	1.0
452.394	1.0
453.394	1.0
454.394	1.0
455.394	1.0
456.394	1.0
457.394	1.0
458.394	1.0
459.394	1.0
460.394	1.0
461.394	1.0
462.394	1.0
463.394	1.0
464.394	1.0
465.394	1.0
466.394	1.0
467.394	1.0
468.394	1.0
469.394	1.0
470.394	1.0
471.394	1.0
472.394	1.0
473.394	1.0
474.394	1.0
475.394	1.0
476.394	1.0
477.394	1.0
478.394	1.0
479.394	1.0
480.394	1.0
481.394	1.0
482.394	1.0
483.394	1.0
484.394	1.0
485.394	1.0
486.394	1.0
487.394	1.0
488.394	1.0
489.394	1.0
490.394	1.0
491.394	1.0
492.394	1.0
493.394	1.0
494.394	1.0
495.394	1.0
496.394	1.0
497.394	1.0
498.394	1.0
499.394	1.0
500.394	1.0
501.394	1.0
502.394	1.0
503.394	1.0
504.394	1.0
505.394	1.0
506.394	1.0
507.394	1.0
508.394	1.0
509.394	1.0
510.394	1.0
511.394	1.0
512.394	1.0
513.394	1.0
514.394	1.0
515.394	1.0
516.394	1.0
517.394	1.0
518.394	1.0
519.394	1.0
520.394	1.0
521.394	1.0
522.394	1.0
523.394	1.0
524.394	1.0
525.394	1.0
526.394	1.0
527.394	1.0
528.394	1.0
529.394	1.0
530.394	1.0
531.394	1.0
532.394	1.0
533.394	1.0
534.394	1.0
535.394	1.0
536.394	1.0
537.394	1.0
538.394	1.0
539.394	1.0
540.394	1.0
541.394	1.0
542.394	1.0
543.394	1.0
544.394	1.0
545.394	1.0
546.394	1.0
547.394	1.0
548.394	1.0
549.394	1.0
550.394	1.0
551.394	1.0
552.394	1.0
553.394	1.0
554.394	1.0
555.394	1.0
556.394	1.0
557.394	1.0
558.394	1.0
559.394	1.0
560.394	1.0
561.394	1.0
562.394	1.0
563.394	1.0
564.394	1.0
565.394	1.0
566.394	1.0
567.394	1.0
568.394	1.0
569.394	1.0
570.394	1.0
571.394	1.0
572.394	1.0
573.394	1.0
574.394	1.0
575.394	1.0
576.394	1.0
577.394	1.0
578.394	1.0
579.394	1.0
580.394	1.0
581.394	1.0
582.394	1.0
583.394	1.0
584.394	1.0
585.394	1.0
586.394	1.0
587.394	1.0
588.394	1.0
589.394	1.0
590.394	1.0
591.394	1.0
592.394	1.0
593.394	1.0
594.394	1.0
595.394	1.0
596.394	1.0
597.394	1.0
598.394	1.0
599.394	1.0
600.394	1.0
601.394	1.0
602.394	1.0
603.394	1.0
604.394	1.0
605.394	1.0
606.394	1.0
607.394	1.0
608.394	1.0
609.394	1.0
610.394	1.0
611.394	1.0
612.394	1.0
613.394	1.0
614.394	1.0
615.394	1.0
616.394	1.0
617.394	1.0
618.394	1.0
619.394	1.0
620.394	1.0
621.394	1.0
622.394	1.0
623.394	1.0
624.394	1.0
625.394	1.0
626.394	1.0
627.394	1.0
628.394	1.0
629.394	1.0
630.394	1.0
631.394	1.0
632.394	1.0
633.394	1.0
634.394	1.0
635.394	1.0
636.394	1.0
637.394	1.0
638.394	1.0
639.394	1.0
640.394	1.0
641.394	1.0
642.394	1.0
643.394	1.0
644.394	1.0
645.394	1.0
646.394	1.0
647.394	1.0
648.394	1.0
649.394	1.0
650.394	1.0
651.394	1.0
652.394	1.0
653.394	1.0
654.394	1.0
655.394	1.0
656.394	1.0
657.394	1.0
658.394	1.0
659.394	1.0
660.394	1.0
661.394	1.0
662.394	1.0
663.394	1.0
664.394	1.0
665.394	1.0
666.394	1.0
667.394	1.0
668.394	1.0
669.394	1.0
670.394	1.0
671.394	1.0
672.394	1.0
673.394	1.0
674.394	1.0
675.394	1.0
676.394	1.0
677.394	1.0
678.394	1.0
679.394	1.0
680.394	1.0
681.394	1.0
682.394	1.0
683.394	1.0
684.394	1.0
685.394	1.0
686.394	1.0
687.394	1.0
688.394	1.0
689.394	1.0
690.394	1.0
691.394	1.0
692.394	1.0
693.394	1.0
694.394	1.0
695.394	1.0
696.394	1.0
697.394	1.0
698.394	1.0
699.394	1.0
700.394	1.0
701.394	1.0
702.394	1.0
703.394	1.0
704.394	1.0
705.394	1.0
706.394	1.0
707.394	1.0
708.394	1.0
709.394	1.0
710.394	1.0
711.394	1.0
712.394	1.0
713.394	1.0
714.394	1.0
715.394	1.0
716.394	1.0
717.394	1.0
718.394	1.0
719.394	1.0
720.394	1.0
721.394	1.0
722.394	1.0
723.394	1.0
724.394	1.0
725.394	1.0
726.394	1.0
727.394	1.0
728.394	1.0
729.394	1.0
730.394	1.0
731.394	1.0
732.394	1.0
733.394	1.0
734.394	1.0
735.394	1.0
736.394	1.0
737.394	1.0
738.394	1.0
739.394	1.0
740.394	1.0
741.394	1.0
742.394	1.0
743.394	1.0
744.394	1.0
745.394	1.0
746.394	1.0
747.394	1.0
748.394	1.0
749.394	1.0
750.394	1.0
751.394	1.0
752.394	1.0
753.394	1.0
754.394	1.0
755.394	1.0
756.394	1.0
757.394	1.0
758.394	1.0
759.394	1.0
760.394	1.0
761.394	1.0
762.394	1.0
763.394	1.0
764.394	1.0
765.394	1.0
766.394	1.0
767.394	1.0
768.394	1.0
769.394	1.0
770.394	1.0
771.394	1.0
772.394	1.0
773.394	1.0
774.394	1.0
775.394	1.0
776.394	1.0
777.394	1.0
778.394	1.0
779.394	1.0
780.394	1.0
781.394	1.0
782.394	1.0
783.394	1.0
784.394	1.0
785.394	1.0
786.394	1.0
787.394	1.0
788.394	1.0
789.394	1.0
790.394	1.0
791.394	1.0
792.394	1.0
793.394	1.0
794.394	1.0
795.394	1.0
796.394	1.0
797.394	1.0
798.394	1.0
799.394	1.0
800.394	1.0
801.394	1.0
802.394	1.0
803.394	1.0
804.394	1.0
805.394	1.0
806.394	1.0
807.394	1.0
808.394	1.0
809.394	1.0
810.394	1.0
811.394	1.0
812.394	1.0
813.394	1.0
814.394	1.0
815.394	1.0
816.394	1.0
817.394	1.0
818.394	1.0
819.394	1.0
820.394	1.0
821.394	1.0
822.394	1.0
823.394	1.0
824.394	1.0
825.394	1.0
826.394	1.0
827.394	1.0
828.394	1.0
829.394	1.0
830.394	1.0
831.394	1.0
832.394	1.0
833.394	1.0
834.394	1.0
835.394	1.0
836.394	1.0
837.394	1.0
838.394	1.0
839.394	1.0
840.394	1.0
841.394	1.0
842.394	1.0
843.394	1.0
844.394	1.0
845.394	1.0
846.394	1.0
847.394	1.0
848.394	1.0
849.394	1.0
850.394	1.0
851.394	1.0
852.394	1.0
853.394	1.0
854.394	1.0
855.394	1.0
856.394	1.0
857.394	1.0
858.394	1.0
859.394	1.0
860.394	1.0
861.394	1.0
862.394	1.0
863.394	1.0
864.394	1.0
865.394	1.0
866.394	1.0
867.394	1.0
868.394	1.0
869.394	1.0
870.394	1.0
871.394	1.0
872.394	1.0
873.394	1.0
874.394	1.0
875.394	1.0
876.394	1.0
877.394	1.0
878.394	1.0
879.394	1.0
880.394	1.0
881.394	1.0
882.394	1.0
883.394	1.0
884.394	1.0
885.394	1.0
886.394	1.0
887.394	1.0
888.394	1.0
889.394	1.0
890.394	1.0
891.394	1.0
892.394	1.0
893.394	1.0
894.394	1.0
895.394	1.0
896.394	1.0
897.394	1.0
898.394	1.0
899.394	1.0
900.394	1.0
901.394	1.0
902.394	1.0
903.394	1.0
904.394	1.0
905.394	1.0
906.394	1.0
907.394	1.0
908.394	1.0
909.394	1.0
910.394	1.0
911.394	1.0
912.394	1.0
913.394	1.0
914.394	1.0
915.394	1.0
916.394	1.0
917.394	1.0
918.394	1.0
919.394	1.0
920.394	1.0
921.394	1.0
922.394	1.0
923.394	1.0
924.394	1.0
925.394	1.0
926.394	1.0
927.394	1.0
928.394	1.0
929.394	1.0
930.394	1.0
931.394	1.0
932.394	1.0
933.394	1.0
934.394	1.0
935.394	1.0
936.394	1.0
937.394	1.0
938.394	1.0
939.394	1.0
940.394	1.0
941.394	1.0
942.394	1.0
943.394	1.0
944.394	1.0
945.394	1.0
946.394	1.0
947.394	1.0
948.394	1.0
949.394	1.0
950.394	1.0
951.394	1.0
952.394	1.0
953.394	1.0
954.394	1.0
955.394	1.0
956.394	1.0
957.394	1.0
958.394	1.0
959.394	1.0
960.394	1.0
961.394	1.0
962.394	1.0
963.394	1.0
964.394	1.0
965.394	1.0
966.394	1.0
967.394	1.0
968.394	1.0
969.394	1.0
970.394	1.0
971.394	1.0
972.394	1.0
973.394	1.0
974.394	1.0
975.394	1.0
976.394	1.0
977.394	1.0
978.394	1.0
979.394	1.0
980.394	1.0
981.394	1.0
982.394	1.0
983.394	1.0
984.394	1.0
985.394	1.0
986.394	1.0
987.394	1.0
988.394	1.0
989.394	1.0
990.394	1.0
991.394	1.0
992.394	1.0
993.394	1.0
994.394	1.0
995.394	1.0
996.394	1.0
