0.18	0.505079969459118
1.162	0.5008989714278869
2.133	0.5171500989900091
3.114	0.5217366817445844
4.087	0.5365173627143733
5.061	0.5391589126061229
6.0360000000000005	0.5229133031948792
7.0120000000000005	0.5333220712182497
7.9910000000000005	0.5422828253101288
8.961	0.5821673207146827
9.939	0.5847933227354198
10.91	0.5856659085021565
11.881	0.6056030448056837
12.861	0.6170019536220144
13.84	0.6203805118042409
14.804	0.6299748180354264
15.776	0.6086805588772013
16.742	0.6033108331812985
17.716	0.6196730054631877
18.683	0.6147541294019333
19.658	0.6141472528048503
20.641000000000002	0.6024404825007075
21.617	0.5944443732588924
22.586000000000002	0.5999349450905026
23.555	0.6044028540397357
24.538	0.5877537451144399
25.515	0.5785146263887552
26.493000000000002	0.5967504672759929
27.477	0.5812947801228884
28.459	0.5659283997948297
29.438000000000002	0.5531973119770521
30.427	0.5325931190273399
31.417	0.5132900843232757
32.412	0.48861911588637064
33.404	0.4799209161955912
34.4	0.4581645981987655
35.391	0.43882660612091107
36.376	0.4272828620145059
37.361000000000004	0.4150701833656613
38.349000000000004	0.3997052439648375
39.343	0.3791831047200926
40.337	0.36847884287612653
41.33	0.3503763718310684
42.324	0.32859018326082284
43.313	0.3163485320131663
44.311	0.31307441939233116
45.306000000000004	0.2956633496794824
46.300000000000004	0.2793604051647997
47.294000000000004	0.26002868414862423
48.291000000000004	0.24265031654754923
49.29	0.22344275290962423
50.289	0.20373157063677547
51.285000000000004	0.18905852874653728
52.283	0.17003545217578409
53.279	0.15186506142213965
54.277	0.19051793819083607
55.276	0.19018265045082383
56.276	0.2100055163668732
57.271	0.5270959043847501
58.261	0.7888669363990882
59.252	0.9533050352876791
60.252	0.9416622553495538
61.243	0.947507028921358
62.234	0.9458651179625359
63.225	0.9417898960918879
64.206	0.9444593729124026
65.187	0.9503514095398029
66.178	0.9468212294803329
67.15	0.952364045260143
68.134	0.9383627831041744
69.125	0.9226477402644678
70.125	0.9335051231961669
71.116	0.9370175035951581
72.09700000000001	0.9493519298000918
73.08200000000001	0.7490455231325838
74.07900000000001	0.3993097637299995
75.078	0.3971766805090985
76.077	0.395269143459469
77.077	0.811104838868831
78.077	0.9577078277709475
79.077	0.965043990212131
80.077	0.9726031494396868
81.077	0.9804739945279967
82.058	0.9009116170742025
83.039	0.8067104486045068
84.02	0.6635729882249808
85.01	0.6529242589847897
86.001	0.7835034611085999
87.001	0.8960025421464001
87.992	0.9498939917459753
88.983	0.654629721866785
89.983	0.9803075705896912
90.983	0.9881726588467025
91.983	0.9863259371011128
92.983	0.9844792153555231
93.983	0.9826324936099331
94.983	0.9807857718643435
95.974	0.9506534905306252
96.965	0.9424460580858899
97.965	0.9758204474427352
98.955	0.8733944882789642
99.955	0.9810281992594139
100.936	0.8436632722274983
101.918	0.7402371771631627
102.909	0.7303027713380746
103.908	0.9449736042143104
104.899	0.9679366728505977
105.899	0.9830643574906125
106.891	0.9884874240874914
107.891	0.9868415784834547
108.891	0.9852528458137965
109.891	0.9836641131441383
110.891	0.9820753804744801
111.882	0.9768374867061596
112.863	0.9618575917188806
113.84400000000001	0.8235676698550217
114.84400000000001	0.9590062427980913
115.843	0.9465938519444899
116.837	0.959974182515144
117.837	0.988455613660298
118.837	0.9871033393728645
119.837	0.9857725957791378
120.837	0.9844418521854115
121.828	0.982973622722405
122.809	0.9109619841348917
123.809	0.9272909644696674
124.803	0.938937935784192
125.799	0.7510459179644888
126.799	0.9893209994642861
127.799	0.9881652368753872
128.799	0.9873813804635239
129.79	0.9386248333542087
130.781	0.9514013315552957
131.78	0.9508505991728317
132.78	0.9898766967524751
133.78	0.9892146802611803
134.77100000000002	0.9117706442336313
135.77100000000002	0.989947146336866
136.769	0.9908030045085597
137.769	0.9902477506464769
138.769	0.988270001006695
139.766	0.9906252809999999
140.766	0.99034607963
141.766	0.9900575953499999
142.766	1.0
143.766	1.0
144.766	1.0
145.766	1.0
146.766	1.0
147.766	1.0
148.766	1.0
149.766	1.0
150.766	1.0
151.766	1.0
152.766	1.0
153.766	1.0
154.766	1.0
155.766	1.0
156.766	1.0
157.766	1.0
158.766	1.0
159.766	1.0
160.766	1.0
161.766	1.0
162.766	1.0
163.766	1.0
164.766	1.0
165.766	1.0
166.766	1.0
167.766	1.0
168.766	1.0
169.766	1.0
170.766	1.0
171.766	1.0
172.766	1.0
173.766	1.0
174.766	1.0
175.766	1.0
176.766	1.0
177.766	1.0
178.766	1.0
179.766	1.0
180.766	1.0
181.766	1.0
182.766	1.0
183.766	1.0
184.766	1.0
185.766	1.0
186.766	1.0
187.766	1.0
188.766	1.0
189.766	1.0
190.766	1.0
191.766	1.0
192.766	1.0
193.766	1.0
194.766	1.0
195.766	1.0
196.766	1.0
197.766	1.0
198.766	1.0
199.766	1.0
200.766	1.0
201.766	1.0
202.766	1.0
203.766	1.0
204.766	1.0
205.766	1.0
206.766	1.0
207.766	1.0
208.766	1.0
209.766	1.0
210.766	1.0
211.766	1.0
212.766	1.0
213.766	1.0
214.766	1.0
215.766	1.0
216.766	1.0
217.766	1.0
218.766	1.0
219.766	1.0
220.766	1.0
221.766	1.0
222.766	1.0
223.766	1.0
224.766	1.0
225.766	1.0
226.766	1.0
227.766	1.0
228.766	1.0
229.766	1.0
230.766	1.0
231.766	1.0
232.766	1.0
233.766	1.0
234.766	1.0
235.766	1.0
236.766	1.0
237.766	1.0
238.766	1.0
239.766	1.0
240.766	1.0
241.766	1.0
242.766	1.0
243.766	1.0
244.766	1.0
245.766	1.0
246.766	1.0
247.766	1.0
248.766	1.0
249.766	1.0
250.766	1.0
251.766	1.0
252.766	1.0
253.766	1.0
254.766	1.0
255.766	1.0
256.766	1.0
257.766	1.0
258.766	1.0
259.766	1.0
260.766	1.0
261.766	1.0
262.766	1.0
263.766	1.0
264.766	1.0
265.766	1.0
266.766	1.0
267.766	1.0
268.766	1.0
269.766	1.0
270.766	1.0
271.766	1.0
272.766	1.0
273.766	1.0
274.766	1.0
275.766	1.0
276.766	1.0
277.766	1.0
278.766	1.0
279.766	1.0
280.766	1.0
281.766	1.0
282.766	1.0
283.766	1.0
284.766	1.0
285.766	1.0
286.766	1.0
287.766	1.0
288.766	1.0
289.766	1.0
290.766	1.0
291.766	1.0
292.766	1.0
293.766	1.0
294.766	1.0
295.766	1.0
296.766	1.0
297.766	1.0
298.766	1.0
299.766	1.0
300.766	1.0
301.766	1.0
302.766	1.0
303.766	1.0
304.766	1.0
305.766	1.0
306.766	1.0
307.766	1.0
308.766	1.0
309.766	1.0
310.766	1.0
311.766	1.0
312.766	1.0
313.766	1.0
314.766	1.0
315.766	1.0
316.766	1.0
317.766	1.0
318.766	1.0
319.766	1.0
320.766	1.0
321.766	1.0
322.766	1.0
323.766	1.0
324.766	1.0
325.766	1.0
326.766	1.0
327.766	1.0
328.766	1.0
329.766	1.0
330.766	1.0
331.766	1.0
332.766	1.0
333.766	1.0
334.766	1.0
335.766	1.0
336.766	1.0
337.766	1.0
338.766	1.0
339.766	1.0
340.766	1.0
341.766	1.0
342.766	1.0
343.766	1.0
344.766	1.0
345.766	1.0
346.766	1.0
347.766	1.0
348.766	1.0
349.766	1.0
350.766	1.0
351.766	1.0
352.766	1.0
353.766	1.0
354.766	1.0
355.766	1.0
356.766	1.0
357.766	1.0
358.766	1.0
359.766	1.0
360.766	1.0
361.766	1.0
362.766	1.0
363.766	1.0
364.766	1.0
365.766	1.0
366.766	1.0
367.766	1.0
368.766	1.0
369.766	1.0
370.766	1.0
371.766	1.0
372.766	1.0
373.766	1.0
374.766	1.0
375.766	1.0
376.766	1.0
377.766	1.0
378.766	1.0
379.766	1.0
380.766	1.0
381.766	1.0
382.766	1.0
383.766	1.0
384.766	1.0
385.766	1.0
386.766	1.0
387.766	1.0
388.766	1.0
389.766	1.0
390.766	1.0
391.766	1.0
392.766	1.0
393.766	1.0
394.766	1.0
395.766	1.0
396.766	1.0
397.766	1.0
398.766	1.0
399.766	1.0
400.766	1.0
401.766	1.0
402.766	1.0
403.766	1.0
404.766	1.0
405.766	1.0
406.766	1.0
407.766	1.0
408.766	1.0
409.766	1.0
410.766	1.0
411.766	1.0
412.766	1.0
413.766	1.0
414.766	1.0
415.766	1.0
416.766	1.0
417.766	1.0
418.766	1.0
419.766	1.0
420.766	1.0
421.766	1.0
422.766	1.0
423.766	1.0
424.766	1.0
425.766	1.0
426.766	1.0
427.766	1.0
428.766	1.0
429.766	1.0
430.766	1.0
431.766	1.0
432.766	1.0
433.766	1.0
434.766	1.0
435.766	1.0
436.766	1.0
437.766	1.0
438.766	1.0
439.766	1.0
440.766	1.0
441.766	1.0
442.766	1.0
443.766	1.0
444.766	1.0
445.766	1.0
446.766	1.0
447.766	1.0
448.766	1.0
449.766	1.0
450.766	1.0
451.766	1.0
452.766	1.0
453.766	1.0
454.766	1.0
455.766	1.0
456.766	1.0
457.766	1.0
458.766	1.0
459.766	1.0
460.766	1.0
461.766	1.0
462.766	1.0
463.766	1.0
464.766	1.0
465.766	1.0
466.766	1.0
467.766	1.0
468.766	1.0
469.766	1.0
470.766	1.0
471.766	1.0
472.766	1.0
473.766	1.0
474.766	1.0
475.766	1.0
476.766	1.0
477.766	1.0
478.766	1.0
479.766	1.0
480.766	1.0
481.766	1.0
482.766	1.0
483.766	1.0
484.766	1.0
485.766	1.0
486.766	1.0
487.766	1.0
488.766	1.0
489.766	1.0
490.766	1.0
491.766	1.0
492.766	1.0
493.766	1.0
494.766	1.0
495.766	1.0
496.766	1.0
497.766	1.0
498.766	1.0
499.766	1.0
500.766	1.0
501.766	1.0
502.766	1.0
503.766	1.0
504.766	1.0
505.766	1.0
506.766	1.0
507.766	1.0
508.766	1.0
509.766	1.0
510.766	1.0
511.766	1.0
512.766	1.0
513.766	1.0
514.766	1.0
515.766	1.0
516.766	1.0
517.766	1.0
518.766	1.0
519.766	1.0
520.766	1.0
521.766	1.0
522.766	1.0
523.766	1.0
524.766	1.0
525.766	1.0
526.766	1.0
527.766	1.0
528.766	1.0
529.766	1.0
530.766	1.0
531.766	1.0
532.766	1.0
533.766	1.0
534.766	1.0
535.766	1.0
536.766	1.0
537.766	1.0
538.766	1.0
539.766	1.0
540.766	1.0
541.766	1.0
542.766	1.0
543.766	1.0
544.766	1.0
545.766	1.0
546.766	1.0
547.766	1.0
548.766	1.0
549.766	1.0
550.766	1.0
551.766	1.0
552.766	1.0
553.766	1.0
554.766	1.0
555.766	1.0
556.766	1.0
557.766	1.0
558.766	1.0
559.766	1.0
560.766	1.0
561.766	1.0
562.766	1.0
563.766	1.0
564.766	1.0
565.766	1.0
566.766	1.0
567.766	1.0
568.766	1.0
569.766	1.0
570.766	1.0
571.766	1.0
572.766	1.0
573.766	1.0
574.766	1.0
575.766	1.0
576.766	1.0
577.766	1.0
578.766	1.0
579.766	1.0
580.766	1.0
581.766	1.0
582.766	1.0
583.766	1.0
584.766	1.0
585.766	1.0
586.766	1.0
587.766	1.0
588.766	1.0
589.766	1.0
590.766	1.0
591.766	1.0
592.766	1.0
593.766	1.0
594.766	1.0
595.766	1.0
596.766	1.0
597.766	1.0
598.766	1.0
599.766	1.0
600.766	1.0
601.766	1.0
602.766	1.0
603.766	1.0
604.766	1.0
605.766	1.0
606.766	1.0
607.766	1.0
608.766	1.0
609.766	1.0
610.766	1.0
611.766	1.0
612.766	1.0
613.766	1.0
614.766	1.0
615.766	1.0
616.766	1.0
617.766	1.0
618.766	1.0
619.766	1.0
620.766	1.0
621.766	1.0
622.766	1.0
623.766	1.0
624.766	1.0
625.766	1.0
626.766	1.0
627.766	1.0
628.766	1.0
629.766	1.0
630.766	1.0
631.766	1.0
632.766	1.0
633.766	1.0
634.766	1.0
635.766	1.0
636.766	1.0
637.766	1.0
638.766	1.0
639.766	1.0
640.766	1.0
641.766	1.0
642.766	1.0
643.766	1.0
644.766	1.0
645.766	1.0
646.766	1.0
647.766	1.0
648.766	1.0
649.766	1.0
650.766	1.0
651.766	1.0
652.766	1.0
653.766	1.0
654.766	1.0
655.766	1.0
656.766	1.0
657.766	1.0
658.766	1.0
659.766	1.0
660.766	1.0
661.766	1.0
662.766	1.0
663.766	1.0
664.766	1.0
665.766	1.0
666.766	1.0
667.766	1.0
668.766	1.0
669.766	1.0
670.766	1.0
671.766	1.0
672.766	1.0
673.766	1.0
674.766	1.0
675.766	1.0
676.766	1.0
677.766	1.0
678.766	1.0
679.766	1.0
680.766	1.0
681.766	1.0
682.766	1.0
683.766	1.0
684.766	1.0
685.766	1.0
686.766	1.0
687.766	1.0
688.766	1.0
689.766	1.0
690.766	1.0
691.766	1.0
692.766	1.0
693.766	1.0
694.766	1.0
695.766	1.0
696.766	1.0
697.766	1.0
698.766	1.0
699.766	1.0
700.766	1.0
701.766	1.0
702.766	1.0
703.766	1.0
704.766	1.0
705.766	1.0
706.766	1.0
707.766	1.0
708.766	1.0
709.766	1.0
710.766	1.0
711.766	1.0
712.766	1.0
713.766	1.0
714.766	1.0
715.766	1.0
716.766	1.0
717.766	1.0
718.766	1.0
719.766	1.0
720.766	1.0
721.766	1.0
722.766	1.0
723.766	1.0
724.766	1.0
725.766	1.0
726.766	1.0
727.766	1.0
728.766	1.0
729.766	1.0
730.766	1.0
731.766	1.0
732.766	1.0
733.766	1.0
734.766	1.0
735.766	1.0
736.766	1.0
737.766	1.0
738.766	1.0
739.766	1.0
740.766	1.0
741.766	1.0
742.766	1.0
743.766	1.0
744.766	1.0
745.766	1.0
746.766	1.0
747.766	1.0
748.766	1.0
749.766	1.0
750.766	1.0
751.766	1.0
752.766	1.0
753.766	1.0
754.766	1.0
755.766	1.0
756.766	1.0
757.766	1.0
758.766	1.0
759.766	1.0
760.766	1.0
761.766	1.0
762.766	1.0
763.766	1.0
764.766	1.0
765.766	1.0
766.766	1.0
767.766	1.0
768.766	1.0
769.766	1.0
770.766	1.0
771.766	1.0
772.766	1.0
773.766	1.0
774.766	1.0
775.766	1.0
776.766	1.0
777.766	1.0
778.766	1.0
779.766	1.0
780.766	1.0
781.766	1.0
782.766	1.0
783.766	1.0
784.766	1.0
785.766	1.0
786.766	1.0
787.766	1.0
788.766	1.0
789.766	1.0
790.766	1.0
791.766	1.0
792.766	1.0
793.766	1.0
794.766	1.0
795.766	1.0
796.766	1.0
797.766	1.0
798.766	1.0
799.766	1.0
800.766	1.0
801.766	1.0
802.766	1.0
803.766	1.0
804.766	1.0
805.766	1.0
806.766	1.0
807.766	1.0
808.766	1.0
809.766	1.0
810.766	1.0
811.766	1.0
812.766	1.0
813.766	1.0
814.766	1.0
815.766	1.0
816.766	1.0
817.766	1.0
818.766	1.0
819.766	1.0
820.766	1.0
821.766	1.0
822.766	1.0
823.766	1.0
824.766	1.0
825.766	1.0
826.766	1.0
827.766	1.0
828.766	1.0
829.766	1.0
830.766	1.0
831.766	1.0
832.766	1.0
833.766	1.0
834.766	1.0
835.766	1.0
836.766	1.0
837.766	1.0
838.766	1.0
839.766	1.0
840.766	1.0
841.766	1.0
842.766	1.0
843.766	1.0
844.766	1.0
845.766	1.0
846.766	1.0
847.766	1.0
848.766	1.0
849.766	1.0
850.766	1.0
851.766	1.0
852.766	1.0
853.766	1.0
854.766	1.0
855.766	1.0
856.766	1.0
857.766	1.0
858.766	1.0
859.766	1.0
860.766	1.0
861.766	1.0
862.766	1.0
863.766	1.0
864.766	1.0
865.766	1.0
866.766	1.0
867.766	1.0
868.766	1.0
869.766	1.0
870.766	1.0
871.766	1.0
872.766	1.0
873.766	1.0
874.766	1.0
875.766	1.0
876.766	1.0
877.766	1.0
878.766	1.0
879.766	1.0
880.766	1.0
881.766	1.0
882.766	1.0
883.766	1.0
884.766	1.0
885.766	1.0
886.766	1.0
887.766	1.0
888.766	1.0
889.766	1.0
890.766	1.0
891.766	1.0
892.766	1.0
893.766	1.0
894.766	1.0
895.766	1.0
896.766	1.0
897.766	1.0
898.766	1.0
899.766	1.0
900.766	1.0
901.766	1.0
902.766	1.0
903.766	1.0
904.766	1.0
905.766	1.0
906.766	1.0
907.766	1.0
908.766	1.0
909.766	1.0
910.766	1.0
911.766	1.0
912.766	1.0
913.766	1.0
914.766	1.0
915.766	1.0
916.766	1.0
917.766	1.0
918.766	1.0
919.766	1.0
920.766	1.0
921.766	1.0
922.766	1.0
923.766	1.0
924.766	1.0
925.766	1.0
926.766	1.0
927.766	1.0
928.766	1.0
929.766	1.0
930.766	1.0
931.766	1.0
932.766	1.0
933.766	1.0
934.766	1.0
935.766	1.0
936.766	1.0
937.766	1.0
938.766	1.0
939.7660000000001	1.0
940.7660000000001	1.0
941.7660000000001	1.0
942.7660000000001	1.0
943.7660000000001	1.0
944.7660000000001	1.0
945.7660000000001	1.0
946.7660000000001	1.0
947.7660000000001	1.0
948.7660000000001	1.0
949.7660000000001	1.0
950.7660000000001	1.0
951.7660000000001	1.0
952.7660000000001	1.0
953.7660000000001	1.0
954.7660000000001	1.0
955.7660000000001	1.0
956.7660000000001	1.0
957.7660000000001	1.0
958.7660000000001	1.0
959.7660000000001	1.0
960.7660000000001	1.0
961.7660000000001	1.0
962.7660000000001	1.0
963.7660000000001	1.0
964.7660000000001	1.0
965.7660000000001	1.0
966.7660000000001	1.0
967.7660000000001	1.0
968.7660000000001	1.0
969.7660000000001	1.0
970.7660000000001	1.0
971.7660000000001	1.0
972.7660000000001	1.0
973.7660000000001	1.0
974.7660000000001	1.0
975.7660000000001	1.0
976.7660000000001	1.0
977.7660000000001	1.0
978.7660000000001	1.0
979.7660000000001	1.0
980.7660000000001	1.0
981.7660000000001	1.0
982.7660000000001	1.0
983.7660000000001	1.0
984.7660000000001	1.0
985.7660000000001	1.0
986.7660000000001	1.0
987.7660000000001	1.0
988.7660000000001	1.0
989.7660000000001	1.0
990.7660000000001	1.0
991.7660000000001	1.0
992.7660000000001	1.0
993.7660000000001	1.0
994.7660000000001	1.0
995.7660000000001	1.0
996.7660000000001	1.0
997.7660000000001	1.0
