0.765	0.5340453616768276
1.699	0.5536412793570368
2.593	0.5576597484044171
3.481	0.5691890430751015
4.376	0.559541053266212
5.273	0.5557961780360146
6.171	0.5429887967398584
7.074	0.5472721535444649
7.9670000000000005	0.5401441927515368
8.865	0.5639718053566336
9.769	0.5537206914123864
10.676	0.565102934251576
11.571	0.5626924435085061
12.458	0.576726055600544
13.369	0.5835804143459368
14.27	0.5988705111462945
15.165000000000001	0.61582920730196
16.071	0.6289285540296197
16.96	0.6477100374252088
17.847	0.6638867795112318
18.740000000000002	0.6839223267100017
19.64	0.6982392125560059
20.527	0.7398339115762597
21.412	0.7736779104169323
22.304000000000002	0.8050800547696308
23.225	0.8195922200243058
24.134	0.8448597000213892
25.043	0.8032932750109104
25.986	0.7886840531979944
26.935000000000002	0.8427627677741666
27.887	0.8816774205037899
28.831	0.4328327882494938
29.789	0.46745019121215686
30.744	0.24661095626885787
31.704	0.448473234796321
32.664	0.4437648193503068
33.633	0.5683800892560669
34.603	0.9164373171116253
35.558	0.8072451410630604
36.519	0.7790890267979835
37.481	0.6779023426304623
38.45	0.8053338356217167
39.413000000000004	0.8182481790113401
40.377	0.8373745541677423
41.357	0.9557751590198147
42.327	0.9352652958842401
43.298	0.9035399896055011
44.269	0.8330903547764985
45.242000000000004	0.9418278672593452
46.221000000000004	0.8239244481465114
47.195	0.4917965265914312
48.185	0.9373165113444759
49.171	0.7206663024060518
50.167	0.977101502019797
51.154	0.7075836961682348
52.147	0.7801448114023659
53.14	0.9216910357428982
54.134	0.8686689272368786
55.128	0.7619216554075771
56.120000000000005	0.8121838853521564
57.114000000000004	0.6800157677241442
58.109	0.6968724872977439
59.105000000000004	0.7066126985722909
60.102000000000004	0.7059604132375997
61.1	0.7053387851378183
62.099000000000004	0.996752378945191
63.099000000000004	1.0
64.099	1.0
65.099	1.0
66.099	1.0
67.099	1.0
68.099	1.0
69.099	1.0
70.099	1.0
71.099	1.0
72.099	1.0
73.099	1.0
74.099	1.0
75.099	1.0
76.099	1.0
77.099	1.0
78.099	1.0
79.099	1.0
80.099	1.0
81.099	1.0
82.099	1.0
83.099	1.0
84.099	1.0
85.099	1.0
86.099	1.0
87.099	1.0
88.099	1.0
89.099	1.0
90.099	1.0
91.099	1.0
92.099	1.0
93.099	1.0
94.099	1.0
95.099	1.0
96.099	1.0
97.099	1.0
98.099	1.0
99.099	1.0
100.099	1.0
101.099	1.0
102.099	1.0
103.099	1.0
104.099	1.0
105.099	1.0
106.099	1.0
107.099	1.0
108.099	1.0
109.099	1.0
110.099	1.0
111.099	1.0
112.099	1.0
113.099	1.0
114.099	1.0
115.099	1.0
116.099	1.0
117.099	1.0
118.099	1.0
119.099	1.0
120.099	1.0
121.099	1.0
122.099	1.0
123.099	1.0
124.099	1.0
125.099	1.0
126.099	1.0
127.099	1.0
128.099	1.0
129.099	1.0
130.099	1.0
131.099	1.0
132.099	1.0
133.099	1.0
134.099	1.0
135.099	1.0
136.099	1.0
137.099	1.0
138.099	1.0
139.099	1.0
140.099	1.0
141.099	1.0
142.099	1.0
143.099	1.0
144.099	1.0
145.099	1.0
146.099	1.0
147.099	1.0
148.099	1.0
149.099	1.0
150.099	1.0
151.099	1.0
152.099	1.0
153.099	1.0
154.099	1.0
155.099	1.0
156.099	1.0
157.099	1.0
158.099	1.0
159.099	1.0
160.099	1.0
161.099	1.0
162.099	1.0
163.099	1.0
164.099	1.0
165.099	1.0
166.099	1.0
167.099	1.0
168.099	1.0
169.099	1.0
170.099	1.0
171.099	1.0
172.099	1.0
173.099	1.0
174.099	1.0
175.099	1.0
176.099	1.0
177.099	1.0
178.099	1.0
179.099	1.0
180.099	1.0
181.09900000000002	1.0
182.09900000000002	1.0
183.09900000000002	1.0
184.09900000000002	1.0
185.09900000000002	1.0
186.09900000000002	1.0
187.09900000000002	1.0
188.09900000000002	1.0
189.09900000000002	1.0
190.09900000000002	1.0
191.09900000000002	1.0
192.09900000000002	1.0
193.09900000000002	1.0
194.09900000000002	1.0
195.09900000000002	1.0
196.09900000000002	1.0
197.09900000000002	1.0
198.09900000000002	1.0
199.09900000000002	1.0
200.09900000000002	1.0
201.09900000000002	1.0
202.09900000000002	1.0
203.09900000000002	1.0
204.09900000000002	1.0
205.09900000000002	1.0
206.09900000000002	1.0
207.09900000000002	1.0
208.09900000000002	1.0
209.09900000000002	1.0
210.09900000000002	1.0
211.09900000000002	1.0
212.09900000000002	1.0
213.09900000000002	1.0
214.09900000000002	1.0
215.09900000000002	1.0
216.09900000000002	1.0
217.09900000000002	1.0
218.09900000000002	1.0
219.09900000000002	1.0
220.09900000000002	1.0
221.09900000000002	1.0
222.09900000000002	1.0
223.09900000000002	1.0
224.09900000000002	1.0
225.09900000000002	1.0
226.09900000000002	1.0
227.09900000000002	1.0
228.09900000000002	1.0
229.09900000000002	1.0
230.09900000000002	1.0
231.09900000000002	1.0
232.09900000000002	1.0
233.09900000000002	1.0
234.09900000000002	1.0
235.09900000000002	1.0
236.09900000000002	1.0
237.09900000000002	1.0
238.09900000000002	1.0
239.09900000000002	1.0
240.09900000000002	1.0
241.09900000000002	1.0
242.09900000000002	1.0
243.09900000000002	1.0
244.09900000000002	1.0
245.09900000000002	1.0
246.09900000000002	1.0
247.09900000000002	1.0
248.09900000000002	1.0
249.09900000000002	1.0
250.09900000000002	1.0
251.09900000000002	1.0
252.09900000000002	1.0
253.09900000000002	1.0
254.09900000000002	1.0
255.09900000000002	1.0
256.099	1.0
257.099	1.0
258.099	1.0
259.099	1.0
260.099	1.0
261.099	1.0
262.099	1.0
263.099	1.0
264.099	1.0
265.099	1.0
266.099	1.0
267.099	1.0
268.099	1.0
269.099	1.0
270.099	1.0
271.099	1.0
272.099	1.0
273.099	1.0
274.099	1.0
275.099	1.0
276.099	1.0
277.099	1.0
278.099	1.0
279.099	1.0
280.099	1.0
281.099	1.0
282.099	1.0
283.099	1.0
284.099	1.0
285.099	1.0
286.099	1.0
287.099	1.0
288.099	1.0
289.099	1.0
290.099	1.0
291.099	1.0
292.099	1.0
293.099	1.0
294.099	1.0
295.099	1.0
296.099	1.0
297.099	1.0
298.099	1.0
299.099	1.0
300.099	1.0
301.099	1.0
302.099	1.0
303.099	1.0
304.099	1.0
305.099	1.0
306.099	1.0
307.099	1.0
308.099	1.0
309.099	1.0
310.099	1.0
311.099	1.0
312.099	1.0
313.099	1.0
314.099	1.0
315.099	1.0
316.099	1.0
317.099	1.0
318.099	1.0
319.099	1.0
320.099	1.0
321.099	1.0
322.099	1.0
323.099	1.0
324.099	1.0
325.099	1.0
326.099	1.0
327.099	1.0
328.099	1.0
329.099	1.0
330.099	1.0
331.099	1.0
332.099	1.0
333.099	1.0
334.099	1.0
335.099	1.0
336.099	1.0
337.099	1.0
338.099	1.0
339.099	1.0
340.099	1.0
341.099	1.0
342.099	1.0
343.099	1.0
344.099	1.0
345.099	1.0
346.099	1.0
347.099	1.0
348.099	1.0
349.099	1.0
350.099	1.0
351.099	1.0
352.099	1.0
353.099	1.0
354.099	1.0
355.099	1.0
356.099	1.0
357.099	1.0
358.099	1.0
359.099	1.0
360.099	1.0
361.099	1.0
362.099	1.0
363.099	1.0
364.099	1.0
365.099	1.0
366.099	1.0
367.099	1.0
368.099	1.0
369.099	1.0
370.099	1.0
371.099	1.0
372.099	1.0
373.099	1.0
374.099	1.0
375.099	1.0
376.099	1.0
377.099	1.0
378.099	1.0
379.099	1.0
380.099	1.0
381.099	1.0
382.099	1.0
383.099	1.0
384.099	1.0
385.099	1.0
386.099	1.0
387.099	1.0
388.099	1.0
389.099	1.0
390.099	1.0
391.099	1.0
392.099	1.0
393.099	1.0
394.099	1.0
395.099	1.0
396.099	1.0
397.099	1.0
398.099	1.0
399.099	1.0
400.099	1.0
401.099	1.0
402.099	1.0
403.099	1.0
404.099	1.0
405.099	1.0
406.099	1.0
407.099	1.0
408.099	1.0
409.099	1.0
410.099	1.0
411.099	1.0
412.099	1.0
413.099	1.0
414.099	1.0
415.099	1.0
416.099	1.0
417.099	1.0
418.099	1.0
419.099	1.0
420.099	1.0
421.099	1.0
422.099	1.0
423.099	1.0
424.099	1.0
425.099	1.0
426.099	1.0
427.099	1.0
428.099	1.0
429.099	1.0
430.099	1.0
431.099	1.0
432.099	1.0
433.099	1.0
434.099	1.0
435.099	1.0
436.099	1.0
437.099	1.0
438.099	1.0
439.099	1.0
440.099	1.0
441.099	1.0
442.099	1.0
443.099	1.0
444.099	1.0
445.099	1.0
446.099	1.0
447.099	1.0
448.099	1.0
449.099	1.0
450.099	1.0
451.099	1.0
452.099	1.0
453.099	1.0
454.099	1.0
455.099	1.0
456.099	1.0
457.099	1.0
458.099	1.0
459.099	1.0
460.099	1.0
461.099	1.0
462.099	1.0
463.099	1.0
464.099	1.0
465.099	1.0
466.099	1.0
467.099	1.0
468.099	1.0
469.099	1.0
470.099	1.0
471.099	1.0
472.099	1.0
473.099	1.0
474.099	1.0
475.099	1.0
476.099	1.0
477.099	1.0
478.099	1.0
479.099	1.0
480.099	1.0
481.099	1.0
482.099	1.0
483.099	1.0
484.099	1.0
485.099	1.0
486.099	1.0
487.099	1.0
488.099	1.0
489.099	1.0
490.099	1.0
491.099	1.0
492.099	1.0
493.099	1.0
494.099	1.0
495.099	1.0
496.099	1.0
497.099	1.0
498.099	1.0
499.099	1.0
500.099	1.0
501.099	1.0
502.099	1.0
503.099	1.0
504.099	1.0
505.099	1.0
506.099	1.0
507.099	1.0
508.099	1.0
509.099	1.0
510.099	1.0
511.099	1.0
512.099	1.0
513.099	1.0
514.099	1.0
515.099	1.0
516.099	1.0
517.099	1.0
518.099	1.0
519.099	1.0
520.099	1.0
521.099	1.0
522.099	1.0
523.099	1.0
524.099	1.0
525.099	1.0
526.099	1.0
527.099	1.0
528.099	1.0
529.099	1.0
530.099	1.0
531.099	1.0
532.099	1.0
533.099	1.0
534.099	1.0
535.099	1.0
536.099	1.0
537.099	1.0
538.099	1.0
539.099	1.0
540.099	1.0
541.099	1.0
542.099	1.0
543.099	1.0
544.099	1.0
545.099	1.0
546.099	1.0
547.099	1.0
548.099	1.0
549.099	1.0
550.099	1.0
551.099	1.0
552.099	1.0
553.099	1.0
554.099	1.0
555.099	1.0
556.099	1.0
557.099	1.0
558.099	1.0
559.099	1.0
560.099	1.0
561.099	1.0
562.099	1.0
563.099	1.0
564.099	1.0
565.099	1.0
566.099	1.0
567.099	1.0
568.099	1.0
569.099	1.0
570.099	1.0
571.099	1.0
572.099	1.0
573.099	1.0
574.099	1.0
575.099	1.0
576.099	1.0
577.099	1.0
578.099	1.0
579.099	1.0
580.099	1.0
581.099	1.0
582.099	1.0
583.099	1.0
584.099	1.0
585.099	1.0
586.099	1.0
587.099	1.0
588.099	1.0
589.099	1.0
590.099	1.0
591.099	1.0
592.099	1.0
593.099	1.0
594.099	1.0
595.099	1.0
596.099	1.0
597.099	1.0
598.099	1.0
599.099	1.0
600.099	1.0
601.099	1.0
602.099	1.0
603.099	1.0
604.099	1.0
605.099	1.0
606.099	1.0
607.099	1.0
608.099	1.0
609.099	1.0
610.099	1.0
611.099	1.0
612.099	1.0
613.099	1.0
614.099	1.0
615.099	1.0
616.099	1.0
617.099	1.0
618.099	1.0
619.099	1.0
620.099	1.0
621.099	1.0
622.099	1.0
623.099	1.0
624.099	1.0
625.099	1.0
626.099	1.0
627.099	1.0
628.099	1.0
629.099	1.0
630.099	1.0
631.099	1.0
632.099	1.0
633.099	1.0
634.099	1.0
635.099	1.0
636.099	1.0
637.099	1.0
638.099	1.0
639.099	1.0
640.099	1.0
641.099	1.0
642.099	1.0
643.099	1.0
644.099	1.0
645.099	1.0
646.099	1.0
647.099	1.0
648.099	1.0
649.099	1.0
650.099	1.0
651.099	1.0
652.099	1.0
653.099	1.0
654.099	1.0
655.099	1.0
656.099	1.0
657.099	1.0
658.099	1.0
659.099	1.0
660.099	1.0
661.099	1.0
662.099	1.0
663.099	1.0
664.099	1.0
665.099	1.0
666.099	1.0
667.099	1.0
668.099	1.0
669.099	1.0
670.099	1.0
671.099	1.0
672.099	1.0
673.099	1.0
674.099	1.0
675.099	1.0
676.099	1.0
677.099	1.0
678.099	1.0
679.099	1.0
680.099	1.0
681.099	1.0
682.099	1.0
683.099	1.0
684.099	1.0
685.099	1.0
686.099	1.0
687.099	1.0
688.099	1.0
689.099	1.0
690.099	1.0
691.099	1.0
692.099	1.0
693.099	1.0
694.099	1.0
695.099	1.0
696.099	1.0
697.099	1.0
698.099	1.0
699.099	1.0
700.099	1.0
701.099	1.0
702.099	1.0
703.099	1.0
704.099	1.0
705.099	1.0
706.099	1.0
707.099	1.0
708.099	1.0
709.099	1.0
710.099	1.0
711.099	1.0
712.099	1.0
713.099	1.0
714.099	1.0
715.099	1.0
716.099	1.0
717.099	1.0
718.099	1.0
719.099	1.0
720.099	1.0
721.099	1.0
722.099	1.0
723.099	1.0
724.099	1.0
725.099	1.0
726.099	1.0
727.099	1.0
728.099	1.0
729.099	1.0
730.099	1.0
731.099	1.0
732.099	1.0
733.099	1.0
734.099	1.0
735.099	1.0
736.099	1.0
737.099	1.0
738.099	1.0
739.099	1.0
740.099	1.0
741.099	1.0
742.099	1.0
743.099	1.0
744.099	1.0
745.099	1.0
746.099	1.0
747.099	1.0
748.099	1.0
749.099	1.0
750.099	1.0
751.099	1.0
752.099	1.0
753.099	1.0
754.099	1.0
755.099	1.0
756.099	1.0
757.099	1.0
758.099	1.0
759.099	1.0
760.099	1.0
761.099	1.0
762.099	1.0
763.099	1.0
764.099	1.0
765.099	1.0
766.099	1.0
767.099	1.0
768.099	1.0
769.099	1.0
770.099	1.0
771.099	1.0
772.099	1.0
773.099	1.0
774.099	1.0
775.099	1.0
776.099	1.0
777.099	1.0
778.099	1.0
779.099	1.0
780.099	1.0
781.099	1.0
782.099	1.0
783.099	1.0
784.099	1.0
785.099	1.0
786.099	1.0
787.099	1.0
788.099	1.0
789.099	1.0
790.099	1.0
791.099	1.0
792.099	1.0
793.099	1.0
794.099	1.0
795.099	1.0
796.099	1.0
797.099	1.0
798.099	1.0
799.099	1.0
800.099	1.0
801.099	1.0
802.099	1.0
803.099	1.0
804.099	1.0
805.099	1.0
806.099	1.0
807.099	1.0
808.099	1.0
809.099	1.0
810.099	1.0
811.099	1.0
812.099	1.0
813.099	1.0
814.099	1.0
815.099	1.0
816.099	1.0
817.099	1.0
818.099	1.0
819.099	1.0
820.099	1.0
821.099	1.0
822.099	1.0
823.099	1.0
824.099	1.0
825.099	1.0
826.099	1.0
827.099	1.0
828.099	1.0
829.099	1.0
830.099	1.0
831.099	1.0
832.099	1.0
833.099	1.0
834.099	1.0
835.099	1.0
836.099	1.0
837.099	1.0
838.099	1.0
839.099	1.0
840.099	1.0
841.099	1.0
842.099	1.0
843.099	1.0
844.099	1.0
845.099	1.0
846.099	1.0
847.099	1.0
848.099	1.0
849.099	1.0
850.099	1.0
851.099	1.0
852.099	1.0
853.099	1.0
854.099	1.0
855.099	1.0
856.099	1.0
857.099	1.0
858.099	1.0
859.099	1.0
860.099	1.0
861.099	1.0
862.099	1.0
863.099	1.0
864.099	1.0
865.099	1.0
866.099	1.0
867.099	1.0
868.099	1.0
869.099	1.0
870.099	1.0
871.099	1.0
872.099	1.0
873.099	1.0
874.099	1.0
875.099	1.0
876.099	1.0
877.099	1.0
878.099	1.0
879.099	1.0
880.099	1.0
881.099	1.0
882.099	1.0
883.099	1.0
884.099	1.0
885.099	1.0
886.099	1.0
887.099	1.0
888.099	1.0
889.099	1.0
890.099	1.0
891.099	1.0
892.099	1.0
893.099	1.0
894.099	1.0
895.099	1.0
896.099	1.0
897.099	1.0
898.099	1.0
899.099	1.0
900.099	1.0
901.099	1.0
902.099	1.0
903.099	1.0
904.099	1.0
905.099	1.0
906.099	1.0
907.099	1.0
908.099	1.0
909.099	1.0
910.099	1.0
911.099	1.0
912.099	1.0
913.099	1.0
914.099	1.0
915.099	1.0
916.099	1.0
917.099	1.0
918.099	1.0
919.099	1.0
920.099	1.0
921.099	1.0
922.099	1.0
923.099	1.0
924.099	1.0
925.099	1.0
926.099	1.0
927.099	1.0
928.099	1.0
929.099	1.0
930.099	1.0
931.099	1.0
932.099	1.0
933.099	1.0
934.099	1.0
935.099	1.0
936.099	1.0
937.099	1.0
938.099	1.0
939.099	1.0
940.099	1.0
941.099	1.0
942.099	1.0
943.099	1.0
944.099	1.0
945.099	1.0
946.099	1.0
947.099	1.0
948.099	1.0
949.099	1.0
950.099	1.0
951.099	1.0
952.099	1.0
953.099	1.0
954.099	1.0
955.099	1.0
956.099	1.0
957.099	1.0
958.099	1.0
959.099	1.0
960.099	1.0
961.099	1.0
962.099	1.0
963.099	1.0
964.099	1.0
965.099	1.0
966.099	1.0
967.099	1.0
968.099	1.0
969.099	1.0
970.099	1.0
971.099	1.0
972.099	1.0
973.099	1.0
974.099	1.0
975.099	1.0
976.099	1.0
977.099	1.0
978.099	1.0
979.099	1.0
980.099	1.0
981.099	1.0
982.099	1.0
983.099	1.0
984.099	1.0
985.099	1.0
986.099	1.0
987.099	1.0
988.099	1.0
989.099	1.0
990.099	1.0
991.099	1.0
992.099	1.0
993.099	1.0
994.099	1.0
995.099	1.0
996.099	1.0
