0.178	0.505804949386219
1.165	0.5350537186360683
2.144	0.5143951210510825
3.117	0.5385378293300026
4.099	0.5654280420981115
5.081	0.5932425420983143
6.058	0.6230122393590942
7.0360000000000005	0.6376361223794839
8.021	0.6429177274143048
9.006	0.6295594758311637
9.978	0.6288724728635481
10.941	0.6378232492619091
11.913	0.6381917073683617
12.878	0.6357323336780062
13.857000000000001	0.6221823055600962
14.852	0.6099684289507945
15.82	0.6147016589307346
16.795	0.6015577983861031
17.771	0.6101961979283853
18.753	0.6018435346329507
19.741	0.5835783233857587
20.718	0.596109856564268
21.695	0.5833584068966818
22.672	0.5722338219467039
23.655	0.5669812745606092
24.639	0.573724357242374
25.623	0.5691195656957286
26.602	0.5597390881680291
27.582	0.5499222522916698
28.557000000000002	0.5353945501626483
29.537	0.5280860755579717
30.518	0.5214759215366234
31.499000000000002	0.5056102065825416
32.485	0.49288517086635025
33.467	0.5022267446349714
34.454	0.48956405505753836
35.446	0.47347690819865457
36.434	0.46380446281802185
37.421	0.4669151578445508
38.413000000000004	0.46348267885300465
39.413000000000004	0.44369457538661744
40.413000000000004	0.4331258778924535
41.406	0.4181533688527235
42.397	0.4062500682557431
43.392	0.40346261377695797
44.383	0.39592236389975527
45.377	0.38340273082555476
46.369	0.3744237211205885
47.362	0.3621495718173928
48.36	0.3460351809966592
49.353	0.33691395135249846
50.351	0.3222755422248332
51.349000000000004	0.30795332600453934
52.341	0.2957235502127883
53.336	0.28331648824240163
54.332	0.2708750887727967
55.332	0.27320726812434226
56.323	0.26791842869228405
57.319	0.2580547314622775
58.319	0.24294360201618218
59.307	0.23846411602437226
60.306000000000004	0.22543517727421583
61.294000000000004	0.22251999670843187
62.294000000000004	0.20726474489290475
63.293	0.1944636134494089
64.284	0.1916654057668953
65.275	0.18479118546002
66.265	0.17798026606158537
67.258	0.16889159552780608
68.256	0.15537947469726096
69.255	0.145076930651873
70.245	0.1447972943878773
71.238	0.1402230414018678
72.23	0.1367884878079089
73.223	0.13182612608113725
74.217	0.12511350413835745
75.211	0.11922199787466792
76.211	0.10360198904376659
77.206	0.09560804420826469
78.20100000000001	0.08480316432787717
79.20100000000001	0.08115094766716982
80.197	0.07421021409168825
81.196	0.26239394861408843
82.193	0.8328097505239919
83.19	0.8879992005858037
84.179	0.7316972976791761
85.177	0.8067738981014496
86.176	0.8604122787194854
87.165	0.8734875242189405
88.159	0.7641915266979978
89.159	0.8784117939386304
90.151	0.801230771243968
91.149	0.7790252023347378
92.149	0.9043214770807849
93.149	0.9410877174019606
94.149	0.957574631667497
95.14	0.94402864419155
96.14	0.9615995404388693
97.135	0.804523370408598
98.135	0.9322319874511418
99.132	0.673742228317794
100.132	0.9514378821842736
101.13	0.7718653819097997
102.13	0.970608405733776
103.129	0.9807865103492
104.129	0.990196839
105.129	1.0
106.129	1.0
107.129	1.0
108.129	1.0
109.129	1.0
110.129	1.0
111.129	1.0
112.129	1.0
113.129	1.0
114.129	1.0
115.129	1.0
116.129	1.0
117.129	1.0
118.129	1.0
119.129	1.0
120.129	1.0
121.129	1.0
122.129	1.0
123.129	1.0
124.129	1.0
125.129	1.0
126.129	1.0
127.129	1.0
128.129	1.0
129.129	1.0
130.129	1.0
131.129	1.0
132.129	1.0
133.129	1.0
134.129	1.0
135.129	1.0
136.129	1.0
137.129	1.0
138.129	1.0
139.129	1.0
140.129	1.0
141.129	1.0
142.129	1.0
143.129	1.0
144.129	1.0
145.129	1.0
146.129	1.0
147.129	1.0
148.129	1.0
149.129	1.0
150.129	1.0
151.129	1.0
152.129	1.0
153.129	1.0
154.129	1.0
155.129	1.0
156.129	1.0
157.129	1.0
158.129	1.0
159.129	1.0
160.129	1.0
161.129	1.0
162.129	1.0
163.129	1.0
164.129	1.0
165.129	1.0
166.129	1.0
167.129	1.0
168.129	1.0
169.129	1.0
170.129	1.0
171.129	1.0
172.129	1.0
173.129	1.0
174.129	1.0
175.129	1.0
176.129	1.0
177.129	1.0
178.129	1.0
179.129	1.0
180.129	1.0
181.129	1.0
182.129	1.0
183.129	1.0
184.129	1.0
185.129	1.0
186.129	1.0
187.129	1.0
188.129	1.0
189.129	1.0
190.129	1.0
191.129	1.0
192.129	1.0
193.129	1.0
194.129	1.0
195.129	1.0
196.129	1.0
197.129	1.0
198.129	1.0
199.129	1.0
200.129	1.0
201.129	1.0
202.129	1.0
203.129	1.0
204.129	1.0
205.129	1.0
206.129	1.0
207.129	1.0
208.129	1.0
209.129	1.0
210.129	1.0
211.129	1.0
212.129	1.0
213.129	1.0
214.129	1.0
215.129	1.0
216.129	1.0
217.129	1.0
218.129	1.0
219.129	1.0
220.129	1.0
221.129	1.0
222.129	1.0
223.129	1.0
224.129	1.0
225.129	1.0
226.129	1.0
227.129	1.0
228.129	1.0
229.129	1.0
230.129	1.0
231.129	1.0
232.129	1.0
233.129	1.0
234.129	1.0
235.12900000000002	1.0
236.12900000000002	1.0
237.12900000000002	1.0
238.12900000000002	1.0
239.12900000000002	1.0
240.12900000000002	1.0
241.12900000000002	1.0
242.12900000000002	1.0
243.12900000000002	1.0
244.12900000000002	1.0
245.12900000000002	1.0
246.12900000000002	1.0
247.12900000000002	1.0
248.12900000000002	1.0
249.12900000000002	1.0
250.12900000000002	1.0
251.12900000000002	1.0
252.12900000000002	1.0
253.12900000000002	1.0
254.12900000000002	1.0
255.12900000000002	1.0
256.129	1.0
257.129	1.0
258.129	1.0
259.129	1.0
260.129	1.0
261.129	1.0
262.129	1.0
263.129	1.0
264.129	1.0
265.129	1.0
266.129	1.0
267.129	1.0
268.129	1.0
269.129	1.0
270.129	1.0
271.129	1.0
272.129	1.0
273.129	1.0
274.129	1.0
275.129	1.0
276.129	1.0
277.129	1.0
278.129	1.0
279.129	1.0
280.129	1.0
281.129	1.0
282.129	1.0
283.129	1.0
284.129	1.0
285.129	1.0
286.129	1.0
287.129	1.0
288.129	1.0
289.129	1.0
290.129	1.0
291.129	1.0
292.129	1.0
293.129	1.0
294.129	1.0
295.129	1.0
296.129	1.0
297.129	1.0
298.129	1.0
299.129	1.0
300.129	1.0
301.129	1.0
302.129	1.0
303.129	1.0
304.129	1.0
305.129	1.0
306.129	1.0
307.129	1.0
308.129	1.0
309.129	1.0
310.129	1.0
311.129	1.0
312.129	1.0
313.129	1.0
314.129	1.0
315.129	1.0
316.129	1.0
317.129	1.0
318.129	1.0
319.129	1.0
320.129	1.0
321.129	1.0
322.129	1.0
323.129	1.0
324.129	1.0
325.129	1.0
326.129	1.0
327.129	1.0
328.129	1.0
329.129	1.0
330.129	1.0
331.129	1.0
332.129	1.0
333.129	1.0
334.129	1.0
335.129	1.0
336.129	1.0
337.129	1.0
338.129	1.0
339.129	1.0
340.129	1.0
341.129	1.0
342.129	1.0
343.129	1.0
344.129	1.0
345.129	1.0
346.129	1.0
347.129	1.0
348.129	1.0
349.129	1.0
350.129	1.0
351.129	1.0
352.129	1.0
353.129	1.0
354.129	1.0
355.129	1.0
356.129	1.0
357.129	1.0
358.129	1.0
359.129	1.0
360.129	1.0
361.129	1.0
362.129	1.0
363.129	1.0
364.129	1.0
365.129	1.0
366.129	1.0
367.129	1.0
368.129	1.0
369.129	1.0
370.129	1.0
371.129	1.0
372.129	1.0
373.129	1.0
374.129	1.0
375.129	1.0
376.129	1.0
377.129	1.0
378.129	1.0
379.129	1.0
380.129	1.0
381.129	1.0
382.129	1.0
383.129	1.0
384.129	1.0
385.129	1.0
386.129	1.0
387.129	1.0
388.129	1.0
389.129	1.0
390.129	1.0
391.129	1.0
392.129	1.0
393.129	1.0
394.129	1.0
395.129	1.0
396.129	1.0
397.129	1.0
398.129	1.0
399.129	1.0
400.129	1.0
401.129	1.0
402.129	1.0
403.129	1.0
404.129	1.0
405.129	1.0
406.129	1.0
407.129	1.0
408.129	1.0
409.129	1.0
410.129	1.0
411.129	1.0
412.129	1.0
413.129	1.0
414.129	1.0
415.129	1.0
416.129	1.0
417.129	1.0
418.129	1.0
419.129	1.0
420.129	1.0
421.129	1.0
422.129	1.0
423.129	1.0
424.129	1.0
425.129	1.0
426.129	1.0
427.129	1.0
428.129	1.0
429.129	1.0
430.129	1.0
431.129	1.0
432.129	1.0
433.129	1.0
434.129	1.0
435.129	1.0
436.129	1.0
437.129	1.0
438.129	1.0
439.129	1.0
440.129	1.0
441.129	1.0
442.129	1.0
443.129	1.0
444.129	1.0
445.129	1.0
446.129	1.0
447.129	1.0
448.129	1.0
449.129	1.0
450.129	1.0
451.129	1.0
452.129	1.0
453.129	1.0
454.129	1.0
455.129	1.0
456.129	1.0
457.129	1.0
458.129	1.0
459.129	1.0
460.129	1.0
461.129	1.0
462.129	1.0
463.129	1.0
464.129	1.0
465.129	1.0
466.129	1.0
467.129	1.0
468.129	1.0
469.129	1.0
470.129	1.0
471.129	1.0
472.129	1.0
473.129	1.0
474.129	1.0
475.129	1.0
476.129	1.0
477.129	1.0
478.129	1.0
479.129	1.0
480.129	1.0
481.129	1.0
482.129	1.0
483.129	1.0
484.129	1.0
485.129	1.0
486.129	1.0
487.129	1.0
488.129	1.0
489.129	1.0
490.129	1.0
491.129	1.0
492.129	1.0
493.129	1.0
494.129	1.0
495.129	1.0
496.129	1.0
497.129	1.0
498.129	1.0
499.129	1.0
500.129	1.0
501.129	1.0
502.129	1.0
503.129	1.0
504.129	1.0
505.129	1.0
506.129	1.0
507.129	1.0
508.129	1.0
509.129	1.0
510.129	1.0
511.129	1.0
512.129	1.0
513.129	1.0
514.129	1.0
515.129	1.0
516.129	1.0
517.129	1.0
518.129	1.0
519.129	1.0
520.129	1.0
521.129	1.0
522.129	1.0
523.129	1.0
524.129	1.0
525.129	1.0
526.129	1.0
527.129	1.0
528.129	1.0
529.129	1.0
530.129	1.0
531.129	1.0
532.129	1.0
533.129	1.0
534.129	1.0
535.129	1.0
536.129	1.0
537.129	1.0
538.129	1.0
539.129	1.0
540.129	1.0
541.129	1.0
542.129	1.0
543.129	1.0
544.129	1.0
545.129	1.0
546.129	1.0
547.129	1.0
548.129	1.0
549.129	1.0
550.129	1.0
551.129	1.0
552.129	1.0
553.129	1.0
554.129	1.0
555.129	1.0
556.129	1.0
557.129	1.0
558.129	1.0
559.129	1.0
560.129	1.0
561.129	1.0
562.129	1.0
563.129	1.0
564.129	1.0
565.129	1.0
566.129	1.0
567.129	1.0
568.129	1.0
569.129	1.0
570.129	1.0
571.129	1.0
572.129	1.0
573.129	1.0
574.129	1.0
575.129	1.0
576.129	1.0
577.129	1.0
578.129	1.0
579.129	1.0
580.129	1.0
581.129	1.0
582.129	1.0
583.129	1.0
584.129	1.0
585.129	1.0
586.129	1.0
587.129	1.0
588.129	1.0
589.129	1.0
590.129	1.0
591.129	1.0
592.129	1.0
593.129	1.0
594.129	1.0
595.129	1.0
596.129	1.0
597.129	1.0
598.129	1.0
599.129	1.0
600.129	1.0
601.129	1.0
602.129	1.0
603.129	1.0
604.129	1.0
605.129	1.0
606.129	1.0
607.129	1.0
608.129	1.0
609.129	1.0
610.129	1.0
611.129	1.0
612.129	1.0
613.129	1.0
614.129	1.0
615.129	1.0
616.129	1.0
617.129	1.0
618.129	1.0
619.129	1.0
620.129	1.0
621.129	1.0
622.129	1.0
623.129	1.0
624.129	1.0
625.129	1.0
626.129	1.0
627.129	1.0
628.129	1.0
629.129	1.0
630.129	1.0
631.129	1.0
632.129	1.0
633.129	1.0
634.129	1.0
635.129	1.0
636.129	1.0
637.129	1.0
638.129	1.0
639.129	1.0
640.129	1.0
641.129	1.0
642.129	1.0
643.129	1.0
644.129	1.0
645.129	1.0
646.129	1.0
647.129	1.0
648.129	1.0
649.129	1.0
650.129	1.0
651.129	1.0
652.129	1.0
653.129	1.0
654.129	1.0
655.129	1.0
656.129	1.0
657.129	1.0
658.129	1.0
659.129	1.0
660.129	1.0
661.129	1.0
662.129	1.0
663.129	1.0
664.129	1.0
665.129	1.0
666.129	1.0
667.129	1.0
668.129	1.0
669.129	1.0
670.129	1.0
671.129	1.0
672.129	1.0
673.129	1.0
674.129	1.0
675.129	1.0
676.129	1.0
677.129	1.0
678.129	1.0
679.129	1.0
680.129	1.0
681.129	1.0
682.129	1.0
683.129	1.0
684.129	1.0
685.129	1.0
686.129	1.0
687.129	1.0
688.129	1.0
689.129	1.0
690.129	1.0
691.129	1.0
692.129	1.0
693.129	1.0
694.129	1.0
695.129	1.0
696.129	1.0
697.129	1.0
698.129	1.0
699.129	1.0
700.129	1.0
701.129	1.0
702.129	1.0
703.129	1.0
704.129	1.0
705.129	1.0
706.129	1.0
707.129	1.0
708.129	1.0
709.129	1.0
710.129	1.0
711.129	1.0
712.129	1.0
713.129	1.0
714.129	1.0
715.129	1.0
716.129	1.0
717.129	1.0
718.129	1.0
719.129	1.0
720.129	1.0
721.129	1.0
722.129	1.0
723.129	1.0
724.129	1.0
725.129	1.0
726.129	1.0
727.129	1.0
728.129	1.0
729.129	1.0
730.129	1.0
731.129	1.0
732.129	1.0
733.129	1.0
734.129	1.0
735.129	1.0
736.129	1.0
737.129	1.0
738.129	1.0
739.129	1.0
740.129	1.0
741.129	1.0
742.129	1.0
743.129	1.0
744.129	1.0
745.129	1.0
746.129	1.0
747.129	1.0
748.129	1.0
749.129	1.0
750.129	1.0
751.129	1.0
752.129	1.0
753.129	1.0
754.129	1.0
755.129	1.0
756.129	1.0
757.129	1.0
758.129	1.0
759.129	1.0
760.129	1.0
761.129	1.0
762.129	1.0
763.129	1.0
764.129	1.0
765.129	1.0
766.129	1.0
767.129	1.0
768.129	1.0
769.129	1.0
770.129	1.0
771.129	1.0
772.129	1.0
773.129	1.0
774.129	1.0
775.129	1.0
776.129	1.0
777.129	1.0
778.129	1.0
779.129	1.0
780.129	1.0
781.129	1.0
782.129	1.0
783.129	1.0
784.129	1.0
785.129	1.0
786.129	1.0
787.129	1.0
788.129	1.0
789.129	1.0
790.129	1.0
791.129	1.0
792.129	1.0
793.129	1.0
794.129	1.0
795.129	1.0
796.129	1.0
797.129	1.0
798.129	1.0
799.129	1.0
800.129	1.0
801.129	1.0
802.129	1.0
803.129	1.0
804.129	1.0
805.129	1.0
806.129	1.0
807.129	1.0
808.129	1.0
809.129	1.0
810.129	1.0
811.129	1.0
812.129	1.0
813.129	1.0
814.129	1.0
815.129	1.0
816.129	1.0
817.129	1.0
818.129	1.0
819.129	1.0
820.129	1.0
821.129	1.0
822.129	1.0
823.129	1.0
824.129	1.0
825.129	1.0
826.129	1.0
827.129	1.0
828.129	1.0
829.129	1.0
830.129	1.0
831.129	1.0
832.129	1.0
833.129	1.0
834.129	1.0
835.129	1.0
836.129	1.0
837.129	1.0
838.129	1.0
839.129	1.0
840.129	1.0
841.129	1.0
842.129	1.0
843.129	1.0
844.129	1.0
845.129	1.0
846.129	1.0
847.129	1.0
848.129	1.0
849.129	1.0
850.129	1.0
851.129	1.0
852.129	1.0
853.129	1.0
854.129	1.0
855.129	1.0
856.129	1.0
857.129	1.0
858.129	1.0
859.129	1.0
860.129	1.0
861.129	1.0
862.129	1.0
863.129	1.0
864.129	1.0
865.129	1.0
866.129	1.0
867.129	1.0
868.129	1.0
869.129	1.0
870.129	1.0
871.129	1.0
872.129	1.0
873.129	1.0
874.129	1.0
875.129	1.0
876.129	1.0
877.129	1.0
878.129	1.0
879.129	1.0
880.129	1.0
881.129	1.0
882.129	1.0
883.129	1.0
884.129	1.0
885.129	1.0
886.129	1.0
887.129	1.0
888.129	1.0
889.129	1.0
890.129	1.0
891.129	1.0
892.129	1.0
893.129	1.0
894.129	1.0
895.129	1.0
896.129	1.0
897.129	1.0
898.129	1.0
899.129	1.0
900.129	1.0
901.129	1.0
902.129	1.0
903.129	1.0
904.129	1.0
905.129	1.0
906.129	1.0
907.129	1.0
908.129	1.0
909.129	1.0
910.129	1.0
911.129	1.0
912.129	1.0
913.129	1.0
914.129	1.0
915.129	1.0
916.129	1.0
917.129	1.0
918.129	1.0
919.129	1.0
920.129	1.0
921.129	1.0
922.129	1.0
923.129	1.0
924.129	1.0
925.129	1.0
926.129	1.0
927.129	1.0
928.129	1.0
929.129	1.0
930.129	1.0
931.129	1.0
932.129	1.0
933.129	1.0
934.129	1.0
935.129	1.0
936.129	1.0
937.129	1.0
938.129	1.0
939.129	1.0
940.129	1.0
941.129	1.0
942.129	1.0
943.129	1.0
944.129	1.0
945.129	1.0
946.129	1.0
947.129	1.0
948.129	1.0
949.129	1.0
950.129	1.0
951.129	1.0
952.129	1.0
953.129	1.0
954.129	1.0
955.129	1.0
956.129	1.0
957.129	1.0
958.129	1.0
959.129	1.0
960.129	1.0
961.129	1.0
962.129	1.0
963.129	1.0
964.129	1.0
965.129	1.0
966.129	1.0
967.129	1.0
968.129	1.0
969.129	1.0
970.129	1.0
971.129	1.0
972.129	1.0
973.129	1.0
974.129	1.0
975.129	1.0
976.129	1.0
977.129	1.0
978.129	1.0
979.129	1.0
980.129	1.0
981.129	1.0
982.129	1.0
983.129	1.0
984.129	1.0
985.129	1.0
986.129	1.0
987.129	1.0
988.129	1.0
989.129	1.0
990.129	1.0
991.129	1.0
992.129	1.0
993.129	1.0
994.129	1.0
995.129	1.0
996.129	1.0
997.129	1.0
998.129	1.0
