0.59	0.5480251737397979
1.536	0.5622346946589138
2.489	0.5774846257093786
3.431	0.5652042046248004
4.386	0.5515115131207903
5.347	0.5805793979158138
6.305	0.5947892304748001
7.26	0.6018247375825438
8.201	0.5844625236948856
9.15	0.5701366571878133
10.101	0.5249346810125979
11.052	0.4988868283804765
12.004	0.5190658640813176
12.963000000000001	0.5263604888499551
13.913	0.5216624605506173
14.877	0.48329116446184545
15.833	0.49268930696646135
16.798000000000002	0.4661580601450192
17.77	0.47859335427824823
18.734	0.46022089507085917
19.699	0.48681299503629094
20.658	0.46382672700456035
21.619	0.4750911800540046
22.574	0.4578497612762915
23.53	0.43096358656374073
24.493000000000002	0.4418742577049158
25.459	0.44218713622701505
26.435000000000002	0.4325226383894756
27.399	0.43195762739503957
28.363	0.40470088846974095
29.330000000000002	0.3831469608315794
30.294	0.4026385455310884
31.265	0.432997558578238
32.24	0.42582991473278786
33.212	0.4197499752447957
34.18	0.407529378288092
35.153	0.3984589531239202
36.122	0.3863582663620966
37.101	0.43448812699217987
38.074	0.48473818381197953
39.045	0.5287186599276094
40.013	0.458922820817329
40.984	0.45406867307943755
41.952	0.43223469559031263
42.922000000000004	0.3905654839351407
43.901	0.44833585140807375
44.869	0.4168745570014918
45.834	0.41991343457034497
46.799	0.43229614085338786
47.764	0.4450208970783222
48.733000000000004	0.3951574294853333
49.703	0.39263982387710883
50.672000000000004	0.4181977495711528
51.642	0.40601124441610364
52.607	0.3816004166693011
53.574	0.3640420594751351
54.539	0.3757302327595749
55.514	0.4071801407098532
56.476	0.3922499809327985
57.445	0.4129503865182945
58.410000000000004	0.349761083052827
59.375	0.33619301620838093
60.344	0.33708410483786166
61.31	0.3390806552981238
62.279	0.3575662536569953
63.248000000000005	0.35581898934579803
64.22	0.3713521648133557
65.182	0.36799720461137997
66.144	0.34359166564506055
67.113	0.3636160837811515
68.084	0.3538440327889652
69.057	0.37009387609404354
70.027	0.3498297370095002
70.999	0.3381881521235841
71.97200000000001	0.3377892915577045
72.95	0.39039457847797476
73.928	0.4166296111511275
74.898	0.3797056301064002
75.869	0.34271196132091625
76.83500000000001	0.3002184212888996
77.812	0.2653147059401573
78.786	0.23347651538552266
79.76	0.23193251824023545
80.734	0.23311635932048166
81.709	0.23067893701700623
82.694	0.2510832023109084
83.67	0.22039267678160188
84.647	0.21182974586479336
85.633	0.231328067292772
86.612	0.20960670292671352
87.59100000000001	0.30532540148625353
88.568	0.22796840893017897
89.549	0.2334354222211336
90.522	0.20925771273361035
91.498	0.23919041979256428
92.473	0.19405819905225496
93.44800000000001	0.1961426381101139
94.433	0.26505049501844113
95.41	0.25503649640726844
96.387	0.21774031125917154
97.382	0.2893013047643597
98.35900000000001	0.24106955704556504
99.33	0.23817867236394263
100.307	0.23627117488053873
101.283	0.24652169123641723
102.257	0.25941585334952044
103.232	0.2520568339310643
104.217	0.2569070947638663
105.19200000000001	0.2587740746889784
106.17	0.2499978461306865
107.148	0.22041396806850252
108.13	0.23914814209297053
109.108	0.23943354445483425
110.086	0.229830314487096
111.06400000000001	0.24870860729384162
112.038	0.2162135439406857
113.018	0.18471461800301964
114.005	0.1953321167682254
114.992	0.20522515528629576
115.971	0.19409828075491312
116.958	0.19683789754087821
117.944	0.1877534185426588
118.93	0.1717002227542801
119.915	0.17514270389487205
120.899	0.16027336311328771
121.881	0.14763636722219342
122.864	0.16453098493173
123.85300000000001	0.16386088161534268
124.837	0.21946668899069238
125.827	0.3593572078590237
126.808	0.32156852650493833
127.797	0.3074739472355654
128.784	0.24856811134209342
129.774	0.48250088358689164
130.764	0.43217826671629356
131.751	0.22709668701659733
132.74	0.22656996179107536
133.729	0.22787544637967336
134.713	0.24018502858306434
135.703	0.23748022811919037
136.693	0.22628251730655932
137.681	0.20733489342878492
138.665	0.24877444790374226
139.654	0.30609761902719745
140.64000000000001	0.2690272306106731
141.63	0.32647010909417445
142.619	0.32640303556549044
143.605	0.2687675277570741
144.599	0.5896097493077956
145.583	0.5631313893580997
146.571	0.45413008564727947
147.559	0.30650420872579043
148.549	0.3068079172780974
149.53900000000002	0.3550483787127825
150.529	0.38493827266338054
151.519	0.34515743418217837
152.50300000000001	0.34769087826675205
153.492	0.4952292817088776
154.482	0.49319036141689565
155.474	0.8483542212563999
156.458	0.5122561598198936
157.439	0.4853174324831736
158.42000000000002	0.36000282380432935
159.401	0.1885419239102469
160.385	0.304843274316801
161.369	0.2462984113358221
162.362	0.6056629541099797
163.346	0.4488635371948966
164.33	0.31268596486903133
165.316	0.33439617823297035
166.31	0.36052110399557846
167.304	0.6567667308196998
168.296	0.42966716238290315
169.29	0.3502007509532895
170.284	0.41918246025779654
171.278	0.3495119047096995
172.272	0.48729303214569764
173.266	0.34874042791829946
174.261	0.5159654167629896
175.256	0.6744115648490857
176.251	0.6439944341778877
177.246	0.5042987074483977
178.241	0.5242779666187976
179.236	0.4435826747894675
180.231	0.41376682262949954
181.226	0.33399663175689653
182.221	0.28379530997207336
183.216	0.12455789067569331
184.21200000000002	0.4508310956387996
185.208	0.5494992446085997
186.204	0.23036568521759537
187.20000000000002	0.23048024519749638
188.196	0.30957879151454903
189.193	0.47720708461659456
190.19	0.48642904987949964
191.187	0.29606981551418643
192.184	0.22540296234799637
193.18200000000002	0.3041581907636784
194.18	0.5715690587071957
195.178	0.48073094881929856
196.17600000000002	0.2901046785791984
197.174	0.14976066113709535
198.173	0.5171555062491985
199.172	0.6054929704607998
200.171	0.28490720476538944
201.17000000000002	0.14455956084083574
202.17000000000002	0.7121023124492987
203.17000000000002	0.990237643
204.17000000000002	1.0
205.17000000000002	1.0
206.17000000000002	1.0
207.17000000000002	1.0
208.17000000000002	1.0
209.17000000000002	1.0
210.17000000000002	1.0
211.17000000000002	1.0
212.17000000000002	1.0
213.17000000000002	1.0
214.17000000000002	1.0
215.17000000000002	1.0
216.17000000000002	1.0
217.17000000000002	1.0
218.17000000000002	1.0
219.17000000000002	1.0
220.17000000000002	1.0
221.17000000000002	1.0
222.17000000000002	1.0
223.17000000000002	1.0
224.17000000000002	1.0
225.17000000000002	1.0
226.17000000000002	1.0
227.17000000000002	1.0
228.17000000000002	1.0
229.17000000000002	1.0
230.17000000000002	1.0
231.17000000000002	1.0
232.17000000000002	1.0
233.17000000000002	1.0
234.17000000000002	1.0
235.17000000000002	1.0
236.17000000000002	1.0
237.17000000000002	1.0
238.17000000000002	1.0
239.17000000000002	1.0
240.17000000000002	1.0
241.17000000000002	1.0
242.17000000000002	1.0
243.17000000000002	1.0
244.17000000000002	1.0
245.17000000000002	1.0
246.17000000000002	1.0
247.17000000000002	1.0
248.17000000000002	1.0
249.17000000000002	1.0
250.17000000000002	1.0
251.17000000000002	1.0
252.17000000000002	1.0
253.17000000000002	1.0
254.17000000000002	1.0
255.17000000000002	1.0
256.17	1.0
257.17	1.0
258.17	1.0
259.17	1.0
260.17	1.0
261.17	1.0
262.17	1.0
263.17	1.0
264.17	1.0
265.17	1.0
266.17	1.0
267.17	1.0
268.17	1.0
269.17	1.0
270.17	1.0
271.17	1.0
272.17	1.0
273.17	1.0
274.17	1.0
275.17	1.0
276.17	1.0
277.17	1.0
278.17	1.0
279.17	1.0
280.17	1.0
281.17	1.0
282.17	1.0
283.17	1.0
284.17	1.0
285.17	1.0
286.17	1.0
287.17	1.0
288.17	1.0
289.17	1.0
290.17	1.0
291.17	1.0
292.17	1.0
293.17	1.0
294.17	1.0
295.17	1.0
296.17	1.0
297.17	1.0
298.17	1.0
299.17	1.0
300.17	1.0
301.17	1.0
302.17	1.0
303.17	1.0
304.17	1.0
305.17	1.0
306.17	1.0
307.17	1.0
308.17	1.0
309.17	1.0
310.17	1.0
311.17	1.0
312.17	1.0
313.17	1.0
314.17	1.0
315.17	1.0
316.17	1.0
317.17	1.0
318.17	1.0
319.17	1.0
320.17	1.0
321.17	1.0
322.17	1.0
323.17	1.0
324.17	1.0
325.17	1.0
326.17	1.0
327.17	1.0
328.17	1.0
329.17	1.0
330.17	1.0
331.17	1.0
332.17	1.0
333.17	1.0
334.17	1.0
335.17	1.0
336.17	1.0
337.17	1.0
338.17	1.0
339.17	1.0
340.17	1.0
341.17	1.0
342.17	1.0
343.17	1.0
344.17	1.0
345.17	1.0
346.17	1.0
347.17	1.0
348.17	1.0
349.17	1.0
350.17	1.0
351.17	1.0
352.17	1.0
353.17	1.0
354.17	1.0
355.17	1.0
356.17	1.0
357.17	1.0
358.17	1.0
359.17	1.0
360.17	1.0
361.17	1.0
362.17	1.0
363.17	1.0
364.17	1.0
365.17	1.0
366.17	1.0
367.17	1.0
368.17	1.0
369.17	1.0
370.17	1.0
371.17	1.0
372.17	1.0
373.17	1.0
374.17	1.0
375.17	1.0
376.17	1.0
377.17	1.0
378.17	1.0
379.17	1.0
380.17	1.0
381.17	1.0
382.17	1.0
383.17	1.0
384.17	1.0
385.17	1.0
386.17	1.0
387.17	1.0
388.17	1.0
389.17	1.0
390.17	1.0
391.17	1.0
392.17	1.0
393.17	1.0
394.17	1.0
395.17	1.0
396.17	1.0
397.17	1.0
398.17	1.0
399.17	1.0
400.17	1.0
401.17	1.0
402.17	1.0
403.17	1.0
404.17	1.0
405.17	1.0
406.17	1.0
407.17	1.0
408.17	1.0
409.17	1.0
410.17	1.0
411.17	1.0
412.17	1.0
413.17	1.0
414.17	1.0
415.17	1.0
416.17	1.0
417.17	1.0
418.17	1.0
419.17	1.0
420.17	1.0
421.17	1.0
422.17	1.0
423.17	1.0
424.17	1.0
425.17	1.0
426.17	1.0
427.17	1.0
428.17	1.0
429.17	1.0
430.17	1.0
431.17	1.0
432.17	1.0
433.17	1.0
434.17	1.0
435.17	1.0
436.17	1.0
437.17	1.0
438.17	1.0
439.17	1.0
440.17	1.0
441.17	1.0
442.17	1.0
443.17	1.0
444.17	1.0
445.17	1.0
446.17	1.0
447.17	1.0
448.17	1.0
449.17	1.0
450.17	1.0
451.17	1.0
452.17	1.0
453.17	1.0
454.17	1.0
455.17	1.0
456.17	1.0
457.17	1.0
458.17	1.0
459.17	1.0
460.17	1.0
461.17	1.0
462.17	1.0
463.17	1.0
464.17	1.0
465.17	1.0
466.17	1.0
467.17	1.0
468.17	1.0
469.17	1.0
470.17	1.0
471.17	1.0
472.17	1.0
473.17	1.0
474.17	1.0
475.17	1.0
476.17	1.0
477.17	1.0
478.17	1.0
479.17	1.0
480.17	1.0
481.17	1.0
482.17	1.0
483.17	1.0
484.17	1.0
485.17	1.0
486.17	1.0
487.17	1.0
488.17	1.0
489.17	1.0
490.17	1.0
491.17	1.0
492.17	1.0
493.17	1.0
494.17	1.0
495.17	1.0
496.17	1.0
497.17	1.0
498.17	1.0
499.17	1.0
500.17	1.0
501.17	1.0
502.17	1.0
503.17	1.0
504.17	1.0
505.17	1.0
506.17	1.0
507.17	1.0
508.17	1.0
509.17	1.0
510.17	1.0
511.17	1.0
512.17	1.0
513.17	1.0
514.17	1.0
515.17	1.0
516.17	1.0
517.17	1.0
518.17	1.0
519.17	1.0
520.17	1.0
521.17	1.0
522.17	1.0
523.17	1.0
524.17	1.0
525.17	1.0
526.17	1.0
527.17	1.0
528.17	1.0
529.17	1.0
530.17	1.0
531.17	1.0
532.17	1.0
533.17	1.0
534.17	1.0
535.17	1.0
536.17	1.0
537.17	1.0
538.17	1.0
539.17	1.0
540.17	1.0
541.17	1.0
542.17	1.0
543.17	1.0
544.17	1.0
545.17	1.0
546.17	1.0
547.17	1.0
548.17	1.0
549.17	1.0
550.17	1.0
551.17	1.0
552.17	1.0
553.17	1.0
554.17	1.0
555.17	1.0
556.17	1.0
557.17	1.0
558.17	1.0
559.17	1.0
560.17	1.0
561.17	1.0
562.17	1.0
563.17	1.0
564.17	1.0
565.17	1.0
566.17	1.0
567.17	1.0
568.17	1.0
569.17	1.0
570.17	1.0
571.17	1.0
572.17	1.0
573.17	1.0
574.17	1.0
575.17	1.0
576.17	1.0
577.17	1.0
578.17	1.0
579.17	1.0
580.17	1.0
581.17	1.0
582.17	1.0
583.17	1.0
584.17	1.0
585.17	1.0
586.17	1.0
587.17	1.0
588.17	1.0
589.17	1.0
590.17	1.0
591.17	1.0
592.17	1.0
593.17	1.0
594.17	1.0
595.17	1.0
596.17	1.0
597.17	1.0
598.17	1.0
599.17	1.0
600.17	1.0
601.17	1.0
602.17	1.0
603.17	1.0
604.17	1.0
605.17	1.0
606.17	1.0
607.17	1.0
608.17	1.0
609.17	1.0
610.17	1.0
611.17	1.0
612.17	1.0
613.17	1.0
614.17	1.0
615.17	1.0
616.17	1.0
617.17	1.0
618.17	1.0
619.17	1.0
620.17	1.0
621.17	1.0
622.17	1.0
623.17	1.0
624.17	1.0
625.17	1.0
626.17	1.0
627.17	1.0
628.17	1.0
629.17	1.0
630.17	1.0
631.17	1.0
632.17	1.0
633.17	1.0
634.17	1.0
635.17	1.0
636.17	1.0
637.17	1.0
638.17	1.0
639.17	1.0
640.17	1.0
641.17	1.0
642.17	1.0
643.17	1.0
644.17	1.0
645.17	1.0
646.17	1.0
647.17	1.0
648.17	1.0
649.17	1.0
650.17	1.0
651.17	1.0
652.17	1.0
653.17	1.0
654.17	1.0
655.17	1.0
656.17	1.0
657.17	1.0
658.17	1.0
659.17	1.0
660.17	1.0
661.17	1.0
662.17	1.0
663.17	1.0
664.17	1.0
665.17	1.0
666.17	1.0
667.17	1.0
668.17	1.0
669.17	1.0
670.17	1.0
671.17	1.0
672.17	1.0
673.17	1.0
674.17	1.0
675.17	1.0
676.17	1.0
677.17	1.0
678.17	1.0
679.17	1.0
680.17	1.0
681.17	1.0
682.17	1.0
683.17	1.0
684.17	1.0
685.17	1.0
686.17	1.0
687.17	1.0
688.17	1.0
689.17	1.0
690.17	1.0
691.17	1.0
692.17	1.0
693.17	1.0
694.17	1.0
695.17	1.0
696.17	1.0
697.17	1.0
698.17	1.0
699.17	1.0
700.17	1.0
701.17	1.0
702.17	1.0
703.17	1.0
704.17	1.0
705.17	1.0
706.17	1.0
707.17	1.0
708.17	1.0
709.17	1.0
710.17	1.0
711.17	1.0
712.17	1.0
713.17	1.0
714.17	1.0
715.17	1.0
716.17	1.0
717.17	1.0
718.17	1.0
719.17	1.0
720.17	1.0
721.17	1.0
722.17	1.0
723.17	1.0
724.17	1.0
725.17	1.0
726.17	1.0
727.17	1.0
728.17	1.0
729.17	1.0
730.17	1.0
731.17	1.0
732.17	1.0
733.17	1.0
734.17	1.0
735.17	1.0
736.17	1.0
737.17	1.0
738.17	1.0
739.17	1.0
740.17	1.0
741.17	1.0
742.17	1.0
743.17	1.0
744.17	1.0
745.17	1.0
746.17	1.0
747.17	1.0
748.17	1.0
749.17	1.0
750.17	1.0
751.17	1.0
752.17	1.0
753.17	1.0
754.17	1.0
755.17	1.0
756.17	1.0
757.17	1.0
758.17	1.0
759.17	1.0
760.17	1.0
761.17	1.0
762.17	1.0
763.17	1.0
764.17	1.0
765.1700000000001	1.0
766.1700000000001	1.0
767.1700000000001	1.0
768.1700000000001	1.0
769.1700000000001	1.0
770.1700000000001	1.0
771.1700000000001	1.0
772.1700000000001	1.0
773.1700000000001	1.0
774.1700000000001	1.0
775.1700000000001	1.0
776.1700000000001	1.0
777.1700000000001	1.0
778.1700000000001	1.0
779.1700000000001	1.0
780.1700000000001	1.0
781.1700000000001	1.0
782.1700000000001	1.0
783.1700000000001	1.0
784.1700000000001	1.0
785.1700000000001	1.0
786.1700000000001	1.0
787.1700000000001	1.0
788.1700000000001	1.0
789.1700000000001	1.0
790.1700000000001	1.0
791.1700000000001	1.0
792.1700000000001	1.0
793.1700000000001	1.0
794.1700000000001	1.0
795.1700000000001	1.0
796.1700000000001	1.0
797.1700000000001	1.0
798.1700000000001	1.0
799.1700000000001	1.0
800.1700000000001	1.0
801.1700000000001	1.0
802.1700000000001	1.0
803.1700000000001	1.0
804.1700000000001	1.0
805.1700000000001	1.0
806.1700000000001	1.0
807.1700000000001	1.0
808.1700000000001	1.0
809.1700000000001	1.0
810.1700000000001	1.0
811.1700000000001	1.0
812.1700000000001	1.0
813.1700000000001	1.0
814.1700000000001	1.0
815.1700000000001	1.0
816.1700000000001	1.0
817.1700000000001	1.0
818.1700000000001	1.0
819.1700000000001	1.0
820.1700000000001	1.0
821.1700000000001	1.0
822.1700000000001	1.0
823.1700000000001	1.0
824.1700000000001	1.0
825.1700000000001	1.0
826.1700000000001	1.0
827.1700000000001	1.0
828.1700000000001	1.0
829.1700000000001	1.0
830.1700000000001	1.0
831.1700000000001	1.0
832.1700000000001	1.0
833.1700000000001	1.0
834.1700000000001	1.0
835.1700000000001	1.0
836.1700000000001	1.0
837.1700000000001	1.0
838.1700000000001	1.0
839.1700000000001	1.0
840.1700000000001	1.0
841.1700000000001	1.0
842.1700000000001	1.0
843.1700000000001	1.0
844.1700000000001	1.0
845.1700000000001	1.0
846.1700000000001	1.0
847.1700000000001	1.0
848.1700000000001	1.0
849.1700000000001	1.0
850.1700000000001	1.0
851.1700000000001	1.0
852.1700000000001	1.0
853.1700000000001	1.0
854.1700000000001	1.0
855.1700000000001	1.0
856.1700000000001	1.0
857.1700000000001	1.0
858.1700000000001	1.0
859.1700000000001	1.0
860.1700000000001	1.0
861.1700000000001	1.0
862.1700000000001	1.0
863.1700000000001	1.0
864.1700000000001	1.0
865.1700000000001	1.0
866.1700000000001	1.0
867.1700000000001	1.0
868.1700000000001	1.0
869.1700000000001	1.0
870.1700000000001	1.0
871.1700000000001	1.0
872.1700000000001	1.0
873.1700000000001	1.0
874.1700000000001	1.0
875.1700000000001	1.0
876.1700000000001	1.0
877.1700000000001	1.0
878.1700000000001	1.0
879.1700000000001	1.0
880.1700000000001	1.0
881.1700000000001	1.0
882.1700000000001	1.0
883.1700000000001	1.0
884.1700000000001	1.0
885.1700000000001	1.0
886.1700000000001	1.0
887.1700000000001	1.0
888.1700000000001	1.0
889.1700000000001	1.0
890.1700000000001	1.0
891.1700000000001	1.0
892.1700000000001	1.0
893.1700000000001	1.0
894.1700000000001	1.0
895.1700000000001	1.0
896.1700000000001	1.0
897.1700000000001	1.0
898.1700000000001	1.0
899.1700000000001	1.0
900.1700000000001	1.0
901.1700000000001	1.0
902.1700000000001	1.0
903.1700000000001	1.0
904.1700000000001	1.0
905.1700000000001	1.0
906.1700000000001	1.0
907.1700000000001	1.0
908.1700000000001	1.0
909.1700000000001	1.0
910.1700000000001	1.0
911.1700000000001	1.0
912.1700000000001	1.0
913.1700000000001	1.0
914.1700000000001	1.0
915.1700000000001	1.0
916.1700000000001	1.0
917.1700000000001	1.0
918.1700000000001	1.0
919.1700000000001	1.0
920.1700000000001	1.0
921.1700000000001	1.0
922.1700000000001	1.0
923.1700000000001	1.0
924.1700000000001	1.0
925.1700000000001	1.0
926.1700000000001	1.0
927.1700000000001	1.0
928.1700000000001	1.0
929.1700000000001	1.0
930.1700000000001	1.0
931.1700000000001	1.0
932.1700000000001	1.0
933.1700000000001	1.0
934.1700000000001	1.0
935.1700000000001	1.0
936.1700000000001	1.0
937.1700000000001	1.0
938.1700000000001	1.0
939.1700000000001	1.0
940.1700000000001	1.0
941.1700000000001	1.0
942.1700000000001	1.0
943.1700000000001	1.0
944.1700000000001	1.0
945.1700000000001	1.0
946.1700000000001	1.0
947.1700000000001	1.0
948.1700000000001	1.0
949.1700000000001	1.0
950.1700000000001	1.0
951.1700000000001	1.0
952.1700000000001	1.0
953.1700000000001	1.0
954.1700000000001	1.0
955.1700000000001	1.0
956.1700000000001	1.0
957.1700000000001	1.0
958.1700000000001	1.0
959.1700000000001	1.0
960.1700000000001	1.0
961.1700000000001	1.0
962.1700000000001	1.0
963.1700000000001	1.0
964.1700000000001	1.0
965.1700000000001	1.0
966.1700000000001	1.0
967.1700000000001	1.0
968.1700000000001	1.0
969.1700000000001	1.0
970.1700000000001	1.0
971.1700000000001	1.0
972.1700000000001	1.0
973.1700000000001	1.0
974.1700000000001	1.0
975.1700000000001	1.0
976.1700000000001	1.0
977.1700000000001	1.0
978.1700000000001	1.0
979.1700000000001	1.0
980.1700000000001	1.0
981.1700000000001	1.0
982.1700000000001	1.0
983.1700000000001	1.0
984.1700000000001	1.0
985.1700000000001	1.0
986.1700000000001	1.0
987.1700000000001	1.0
988.1700000000001	1.0
989.1700000000001	1.0
990.1700000000001	1.0
991.1700000000001	1.0
992.1700000000001	1.0
993.1700000000001	1.0
994.1700000000001	1.0
995.1700000000001	1.0
