0.604	0.5277298252580164
1.559	0.5318989869846465
2.527	0.5235309646521457
3.484	0.5065995159049254
4.4430000000000005	0.48968336329712586
5.408	0.46902574093642807
6.382000000000001	0.459579240889741
7.346	0.4559595842712014
8.313	0.450477172025103
9.281	0.4545668752590607
10.256	0.44675785962989795
11.225	0.4417341028192295
12.198	0.43448681592531974
13.167	0.41972978369488145
14.131	0.4199317741298796
15.1	0.4168933928252445
16.067	0.4134010554193217
17.037	0.4247309194870235
18.005	0.41974639762751004
18.975	0.41238481907353075
19.946	0.42262986956376486
20.912	0.43086872303282425
21.877	0.42818314568964216
22.845	0.4252050063044339
23.81	0.42419997591779585
24.781	0.4199074040864303
25.761	0.4241833765500656
26.735	0.39603676942583965
27.713	0.38452760617579534
28.684	0.37095020792368294
29.656000000000002	0.354420787205541
30.628	0.3399069378811606
31.608	0.31683369202846906
32.587	0.2970345991025336
33.566	0.28539075853746015
34.547000000000004	0.2925771364292349
35.526	0.32840018331780285
36.507	0.3162385318577571
37.494	0.34501486123840847
38.477000000000004	0.38930715691989176
39.458	0.4137683307535785
40.438	0.4496916608169939
41.413000000000004	0.4276681681010761
42.39	0.49964442027156186
43.366	0.5712965819713278
44.344	0.5952435887026494
45.313	0.6078617895095433
46.294000000000004	0.7296664670356146
47.261	0.6512398910854965
48.239000000000004	0.6400603723453547
49.215	0.5721209701750664
50.188	0.6041353487229972
51.175000000000004	0.7108012625703972
52.145	0.6089765145157993
53.124	0.5487210571321832
54.103	0.6257753319641173
55.082	0.5852234886091656
56.06	0.7195653625935132
57.038000000000004	0.6990619151702551
58.012	0.5751171922285135
58.989000000000004	0.623830163324945
59.971000000000004	0.6598897301949614
60.952	0.6279382191135978
61.927	0.551883417356179
62.909	0.6259185265146521
63.888	0.5665801541231746
64.866	0.5847440656179743
65.84700000000001	0.6114185380705699
66.84	0.7243867734919419
67.81700000000001	0.7155859575829466
68.795	0.7262062646396479
69.77	0.6898419530313905
70.755	0.684689763829888
71.736	0.7020329931259569
72.717	0.6906289955088494
73.69800000000001	0.6587003467340683
74.685	0.7685581108545552
75.67	0.7851840836315463
76.651	0.7437584261536635
77.632	0.6846657149560912
78.621	0.7373252394199507
79.592	0.5303765235416845
80.574	0.4418183494514441
81.56400000000001	0.5757822651450725
82.553	0.5523897829279606
83.543	0.6380990752590264
84.533	0.732753371380407
85.522	0.7189839695990234
86.512	0.8247787689185061
87.502	0.842894038620882
88.487	0.7338660623763538
89.47500000000001	0.7411982645162376
90.461	0.6427517302999849
91.444	0.5659961603029325
92.43	0.37901317647623306
93.42	0.4853384134029626
94.415	0.8364472916028819
95.398	0.6433696453205715
96.39	0.8085686004831147
97.379	0.8682600511176969
98.369	0.797737631064074
99.35900000000001	0.8373762948665877
100.35000000000001	0.8864561090935978
101.33800000000001	0.8692461162281266
102.32900000000001	0.909559992009588
103.32000000000001	0.8800999047920428
104.311	0.8803507294502901
105.302	0.9006193078009875
106.293	0.9108930133203816
107.284	0.911128745102598
108.274	0.8423330227266878
109.265	0.8526305569735527
110.256	0.8723806962829569
111.247	0.8426331333366878
112.238	0.8426672831766878
113.229	0.8623415396521267
114.22	0.8627442056433778
115.211	0.8726300051104934
116.202	0.909401115682293
117.184	0.4677695580568966
118.169	0.3914099105431405
119.155	0.39241002614344245
120.141	0.3930089098195003
121.12700000000001	0.3941403269158866
122.107	0.2792624279796312
123.08800000000001	0.30847021994724516
124.07300000000001	0.4024077133043534
125.06400000000001	0.5658923359515274
126.055	0.7715252863726889
127.041	0.47881068827906875
128.036	0.5760788305034596
129.032	0.6045406856671997
130.02700000000002	0.5450308512132087
131.022	0.5449191567848887
132.018	0.5741767182728666
133.014	0.5045502266108436
134.01	0.5045246922488196
135.007	0.5529403069488936
136.004	0.49146534711829765
137.001	0.5401649207772927
137.999	0.6081517317858337
138.996	0.5581891749116047
139.994	0.7457194698470475
140.991	0.8450463040630999
141.99	0.6936283224837088
142.99	0.8506616736343631
143.986	0.942488633343529
144.985	0.9420322709236671
145.985	0.9808096296267547
146.985	0.9902646545066187
147.985	0.9898141758680492
148.981	0.950948497
149.981	0.9906048789999999
150.981	0.9904212609999999
151.981	0.990237643
152.981	0.990043824
153.981	1.0
154.981	1.0
155.981	1.0
156.981	1.0
157.981	1.0
158.981	1.0
159.981	1.0
160.981	1.0
161.981	1.0
162.981	1.0
163.981	1.0
164.981	1.0
165.981	1.0
166.981	1.0
167.981	1.0
168.981	1.0
169.981	1.0
170.981	1.0
171.981	1.0
172.981	1.0
173.981	1.0
174.981	1.0
175.981	1.0
176.981	1.0
177.981	1.0
178.981	1.0
179.981	1.0
180.981	1.0
181.981	1.0
182.981	1.0
183.981	1.0
184.981	1.0
185.981	1.0
186.981	1.0
187.981	1.0
188.981	1.0
189.981	1.0
190.981	1.0
191.981	1.0
192.981	1.0
193.981	1.0
194.981	1.0
195.981	1.0
196.981	1.0
197.981	1.0
198.981	1.0
199.981	1.0
200.981	1.0
201.981	1.0
202.981	1.0
203.981	1.0
204.981	1.0
205.981	1.0
206.981	1.0
207.981	1.0
208.981	1.0
209.981	1.0
210.981	1.0
211.981	1.0
212.981	1.0
213.981	1.0
214.981	1.0
215.981	1.0
216.981	1.0
217.981	1.0
218.981	1.0
219.981	1.0
220.981	1.0
221.981	1.0
222.981	1.0
223.981	1.0
224.981	1.0
225.981	1.0
226.981	1.0
227.981	1.0
228.981	1.0
229.981	1.0
230.981	1.0
231.981	1.0
232.981	1.0
233.981	1.0
234.981	1.0
235.981	1.0
236.981	1.0
237.981	1.0
238.981	1.0
239.981	1.0
240.981	1.0
241.981	1.0
242.981	1.0
243.981	1.0
244.981	1.0
245.981	1.0
246.981	1.0
247.981	1.0
248.981	1.0
249.981	1.0
250.981	1.0
251.981	1.0
252.981	1.0
253.981	1.0
254.981	1.0
255.981	1.0
256.981	1.0
257.981	1.0
258.981	1.0
259.981	1.0
260.981	1.0
261.981	1.0
262.981	1.0
263.981	1.0
264.981	1.0
265.981	1.0
266.981	1.0
267.981	1.0
268.981	1.0
269.981	1.0
270.981	1.0
271.981	1.0
272.981	1.0
273.981	1.0
274.981	1.0
275.981	1.0
276.981	1.0
277.981	1.0
278.981	1.0
279.981	1.0
280.981	1.0
281.981	1.0
282.981	1.0
283.981	1.0
284.981	1.0
285.981	1.0
286.981	1.0
287.981	1.0
288.981	1.0
289.981	1.0
290.981	1.0
291.981	1.0
292.981	1.0
293.981	1.0
294.981	1.0
295.981	1.0
296.981	1.0
297.981	1.0
298.981	1.0
299.981	1.0
300.981	1.0
301.981	1.0
302.981	1.0
303.981	1.0
304.981	1.0
305.981	1.0
306.981	1.0
307.981	1.0
308.981	1.0
309.981	1.0
310.981	1.0
311.981	1.0
312.981	1.0
313.981	1.0
314.981	1.0
315.981	1.0
316.981	1.0
317.981	1.0
318.981	1.0
319.981	1.0
320.981	1.0
321.981	1.0
322.981	1.0
323.981	1.0
324.981	1.0
325.981	1.0
326.981	1.0
327.981	1.0
328.981	1.0
329.981	1.0
330.981	1.0
331.981	1.0
332.981	1.0
333.981	1.0
334.981	1.0
335.981	1.0
336.981	1.0
337.981	1.0
338.981	1.0
339.981	1.0
340.981	1.0
341.981	1.0
342.981	1.0
343.981	1.0
344.981	1.0
345.981	1.0
346.981	1.0
347.981	1.0
348.981	1.0
349.981	1.0
350.981	1.0
351.981	1.0
352.981	1.0
353.981	1.0
354.981	1.0
355.981	1.0
356.981	1.0
357.981	1.0
358.981	1.0
359.981	1.0
360.981	1.0
361.981	1.0
362.981	1.0
363.981	1.0
364.981	1.0
365.981	1.0
366.981	1.0
367.981	1.0
368.981	1.0
369.981	1.0
370.981	1.0
371.981	1.0
372.981	1.0
373.981	1.0
374.981	1.0
375.981	1.0
376.981	1.0
377.981	1.0
378.981	1.0
379.981	1.0
380.981	1.0
381.981	1.0
382.981	1.0
383.981	1.0
384.981	1.0
385.981	1.0
386.981	1.0
387.981	1.0
388.981	1.0
389.981	1.0
390.981	1.0
391.981	1.0
392.981	1.0
393.981	1.0
394.981	1.0
395.981	1.0
396.981	1.0
397.981	1.0
398.981	1.0
399.981	1.0
400.981	1.0
401.981	1.0
402.981	1.0
403.981	1.0
404.981	1.0
405.981	1.0
406.981	1.0
407.981	1.0
408.981	1.0
409.981	1.0
410.981	1.0
411.981	1.0
412.981	1.0
413.981	1.0
414.981	1.0
415.981	1.0
416.981	1.0
417.981	1.0
418.981	1.0
419.981	1.0
420.981	1.0
421.981	1.0
422.981	1.0
423.981	1.0
424.981	1.0
425.981	1.0
426.981	1.0
427.981	1.0
428.981	1.0
429.981	1.0
430.981	1.0
431.981	1.0
432.981	1.0
433.981	1.0
434.981	1.0
435.981	1.0
436.981	1.0
437.981	1.0
438.981	1.0
439.981	1.0
440.981	1.0
441.981	1.0
442.981	1.0
443.981	1.0
444.981	1.0
445.981	1.0
446.981	1.0
447.981	1.0
448.981	1.0
449.981	1.0
450.981	1.0
451.981	1.0
452.981	1.0
453.981	1.0
454.981	1.0
455.981	1.0
456.981	1.0
457.981	1.0
458.981	1.0
459.981	1.0
460.981	1.0
461.981	1.0
462.981	1.0
463.981	1.0
464.981	1.0
465.981	1.0
466.981	1.0
467.981	1.0
468.981	1.0
469.981	1.0
470.981	1.0
471.981	1.0
472.981	1.0
473.981	1.0
474.981	1.0
475.981	1.0
476.981	1.0
477.981	1.0
478.981	1.0
479.981	1.0
480.981	1.0
481.981	1.0
482.981	1.0
483.981	1.0
484.981	1.0
485.981	1.0
486.981	1.0
487.981	1.0
488.981	1.0
489.981	1.0
490.981	1.0
491.981	1.0
492.981	1.0
493.981	1.0
494.981	1.0
495.981	1.0
496.981	1.0
497.981	1.0
498.981	1.0
499.981	1.0
500.981	1.0
501.981	1.0
502.981	1.0
503.981	1.0
504.981	1.0
505.981	1.0
506.981	1.0
507.981	1.0
508.981	1.0
509.981	1.0
510.981	1.0
511.981	1.0
512.981	1.0
513.981	1.0
514.981	1.0
515.981	1.0
516.981	1.0
517.981	1.0
518.981	1.0
519.981	1.0
520.981	1.0
521.981	1.0
522.981	1.0
523.981	1.0
524.981	1.0
525.981	1.0
526.981	1.0
527.981	1.0
528.981	1.0
529.981	1.0
530.981	1.0
531.981	1.0
532.981	1.0
533.981	1.0
534.981	1.0
535.981	1.0
536.981	1.0
537.981	1.0
538.981	1.0
539.981	1.0
540.981	1.0
541.981	1.0
542.981	1.0
543.981	1.0
544.981	1.0
545.981	1.0
546.981	1.0
547.981	1.0
548.981	1.0
549.981	1.0
550.981	1.0
551.981	1.0
552.981	1.0
553.981	1.0
554.981	1.0
555.981	1.0
556.981	1.0
557.981	1.0
558.981	1.0
559.981	1.0
560.981	1.0
561.981	1.0
562.981	1.0
563.981	1.0
564.981	1.0
565.981	1.0
566.981	1.0
567.981	1.0
568.981	1.0
569.981	1.0
570.981	1.0
571.981	1.0
572.981	1.0
573.981	1.0
574.981	1.0
575.981	1.0
576.981	1.0
577.981	1.0
578.981	1.0
579.981	1.0
580.981	1.0
581.981	1.0
582.981	1.0
583.981	1.0
584.981	1.0
585.981	1.0
586.981	1.0
587.981	1.0
588.981	1.0
589.981	1.0
590.981	1.0
591.981	1.0
592.981	1.0
593.981	1.0
594.981	1.0
595.981	1.0
596.981	1.0
597.981	1.0
598.981	1.0
599.981	1.0
600.981	1.0
601.981	1.0
602.981	1.0
603.981	1.0
604.981	1.0
605.981	1.0
606.981	1.0
607.981	1.0
608.981	1.0
609.981	1.0
610.981	1.0
611.981	1.0
612.981	1.0
613.981	1.0
614.981	1.0
615.981	1.0
616.981	1.0
617.981	1.0
618.981	1.0
619.981	1.0
620.981	1.0
621.981	1.0
622.981	1.0
623.981	1.0
624.981	1.0
625.981	1.0
626.981	1.0
627.981	1.0
628.981	1.0
629.981	1.0
630.981	1.0
631.981	1.0
632.981	1.0
633.981	1.0
634.981	1.0
635.981	1.0
636.981	1.0
637.981	1.0
638.981	1.0
639.981	1.0
640.981	1.0
641.981	1.0
642.981	1.0
643.981	1.0
644.981	1.0
645.981	1.0
646.981	1.0
647.981	1.0
648.981	1.0
649.981	1.0
650.981	1.0
651.981	1.0
652.981	1.0
653.981	1.0
654.981	1.0
655.981	1.0
656.981	1.0
657.981	1.0
658.981	1.0
659.981	1.0
660.981	1.0
661.981	1.0
662.981	1.0
663.981	1.0
664.981	1.0
665.981	1.0
666.981	1.0
667.981	1.0
668.981	1.0
669.981	1.0
670.981	1.0
671.981	1.0
672.981	1.0
673.981	1.0
674.981	1.0
675.981	1.0
676.981	1.0
677.981	1.0
678.981	1.0
679.981	1.0
680.981	1.0
681.981	1.0
682.981	1.0
683.981	1.0
684.981	1.0
685.981	1.0
686.981	1.0
687.981	1.0
688.981	1.0
689.981	1.0
690.981	1.0
691.981	1.0
692.981	1.0
693.981	1.0
694.981	1.0
695.981	1.0
696.981	1.0
697.981	1.0
698.981	1.0
699.981	1.0
700.981	1.0
701.981	1.0
702.981	1.0
703.981	1.0
704.981	1.0
705.981	1.0
706.981	1.0
707.981	1.0
708.981	1.0
709.981	1.0
710.981	1.0
711.981	1.0
712.981	1.0
713.981	1.0
714.981	1.0
715.981	1.0
716.981	1.0
717.981	1.0
718.981	1.0
719.981	1.0
720.981	1.0
721.981	1.0
722.981	1.0
723.981	1.0
724.981	1.0
725.981	1.0
726.981	1.0
727.981	1.0
728.981	1.0
729.981	1.0
730.981	1.0
731.981	1.0
732.981	1.0
733.981	1.0
734.981	1.0
735.981	1.0
736.981	1.0
737.981	1.0
738.981	1.0
739.981	1.0
740.981	1.0
741.981	1.0
742.981	1.0
743.981	1.0
744.981	1.0
745.981	1.0
746.981	1.0
747.981	1.0
748.981	1.0
749.981	1.0
750.981	1.0
751.981	1.0
752.981	1.0
753.981	1.0
754.981	1.0
755.981	1.0
756.981	1.0
757.981	1.0
758.981	1.0
759.981	1.0
760.981	1.0
761.981	1.0
762.981	1.0
763.981	1.0
764.981	1.0
765.981	1.0
766.981	1.0
767.981	1.0
768.981	1.0
769.981	1.0
770.981	1.0
771.981	1.0
772.981	1.0
773.981	1.0
774.981	1.0
775.981	1.0
776.981	1.0
777.981	1.0
778.981	1.0
779.981	1.0
780.981	1.0
781.981	1.0
782.981	1.0
783.981	1.0
784.981	1.0
785.981	1.0
786.981	1.0
787.981	1.0
788.981	1.0
789.981	1.0
790.981	1.0
791.981	1.0
792.981	1.0
793.981	1.0
794.981	1.0
795.981	1.0
796.981	1.0
797.981	1.0
798.981	1.0
799.981	1.0
800.981	1.0
801.981	1.0
802.981	1.0
803.981	1.0
804.981	1.0
805.981	1.0
806.981	1.0
807.981	1.0
808.981	1.0
809.981	1.0
810.981	1.0
811.981	1.0
812.981	1.0
813.981	1.0
814.981	1.0
815.981	1.0
816.981	1.0
817.981	1.0
818.981	1.0
819.981	1.0
820.981	1.0
821.981	1.0
822.981	1.0
823.981	1.0
824.981	1.0
825.981	1.0
826.981	1.0
827.981	1.0
828.981	1.0
829.981	1.0
830.981	1.0
831.981	1.0
832.981	1.0
833.981	1.0
834.981	1.0
835.981	1.0
836.981	1.0
837.981	1.0
838.981	1.0
839.981	1.0
840.981	1.0
841.981	1.0
842.981	1.0
843.981	1.0
844.981	1.0
845.981	1.0
846.981	1.0
847.981	1.0
848.981	1.0
849.981	1.0
850.981	1.0
851.981	1.0
852.981	1.0
853.981	1.0
854.981	1.0
855.981	1.0
856.981	1.0
857.981	1.0
858.981	1.0
859.981	1.0
860.981	1.0
861.981	1.0
862.981	1.0
863.981	1.0
864.981	1.0
865.981	1.0
866.981	1.0
867.981	1.0
868.981	1.0
869.981	1.0
870.981	1.0
871.981	1.0
872.981	1.0
873.981	1.0
874.981	1.0
875.981	1.0
876.981	1.0
877.981	1.0
878.981	1.0
879.981	1.0
880.981	1.0
881.981	1.0
882.981	1.0
883.981	1.0
884.981	1.0
885.981	1.0
886.981	1.0
887.981	1.0
888.981	1.0
889.981	1.0
890.981	1.0
891.981	1.0
892.981	1.0
893.981	1.0
894.981	1.0
895.981	1.0
896.981	1.0
897.981	1.0
898.981	1.0
899.981	1.0
900.981	1.0
901.981	1.0
902.981	1.0
903.981	1.0
904.981	1.0
905.981	1.0
906.981	1.0
907.981	1.0
908.981	1.0
909.981	1.0
910.981	1.0
911.981	1.0
912.981	1.0
913.981	1.0
914.981	1.0
915.981	1.0
916.981	1.0
917.981	1.0
918.981	1.0
919.981	1.0
920.981	1.0
921.981	1.0
922.981	1.0
923.981	1.0
924.981	1.0
925.981	1.0
926.981	1.0
927.981	1.0
928.981	1.0
929.981	1.0
930.981	1.0
931.981	1.0
932.981	1.0
933.981	1.0
934.981	1.0
935.981	1.0
936.981	1.0
937.981	1.0
938.981	1.0
939.981	1.0
940.981	1.0
941.981	1.0
942.981	1.0
943.981	1.0
944.981	1.0
945.981	1.0
946.981	1.0
947.981	1.0
948.981	1.0
949.981	1.0
950.981	1.0
951.981	1.0
952.981	1.0
953.981	1.0
954.981	1.0
955.981	1.0
956.981	1.0
957.981	1.0
958.981	1.0
959.981	1.0
960.981	1.0
961.981	1.0
962.981	1.0
963.981	1.0
964.981	1.0
965.981	1.0
966.981	1.0
967.981	1.0
968.981	1.0
969.981	1.0
970.981	1.0
971.981	1.0
972.981	1.0
973.981	1.0
974.981	1.0
975.981	1.0
976.981	1.0
977.981	1.0
978.981	1.0
979.981	1.0
980.981	1.0
981.981	1.0
982.981	1.0
983.981	1.0
984.981	1.0
985.981	1.0
986.981	1.0
987.981	1.0
988.981	1.0
989.981	1.0
990.981	1.0
991.981	1.0
992.981	1.0
993.981	1.0
994.981	1.0
995.981	1.0
996.981	1.0
