0.23900000000000002	0.5514872265829517
1.097	0.5149116524665
1.984	0.5272831126356731
2.86	0.530718611082334
3.732	0.49361855803279864
4.617	0.49159394479189417
5.517	0.4924898914815071
6.413	0.4892965517999517
7.317	0.4890664156368779
8.206	0.4045363121078287
9.122	0.4395431081498469
10.037	0.4013264300863938
10.953	0.34505639502566754
11.879	0.35564620068185365
12.812	0.4009492370184319
13.736	0.29259013494182984
14.684000000000001	0.4200332160366848
15.628	0.5749682167820185
16.572	0.6056329553661279
17.512	0.4978250243020075
18.456	0.3839351625227579
19.405	0.47709581131626566
20.347	0.29944739658983377
21.292	0.20600087607984324
22.246000000000002	0.6497847009747068
23.195	0.6041981112347984
24.169	0.8687339470920269
25.113	0.8234520128705385
26.065	0.6509486802870758
27.015	0.2530985622410984
27.976	0.33970397631470695
28.938	0.39402851556283697
29.903000000000002	0.36817125115669946
30.865000000000002	0.32772113454489404
31.827	0.5183625086400961
32.791000000000004	0.6878967458537824
33.751	0.5921956540806796
34.716	0.7631017371398567
35.677	0.7943123815117893
36.642	0.5779832519733918
37.607	0.7288116233545274
38.572	0.5859612265757227
39.544000000000004	0.8531288829848257
40.515	0.9158546286533592
41.478	0.7754658566306517
42.446	0.49171657016230247
43.422000000000004	0.6641359639331597
44.4	0.8270003198484778
45.381	0.9146153203369373
46.347	0.8236017724424078
47.326	0.8512443125489539
48.304	0.8691988600128957
49.281	0.8685378256598238
50.257	0.7461697368653493
51.235	0.8491635077061216
52.215	0.9442508206698361
53.191	0.6443715052320982
54.171	0.5712295035425231
55.147	0.7422865948574521
56.126	0.7660370780025931
57.107	0.7889214396463669
58.081	0.26279092121401065
59.064	0.6604432524071511
60.041000000000004	0.7391827551652034
61.022	0.8791153721735725
61.999	0.8279836087399038
62.980000000000004	0.9161442001409964
63.955	0.4539499519980299
64.946	0.9081865460624021
65.926	0.5189501526834012
66.911	0.3737000960229531
67.898	0.639534631670701
68.883	0.5107029846489498
69.867	0.411692125683347
70.853	0.15887459581432245
71.839	0.5550691875216488
72.82600000000001	0.7552535018628309
73.809	0.5082634282301846
74.797	0.7278217117949468
75.785	0.842857833902044
76.774	0.9048503603677627
77.762	0.7530183653847032
78.752	0.6927355825515366
79.742	0.6364669515980946
80.732	0.7954161318442412
81.72200000000001	0.8382779175173902
82.71300000000001	0.9829579359203685
83.69200000000001	0.9023534738320549
84.68	0.9174252868013281
85.667	0.5145696640104612
86.662	0.7555154182177257
87.659	0.797966680942591
88.656	0.6020380288415521
89.656	0.9998581855180279
90.655	0.9733599999999998
91.655	1.0
92.655	1.0
93.655	1.0
94.655	1.0
95.655	1.0
96.655	1.0
97.655	1.0
98.655	1.0
99.655	1.0
100.655	1.0
101.655	1.0
102.655	1.0
103.655	1.0
104.655	1.0
105.655	1.0
106.655	1.0
107.655	1.0
108.655	1.0
109.655	1.0
110.655	1.0
111.655	1.0
112.655	1.0
113.655	1.0
114.655	1.0
115.655	1.0
116.655	1.0
117.655	1.0
118.655	1.0
119.655	1.0
120.655	1.0
121.655	1.0
122.655	1.0
123.655	1.0
124.655	1.0
125.655	1.0
126.655	1.0
127.655	1.0
128.655	1.0
129.655	1.0
130.655	1.0
131.655	1.0
132.655	1.0
133.655	1.0
134.655	1.0
135.655	1.0
136.655	1.0
137.655	1.0
138.655	1.0
139.655	1.0
140.655	1.0
141.655	1.0
142.655	1.0
143.655	1.0
144.655	1.0
145.655	1.0
146.655	1.0
147.655	1.0
148.655	1.0
149.655	1.0
150.655	1.0
151.655	1.0
152.655	1.0
153.655	1.0
154.655	1.0
155.655	1.0
156.655	1.0
157.655	1.0
158.655	1.0
159.655	1.0
160.655	1.0
161.655	1.0
162.655	1.0
163.655	1.0
164.655	1.0
165.655	1.0
166.655	1.0
167.655	1.0
168.655	1.0
169.655	1.0
170.655	1.0
171.655	1.0
172.655	1.0
173.655	1.0
174.655	1.0
175.655	1.0
176.655	1.0
177.655	1.0
178.655	1.0
179.655	1.0
180.655	1.0
181.655	1.0
182.655	1.0
183.655	1.0
184.655	1.0
185.655	1.0
186.655	1.0
187.655	1.0
188.655	1.0
189.655	1.0
190.655	1.0
191.655	1.0
192.655	1.0
193.655	1.0
194.655	1.0
195.655	1.0
196.655	1.0
197.655	1.0
198.655	1.0
199.655	1.0
200.655	1.0
201.655	1.0
202.655	1.0
203.655	1.0
204.655	1.0
205.655	1.0
206.655	1.0
207.655	1.0
208.655	1.0
209.655	1.0
210.655	1.0
211.655	1.0
212.655	1.0
213.655	1.0
214.655	1.0
215.655	1.0
216.655	1.0
217.655	1.0
218.655	1.0
219.655	1.0
220.655	1.0
221.655	1.0
222.655	1.0
223.655	1.0
224.655	1.0
225.655	1.0
226.655	1.0
227.655	1.0
228.655	1.0
229.655	1.0
230.655	1.0
231.655	1.0
232.655	1.0
233.655	1.0
234.655	1.0
235.655	1.0
236.655	1.0
237.655	1.0
238.655	1.0
239.655	1.0
240.655	1.0
241.655	1.0
242.655	1.0
243.655	1.0
244.655	1.0
245.655	1.0
246.655	1.0
247.655	1.0
248.655	1.0
249.655	1.0
250.655	1.0
251.655	1.0
252.655	1.0
253.655	1.0
254.655	1.0
255.655	1.0
256.65500000000003	1.0
257.65500000000003	1.0
258.65500000000003	1.0
259.65500000000003	1.0
260.65500000000003	1.0
261.65500000000003	1.0
262.65500000000003	1.0
263.65500000000003	1.0
264.65500000000003	1.0
265.65500000000003	1.0
266.65500000000003	1.0
267.65500000000003	1.0
268.65500000000003	1.0
269.65500000000003	1.0
270.65500000000003	1.0
271.65500000000003	1.0
272.65500000000003	1.0
273.65500000000003	1.0
274.65500000000003	1.0
275.65500000000003	1.0
276.65500000000003	1.0
277.65500000000003	1.0
278.65500000000003	1.0
279.65500000000003	1.0
280.65500000000003	1.0
281.65500000000003	1.0
282.65500000000003	1.0
283.65500000000003	1.0
284.65500000000003	1.0
285.65500000000003	1.0
286.65500000000003	1.0
287.65500000000003	1.0
288.65500000000003	1.0
289.65500000000003	1.0
290.65500000000003	1.0
291.65500000000003	1.0
292.65500000000003	1.0
293.65500000000003	1.0
294.65500000000003	1.0
295.65500000000003	1.0
296.65500000000003	1.0
297.65500000000003	1.0
298.65500000000003	1.0
299.65500000000003	1.0
300.65500000000003	1.0
301.65500000000003	1.0
302.65500000000003	1.0
303.65500000000003	1.0
304.65500000000003	1.0
305.65500000000003	1.0
306.65500000000003	1.0
307.65500000000003	1.0
308.65500000000003	1.0
309.65500000000003	1.0
310.65500000000003	1.0
311.65500000000003	1.0
312.65500000000003	1.0
313.65500000000003	1.0
314.65500000000003	1.0
315.65500000000003	1.0
316.65500000000003	1.0
317.65500000000003	1.0
318.65500000000003	1.0
319.65500000000003	1.0
320.65500000000003	1.0
321.65500000000003	1.0
322.65500000000003	1.0
323.65500000000003	1.0
324.65500000000003	1.0
325.65500000000003	1.0
326.65500000000003	1.0
327.65500000000003	1.0
328.65500000000003	1.0
329.65500000000003	1.0
330.65500000000003	1.0
331.65500000000003	1.0
332.65500000000003	1.0
333.65500000000003	1.0
334.65500000000003	1.0
335.65500000000003	1.0
336.65500000000003	1.0
337.65500000000003	1.0
338.65500000000003	1.0
339.65500000000003	1.0
340.65500000000003	1.0
341.65500000000003	1.0
342.65500000000003	1.0
343.65500000000003	1.0
344.65500000000003	1.0
345.65500000000003	1.0
346.65500000000003	1.0
347.65500000000003	1.0
348.65500000000003	1.0
349.65500000000003	1.0
350.65500000000003	1.0
351.65500000000003	1.0
352.65500000000003	1.0
353.65500000000003	1.0
354.65500000000003	1.0
355.65500000000003	1.0
356.65500000000003	1.0
357.65500000000003	1.0
358.65500000000003	1.0
359.65500000000003	1.0
360.65500000000003	1.0
361.65500000000003	1.0
362.65500000000003	1.0
363.65500000000003	1.0
364.65500000000003	1.0
365.65500000000003	1.0
366.65500000000003	1.0
367.65500000000003	1.0
368.65500000000003	1.0
369.65500000000003	1.0
370.65500000000003	1.0
371.65500000000003	1.0
372.65500000000003	1.0
373.65500000000003	1.0
374.65500000000003	1.0
375.65500000000003	1.0
376.65500000000003	1.0
377.65500000000003	1.0
378.65500000000003	1.0
379.65500000000003	1.0
380.65500000000003	1.0
381.65500000000003	1.0
382.65500000000003	1.0
383.65500000000003	1.0
384.65500000000003	1.0
385.65500000000003	1.0
386.65500000000003	1.0
387.65500000000003	1.0
388.65500000000003	1.0
389.65500000000003	1.0
390.65500000000003	1.0
391.65500000000003	1.0
392.65500000000003	1.0
393.65500000000003	1.0
394.65500000000003	1.0
395.65500000000003	1.0
396.65500000000003	1.0
397.65500000000003	1.0
398.65500000000003	1.0
399.65500000000003	1.0
400.65500000000003	1.0
401.65500000000003	1.0
402.65500000000003	1.0
403.65500000000003	1.0
404.65500000000003	1.0
405.65500000000003	1.0
406.65500000000003	1.0
407.65500000000003	1.0
408.65500000000003	1.0
409.65500000000003	1.0
410.65500000000003	1.0
411.65500000000003	1.0
412.65500000000003	1.0
413.65500000000003	1.0
414.65500000000003	1.0
415.65500000000003	1.0
416.65500000000003	1.0
417.65500000000003	1.0
418.65500000000003	1.0
419.65500000000003	1.0
420.65500000000003	1.0
421.65500000000003	1.0
422.65500000000003	1.0
423.65500000000003	1.0
424.65500000000003	1.0
425.65500000000003	1.0
426.65500000000003	1.0
427.65500000000003	1.0
428.65500000000003	1.0
429.65500000000003	1.0
430.65500000000003	1.0
431.65500000000003	1.0
432.65500000000003	1.0
433.65500000000003	1.0
434.65500000000003	1.0
435.65500000000003	1.0
436.65500000000003	1.0
437.65500000000003	1.0
438.65500000000003	1.0
439.65500000000003	1.0
440.65500000000003	1.0
441.65500000000003	1.0
442.65500000000003	1.0
443.65500000000003	1.0
444.65500000000003	1.0
445.65500000000003	1.0
446.65500000000003	1.0
447.65500000000003	1.0
448.65500000000003	1.0
449.65500000000003	1.0
450.65500000000003	1.0
451.65500000000003	1.0
452.65500000000003	1.0
453.65500000000003	1.0
454.65500000000003	1.0
455.65500000000003	1.0
456.65500000000003	1.0
457.65500000000003	1.0
458.65500000000003	1.0
459.65500000000003	1.0
460.65500000000003	1.0
461.65500000000003	1.0
462.65500000000003	1.0
463.65500000000003	1.0
464.65500000000003	1.0
465.65500000000003	1.0
466.65500000000003	1.0
467.65500000000003	1.0
468.65500000000003	1.0
469.65500000000003	1.0
470.65500000000003	1.0
471.65500000000003	1.0
472.65500000000003	1.0
473.65500000000003	1.0
474.65500000000003	1.0
475.65500000000003	1.0
476.65500000000003	1.0
477.65500000000003	1.0
478.65500000000003	1.0
479.65500000000003	1.0
480.65500000000003	1.0
481.65500000000003	1.0
482.65500000000003	1.0
483.65500000000003	1.0
484.65500000000003	1.0
485.65500000000003	1.0
486.65500000000003	1.0
487.65500000000003	1.0
488.65500000000003	1.0
489.65500000000003	1.0
490.65500000000003	1.0
491.65500000000003	1.0
492.65500000000003	1.0
493.65500000000003	1.0
494.65500000000003	1.0
495.65500000000003	1.0
496.65500000000003	1.0
497.65500000000003	1.0
498.65500000000003	1.0
499.65500000000003	1.0
500.65500000000003	1.0
501.65500000000003	1.0
502.65500000000003	1.0
503.65500000000003	1.0
504.65500000000003	1.0
505.65500000000003	1.0
506.65500000000003	1.0
507.65500000000003	1.0
508.65500000000003	1.0
509.65500000000003	1.0
510.65500000000003	1.0
511.65500000000003	1.0
512.655	1.0
513.655	1.0
514.655	1.0
515.655	1.0
516.655	1.0
517.655	1.0
518.655	1.0
519.655	1.0
520.655	1.0
521.655	1.0
522.655	1.0
523.655	1.0
524.655	1.0
525.655	1.0
526.655	1.0
527.655	1.0
528.655	1.0
529.655	1.0
530.655	1.0
531.655	1.0
532.655	1.0
533.655	1.0
534.655	1.0
535.655	1.0
536.655	1.0
537.655	1.0
538.655	1.0
539.655	1.0
540.655	1.0
541.655	1.0
542.655	1.0
543.655	1.0
544.655	1.0
545.655	1.0
546.655	1.0
547.655	1.0
548.655	1.0
549.655	1.0
550.655	1.0
551.655	1.0
552.655	1.0
553.655	1.0
554.655	1.0
555.655	1.0
556.655	1.0
557.655	1.0
558.655	1.0
559.655	1.0
560.655	1.0
561.655	1.0
562.655	1.0
563.655	1.0
564.655	1.0
565.655	1.0
566.655	1.0
567.655	1.0
568.655	1.0
569.655	1.0
570.655	1.0
571.655	1.0
572.655	1.0
573.655	1.0
574.655	1.0
575.655	1.0
576.655	1.0
577.655	1.0
578.655	1.0
579.655	1.0
580.655	1.0
581.655	1.0
582.655	1.0
583.655	1.0
584.655	1.0
585.655	1.0
586.655	1.0
587.655	1.0
588.655	1.0
589.655	1.0
590.655	1.0
591.655	1.0
592.655	1.0
593.655	1.0
594.655	1.0
595.655	1.0
596.655	1.0
597.655	1.0
598.655	1.0
599.655	1.0
600.655	1.0
601.655	1.0
602.655	1.0
603.655	1.0
604.655	1.0
605.655	1.0
606.655	1.0
607.655	1.0
608.655	1.0
609.655	1.0
610.655	1.0
611.655	1.0
612.655	1.0
613.655	1.0
614.655	1.0
615.655	1.0
616.655	1.0
617.655	1.0
618.655	1.0
619.655	1.0
620.655	1.0
621.655	1.0
622.655	1.0
623.655	1.0
624.655	1.0
625.655	1.0
626.655	1.0
627.655	1.0
628.655	1.0
629.655	1.0
630.655	1.0
631.655	1.0
632.655	1.0
633.655	1.0
634.655	1.0
635.655	1.0
636.655	1.0
637.655	1.0
638.655	1.0
639.655	1.0
640.655	1.0
641.655	1.0
642.655	1.0
643.655	1.0
644.655	1.0
645.655	1.0
646.655	1.0
647.655	1.0
648.655	1.0
649.655	1.0
650.655	1.0
651.655	1.0
652.655	1.0
653.655	1.0
654.655	1.0
655.655	1.0
656.655	1.0
657.655	1.0
658.655	1.0
659.655	1.0
660.655	1.0
661.655	1.0
662.655	1.0
663.655	1.0
664.655	1.0
665.655	1.0
666.655	1.0
667.655	1.0
668.655	1.0
669.655	1.0
670.655	1.0
671.655	1.0
672.655	1.0
673.655	1.0
674.655	1.0
675.655	1.0
676.655	1.0
677.655	1.0
678.655	1.0
679.655	1.0
680.655	1.0
681.655	1.0
682.655	1.0
683.655	1.0
684.655	1.0
685.655	1.0
686.655	1.0
687.655	1.0
688.655	1.0
689.655	1.0
690.655	1.0
691.655	1.0
692.655	1.0
693.655	1.0
694.655	1.0
695.655	1.0
696.655	1.0
697.655	1.0
698.655	1.0
699.655	1.0
700.655	1.0
701.655	1.0
702.655	1.0
703.655	1.0
704.655	1.0
705.655	1.0
706.655	1.0
707.655	1.0
708.655	1.0
709.655	1.0
710.655	1.0
711.655	1.0
712.655	1.0
713.655	1.0
714.655	1.0
715.655	1.0
716.655	1.0
717.655	1.0
718.655	1.0
719.655	1.0
720.655	1.0
721.655	1.0
722.655	1.0
723.655	1.0
724.655	1.0
725.655	1.0
726.655	1.0
727.655	1.0
728.655	1.0
729.655	1.0
730.655	1.0
731.655	1.0
732.655	1.0
733.655	1.0
734.655	1.0
735.655	1.0
736.655	1.0
737.655	1.0
738.655	1.0
739.655	1.0
740.655	1.0
741.655	1.0
742.655	1.0
743.655	1.0
744.655	1.0
745.655	1.0
746.655	1.0
747.655	1.0
748.655	1.0
749.655	1.0
750.655	1.0
751.655	1.0
752.655	1.0
753.655	1.0
754.655	1.0
755.655	1.0
756.655	1.0
757.655	1.0
758.655	1.0
759.655	1.0
760.655	1.0
761.655	1.0
762.655	1.0
763.655	1.0
764.655	1.0
765.655	1.0
766.655	1.0
767.655	1.0
768.655	1.0
769.655	1.0
770.655	1.0
771.655	1.0
772.655	1.0
773.655	1.0
774.655	1.0
775.655	1.0
776.655	1.0
777.655	1.0
778.655	1.0
779.655	1.0
780.655	1.0
781.655	1.0
782.655	1.0
783.655	1.0
784.655	1.0
785.655	1.0
786.655	1.0
787.655	1.0
788.655	1.0
789.655	1.0
790.655	1.0
791.655	1.0
792.655	1.0
793.655	1.0
794.655	1.0
795.655	1.0
796.655	1.0
797.655	1.0
798.655	1.0
799.655	1.0
800.655	1.0
801.655	1.0
802.655	1.0
803.655	1.0
804.655	1.0
805.655	1.0
806.655	1.0
807.655	1.0
808.655	1.0
809.655	1.0
810.655	1.0
811.655	1.0
812.655	1.0
813.655	1.0
814.655	1.0
815.655	1.0
816.655	1.0
817.655	1.0
818.655	1.0
819.655	1.0
820.655	1.0
821.655	1.0
822.655	1.0
823.655	1.0
824.655	1.0
825.655	1.0
826.655	1.0
827.655	1.0
828.655	1.0
829.655	1.0
830.655	1.0
831.655	1.0
832.655	1.0
833.655	1.0
834.655	1.0
835.655	1.0
836.655	1.0
837.655	1.0
838.655	1.0
839.655	1.0
840.655	1.0
841.655	1.0
842.655	1.0
843.655	1.0
844.655	1.0
845.655	1.0
846.655	1.0
847.655	1.0
848.655	1.0
849.655	1.0
850.655	1.0
851.655	1.0
852.655	1.0
853.655	1.0
854.655	1.0
855.655	1.0
856.655	1.0
857.655	1.0
858.655	1.0
859.655	1.0
860.655	1.0
861.655	1.0
862.655	1.0
863.655	1.0
864.655	1.0
865.655	1.0
866.655	1.0
867.655	1.0
868.655	1.0
869.655	1.0
870.655	1.0
871.655	1.0
872.655	1.0
873.655	1.0
874.655	1.0
875.655	1.0
876.655	1.0
877.655	1.0
878.655	1.0
879.655	1.0
880.655	1.0
881.655	1.0
882.655	1.0
883.655	1.0
884.655	1.0
885.655	1.0
886.655	1.0
887.655	1.0
888.655	1.0
889.655	1.0
890.655	1.0
891.655	1.0
892.655	1.0
893.655	1.0
894.655	1.0
895.655	1.0
896.655	1.0
897.655	1.0
898.655	1.0
899.655	1.0
900.655	1.0
901.655	1.0
902.655	1.0
903.655	1.0
904.655	1.0
905.655	1.0
906.655	1.0
907.655	1.0
908.655	1.0
909.655	1.0
910.655	1.0
911.655	1.0
912.655	1.0
913.655	1.0
914.655	1.0
915.655	1.0
916.655	1.0
917.655	1.0
918.655	1.0
919.655	1.0
920.655	1.0
921.655	1.0
922.655	1.0
923.655	1.0
924.655	1.0
925.655	1.0
926.655	1.0
927.655	1.0
928.655	1.0
929.655	1.0
930.655	1.0
931.655	1.0
932.655	1.0
933.655	1.0
934.655	1.0
935.655	1.0
936.655	1.0
937.655	1.0
938.655	1.0
939.655	1.0
940.655	1.0
941.655	1.0
942.655	1.0
943.655	1.0
944.655	1.0
945.655	1.0
946.655	1.0
947.655	1.0
948.655	1.0
949.655	1.0
950.655	1.0
951.655	1.0
952.655	1.0
953.655	1.0
954.655	1.0
955.655	1.0
956.655	1.0
957.655	1.0
958.655	1.0
959.655	1.0
960.655	1.0
961.655	1.0
962.655	1.0
963.655	1.0
964.655	1.0
965.655	1.0
966.655	1.0
967.655	1.0
968.655	1.0
969.655	1.0
970.655	1.0
971.655	1.0
972.655	1.0
973.655	1.0
974.655	1.0
975.655	1.0
976.655	1.0
977.655	1.0
978.655	1.0
979.655	1.0
980.655	1.0
981.655	1.0
982.655	1.0
983.655	1.0
984.655	1.0
985.655	1.0
986.655	1.0
987.655	1.0
988.655	1.0
989.655	1.0
990.655	1.0
991.655	1.0
992.655	1.0
993.655	1.0
994.655	1.0
995.655	1.0
