0.423	0.5441259959100055
1.354	0.5615047786744074
2.29	0.5575366086971134
3.233	0.5655358717539329
4.173	0.559361029427264
5.119	0.5557222534497775
6.0760000000000005	0.5621604120405471
7.037	0.5433284618456917
7.99	0.5454169472595598
8.946	0.5614430963468973
9.894	0.5385592230226746
10.855	0.5318309148697219
11.822000000000001	0.5393184138773909
12.772	0.5051368042980678
13.73	0.5014311579183202
14.685	0.5199943256441102
15.656	0.5455861896511242
16.621	0.5371056239610824
17.592	0.5817623615804495
18.556	0.6131047228647125
19.518	0.6378286825254884
20.478	0.6441162460759439
21.441	0.6757084115074389
22.394000000000002	0.6717046503117434
23.346	0.6082706215486828
24.316	0.6180671957592745
25.284	0.6604926298885045
26.245	0.6909413918503122
27.187	0.5426551291527599
28.146	0.5436613555456629
29.119	0.6199086624115797
30.077	0.5548698469950986
31.043	0.6094485458657132
32.009	0.6445684150074865
32.974000000000004	0.6333366626395389
33.945	0.7061664510889782
34.909	0.5302343185418564
35.892	0.6153257039240436
36.863	0.6237400014331913
37.842	0.4474124997047327
38.825	0.4955563024096608
39.805	0.27110083467893586
40.79	0.26051101255834225
41.778	0.3468333193611533
42.763	0.2286618109550361
43.754	0.4999227261068846
44.738	0.18597772496332776
45.728	0.1932890469994771
46.717	0.09215941902040735
47.705	0.10253038608692601
48.694	0.10207403692132817
49.682	0.10344432708661076
50.671	0.10354551830134223
51.660000000000004	0.10340902969567888
52.649	0.10460246958596965
53.638	0.10408603066060511
54.627	0.10286741429469032
55.616	0.10220453537993376
56.605000000000004	0.10263322290184317
57.594	0.10496818445733995
58.583	0.10590866438582118
59.572	0.10660795705863588
60.561	0.10790054528108727
61.550000000000004	0.10994774979382871
62.539	0.11186872371489709
63.528	0.11291050740197633
64.517	0.11303202796450713
65.507	0.11307069728535225
66.496	0.1145555965240879
67.485	0.11622235277827006
68.47500000000001	0.11684604716163025
69.464	0.11833746680051414
70.45400000000001	0.11843950792791412
71.444	0.11834085264677728
72.434	0.11780920724082344
73.424	0.11827224264000065
74.414	0.11878418073051694
75.404	0.11963041832164686
76.395	0.11621547714491705
77.386	0.11395221080317708
78.378	0.11150849520171505
79.37	0.10960578816715533
80.363	0.11503938977653115
81.35600000000001	0.21028377668593767
82.346	0.2575897507321854
83.34100000000001	0.6082712888640998
84.32600000000001	0.32584904895157846
85.321	0.7277157578892869
86.307	0.3747780216159935
87.297	0.4539169280470003
88.288	0.5626166434940897
89.279	0.4830500629962284
90.27	0.5622731862986986
91.259	0.2854618249264914
92.251	0.7800166039272578
93.236	0.7502121248214294
94.21900000000001	0.5355043149831856
95.203	0.5272293406822136
96.188	0.25332418088987935
97.179	0.38134045654697224
98.17	0.48833491558490544
99.161	0.6852233391047509
100.151	0.6260687575040897
101.135	0.597739007443588
102.124	0.6871008242659978
103.113	0.5087588572340906
104.10300000000001	0.4791487647655916
105.09400000000001	0.5583309886597817
106.08500000000001	0.5884859039563777
107.07600000000001	0.5982033553936726
108.062	0.26449404338520766
109.048	0.33654938642418847
110.032	0.2021750767562852
111.016	0.22153415466563278
111.99900000000001	0.28010772606953105
112.983	0.3505636473598214
113.96600000000001	0.24499665964208936
114.95	0.14809504842049218
115.943	0.2897115524604834
116.934	0.3170477472097382
117.925	0.44561135317477046
118.914	0.5527465955932331
119.898	0.46708961855529857
120.88	0.3528735475369404
121.864	0.3736959671097481
122.848	0.40974155658379224
123.83200000000001	0.48983632387866555
124.819	0.5079503991594396
125.813	0.889291498421998
126.796	0.5978518984733763
127.785	0.5561602012241216
128.776	0.7013591704640129
129.758	0.8025686563008851
130.742	0.7349034303137176
131.728	0.6361151181682176
132.71	0.5417097627618436
133.698	0.4820715076262192
134.684	0.23747018227184924
135.675	0.3240694581545885
136.665	0.6302017061771916
137.651	0.5623735223258925
138.644	0.8759445184662968
139.625	0.7294669749411348
140.609	0.32652018595934046
141.596	0.38537057108691253
142.59	0.9133675178955518
143.572	0.7194570360208979
144.556	0.7106613933462151
145.546	0.8269177428010966
146.534	0.7884934706289998
147.52	0.8313165309422496
148.506	0.29887348607779646
149.496	0.2695340643260954
150.483	0.2501626192464932
151.476	0.5137315335097966
152.46	0.19275736777938035
153.446	0.27368579101943935
154.439	0.5156821304680332
155.423	0.24206220244553428
156.41	0.18285517170213023
157.403	0.5527881490226466
158.388	0.6259078480612239
159.375	0.3992559509570042
160.365	0.47814826227481055
161.353	0.5781942025901289
162.346	0.6347762355951858
163.332	0.6651854664959168
164.322	0.6740870862481987
165.30700000000002	0.4897596476740816
166.297	0.5283431845656936
167.287	0.6261266739918295
168.274	0.41814605954399364
169.266	0.6927904805341989
170.252	0.5478898367152516
171.239	0.4810791041629174
172.229	0.44083201228649654
173.22	0.6674971261360787
174.21200000000002	0.7769154864430512
175.203	0.5791497918648997
176.19400000000002	0.6971133749854256
177.184	0.4296279613489986
178.174	0.3112031523595994
179.16400000000002	0.30233022990211716
180.154	0.26419958716782405
181.141	0.13638932526218328
182.132	0.1643864892504783
183.119	0.1368539754108201
184.11	0.16536599205656632
185.101	0.2135830752706801
186.088	0.09831206258994722
187.078	0.3328667759419018
188.068	0.5377121927291697
189.049	0.5420825559632187
190.036	0.2850613370492774
191.02100000000002	0.5611142055407706
192.01	0.6097658423257368
193.0	0.866978665091392
193.985	0.2655404695863924
194.975	0.36411507484228245
195.967	0.5891836542575917
196.957	0.5803053330262936
197.947	0.49129565983979956
198.937	0.5504723646176967
199.937	0.9186086865600831
200.918	0.7662813184950968
201.903	0.6302195113369556
202.893	0.8075494388156548
203.883	0.7676091241941917
204.874	0.8448089411043997
205.86	0.6464667353849908
206.845	0.5600149328136456
207.835	0.6176984083851917
208.824	0.5792432455488976
209.815	0.7672516525589198
210.806	0.8262064185486987
211.79500000000002	0.6585747768901998
212.781	0.10814904588080293
213.77100000000002	0.137906772128901
214.76	0.157881577283181
215.75	0.11975182834326879
216.739	0.15853178652679376
217.729	0.11040076445154767
218.722	0.1373086810694823
219.711	0.24467460059433324
220.70000000000002	0.21443356519397191
221.689	0.19472583182947456
222.678	0.1856998990136082
223.667	0.29302130559334333
224.653	0.21672023102997098
225.644	0.2043967977614102
226.63400000000001	0.23183332422281808
227.62300000000002	0.23231472544288306
228.612	0.8210924219977929
229.597	0.5826531248268209
230.58100000000002	0.8318266287277557
231.57	0.7230157535240959
232.558	0.18023112539639233
233.549	0.18880600371498837
234.53900000000002	0.3555734810679522
235.528	0.3747167206952696
236.51500000000001	0.3370828082487129
237.506	0.28818476846407737
238.497	0.37609618544797746
239.488	0.5231677476460936
240.478	0.4336581023264955
241.467	0.17793794967367624
242.457	0.3045158441510314
243.445	0.20834933495268834
244.435	0.15707186299831713
245.42600000000002	0.1353484212683973
246.417	0.2628973445460954
247.404	0.1280919050368512
248.394	0.10760917072713592
249.38500000000002	0.09794778609378926
250.376	0.16509728280853803
251.366	0.17480161805685526
252.357	0.1445365975454923
253.347	0.08668669789130379
254.33700000000002	0.08757826503344113
255.329	0.09630017696725618
256.321	0.21388031055786325
257.312	0.21441834515858538
258.30400000000003	0.3530830092794714
259.296	0.5602636095876146
260.285	0.3608801375341826
261.275	0.2516591498267593
262.267	0.5571197576876977
263.257	0.6237367844661916
264.247	0.4946589670556856
265.238	0.7614287399887998
266.229	0.8896031436937758
267.22	0.9474837231960959
268.205	0.3571322216092995
269.199	0.9287508997055448
270.188	0.8600239106488979
271.176	0.6727526933282937
272.166	0.48443927636919865
273.156	0.4358897381123775
274.147	0.6329804976053767
275.139	0.9506802714079938
276.136	0.6119889598293987
277.134	0.9216332
278.133	0.25207356526999936
279.132	0.25225880604999945
280.132	0.90068062478
281.132	0.99022244351
282.132	1.0
283.132	1.0
284.132	1.0
285.132	1.0
286.132	1.0
287.132	1.0
288.132	1.0
289.132	1.0
290.132	1.0
291.132	1.0
292.132	1.0
293.132	1.0
294.132	1.0
295.132	1.0
296.132	1.0
297.132	1.0
298.132	1.0
299.132	1.0
300.132	1.0
301.132	1.0
302.132	1.0
303.132	1.0
304.132	1.0
305.132	1.0
306.132	1.0
307.132	1.0
308.132	1.0
309.132	1.0
310.132	1.0
311.132	1.0
312.132	1.0
313.132	1.0
314.132	1.0
315.132	1.0
316.132	1.0
317.132	1.0
318.132	1.0
319.132	1.0
320.132	1.0
321.132	1.0
322.132	1.0
323.132	1.0
324.132	1.0
325.132	1.0
326.132	1.0
327.132	1.0
328.132	1.0
329.132	1.0
330.132	1.0
331.132	1.0
332.132	1.0
333.132	1.0
334.132	1.0
335.132	1.0
336.132	1.0
337.132	1.0
338.132	1.0
339.132	1.0
340.132	1.0
341.132	1.0
342.132	1.0
343.132	1.0
344.132	1.0
345.132	1.0
346.132	1.0
347.132	1.0
348.132	1.0
349.132	1.0
350.132	1.0
351.132	1.0
352.132	1.0
353.132	1.0
354.132	1.0
355.132	1.0
356.132	1.0
357.132	1.0
358.132	1.0
359.132	1.0
360.132	1.0
361.132	1.0
362.132	1.0
363.132	1.0
364.132	1.0
365.132	1.0
366.132	1.0
367.132	1.0
368.132	1.0
369.132	1.0
370.132	1.0
371.132	1.0
372.132	1.0
373.132	1.0
374.132	1.0
375.132	1.0
376.132	1.0
377.132	1.0
378.132	1.0
379.132	1.0
380.132	1.0
381.132	1.0
382.132	1.0
383.132	1.0
384.132	1.0
385.132	1.0
386.132	1.0
387.132	1.0
388.132	1.0
389.132	1.0
390.132	1.0
391.132	1.0
392.132	1.0
393.132	1.0
394.132	1.0
395.132	1.0
396.132	1.0
397.132	1.0
398.132	1.0
399.132	1.0
400.132	1.0
401.132	1.0
402.132	1.0
403.132	1.0
404.132	1.0
405.132	1.0
406.132	1.0
407.132	1.0
408.132	1.0
409.132	1.0
410.132	1.0
411.132	1.0
412.132	1.0
413.132	1.0
414.132	1.0
415.132	1.0
416.132	1.0
417.132	1.0
418.132	1.0
419.132	1.0
420.132	1.0
421.132	1.0
422.132	1.0
423.132	1.0
424.132	1.0
425.132	1.0
426.132	1.0
427.132	1.0
428.132	1.0
429.132	1.0
430.132	1.0
431.132	1.0
432.132	1.0
433.132	1.0
434.132	1.0
435.132	1.0
436.132	1.0
437.132	1.0
438.132	1.0
439.132	1.0
440.132	1.0
441.132	1.0
442.132	1.0
443.132	1.0
444.132	1.0
445.132	1.0
446.132	1.0
447.132	1.0
448.132	1.0
449.132	1.0
450.132	1.0
451.132	1.0
452.132	1.0
453.132	1.0
454.132	1.0
455.132	1.0
456.132	1.0
457.132	1.0
458.132	1.0
459.132	1.0
460.132	1.0
461.132	1.0
462.132	1.0
463.132	1.0
464.132	1.0
465.132	1.0
466.132	1.0
467.132	1.0
468.132	1.0
469.132	1.0
470.132	1.0
471.132	1.0
472.132	1.0
473.132	1.0
474.132	1.0
475.132	1.0
476.132	1.0
477.132	1.0
478.132	1.0
479.132	1.0
480.132	1.0
481.132	1.0
482.132	1.0
483.132	1.0
484.132	1.0
485.132	1.0
486.132	1.0
487.132	1.0
488.132	1.0
489.132	1.0
490.132	1.0
491.132	1.0
492.132	1.0
493.132	1.0
494.132	1.0
495.132	1.0
496.132	1.0
497.132	1.0
498.132	1.0
499.132	1.0
500.132	1.0
501.132	1.0
502.132	1.0
503.132	1.0
504.132	1.0
505.132	1.0
506.132	1.0
507.132	1.0
508.132	1.0
509.132	1.0
510.132	1.0
511.132	1.0
512.1320000000001	1.0
513.1320000000001	1.0
514.1320000000001	1.0
515.1320000000001	1.0
516.1320000000001	1.0
517.1320000000001	1.0
518.1320000000001	1.0
519.1320000000001	1.0
520.1320000000001	1.0
521.1320000000001	1.0
522.1320000000001	1.0
523.1320000000001	1.0
524.1320000000001	1.0
525.1320000000001	1.0
526.1320000000001	1.0
527.1320000000001	1.0
528.1320000000001	1.0
529.1320000000001	1.0
530.1320000000001	1.0
531.1320000000001	1.0
532.1320000000001	1.0
533.1320000000001	1.0
534.1320000000001	1.0
535.1320000000001	1.0
536.1320000000001	1.0
537.1320000000001	1.0
538.1320000000001	1.0
539.1320000000001	1.0
540.1320000000001	1.0
541.1320000000001	1.0
542.1320000000001	1.0
543.1320000000001	1.0
544.1320000000001	1.0
545.1320000000001	1.0
546.1320000000001	1.0
547.1320000000001	1.0
548.1320000000001	1.0
549.1320000000001	1.0
550.1320000000001	1.0
551.1320000000001	1.0
552.1320000000001	1.0
553.1320000000001	1.0
554.1320000000001	1.0
555.1320000000001	1.0
556.1320000000001	1.0
557.1320000000001	1.0
558.1320000000001	1.0
559.1320000000001	1.0
560.1320000000001	1.0
561.1320000000001	1.0
562.1320000000001	1.0
563.1320000000001	1.0
564.1320000000001	1.0
565.1320000000001	1.0
566.1320000000001	1.0
567.1320000000001	1.0
568.1320000000001	1.0
569.1320000000001	1.0
570.1320000000001	1.0
571.1320000000001	1.0
572.1320000000001	1.0
573.1320000000001	1.0
574.1320000000001	1.0
575.1320000000001	1.0
576.1320000000001	1.0
577.1320000000001	1.0
578.1320000000001	1.0
579.1320000000001	1.0
580.1320000000001	1.0
581.1320000000001	1.0
582.1320000000001	1.0
583.1320000000001	1.0
584.1320000000001	1.0
585.1320000000001	1.0
586.1320000000001	1.0
587.1320000000001	1.0
588.1320000000001	1.0
589.1320000000001	1.0
590.1320000000001	1.0
591.1320000000001	1.0
592.1320000000001	1.0
593.1320000000001	1.0
594.1320000000001	1.0
595.1320000000001	1.0
596.1320000000001	1.0
597.1320000000001	1.0
598.1320000000001	1.0
599.1320000000001	1.0
600.1320000000001	1.0
601.1320000000001	1.0
602.1320000000001	1.0
603.1320000000001	1.0
604.1320000000001	1.0
605.1320000000001	1.0
606.1320000000001	1.0
607.1320000000001	1.0
608.1320000000001	1.0
609.1320000000001	1.0
610.1320000000001	1.0
611.1320000000001	1.0
612.1320000000001	1.0
613.1320000000001	1.0
614.1320000000001	1.0
615.1320000000001	1.0
616.1320000000001	1.0
617.1320000000001	1.0
618.1320000000001	1.0
619.1320000000001	1.0
620.1320000000001	1.0
621.1320000000001	1.0
622.1320000000001	1.0
623.1320000000001	1.0
624.1320000000001	1.0
625.1320000000001	1.0
626.1320000000001	1.0
627.1320000000001	1.0
628.1320000000001	1.0
629.1320000000001	1.0
630.1320000000001	1.0
631.1320000000001	1.0
632.1320000000001	1.0
633.1320000000001	1.0
634.1320000000001	1.0
635.1320000000001	1.0
636.1320000000001	1.0
637.1320000000001	1.0
638.1320000000001	1.0
639.1320000000001	1.0
640.1320000000001	1.0
641.1320000000001	1.0
642.1320000000001	1.0
643.1320000000001	1.0
644.1320000000001	1.0
645.1320000000001	1.0
646.1320000000001	1.0
647.1320000000001	1.0
648.1320000000001	1.0
649.1320000000001	1.0
650.1320000000001	1.0
651.1320000000001	1.0
652.1320000000001	1.0
653.1320000000001	1.0
654.1320000000001	1.0
655.1320000000001	1.0
656.1320000000001	1.0
657.1320000000001	1.0
658.1320000000001	1.0
659.1320000000001	1.0
660.1320000000001	1.0
661.1320000000001	1.0
662.1320000000001	1.0
663.1320000000001	1.0
664.1320000000001	1.0
665.1320000000001	1.0
666.1320000000001	1.0
667.1320000000001	1.0
668.1320000000001	1.0
669.1320000000001	1.0
670.1320000000001	1.0
671.1320000000001	1.0
672.1320000000001	1.0
673.1320000000001	1.0
674.1320000000001	1.0
675.1320000000001	1.0
676.1320000000001	1.0
677.1320000000001	1.0
678.1320000000001	1.0
679.1320000000001	1.0
680.1320000000001	1.0
681.1320000000001	1.0
682.1320000000001	1.0
683.1320000000001	1.0
684.1320000000001	1.0
685.1320000000001	1.0
686.1320000000001	1.0
687.1320000000001	1.0
688.1320000000001	1.0
689.1320000000001	1.0
690.1320000000001	1.0
691.1320000000001	1.0
692.1320000000001	1.0
693.1320000000001	1.0
694.1320000000001	1.0
695.1320000000001	1.0
696.1320000000001	1.0
697.1320000000001	1.0
698.1320000000001	1.0
699.1320000000001	1.0
700.1320000000001	1.0
701.1320000000001	1.0
702.1320000000001	1.0
703.1320000000001	1.0
704.1320000000001	1.0
705.1320000000001	1.0
706.1320000000001	1.0
707.1320000000001	1.0
708.1320000000001	1.0
709.1320000000001	1.0
710.1320000000001	1.0
711.1320000000001	1.0
712.1320000000001	1.0
713.1320000000001	1.0
714.1320000000001	1.0
715.1320000000001	1.0
716.1320000000001	1.0
717.1320000000001	1.0
718.1320000000001	1.0
719.1320000000001	1.0
720.1320000000001	1.0
721.1320000000001	1.0
722.1320000000001	1.0
723.1320000000001	1.0
724.1320000000001	1.0
725.1320000000001	1.0
726.1320000000001	1.0
727.1320000000001	1.0
728.1320000000001	1.0
729.1320000000001	1.0
730.1320000000001	1.0
731.1320000000001	1.0
732.1320000000001	1.0
733.1320000000001	1.0
734.1320000000001	1.0
735.1320000000001	1.0
736.1320000000001	1.0
737.1320000000001	1.0
738.1320000000001	1.0
739.1320000000001	1.0
740.1320000000001	1.0
741.1320000000001	1.0
742.1320000000001	1.0
743.1320000000001	1.0
744.1320000000001	1.0
745.1320000000001	1.0
746.1320000000001	1.0
747.1320000000001	1.0
748.1320000000001	1.0
749.1320000000001	1.0
750.1320000000001	1.0
751.1320000000001	1.0
752.1320000000001	1.0
753.1320000000001	1.0
754.1320000000001	1.0
755.1320000000001	1.0
756.1320000000001	1.0
757.1320000000001	1.0
758.1320000000001	1.0
759.1320000000001	1.0
760.1320000000001	1.0
761.1320000000001	1.0
762.1320000000001	1.0
763.1320000000001	1.0
764.1320000000001	1.0
765.1320000000001	1.0
766.1320000000001	1.0
767.1320000000001	1.0
768.1320000000001	1.0
769.1320000000001	1.0
770.1320000000001	1.0
771.1320000000001	1.0
772.1320000000001	1.0
773.1320000000001	1.0
774.1320000000001	1.0
775.1320000000001	1.0
776.1320000000001	1.0
777.1320000000001	1.0
778.1320000000001	1.0
779.1320000000001	1.0
780.1320000000001	1.0
781.1320000000001	1.0
782.1320000000001	1.0
783.1320000000001	1.0
784.1320000000001	1.0
785.1320000000001	1.0
786.1320000000001	1.0
787.1320000000001	1.0
788.1320000000001	1.0
789.1320000000001	1.0
790.1320000000001	1.0
791.1320000000001	1.0
792.1320000000001	1.0
793.1320000000001	1.0
794.1320000000001	1.0
795.1320000000001	1.0
796.1320000000001	1.0
797.1320000000001	1.0
798.1320000000001	1.0
799.1320000000001	1.0
800.1320000000001	1.0
801.1320000000001	1.0
802.1320000000001	1.0
803.1320000000001	1.0
804.1320000000001	1.0
805.1320000000001	1.0
806.1320000000001	1.0
807.1320000000001	1.0
808.1320000000001	1.0
809.1320000000001	1.0
810.1320000000001	1.0
811.1320000000001	1.0
812.1320000000001	1.0
813.1320000000001	1.0
814.1320000000001	1.0
815.1320000000001	1.0
816.1320000000001	1.0
817.1320000000001	1.0
818.1320000000001	1.0
819.1320000000001	1.0
820.1320000000001	1.0
821.1320000000001	1.0
822.1320000000001	1.0
823.1320000000001	1.0
824.1320000000001	1.0
825.1320000000001	1.0
826.1320000000001	1.0
827.1320000000001	1.0
828.1320000000001	1.0
829.1320000000001	1.0
830.1320000000001	1.0
831.1320000000001	1.0
832.1320000000001	1.0
833.1320000000001	1.0
834.1320000000001	1.0
835.1320000000001	1.0
836.1320000000001	1.0
837.1320000000001	1.0
838.1320000000001	1.0
839.1320000000001	1.0
840.1320000000001	1.0
841.1320000000001	1.0
842.1320000000001	1.0
843.1320000000001	1.0
844.1320000000001	1.0
845.1320000000001	1.0
846.1320000000001	1.0
847.1320000000001	1.0
848.1320000000001	1.0
849.1320000000001	1.0
850.1320000000001	1.0
851.1320000000001	1.0
852.1320000000001	1.0
853.1320000000001	1.0
854.1320000000001	1.0
855.1320000000001	1.0
856.1320000000001	1.0
857.1320000000001	1.0
858.1320000000001	1.0
859.1320000000001	1.0
860.1320000000001	1.0
861.1320000000001	1.0
862.1320000000001	1.0
863.1320000000001	1.0
864.1320000000001	1.0
865.1320000000001	1.0
866.1320000000001	1.0
867.1320000000001	1.0
868.1320000000001	1.0
869.1320000000001	1.0
870.1320000000001	1.0
871.1320000000001	1.0
872.1320000000001	1.0
873.1320000000001	1.0
874.1320000000001	1.0
875.1320000000001	1.0
876.1320000000001	1.0
877.1320000000001	1.0
878.1320000000001	1.0
879.1320000000001	1.0
880.1320000000001	1.0
881.1320000000001	1.0
882.1320000000001	1.0
883.1320000000001	1.0
884.1320000000001	1.0
885.1320000000001	1.0
886.1320000000001	1.0
887.1320000000001	1.0
888.1320000000001	1.0
889.1320000000001	1.0
890.1320000000001	1.0
891.1320000000001	1.0
892.1320000000001	1.0
893.1320000000001	1.0
894.1320000000001	1.0
895.1320000000001	1.0
896.1320000000001	1.0
897.1320000000001	1.0
898.1320000000001	1.0
899.1320000000001	1.0
900.1320000000001	1.0
901.1320000000001	1.0
902.1320000000001	1.0
903.1320000000001	1.0
904.1320000000001	1.0
905.1320000000001	1.0
906.1320000000001	1.0
907.1320000000001	1.0
908.1320000000001	1.0
909.1320000000001	1.0
910.1320000000001	1.0
911.1320000000001	1.0
912.1320000000001	1.0
913.1320000000001	1.0
914.1320000000001	1.0
915.1320000000001	1.0
916.1320000000001	1.0
917.1320000000001	1.0
918.1320000000001	1.0
919.1320000000001	1.0
920.1320000000001	1.0
921.1320000000001	1.0
922.1320000000001	1.0
923.1320000000001	1.0
924.1320000000001	1.0
925.1320000000001	1.0
926.1320000000001	1.0
927.1320000000001	1.0
928.1320000000001	1.0
929.1320000000001	1.0
930.1320000000001	1.0
931.1320000000001	1.0
932.1320000000001	1.0
933.1320000000001	1.0
934.1320000000001	1.0
935.1320000000001	1.0
936.1320000000001	1.0
937.1320000000001	1.0
938.1320000000001	1.0
939.1320000000001	1.0
940.1320000000001	1.0
941.1320000000001	1.0
942.1320000000001	1.0
943.1320000000001	1.0
944.1320000000001	1.0
945.1320000000001	1.0
946.1320000000001	1.0
947.1320000000001	1.0
948.1320000000001	1.0
949.1320000000001	1.0
950.1320000000001	1.0
951.1320000000001	1.0
952.1320000000001	1.0
953.1320000000001	1.0
954.1320000000001	1.0
955.1320000000001	1.0
956.1320000000001	1.0
957.1320000000001	1.0
958.1320000000001	1.0
959.1320000000001	1.0
960.1320000000001	1.0
961.1320000000001	1.0
962.1320000000001	1.0
963.1320000000001	1.0
964.1320000000001	1.0
965.1320000000001	1.0
966.1320000000001	1.0
967.1320000000001	1.0
968.1320000000001	1.0
969.1320000000001	1.0
970.1320000000001	1.0
971.1320000000001	1.0
972.1320000000001	1.0
973.1320000000001	1.0
974.1320000000001	1.0
975.1320000000001	1.0
976.1320000000001	1.0
977.1320000000001	1.0
978.1320000000001	1.0
979.1320000000001	1.0
980.1320000000001	1.0
981.1320000000001	1.0
982.1320000000001	1.0
983.1320000000001	1.0
984.1320000000001	1.0
985.1320000000001	1.0
986.1320000000001	1.0
987.1320000000001	1.0
988.1320000000001	1.0
989.1320000000001	1.0
990.1320000000001	1.0
991.1320000000001	1.0
992.1320000000001	1.0
993.1320000000001	1.0
994.1320000000001	1.0
995.1320000000001	1.0
