0.605	0.5304832963866648
1.569	0.5277235454450455
2.535	0.5156590126300697
3.5020000000000002	0.5132412182181961
4.4750000000000005	0.49916985474832104
5.439	0.4905436573175991
6.407	0.4610276385389718
7.377	0.4466180921576033
8.343	0.43816508350440886
9.309000000000001	0.4420650366336342
10.28	0.41150309055770845
11.26	0.3982235527326654
12.233	0.3980923665589001
13.214	0.3864233479189157
14.198	0.41033205021526115
15.178	0.42550996314558914
16.154	0.45564538529142773
17.13	0.6050569805130697
18.1	0.6335119498894133
19.06	0.6441840684276712
20.036	0.6875003525741995
20.998	0.6885379544091808
21.953	0.6948329791985391
22.916	0.7126529619950657
23.879	0.7247816986799461
24.832	0.6698819732262501
25.804000000000002	0.6830236955654857
26.767	0.6849776217034076
27.731	0.6953425253519757
28.694	0.7168547863936737
29.669	0.6996040921196334
30.643	0.7305395244004412
31.608	0.6738216238268211
32.583	0.6964124480328003
33.558	0.7186578789484784
34.524	0.7339402850989716
35.488	0.7481087235798891
36.445	0.7304052762488175
37.401	0.6951970131182378
38.36	0.7024906860453543
39.314	0.6947998940374877
40.271	0.6274205636052438
41.234	0.6308259915654989
42.206	0.6095865716305551
43.178000000000004	0.6550983022288283
44.141	0.6869170499438652
45.095	0.6779253142391641
46.058	0.6634077781238232
47.03	0.7316915755165343
47.992000000000004	0.7281257775688271
48.959	0.6422411438628128
49.934	0.735018261022083
50.917	0.7916937455124854
51.9	0.8357214414919762
52.844	0.8212068511561366
53.808	0.830199192864906
54.772	0.7904339966799657
55.735	0.7876849724494644
56.698	0.7577619414036707
57.661	0.688765328172033
58.641	0.7736300428822251
59.616	0.8132628248775857
60.589	0.8452235505607508
61.557	0.7957173575032321
62.522	0.7765999443860541
63.502	0.767402223279447
64.474	0.6742892406008838
65.45400000000001	0.7024716663989061
66.427	0.6092330956846284
67.409	0.7743910076565957
68.391	0.8306944232966421
69.373	0.8178410778271915
70.355	0.8755256225951128
71.32600000000001	0.7537789246519564
72.304	0.7829785102738682
73.276	0.6708359184598397
74.252	0.7689597731650742
75.224	0.634923152655571
76.199	0.6456226543004524
77.171	0.48374514577744177
78.143	0.4300965203232419
79.121	0.5290545485639558
80.10300000000001	0.7126524708724317
81.084	0.8002736707782573
82.06400000000001	0.7934342972479557
83.044	0.8630480542722435
84.021	0.7285085361449647
85.003	0.5439308397211585
85.995	0.8762755256470939
86.976	0.3459868881138935
87.96600000000001	0.5421880852471667
88.95700000000001	0.8354912892943958
89.94	0.5027991662401198
90.931	0.6309723244187527
91.921	0.8577321929877538
92.912	0.9354147791724193
93.899	0.7771366291719878
94.881	0.6716274946461637
95.872	0.9065410637201768
96.85600000000001	0.6412843664903777
97.84100000000001	0.2776237202344644
98.83200000000001	0.6815362878111226
99.83200000000001	0.9379580677003796
100.809	0.7686644780857708
101.793	0.6714031854065887
102.78	0.6530479325136516
103.77	0.7302292863461888
104.756	0.5830671524339817
105.74000000000001	0.43641304701765615
106.723	0.37746523850785046
107.711	0.5647093460491998
108.702	0.8386881913475898
109.683	0.7423514869554918
110.671	0.7039193355729174
111.661	0.8585452850666635
112.642	0.8503552208497355
113.632	0.9169759912721961
114.613	0.7041971323180986
115.604	0.8323927945560529
116.595	0.9115503853279389
117.58200000000001	0.7763641463008359
118.57300000000001	0.8754708822284989
119.562	0.6477796436390988
120.553	0.5303155774164976
121.552	0.900712676709677
122.543	0.8820337639621869
123.526	0.3232327747618684
124.523	0.8047384276543452
125.514	0.7157957988497996
126.5	0.43340617190525443
127.49000000000001	0.3351395201972175
128.481	0.41385000209884865
129.472	0.42400273211784467
130.464	0.7115350890253603
131.455	0.7616684624014765
132.446	0.7817648689011056
133.437	0.7722434971414678
134.428	0.7829779094428811
135.418	0.7622759067170969
136.407	0.7404845219370898
137.397	0.7497795009600651
138.388	0.917465815061698
139.379	0.9363538165430859
140.37	0.9051947895935125
141.351	0.40688759446478856
142.346	0.8481670378816659
143.332	0.8316273390346959
144.323	0.8888056067474678
145.315	0.9286945353323499
146.31	0.9690978150431809
147.302	0.7027918277296997
148.299	0.7310926127896998
149.297	0.9593741714576877
150.296	0.97749042354017
151.296	0.9748177886831
152.296	0.9722218129002107
153.296	0.9698879722183221
154.296	0.9675541315364339
155.296	0.9651997868445453
156.296	0.962845442152657
157.287	0.9161876666496395
158.278	0.860120672056287
159.273	0.41261956434698754
160.273	0.6787663447549818
161.273	0.945325410138938
162.27	0.8156822013898
163.27	0.9628818768821836
164.261	0.9485876881895189
165.251	0.9328533905307705
166.242	0.8963999054877863
167.242	0.9634872352790247
168.233	0.8064583009739471
169.224	0.8089355361755522
170.215	0.8112583462871577
171.214	0.4587977563288995
172.214	0.9446116071959131
173.214	0.9829634054720852
174.195	0.9646184171815922
175.186	0.9465813987811876
176.177	0.9396007443196627
177.17600000000002	0.9786091051198749
178.17600000000002	0.9873831292605969
179.17600000000002	0.986239016560354
180.167	0.8392346874444873
181.167	0.9864878312551143
182.15800000000002	0.8393667744273917
183.15800000000002	0.9866203057132771
184.149	0.8394784594102959
185.149	0.98674257917144
186.149	0.9855012592558492
187.14000000000001	0.8385007414615829
188.14000000000001	0.9857330957969513
189.131	0.9812501530157376
190.122	0.98277810283918
191.111	0.7906405197139259
192.108	0.960674416458353
193.108	0.9895336825282253
194.108	0.9886245499912141
195.108	0.9877272070777
196.09900000000002	0.8407977632535306
197.09900000000002	0.988391646470218
198.09900000000002	0.9874211770777
199.09	0.8404917332535307
200.09	0.9882018040578742
201.08100000000002	0.8413962091751479
202.08100000000002	0.9892824173486886
203.08100000000002	0.9885782402931302
204.072	0.841792470123861
205.072	0.989700242723177
206.072	0.9889961362066441
207.072	0.9883265005976347
208.06300000000002	0.980015016095669
209.059	0.7220657914583978
210.059	0.9904480552660653
211.059	0.9900001844220742
212.059	0.9895786581175696
213.059	0.9879322498989832
214.05	0.9709017972657125
215.049	0.9408981999999999
216.049	0.990666085
217.049	0.990482467
218.049	0.990298849
219.049	0.99010503
220.049	1.0
221.049	1.0
222.049	1.0
223.049	1.0
224.049	1.0
225.049	1.0
226.049	1.0
227.049	1.0
228.049	1.0
229.049	1.0
230.049	1.0
231.049	1.0
232.049	1.0
233.049	1.0
234.049	1.0
235.049	1.0
236.049	1.0
237.049	1.0
238.049	1.0
239.049	1.0
240.049	1.0
241.049	1.0
242.049	1.0
243.049	1.0
244.049	1.0
245.049	1.0
246.049	1.0
247.049	1.0
248.049	1.0
249.049	1.0
250.049	1.0
251.049	1.0
252.049	1.0
253.049	1.0
254.049	1.0
255.049	1.0
256.049	1.0
257.049	1.0
258.049	1.0
259.049	1.0
260.049	1.0
261.049	1.0
262.049	1.0
263.049	1.0
264.049	1.0
265.049	1.0
266.049	1.0
267.049	1.0
268.049	1.0
269.049	1.0
270.049	1.0
271.049	1.0
272.049	1.0
273.049	1.0
274.049	1.0
275.049	1.0
276.049	1.0
277.049	1.0
278.049	1.0
279.049	1.0
280.049	1.0
281.049	1.0
282.049	1.0
283.049	1.0
284.049	1.0
285.049	1.0
286.049	1.0
287.049	1.0
288.049	1.0
289.049	1.0
290.049	1.0
291.049	1.0
292.049	1.0
293.049	1.0
294.049	1.0
295.049	1.0
296.049	1.0
297.049	1.0
298.049	1.0
299.049	1.0
300.049	1.0
301.049	1.0
302.049	1.0
303.049	1.0
304.049	1.0
305.049	1.0
306.049	1.0
307.049	1.0
308.049	1.0
309.049	1.0
310.049	1.0
311.049	1.0
312.049	1.0
313.049	1.0
314.049	1.0
315.049	1.0
316.049	1.0
317.04900000000004	1.0
318.04900000000004	1.0
319.04900000000004	1.0
320.04900000000004	1.0
321.04900000000004	1.0
322.04900000000004	1.0
323.04900000000004	1.0
324.04900000000004	1.0
325.04900000000004	1.0
326.04900000000004	1.0
327.04900000000004	1.0
328.04900000000004	1.0
329.04900000000004	1.0
330.04900000000004	1.0
331.04900000000004	1.0
332.04900000000004	1.0
333.04900000000004	1.0
334.04900000000004	1.0
335.04900000000004	1.0
336.04900000000004	1.0
337.04900000000004	1.0
338.04900000000004	1.0
339.04900000000004	1.0
340.04900000000004	1.0
341.04900000000004	1.0
342.04900000000004	1.0
343.04900000000004	1.0
344.04900000000004	1.0
345.04900000000004	1.0
346.04900000000004	1.0
347.04900000000004	1.0
348.04900000000004	1.0
349.04900000000004	1.0
350.04900000000004	1.0
351.04900000000004	1.0
352.04900000000004	1.0
353.04900000000004	1.0
354.04900000000004	1.0
355.04900000000004	1.0
356.04900000000004	1.0
357.04900000000004	1.0
358.04900000000004	1.0
359.04900000000004	1.0
360.04900000000004	1.0
361.04900000000004	1.0
362.04900000000004	1.0
363.04900000000004	1.0
364.04900000000004	1.0
365.04900000000004	1.0
366.04900000000004	1.0
367.04900000000004	1.0
368.04900000000004	1.0
369.04900000000004	1.0
370.04900000000004	1.0
371.04900000000004	1.0
372.04900000000004	1.0
373.04900000000004	1.0
374.04900000000004	1.0
375.04900000000004	1.0
376.04900000000004	1.0
377.04900000000004	1.0
378.04900000000004	1.0
379.04900000000004	1.0
380.04900000000004	1.0
381.04900000000004	1.0
382.04900000000004	1.0
383.04900000000004	1.0
384.04900000000004	1.0
385.04900000000004	1.0
386.04900000000004	1.0
387.04900000000004	1.0
388.04900000000004	1.0
389.04900000000004	1.0
390.04900000000004	1.0
391.04900000000004	1.0
392.04900000000004	1.0
393.04900000000004	1.0
394.04900000000004	1.0
395.04900000000004	1.0
396.04900000000004	1.0
397.04900000000004	1.0
398.04900000000004	1.0
399.04900000000004	1.0
400.04900000000004	1.0
401.04900000000004	1.0
402.04900000000004	1.0
403.04900000000004	1.0
404.04900000000004	1.0
405.04900000000004	1.0
406.04900000000004	1.0
407.04900000000004	1.0
408.04900000000004	1.0
409.04900000000004	1.0
410.04900000000004	1.0
411.04900000000004	1.0
412.04900000000004	1.0
413.04900000000004	1.0
414.04900000000004	1.0
415.04900000000004	1.0
416.04900000000004	1.0
417.04900000000004	1.0
418.04900000000004	1.0
419.04900000000004	1.0
420.04900000000004	1.0
421.04900000000004	1.0
422.04900000000004	1.0
423.04900000000004	1.0
424.04900000000004	1.0
425.04900000000004	1.0
426.04900000000004	1.0
427.04900000000004	1.0
428.04900000000004	1.0
429.04900000000004	1.0
430.04900000000004	1.0
431.04900000000004	1.0
432.04900000000004	1.0
433.04900000000004	1.0
434.04900000000004	1.0
435.04900000000004	1.0
436.04900000000004	1.0
437.04900000000004	1.0
438.04900000000004	1.0
439.04900000000004	1.0
440.04900000000004	1.0
441.04900000000004	1.0
442.04900000000004	1.0
443.04900000000004	1.0
444.04900000000004	1.0
445.04900000000004	1.0
446.04900000000004	1.0
447.04900000000004	1.0
448.04900000000004	1.0
449.04900000000004	1.0
450.04900000000004	1.0
451.04900000000004	1.0
452.04900000000004	1.0
453.04900000000004	1.0
454.04900000000004	1.0
455.04900000000004	1.0
456.04900000000004	1.0
457.04900000000004	1.0
458.04900000000004	1.0
459.04900000000004	1.0
460.04900000000004	1.0
461.04900000000004	1.0
462.04900000000004	1.0
463.04900000000004	1.0
464.04900000000004	1.0
465.04900000000004	1.0
466.04900000000004	1.0
467.04900000000004	1.0
468.04900000000004	1.0
469.04900000000004	1.0
470.04900000000004	1.0
471.04900000000004	1.0
472.04900000000004	1.0
473.04900000000004	1.0
474.04900000000004	1.0
475.04900000000004	1.0
476.04900000000004	1.0
477.04900000000004	1.0
478.04900000000004	1.0
479.04900000000004	1.0
480.04900000000004	1.0
481.04900000000004	1.0
482.04900000000004	1.0
483.04900000000004	1.0
484.04900000000004	1.0
485.04900000000004	1.0
486.04900000000004	1.0
487.04900000000004	1.0
488.04900000000004	1.0
489.04900000000004	1.0
490.04900000000004	1.0
491.04900000000004	1.0
492.04900000000004	1.0
493.04900000000004	1.0
494.04900000000004	1.0
495.04900000000004	1.0
496.04900000000004	1.0
497.04900000000004	1.0
498.04900000000004	1.0
499.04900000000004	1.0
500.04900000000004	1.0
501.04900000000004	1.0
502.04900000000004	1.0
503.04900000000004	1.0
504.04900000000004	1.0
505.04900000000004	1.0
506.04900000000004	1.0
507.04900000000004	1.0
508.04900000000004	1.0
509.04900000000004	1.0
510.04900000000004	1.0
511.04900000000004	1.0
512.049	1.0
513.049	1.0
514.049	1.0
515.049	1.0
516.049	1.0
517.049	1.0
518.049	1.0
519.049	1.0
520.049	1.0
521.049	1.0
522.049	1.0
523.049	1.0
524.049	1.0
525.049	1.0
526.049	1.0
527.049	1.0
528.049	1.0
529.049	1.0
530.049	1.0
531.049	1.0
532.049	1.0
533.049	1.0
534.049	1.0
535.049	1.0
536.049	1.0
537.049	1.0
538.049	1.0
539.049	1.0
540.049	1.0
541.049	1.0
542.049	1.0
543.049	1.0
544.049	1.0
545.049	1.0
546.049	1.0
547.049	1.0
548.049	1.0
549.049	1.0
550.049	1.0
551.049	1.0
552.049	1.0
553.049	1.0
554.049	1.0
555.049	1.0
556.049	1.0
557.049	1.0
558.049	1.0
559.049	1.0
560.049	1.0
561.049	1.0
562.049	1.0
563.049	1.0
564.049	1.0
565.049	1.0
566.049	1.0
567.049	1.0
568.049	1.0
569.049	1.0
570.049	1.0
571.049	1.0
572.049	1.0
573.049	1.0
574.049	1.0
575.049	1.0
576.049	1.0
577.049	1.0
578.049	1.0
579.049	1.0
580.049	1.0
581.049	1.0
582.049	1.0
583.049	1.0
584.049	1.0
585.049	1.0
586.049	1.0
587.049	1.0
588.049	1.0
589.049	1.0
590.049	1.0
591.049	1.0
592.049	1.0
593.049	1.0
594.049	1.0
595.049	1.0
596.049	1.0
597.049	1.0
598.049	1.0
599.049	1.0
600.049	1.0
601.049	1.0
602.049	1.0
603.049	1.0
604.049	1.0
605.049	1.0
606.049	1.0
607.049	1.0
608.049	1.0
609.049	1.0
610.049	1.0
611.049	1.0
612.049	1.0
613.049	1.0
614.049	1.0
615.049	1.0
616.049	1.0
617.049	1.0
618.049	1.0
619.049	1.0
620.049	1.0
621.049	1.0
622.049	1.0
623.049	1.0
624.049	1.0
625.049	1.0
626.049	1.0
627.049	1.0
628.049	1.0
629.049	1.0
630.049	1.0
631.049	1.0
632.049	1.0
633.049	1.0
634.049	1.0
635.049	1.0
636.049	1.0
637.049	1.0
638.049	1.0
639.049	1.0
640.049	1.0
641.049	1.0
642.049	1.0
643.049	1.0
644.049	1.0
645.049	1.0
646.049	1.0
647.049	1.0
648.049	1.0
649.049	1.0
650.049	1.0
651.049	1.0
652.049	1.0
653.049	1.0
654.049	1.0
655.049	1.0
656.049	1.0
657.049	1.0
658.049	1.0
659.049	1.0
660.049	1.0
661.049	1.0
662.049	1.0
663.049	1.0
664.049	1.0
665.049	1.0
666.049	1.0
667.049	1.0
668.049	1.0
669.049	1.0
670.049	1.0
671.049	1.0
672.049	1.0
673.049	1.0
674.049	1.0
675.049	1.0
676.049	1.0
677.049	1.0
678.049	1.0
679.049	1.0
680.049	1.0
681.049	1.0
682.049	1.0
683.049	1.0
684.049	1.0
685.049	1.0
686.049	1.0
687.049	1.0
688.049	1.0
689.049	1.0
690.049	1.0
691.049	1.0
692.049	1.0
693.049	1.0
694.049	1.0
695.049	1.0
696.049	1.0
697.049	1.0
698.049	1.0
699.049	1.0
700.049	1.0
701.049	1.0
702.049	1.0
703.049	1.0
704.049	1.0
705.049	1.0
706.049	1.0
707.049	1.0
708.049	1.0
709.049	1.0
710.049	1.0
711.049	1.0
712.049	1.0
713.049	1.0
714.049	1.0
715.049	1.0
716.049	1.0
717.049	1.0
718.049	1.0
719.049	1.0
720.049	1.0
721.049	1.0
722.049	1.0
723.049	1.0
724.049	1.0
725.049	1.0
726.049	1.0
727.049	1.0
728.049	1.0
729.049	1.0
730.049	1.0
731.049	1.0
732.049	1.0
733.049	1.0
734.049	1.0
735.049	1.0
736.049	1.0
737.049	1.0
738.049	1.0
739.049	1.0
740.049	1.0
741.049	1.0
742.049	1.0
743.049	1.0
744.049	1.0
745.049	1.0
746.049	1.0
747.049	1.0
748.049	1.0
749.049	1.0
750.049	1.0
751.049	1.0
752.049	1.0
753.049	1.0
754.049	1.0
755.049	1.0
756.049	1.0
757.049	1.0
758.049	1.0
759.049	1.0
760.049	1.0
761.049	1.0
762.049	1.0
763.049	1.0
764.049	1.0
765.049	1.0
766.049	1.0
767.049	1.0
768.049	1.0
769.049	1.0
770.049	1.0
771.049	1.0
772.049	1.0
773.049	1.0
774.049	1.0
775.049	1.0
776.049	1.0
777.049	1.0
778.049	1.0
779.049	1.0
780.049	1.0
781.049	1.0
782.049	1.0
783.049	1.0
784.049	1.0
785.049	1.0
786.049	1.0
787.049	1.0
788.049	1.0
789.049	1.0
790.049	1.0
791.049	1.0
792.049	1.0
793.049	1.0
794.049	1.0
795.049	1.0
796.049	1.0
797.049	1.0
798.049	1.0
799.049	1.0
800.049	1.0
801.049	1.0
802.049	1.0
803.049	1.0
804.049	1.0
805.049	1.0
806.049	1.0
807.049	1.0
808.049	1.0
809.049	1.0
810.049	1.0
811.049	1.0
812.049	1.0
813.049	1.0
814.049	1.0
815.049	1.0
816.049	1.0
817.049	1.0
818.049	1.0
819.049	1.0
820.049	1.0
821.049	1.0
822.049	1.0
823.049	1.0
824.049	1.0
825.049	1.0
826.049	1.0
827.049	1.0
828.049	1.0
829.049	1.0
830.049	1.0
831.049	1.0
832.049	1.0
833.049	1.0
834.049	1.0
835.049	1.0
836.049	1.0
837.049	1.0
838.049	1.0
839.049	1.0
840.049	1.0
841.049	1.0
842.049	1.0
843.049	1.0
844.049	1.0
845.049	1.0
846.049	1.0
847.049	1.0
848.049	1.0
849.049	1.0
850.049	1.0
851.049	1.0
852.049	1.0
853.049	1.0
854.049	1.0
855.049	1.0
856.049	1.0
857.049	1.0
858.049	1.0
859.049	1.0
860.049	1.0
861.049	1.0
862.049	1.0
863.049	1.0
864.049	1.0
865.049	1.0
866.049	1.0
867.049	1.0
868.049	1.0
869.049	1.0
870.049	1.0
871.049	1.0
872.049	1.0
873.049	1.0
874.049	1.0
875.049	1.0
876.049	1.0
877.049	1.0
878.049	1.0
879.049	1.0
880.049	1.0
881.049	1.0
882.049	1.0
883.049	1.0
884.049	1.0
885.049	1.0
886.049	1.0
887.049	1.0
888.049	1.0
889.049	1.0
890.049	1.0
891.049	1.0
892.049	1.0
893.049	1.0
894.049	1.0
895.049	1.0
896.049	1.0
897.049	1.0
898.049	1.0
899.049	1.0
900.049	1.0
901.049	1.0
902.049	1.0
903.049	1.0
904.049	1.0
905.049	1.0
906.049	1.0
907.049	1.0
908.049	1.0
909.049	1.0
910.049	1.0
911.049	1.0
912.049	1.0
913.049	1.0
914.049	1.0
915.049	1.0
916.049	1.0
917.049	1.0
918.049	1.0
919.049	1.0
920.049	1.0
921.049	1.0
922.049	1.0
923.049	1.0
924.049	1.0
925.049	1.0
926.049	1.0
927.049	1.0
928.049	1.0
929.049	1.0
930.049	1.0
931.049	1.0
932.049	1.0
933.049	1.0
934.049	1.0
935.049	1.0
936.049	1.0
937.049	1.0
938.049	1.0
939.049	1.0
940.049	1.0
941.049	1.0
942.049	1.0
943.049	1.0
944.049	1.0
945.049	1.0
946.049	1.0
947.049	1.0
948.049	1.0
949.049	1.0
950.049	1.0
951.049	1.0
952.049	1.0
953.049	1.0
954.049	1.0
955.049	1.0
956.049	1.0
957.049	1.0
958.049	1.0
959.049	1.0
960.049	1.0
961.049	1.0
962.049	1.0
963.049	1.0
964.049	1.0
965.049	1.0
966.049	1.0
967.049	1.0
968.049	1.0
969.049	1.0
970.049	1.0
971.049	1.0
972.049	1.0
973.049	1.0
974.049	1.0
975.049	1.0
976.049	1.0
977.049	1.0
978.049	1.0
979.049	1.0
980.049	1.0
981.049	1.0
982.049	1.0
983.049	1.0
984.049	1.0
985.049	1.0
986.049	1.0
987.049	1.0
988.049	1.0
989.049	1.0
990.049	1.0
991.049	1.0
992.049	1.0
993.049	1.0
994.049	1.0
995.049	1.0
996.049	1.0
