0.72	0.565717172684407
1.675	0.5669442385373086
2.63	0.5771584536296828
3.594	0.581958711589924
4.561	0.5821346744930935
5.54	0.5728977925061974
6.5200000000000005	0.5414826221198189
7.478	0.5620108463591046
8.442	0.5848962391270257
9.405	0.5712074390534987
10.372	0.5646506132259309
11.346	0.5603623645323721
12.306000000000001	0.5869713805653933
13.293000000000001	0.5866803936617521
14.273	0.5893649233138857
15.246	0.597502585181483
16.218	0.6082304222508153
17.195	0.6022388577685547
18.174	0.586628717574547
19.144000000000002	0.5991638346154556
20.113	0.5941190454153054
21.089000000000002	0.5796187170517813
22.063	0.5718938350998773
23.028000000000002	0.5522819135040289
23.997	0.5469486819357429
24.971	0.5358428122870211
25.941	0.5493391645201142
26.919	0.5341371314001365
27.894000000000002	0.5232763483246927
28.879	0.5130378647733359
29.853	0.4940567752081725
30.833000000000002	0.4877935516532388
31.809	0.47435237159882326
32.788000000000004	0.4592825097057868
33.765	0.44888914230197
34.738	0.44344723948468323
35.714	0.4331619277394923
36.691	0.4226869427769229
37.666000000000004	0.42955304286536217
38.651	0.41005528355209825
39.634	0.38722677016226437
40.615	0.3714988222826127
41.6	0.3506694323399186
42.59	0.3270422012881482
43.574	0.3081600668218511
44.563	0.2830248647719413
45.556000000000004	0.25439048847709955
46.550000000000004	0.2616568478100161
47.542	0.2920101458885787
48.527	0.3545588963740263
49.513	0.42397199778178773
50.492000000000004	0.48254229825392075
51.469	0.51575774802787
52.446	0.5381227061182045
53.429	0.5558400716918362
54.409	0.6640566064370979
55.378	0.6676338911363005
56.35	0.7466268265220414
57.327	0.7572363187783848
58.296	0.7251189921535857
59.265	0.5659997946696628
60.238	0.4526128045828557
61.222	0.7625006737392228
62.201	0.7042019611391137
63.2	0.8033782496122848
64.17	0.8114348210374343
65.159	0.8122871338319907
66.129	0.8114506887639288
67.103	0.77702531617087
68.093	0.807030874894697
69.06400000000001	0.7943984642095683
70.054	0.8042686874643585
71.044	0.8067221236806477
72.027	0.806625665554521
73.008	0.8083640354697637
73.979	0.807613060323078
74.959	0.8087087084425484
75.95	0.8110821926847747
76.921	0.7332150827340628
77.905	0.652861073477818
78.888	0.46654664242197524
79.874	0.6014806674186333
80.857	0.49338860701030796
81.84700000000001	0.7126388919159871
82.83	0.6330755654060836
83.821	0.775156089855857
84.812	0.8092036779676905
85.803	0.803625389456138
86.784	0.7388390648517295
87.775	0.7741792774844977
88.766	0.7815909088162968
89.75	0.6759890202863735
90.741	0.8110558896793897
91.732	0.8782314844925365
92.72200000000001	0.8875520867329598
93.708	0.5925088706995997
94.699	0.7598134541525908
95.68900000000001	0.7593773333741999
96.681	0.8281470518789977
97.681	0.919011135299199
98.665	0.8759179208562949
99.656	0.8760381010163938
100.647	0.885780033668964
101.638	0.8859126000084578
102.629	0.886062466746852
103.62	0.8861617264752459
104.611	0.88627088520364
105.602	0.8863901439320339
106.593	0.8865195026604279
107.58	0.7607926247914837
108.571	0.7806966961528857
109.562	0.7806446498422848
110.553	0.8399904584417839
111.544	0.8594426527801967
112.524	0.514203737322823
113.505	0.7028771333409636
114.486	0.6922430846471943
115.477	0.8659555296805206
116.458	0.8247429981630988
117.449	0.8447628223285989
118.449	0.8763259199717008
119.44	0.8870454353043443
120.431	0.8191070784651001
121.422	0.8585460544984979
122.413	0.7301960672562764
123.406	0.6214024243567097
124.401	0.6395905373257836
125.396	0.6381222114077747
126.392	0.5866388906145997
127.388	0.8004151997545358
128.38400000000001	0.7888793369109998
129.381	0.8361233366350989
130.37800000000001	0.7334487071924926
131.37800000000001	0.8676470481877326
132.372	0.7590233799349998
133.371	0.8350238908025059
134.37	0.7114913661797996
135.37	0.8956264983365324
136.361	0.9058796333722547
137.352	0.8966050285383542
138.347	0.9067499910764307
139.343	0.8864181900300026
140.343	0.9519496276232831
141.343	0.9483551210354015
142.343	0.9448552613807211
143.343	0.94022431784276
144.336	0.9424299618500627
145.28900000000002	0.5601982003785635
146.26	0.5307741773020497
147.243	0.4057933222319343
148.233	0.3158226441041035
149.232	0.7043985783659928
150.223	0.6162072636777998
151.223	0.8993110498266249
152.222	0.8461191121774
153.22	0.8640716704631697
154.22	0.950002327789685
155.22	0.9563695691294621
156.22	0.9528956274693665
157.22	0.9487122842363249
158.215	0.9493042538405139
159.187	0.9270931185677652
160.16	0.6459525653799818
161.159	0.9370427923081901
162.15	0.9066646360535858
163.138	0.6650088055491987
164.12800000000001	0.39929763257559353
165.12	0.39027129931227444
166.12	0.7722010286649447
167.12	0.9066496918045509
168.119	0.8226669303954998
169.119	0.944375896263507
170.11	0.9258977017184127
171.11	0.9392481756777556
172.11	0.9325938973381359
173.091	0.9308624849854698
174.091	0.9248413887225706
175.082	0.9386681311627787
176.073	0.9532614400586528
177.064	0.8581642402879409
178.064	0.94378878301232
179.064	0.9496451042103847
180.055	0.7434398303400687
181.055	0.9274109549988699
182.055	0.942983418651231
183.046	0.8853382297656579
184.046	0.9400742729748107
185.023	0.9098817887460348
185.995	0.8929446506599108
186.96	0.6585065464993928
187.948	0.5125961171065976
188.939	0.5814600446892306
189.939	0.9403098444106165
190.939	0.9414478494795996
191.939	0.9335044077922506
192.939	0.9257285973374914
193.939	0.9179842002356914
194.939	0.9102398031338913
195.939	0.9024954060320912
196.939	0.8945000987194655
197.939	0.8863676074640666
198.939	0.8779062611452207
199.939	0.8695499952282268
200.931	0.867609650147595
201.922	0.8673485188271092
202.904	0.8781437909371703
203.89600000000002	0.8817393928936598
204.859	0.9139431421099294
205.83100000000002	0.9280566836783625
206.822	0.9339080837148828
207.81300000000002	0.9396297416006008
208.804	0.8257348297194989
209.804	0.9527190647125852
210.804	0.9500876887657287
211.79500000000002	0.9406892649574081
212.785	0.3778435946028935
213.785	0.8524232682838969
214.785	0.9701171189422318
215.785	0.9681647036558695
216.766	0.9078089544459401
217.747	0.8104705433500783
218.728	0.6289049497776606
219.723	0.7750380767569998
220.722	0.9109394553060214
221.71800000000002	0.9622559254186175
222.71800000000002	0.9702037905612744
223.71800000000002	0.9682875737045548
224.699	0.9180550377661753
225.68	0.8896877748135039
226.671	0.9283348886653782
227.661	0.8730081294492074
228.656	0.8641183436609537
229.656	0.9812587914779064
230.654	0.7813202862544998
231.654	0.9689899463991695
232.654	0.9771579695199419
233.635	0.8187853791516805
234.616	0.8293005749006132
235.597	0.8302969567020482
236.579	0.8347819917956678
237.56900000000002	0.7353191514053938
238.56	0.8732822143254709
239.55	0.8328943039645429
240.532	0.7101997654127947
241.531	0.9056210685546797
242.512	0.8661916943189548
243.50300000000001	0.8788619000450771
244.494	0.870332589837295
245.49	0.7725046999299997
246.49	0.9710550560488187
247.49	0.9903254334111548
248.488	0.930775884
249.488	0.990472266
250.488	0.990288648
251.488	0.9900948289999999
252.488	1.0
253.488	1.0
254.488	1.0
255.488	1.0
256.488	1.0
257.488	1.0
258.488	1.0
259.488	1.0
260.488	1.0
261.488	1.0
262.488	1.0
263.488	1.0
264.488	1.0
265.488	1.0
266.488	1.0
267.488	1.0
268.488	1.0
269.488	1.0
270.488	1.0
271.488	1.0
272.488	1.0
273.488	1.0
274.488	1.0
275.488	1.0
276.488	1.0
277.488	1.0
278.488	1.0
279.488	1.0
280.488	1.0
281.488	1.0
282.488	1.0
283.488	1.0
284.488	1.0
285.488	1.0
286.488	1.0
287.488	1.0
288.488	1.0
289.488	1.0
290.488	1.0
291.488	1.0
292.488	1.0
293.488	1.0
294.488	1.0
295.488	1.0
296.488	1.0
297.488	1.0
298.488	1.0
299.488	1.0
300.488	1.0
301.488	1.0
302.488	1.0
303.488	1.0
304.488	1.0
305.488	1.0
306.488	1.0
307.488	1.0
308.488	1.0
309.488	1.0
310.488	1.0
311.488	1.0
312.488	1.0
313.488	1.0
314.488	1.0
315.488	1.0
316.488	1.0
317.488	1.0
318.488	1.0
319.488	1.0
320.488	1.0
321.488	1.0
322.488	1.0
323.488	1.0
324.488	1.0
325.488	1.0
326.488	1.0
327.488	1.0
328.488	1.0
329.488	1.0
330.488	1.0
331.488	1.0
332.488	1.0
333.488	1.0
334.488	1.0
335.488	1.0
336.488	1.0
337.488	1.0
338.488	1.0
339.488	1.0
340.488	1.0
341.488	1.0
342.488	1.0
343.488	1.0
344.488	1.0
345.488	1.0
346.488	1.0
347.488	1.0
348.488	1.0
349.488	1.0
350.488	1.0
351.488	1.0
352.488	1.0
353.488	1.0
354.488	1.0
355.488	1.0
356.488	1.0
357.488	1.0
358.488	1.0
359.488	1.0
360.488	1.0
361.488	1.0
362.488	1.0
363.488	1.0
364.488	1.0
365.488	1.0
366.488	1.0
367.488	1.0
368.488	1.0
369.488	1.0
370.488	1.0
371.488	1.0
372.488	1.0
373.488	1.0
374.488	1.0
375.488	1.0
376.488	1.0
377.488	1.0
378.488	1.0
379.488	1.0
380.488	1.0
381.488	1.0
382.488	1.0
383.488	1.0
384.488	1.0
385.488	1.0
386.488	1.0
387.488	1.0
388.488	1.0
389.488	1.0
390.488	1.0
391.488	1.0
392.488	1.0
393.488	1.0
394.488	1.0
395.488	1.0
396.488	1.0
397.488	1.0
398.488	1.0
399.488	1.0
400.488	1.0
401.488	1.0
402.488	1.0
403.488	1.0
404.488	1.0
405.488	1.0
406.488	1.0
407.488	1.0
408.488	1.0
409.488	1.0
410.488	1.0
411.488	1.0
412.488	1.0
413.488	1.0
414.488	1.0
415.488	1.0
416.488	1.0
417.488	1.0
418.488	1.0
419.488	1.0
420.488	1.0
421.488	1.0
422.488	1.0
423.488	1.0
424.488	1.0
425.488	1.0
426.488	1.0
427.488	1.0
428.488	1.0
429.488	1.0
430.488	1.0
431.488	1.0
432.488	1.0
433.488	1.0
434.488	1.0
435.488	1.0
436.488	1.0
437.488	1.0
438.488	1.0
439.488	1.0
440.488	1.0
441.488	1.0
442.488	1.0
443.488	1.0
444.488	1.0
445.488	1.0
446.488	1.0
447.488	1.0
448.488	1.0
449.488	1.0
450.488	1.0
451.488	1.0
452.488	1.0
453.488	1.0
454.488	1.0
455.488	1.0
456.488	1.0
457.488	1.0
458.488	1.0
459.488	1.0
460.488	1.0
461.488	1.0
462.488	1.0
463.488	1.0
464.488	1.0
465.488	1.0
466.488	1.0
467.488	1.0
468.488	1.0
469.488	1.0
470.488	1.0
471.488	1.0
472.488	1.0
473.488	1.0
474.488	1.0
475.488	1.0
476.488	1.0
477.488	1.0
478.488	1.0
479.488	1.0
480.488	1.0
481.488	1.0
482.488	1.0
483.488	1.0
484.488	1.0
485.488	1.0
486.488	1.0
487.488	1.0
488.488	1.0
489.488	1.0
490.488	1.0
491.488	1.0
492.488	1.0
493.488	1.0
494.488	1.0
495.488	1.0
496.488	1.0
497.488	1.0
498.488	1.0
499.488	1.0
500.488	1.0
501.488	1.0
502.488	1.0
503.488	1.0
504.488	1.0
505.488	1.0
506.488	1.0
507.488	1.0
508.488	1.0
509.488	1.0
510.488	1.0
511.488	1.0
512.488	1.0
513.488	1.0
514.488	1.0
515.488	1.0
516.488	1.0
517.488	1.0
518.488	1.0
519.488	1.0
520.488	1.0
521.488	1.0
522.488	1.0
523.488	1.0
524.488	1.0
525.488	1.0
526.488	1.0
527.488	1.0
528.488	1.0
529.488	1.0
530.488	1.0
531.488	1.0
532.488	1.0
533.488	1.0
534.488	1.0
535.488	1.0
536.488	1.0
537.488	1.0
538.488	1.0
539.488	1.0
540.488	1.0
541.488	1.0
542.488	1.0
543.488	1.0
544.488	1.0
545.488	1.0
546.488	1.0
547.488	1.0
548.488	1.0
549.488	1.0
550.488	1.0
551.488	1.0
552.488	1.0
553.488	1.0
554.488	1.0
555.488	1.0
556.488	1.0
557.488	1.0
558.488	1.0
559.488	1.0
560.488	1.0
561.488	1.0
562.488	1.0
563.488	1.0
564.488	1.0
565.488	1.0
566.488	1.0
567.488	1.0
568.488	1.0
569.488	1.0
570.488	1.0
571.488	1.0
572.488	1.0
573.488	1.0
574.488	1.0
575.488	1.0
576.488	1.0
577.488	1.0
578.488	1.0
579.488	1.0
580.488	1.0
581.488	1.0
582.488	1.0
583.488	1.0
584.488	1.0
585.488	1.0
586.488	1.0
587.488	1.0
588.488	1.0
589.488	1.0
590.488	1.0
591.488	1.0
592.488	1.0
593.488	1.0
594.488	1.0
595.488	1.0
596.488	1.0
597.488	1.0
598.488	1.0
599.488	1.0
600.488	1.0
601.488	1.0
602.488	1.0
603.488	1.0
604.488	1.0
605.488	1.0
606.488	1.0
607.488	1.0
608.488	1.0
609.488	1.0
610.488	1.0
611.488	1.0
612.488	1.0
613.488	1.0
614.488	1.0
615.488	1.0
616.488	1.0
617.488	1.0
618.488	1.0
619.488	1.0
620.488	1.0
621.488	1.0
622.488	1.0
623.488	1.0
624.488	1.0
625.488	1.0
626.488	1.0
627.488	1.0
628.488	1.0
629.488	1.0
630.488	1.0
631.488	1.0
632.488	1.0
633.488	1.0
634.488	1.0
635.488	1.0
636.488	1.0
637.488	1.0
638.488	1.0
639.488	1.0
640.488	1.0
641.488	1.0
642.488	1.0
643.488	1.0
644.488	1.0
645.488	1.0
646.488	1.0
647.488	1.0
648.488	1.0
649.488	1.0
650.488	1.0
651.488	1.0
652.488	1.0
653.488	1.0
654.488	1.0
655.488	1.0
656.488	1.0
657.488	1.0
658.488	1.0
659.488	1.0
660.488	1.0
661.488	1.0
662.488	1.0
663.488	1.0
664.488	1.0
665.488	1.0
666.488	1.0
667.488	1.0
668.488	1.0
669.488	1.0
670.488	1.0
671.488	1.0
672.488	1.0
673.488	1.0
674.488	1.0
675.488	1.0
676.488	1.0
677.488	1.0
678.488	1.0
679.488	1.0
680.488	1.0
681.488	1.0
682.488	1.0
683.488	1.0
684.488	1.0
685.488	1.0
686.488	1.0
687.488	1.0
688.488	1.0
689.488	1.0
690.488	1.0
691.488	1.0
692.488	1.0
693.488	1.0
694.488	1.0
695.488	1.0
696.488	1.0
697.488	1.0
698.488	1.0
699.488	1.0
700.488	1.0
701.488	1.0
702.488	1.0
703.488	1.0
704.488	1.0
705.488	1.0
706.488	1.0
707.488	1.0
708.488	1.0
709.488	1.0
710.488	1.0
711.488	1.0
712.488	1.0
713.488	1.0
714.488	1.0
715.488	1.0
716.488	1.0
717.488	1.0
718.488	1.0
719.488	1.0
720.488	1.0
721.488	1.0
722.488	1.0
723.488	1.0
724.488	1.0
725.488	1.0
726.488	1.0
727.488	1.0
728.488	1.0
729.488	1.0
730.488	1.0
731.488	1.0
732.488	1.0
733.488	1.0
734.488	1.0
735.488	1.0
736.488	1.0
737.488	1.0
738.488	1.0
739.488	1.0
740.488	1.0
741.488	1.0
742.488	1.0
743.488	1.0
744.488	1.0
745.488	1.0
746.488	1.0
747.488	1.0
748.488	1.0
749.488	1.0
750.488	1.0
751.488	1.0
752.488	1.0
753.488	1.0
754.488	1.0
755.488	1.0
756.488	1.0
757.488	1.0
758.488	1.0
759.488	1.0
760.488	1.0
761.488	1.0
762.488	1.0
763.488	1.0
764.488	1.0
765.488	1.0
766.488	1.0
767.488	1.0
768.488	1.0
769.488	1.0
770.488	1.0
771.488	1.0
772.488	1.0
773.488	1.0
774.488	1.0
775.488	1.0
776.488	1.0
777.488	1.0
778.488	1.0
779.488	1.0
780.488	1.0
781.488	1.0
782.488	1.0
783.488	1.0
784.488	1.0
785.488	1.0
786.488	1.0
787.488	1.0
788.488	1.0
789.488	1.0
790.488	1.0
791.488	1.0
792.488	1.0
793.488	1.0
794.488	1.0
795.488	1.0
796.488	1.0
797.488	1.0
798.488	1.0
799.488	1.0
800.488	1.0
801.488	1.0
802.488	1.0
803.488	1.0
804.488	1.0
805.488	1.0
806.488	1.0
807.488	1.0
808.488	1.0
809.488	1.0
810.488	1.0
811.488	1.0
812.488	1.0
813.488	1.0
814.488	1.0
815.488	1.0
816.488	1.0
817.488	1.0
818.488	1.0
819.488	1.0
820.488	1.0
821.488	1.0
822.488	1.0
823.488	1.0
824.488	1.0
825.488	1.0
826.488	1.0
827.488	1.0
828.488	1.0
829.488	1.0
830.488	1.0
831.488	1.0
832.488	1.0
833.488	1.0
834.488	1.0
835.488	1.0
836.488	1.0
837.488	1.0
838.488	1.0
839.488	1.0
840.488	1.0
841.488	1.0
842.488	1.0
843.488	1.0
844.488	1.0
845.488	1.0
846.488	1.0
847.488	1.0
848.488	1.0
849.488	1.0
850.488	1.0
851.488	1.0
852.488	1.0
853.488	1.0
854.488	1.0
855.488	1.0
856.488	1.0
857.488	1.0
858.488	1.0
859.488	1.0
860.488	1.0
861.488	1.0
862.488	1.0
863.488	1.0
864.488	1.0
865.488	1.0
866.488	1.0
867.488	1.0
868.488	1.0
869.488	1.0
870.488	1.0
871.488	1.0
872.488	1.0
873.488	1.0
874.488	1.0
875.488	1.0
876.488	1.0
877.488	1.0
878.488	1.0
879.488	1.0
880.488	1.0
881.488	1.0
882.488	1.0
883.488	1.0
884.488	1.0
885.488	1.0
886.488	1.0
887.488	1.0
888.488	1.0
889.488	1.0
890.488	1.0
891.488	1.0
892.488	1.0
893.488	1.0
894.488	1.0
895.488	1.0
896.488	1.0
897.488	1.0
898.488	1.0
899.488	1.0
900.488	1.0
901.488	1.0
902.488	1.0
903.488	1.0
904.488	1.0
905.488	1.0
906.488	1.0
907.488	1.0
908.488	1.0
909.488	1.0
910.488	1.0
911.488	1.0
912.488	1.0
913.488	1.0
914.488	1.0
915.488	1.0
916.488	1.0
917.488	1.0
918.488	1.0
919.488	1.0
920.488	1.0
921.488	1.0
922.488	1.0
923.488	1.0
924.488	1.0
925.488	1.0
926.488	1.0
927.488	1.0
928.488	1.0
929.488	1.0
930.488	1.0
931.488	1.0
932.488	1.0
933.488	1.0
934.488	1.0
935.488	1.0
936.488	1.0
937.488	1.0
938.488	1.0
939.488	1.0
940.488	1.0
941.488	1.0
942.488	1.0
943.488	1.0
944.488	1.0
945.488	1.0
946.488	1.0
947.488	1.0
948.488	1.0
949.488	1.0
950.488	1.0
951.488	1.0
952.488	1.0
953.488	1.0
954.488	1.0
955.488	1.0
956.488	1.0
957.488	1.0
958.488	1.0
959.488	1.0
960.488	1.0
961.488	1.0
962.488	1.0
963.488	1.0
964.488	1.0
965.488	1.0
966.488	1.0
967.488	1.0
968.488	1.0
969.488	1.0
970.488	1.0
971.488	1.0
972.488	1.0
973.488	1.0
974.488	1.0
975.488	1.0
976.488	1.0
977.488	1.0
978.488	1.0
979.488	1.0
980.488	1.0
981.488	1.0
982.488	1.0
983.488	1.0
984.488	1.0
985.488	1.0
986.488	1.0
987.488	1.0
988.488	1.0
989.488	1.0
990.488	1.0
991.488	1.0
992.488	1.0
993.488	1.0
994.488	1.0
995.488	1.0
996.488	1.0
