0.17300000000000001	0.5332377939967113
1.1420000000000001	0.5360785477927031
2.103	0.5188263722524641
3.063	0.48328966773115795
4.033	0.4673509719248875
5.005	0.46343709934010496
5.97	0.4684789464013994
6.95	0.5063670063763517
7.921	0.5227489530071798
8.866	0.5358025123832609
9.819	0.5427396635281857
10.78	0.5424779317669732
11.733	0.5395336733257141
12.698	0.5228427546717385
13.658	0.48397467263881533
14.618	0.49137046865355705
15.573	0.47825808771471484
16.529	0.48956332195280217
17.487000000000002	0.4532060386949815
18.464	0.49782518677364296
19.431	0.48428713685352937
20.383	0.46759239545724296
21.35	0.445187055245466
22.32	0.47355885809001036
23.28	0.4557047925591408
24.247	0.459666853974378
25.209	0.43971695830092933
26.179000000000002	0.48900750622124844
27.153000000000002	0.523286190720458
28.131	0.5292928799048569
29.104	0.5568924070150016
30.071	0.5320207684709771
31.043	0.5446255864606804
32.009	0.5255213459021291
32.986000000000004	0.5212012539934988
33.96	0.5223390095645651
34.933	0.4940193260354929
35.909	0.5020324350465339
36.895	0.48133649942487794
37.873	0.4563881245185159
38.856	0.47816950057517543
39.83	0.47714341710292046
40.804	0.48515505261145825
41.77	0.4829824623972712
42.744	0.5116595528098116
43.72	0.5399665213613188
44.697	0.5556972801758379
45.677	0.569720525637553
46.655	0.6349470095282421
47.623	0.6335321856068454
48.596000000000004	0.6264638072810652
49.556000000000004	0.6734000861238845
50.515	0.6980498285459217
51.475	0.6670895863420995
52.435	0.6553902443686194
53.413000000000004	0.7343818592654294
54.378	0.7312343027149899
55.342	0.7181992641719621
56.315	0.7370892517655744
57.268	0.7260065019253737
58.228	0.7292414336133488
59.198	0.6957032569493632
60.172000000000004	0.6591725522014731
61.154	0.7016073779337204
62.133	0.7200786805195927
63.111000000000004	0.7012192769185194
64.09700000000001	0.7532077759869256
65.071	0.7384542832881204
66.051	0.7284163299857354
67.032	0.6877313291299962
68.011	0.7072944181318725
68.992	0.7735582847656548
69.968	0.7674912384204938
70.943	0.7031063059046607
71.924	0.7524895455864108
72.907	0.7812964007288918
73.888	0.7428808252141212
74.878	0.8549854299500292
75.859	0.7779286316459788
76.83	0.6205303408815286
77.811	0.6507555956454846
78.794	0.7196556761948648
79.784	0.8021864394646151
80.772	0.7990447065301878
81.76	0.814911229845302
82.751	0.8185463604365847
83.733	0.7319824712915017
84.723	0.8438865547194888
85.70400000000001	0.8167940756907148
86.675	0.7084548394470106
87.656	0.803715511251187
88.627	0.7819531530914147
89.608	0.7917468981876346
90.58200000000001	0.5802471868392155
91.57000000000001	0.8187752677933195
92.561	0.8341820305191037
93.52	0.7563810804524528
94.498	0.6418500989408616
95.48400000000001	0.5916252822697085
96.46900000000001	0.4450396625798338
97.459	0.3337829547218491
98.459	0.8682104539743787
99.45	0.8868352498336968
100.441	0.8863870041568899
101.432	0.9046028268555898
102.423	0.893671408736672
103.405	0.8515352365946848
104.396	0.8216805377401998
105.382	0.6764092521190365
106.373	0.6557717688198998
107.367	0.8709487979315799
108.358	0.8711437297382758
109.349	0.8514463470900959
110.34	0.8604873562052748
111.328	0.8031229819393998
112.319	0.8426556102997919
113.31	0.8229450979798
114.301	0.842934712367897
115.289	0.5979219432984977
116.28	0.6284834589777997
117.271	0.6581872536568997
118.262	0.6486851340764999
119.25200000000001	0.6859919934644827
120.24000000000001	0.6454604335244816
121.23400000000001	0.869156591977397
122.21900000000001	0.8036782188664928
123.21000000000001	0.8728136022073929
124.19800000000001	0.8252132889468838
125.18900000000001	0.8749989849209441
126.18	0.8848179504209814
127.171	0.9027236654650787
128.162	0.9200309597526883
129.148	0.874174856675089
130.135	0.5866311507654887
131.129	0.880833365251676
132.116	0.8432197235026615
133.105	0.8642771823089113
134.096	0.9029180292459489
135.087	0.9036734018243839
136.084	0.760748147621228
137.07500000000002	0.49508275164805843
138.072	0.5918807928720856
139.06900000000002	0.5893592052292828
140.056	0.5142837801391886
141.056	0.7458556970140797
142.047	0.4310212078947935
143.038	0.3834507450832784
144.028	0.3155911846876985
145.028	0.7763764953502988
146.026	0.5656470496928996
147.025	0.6033799861574356
148.024	0.6519071685794997
149.023	0.880028090902395
150.02100000000002	0.7699256104065999
151.02100000000002	0.9458328382538649
152.014	0.8802279826022609
153.013	0.939839816556423
154.013	0.9892548010620184
155.004	0.960662053609127
156.0	0.8418703372234667
157.0	0.9908516173399624
158.0	0.9904164454748876
159.0	0.989984718170383
160.0	0.987404822024293
160.996	0.990676286
161.996	0.990492668
162.996	0.99030905
163.996	0.9901152310000001
164.996	1.0
165.996	1.0
166.996	1.0
167.996	1.0
168.996	1.0
169.996	1.0
170.996	1.0
171.996	1.0
172.996	1.0
173.996	1.0
174.996	1.0
175.996	1.0
176.996	1.0
177.996	1.0
178.996	1.0
179.996	1.0
180.996	1.0
181.996	1.0
182.996	1.0
183.996	1.0
184.996	1.0
185.996	1.0
186.996	1.0
187.996	1.0
188.996	1.0
189.996	1.0
190.996	1.0
191.996	1.0
192.996	1.0
193.996	1.0
194.996	1.0
195.996	1.0
196.996	1.0
197.996	1.0
198.996	1.0
199.996	1.0
200.996	1.0
201.996	1.0
202.996	1.0
203.996	1.0
204.996	1.0
205.996	1.0
206.996	1.0
207.996	1.0
208.996	1.0
209.996	1.0
210.996	1.0
211.996	1.0
212.996	1.0
213.996	1.0
214.996	1.0
215.996	1.0
216.996	1.0
217.996	1.0
218.996	1.0
219.996	1.0
220.996	1.0
221.996	1.0
222.996	1.0
223.996	1.0
224.996	1.0
225.996	1.0
226.996	1.0
227.996	1.0
228.996	1.0
229.996	1.0
230.996	1.0
231.996	1.0
232.996	1.0
233.996	1.0
234.996	1.0
235.996	1.0
236.996	1.0
237.996	1.0
238.996	1.0
239.996	1.0
240.996	1.0
241.996	1.0
242.996	1.0
243.996	1.0
244.996	1.0
245.996	1.0
246.996	1.0
247.996	1.0
248.996	1.0
249.996	1.0
250.996	1.0
251.996	1.0
252.996	1.0
253.996	1.0
254.996	1.0
255.996	1.0
256.996	1.0
257.996	1.0
258.996	1.0
259.996	1.0
260.996	1.0
261.996	1.0
262.996	1.0
263.996	1.0
264.996	1.0
265.996	1.0
266.996	1.0
267.996	1.0
268.996	1.0
269.996	1.0
270.996	1.0
271.996	1.0
272.996	1.0
273.996	1.0
274.996	1.0
275.996	1.0
276.996	1.0
277.996	1.0
278.996	1.0
279.996	1.0
280.996	1.0
281.996	1.0
282.996	1.0
283.996	1.0
284.996	1.0
285.996	1.0
286.996	1.0
287.996	1.0
288.996	1.0
289.996	1.0
290.996	1.0
291.996	1.0
292.996	1.0
293.996	1.0
294.996	1.0
295.996	1.0
296.996	1.0
297.996	1.0
298.996	1.0
299.996	1.0
300.996	1.0
301.996	1.0
302.996	1.0
303.996	1.0
304.996	1.0
305.996	1.0
306.996	1.0
307.996	1.0
308.996	1.0
309.996	1.0
310.996	1.0
311.996	1.0
312.996	1.0
313.996	1.0
314.996	1.0
315.996	1.0
316.996	1.0
317.996	1.0
318.996	1.0
319.996	1.0
320.996	1.0
321.996	1.0
322.996	1.0
323.996	1.0
324.996	1.0
325.996	1.0
326.996	1.0
327.996	1.0
328.996	1.0
329.996	1.0
330.996	1.0
331.996	1.0
332.996	1.0
333.996	1.0
334.996	1.0
335.996	1.0
336.996	1.0
337.996	1.0
338.996	1.0
339.996	1.0
340.996	1.0
341.996	1.0
342.996	1.0
343.996	1.0
344.996	1.0
345.996	1.0
346.996	1.0
347.996	1.0
348.996	1.0
349.996	1.0
350.996	1.0
351.996	1.0
352.996	1.0
353.996	1.0
354.996	1.0
355.996	1.0
356.996	1.0
357.996	1.0
358.996	1.0
359.996	1.0
360.996	1.0
361.996	1.0
362.996	1.0
363.996	1.0
364.996	1.0
365.996	1.0
366.996	1.0
367.996	1.0
368.996	1.0
369.996	1.0
370.996	1.0
371.996	1.0
372.996	1.0
373.996	1.0
374.996	1.0
375.996	1.0
376.996	1.0
377.996	1.0
378.996	1.0
379.996	1.0
380.996	1.0
381.996	1.0
382.996	1.0
383.996	1.0
384.996	1.0
385.996	1.0
386.996	1.0
387.996	1.0
388.996	1.0
389.996	1.0
390.996	1.0
391.996	1.0
392.996	1.0
393.996	1.0
394.996	1.0
395.996	1.0
396.996	1.0
397.996	1.0
398.996	1.0
399.996	1.0
400.996	1.0
401.996	1.0
402.996	1.0
403.996	1.0
404.996	1.0
405.996	1.0
406.996	1.0
407.996	1.0
408.996	1.0
409.996	1.0
410.996	1.0
411.996	1.0
412.996	1.0
413.996	1.0
414.996	1.0
415.996	1.0
416.996	1.0
417.996	1.0
418.996	1.0
419.996	1.0
420.996	1.0
421.996	1.0
422.996	1.0
423.996	1.0
424.996	1.0
425.996	1.0
426.996	1.0
427.996	1.0
428.996	1.0
429.996	1.0
430.996	1.0
431.996	1.0
432.996	1.0
433.996	1.0
434.996	1.0
435.996	1.0
436.996	1.0
437.996	1.0
438.996	1.0
439.996	1.0
440.996	1.0
441.996	1.0
442.996	1.0
443.996	1.0
444.996	1.0
445.996	1.0
446.996	1.0
447.99600000000004	1.0
448.99600000000004	1.0
449.99600000000004	1.0
450.99600000000004	1.0
451.99600000000004	1.0
452.99600000000004	1.0
453.99600000000004	1.0
454.99600000000004	1.0
455.99600000000004	1.0
456.99600000000004	1.0
457.99600000000004	1.0
458.99600000000004	1.0
459.99600000000004	1.0
460.99600000000004	1.0
461.99600000000004	1.0
462.99600000000004	1.0
463.99600000000004	1.0
464.99600000000004	1.0
465.99600000000004	1.0
466.99600000000004	1.0
467.99600000000004	1.0
468.99600000000004	1.0
469.99600000000004	1.0
470.99600000000004	1.0
471.99600000000004	1.0
472.99600000000004	1.0
473.99600000000004	1.0
474.99600000000004	1.0
475.99600000000004	1.0
476.99600000000004	1.0
477.99600000000004	1.0
478.99600000000004	1.0
479.99600000000004	1.0
480.99600000000004	1.0
481.99600000000004	1.0
482.99600000000004	1.0
483.99600000000004	1.0
484.99600000000004	1.0
485.99600000000004	1.0
486.99600000000004	1.0
487.99600000000004	1.0
488.99600000000004	1.0
489.99600000000004	1.0
490.99600000000004	1.0
491.99600000000004	1.0
492.99600000000004	1.0
493.99600000000004	1.0
494.99600000000004	1.0
495.99600000000004	1.0
496.99600000000004	1.0
497.99600000000004	1.0
498.99600000000004	1.0
499.99600000000004	1.0
500.99600000000004	1.0
501.99600000000004	1.0
502.99600000000004	1.0
503.99600000000004	1.0
504.99600000000004	1.0
505.99600000000004	1.0
506.99600000000004	1.0
507.99600000000004	1.0
508.99600000000004	1.0
509.99600000000004	1.0
510.99600000000004	1.0
511.99600000000004	1.0
512.996	1.0
513.996	1.0
514.996	1.0
515.996	1.0
516.996	1.0
517.996	1.0
518.996	1.0
519.996	1.0
520.996	1.0
521.996	1.0
522.996	1.0
523.996	1.0
524.996	1.0
525.996	1.0
526.996	1.0
527.996	1.0
528.996	1.0
529.996	1.0
530.996	1.0
531.996	1.0
532.996	1.0
533.996	1.0
534.996	1.0
535.996	1.0
536.996	1.0
537.996	1.0
538.996	1.0
539.996	1.0
540.996	1.0
541.996	1.0
542.996	1.0
543.996	1.0
544.996	1.0
545.996	1.0
546.996	1.0
547.996	1.0
548.996	1.0
549.996	1.0
550.996	1.0
551.996	1.0
552.996	1.0
553.996	1.0
554.996	1.0
555.996	1.0
556.996	1.0
557.996	1.0
558.996	1.0
559.996	1.0
560.996	1.0
561.996	1.0
562.996	1.0
563.996	1.0
564.996	1.0
565.996	1.0
566.996	1.0
567.996	1.0
568.996	1.0
569.996	1.0
570.996	1.0
571.996	1.0
572.996	1.0
573.996	1.0
574.996	1.0
575.996	1.0
576.996	1.0
577.996	1.0
578.996	1.0
579.996	1.0
580.996	1.0
581.996	1.0
582.996	1.0
583.996	1.0
584.996	1.0
585.996	1.0
586.996	1.0
587.996	1.0
588.996	1.0
589.996	1.0
590.996	1.0
591.996	1.0
592.996	1.0
593.996	1.0
594.996	1.0
595.996	1.0
596.996	1.0
597.996	1.0
598.996	1.0
599.996	1.0
600.996	1.0
601.996	1.0
602.996	1.0
603.996	1.0
604.996	1.0
605.996	1.0
606.996	1.0
607.996	1.0
608.996	1.0
609.996	1.0
610.996	1.0
611.996	1.0
612.996	1.0
613.996	1.0
614.996	1.0
615.996	1.0
616.996	1.0
617.996	1.0
618.996	1.0
619.996	1.0
620.996	1.0
621.996	1.0
622.996	1.0
623.996	1.0
624.996	1.0
625.996	1.0
626.996	1.0
627.996	1.0
628.996	1.0
629.996	1.0
630.996	1.0
631.996	1.0
632.996	1.0
633.996	1.0
634.996	1.0
635.996	1.0
636.996	1.0
637.996	1.0
638.996	1.0
639.996	1.0
640.996	1.0
641.996	1.0
642.996	1.0
643.996	1.0
644.996	1.0
645.996	1.0
646.996	1.0
647.996	1.0
648.996	1.0
649.996	1.0
650.996	1.0
651.996	1.0
652.996	1.0
653.996	1.0
654.996	1.0
655.996	1.0
656.996	1.0
657.996	1.0
658.996	1.0
659.996	1.0
660.996	1.0
661.996	1.0
662.996	1.0
663.996	1.0
664.996	1.0
665.996	1.0
666.996	1.0
667.996	1.0
668.996	1.0
669.996	1.0
670.996	1.0
671.996	1.0
672.996	1.0
673.996	1.0
674.996	1.0
675.996	1.0
676.996	1.0
677.996	1.0
678.996	1.0
679.996	1.0
680.996	1.0
681.996	1.0
682.996	1.0
683.996	1.0
684.996	1.0
685.996	1.0
686.996	1.0
687.996	1.0
688.996	1.0
689.996	1.0
690.996	1.0
691.996	1.0
692.996	1.0
693.996	1.0
694.996	1.0
695.996	1.0
696.996	1.0
697.996	1.0
698.996	1.0
699.996	1.0
700.996	1.0
701.996	1.0
702.996	1.0
703.996	1.0
704.996	1.0
705.996	1.0
706.996	1.0
707.996	1.0
708.996	1.0
709.996	1.0
710.996	1.0
711.996	1.0
712.996	1.0
713.996	1.0
714.996	1.0
715.996	1.0
716.996	1.0
717.996	1.0
718.996	1.0
719.996	1.0
720.996	1.0
721.996	1.0
722.996	1.0
723.996	1.0
724.996	1.0
725.996	1.0
726.996	1.0
727.996	1.0
728.996	1.0
729.996	1.0
730.996	1.0
731.996	1.0
732.996	1.0
733.996	1.0
734.996	1.0
735.996	1.0
736.996	1.0
737.996	1.0
738.996	1.0
739.996	1.0
740.996	1.0
741.996	1.0
742.996	1.0
743.996	1.0
744.996	1.0
745.996	1.0
746.996	1.0
747.996	1.0
748.996	1.0
749.996	1.0
750.996	1.0
751.996	1.0
752.996	1.0
753.996	1.0
754.996	1.0
755.996	1.0
756.996	1.0
757.996	1.0
758.996	1.0
759.996	1.0
760.996	1.0
761.996	1.0
762.996	1.0
763.996	1.0
764.996	1.0
765.996	1.0
766.996	1.0
767.996	1.0
768.996	1.0
769.996	1.0
770.996	1.0
771.996	1.0
772.996	1.0
773.996	1.0
774.996	1.0
775.996	1.0
776.996	1.0
777.996	1.0
778.996	1.0
779.996	1.0
780.996	1.0
781.996	1.0
782.996	1.0
783.996	1.0
784.996	1.0
785.996	1.0
786.996	1.0
787.996	1.0
788.996	1.0
789.996	1.0
790.996	1.0
791.996	1.0
792.996	1.0
793.996	1.0
794.996	1.0
795.996	1.0
796.996	1.0
797.996	1.0
798.996	1.0
799.996	1.0
800.996	1.0
801.996	1.0
802.996	1.0
803.996	1.0
804.996	1.0
805.996	1.0
806.996	1.0
807.996	1.0
808.996	1.0
809.996	1.0
810.996	1.0
811.996	1.0
812.996	1.0
813.996	1.0
814.996	1.0
815.996	1.0
816.996	1.0
817.996	1.0
818.996	1.0
819.996	1.0
820.996	1.0
821.996	1.0
822.996	1.0
823.996	1.0
824.996	1.0
825.996	1.0
826.996	1.0
827.996	1.0
828.996	1.0
829.996	1.0
830.996	1.0
831.996	1.0
832.996	1.0
833.996	1.0
834.996	1.0
835.996	1.0
836.996	1.0
837.996	1.0
838.996	1.0
839.996	1.0
840.996	1.0
841.996	1.0
842.996	1.0
843.996	1.0
844.996	1.0
845.996	1.0
846.996	1.0
847.996	1.0
848.996	1.0
849.996	1.0
850.996	1.0
851.996	1.0
852.996	1.0
853.996	1.0
854.996	1.0
855.996	1.0
856.996	1.0
857.996	1.0
858.996	1.0
859.996	1.0
860.996	1.0
861.996	1.0
862.996	1.0
863.996	1.0
864.996	1.0
865.996	1.0
866.996	1.0
867.996	1.0
868.996	1.0
869.996	1.0
870.996	1.0
871.996	1.0
872.996	1.0
873.996	1.0
874.996	1.0
875.996	1.0
876.996	1.0
877.996	1.0
878.996	1.0
879.996	1.0
880.996	1.0
881.996	1.0
882.996	1.0
883.996	1.0
884.996	1.0
885.996	1.0
886.996	1.0
887.996	1.0
888.996	1.0
889.996	1.0
890.996	1.0
891.996	1.0
892.996	1.0
893.996	1.0
894.996	1.0
895.996	1.0
896.996	1.0
897.996	1.0
898.996	1.0
899.996	1.0
900.996	1.0
901.996	1.0
902.996	1.0
903.996	1.0
904.996	1.0
905.996	1.0
906.996	1.0
907.996	1.0
908.996	1.0
909.996	1.0
910.996	1.0
911.996	1.0
912.996	1.0
913.996	1.0
914.996	1.0
915.996	1.0
916.996	1.0
917.996	1.0
918.996	1.0
919.996	1.0
920.996	1.0
921.996	1.0
922.996	1.0
923.996	1.0
924.996	1.0
925.996	1.0
926.996	1.0
927.996	1.0
928.996	1.0
929.996	1.0
930.996	1.0
931.996	1.0
932.996	1.0
933.996	1.0
934.996	1.0
935.996	1.0
936.996	1.0
937.996	1.0
938.996	1.0
939.996	1.0
940.996	1.0
941.996	1.0
942.996	1.0
943.996	1.0
944.996	1.0
945.996	1.0
946.996	1.0
947.996	1.0
948.996	1.0
949.996	1.0
950.996	1.0
951.996	1.0
952.996	1.0
953.996	1.0
954.996	1.0
955.996	1.0
956.996	1.0
957.996	1.0
958.996	1.0
959.996	1.0
960.996	1.0
961.996	1.0
962.996	1.0
963.996	1.0
964.996	1.0
965.996	1.0
966.996	1.0
967.996	1.0
968.996	1.0
969.996	1.0
970.996	1.0
971.996	1.0
972.996	1.0
973.996	1.0
974.996	1.0
975.996	1.0
976.996	1.0
977.996	1.0
978.996	1.0
979.996	1.0
980.996	1.0
981.996	1.0
982.996	1.0
983.996	1.0
984.996	1.0
985.996	1.0
986.996	1.0
987.996	1.0
988.996	1.0
989.996	1.0
990.996	1.0
991.996	1.0
992.996	1.0
993.996	1.0
994.996	1.0
995.996	1.0
