0.17300000000000001	0.5538289174762154
1.06	0.5450580772993061
1.935	0.5471951673430853
2.795	0.5629861790539555
3.658	0.5635510967134668
4.507	0.5283003141048536
5.389	0.48049177883517047
6.275	0.4639704900252421
7.1690000000000005	0.4422698493352567
8.061	0.42078311823738174
8.964	0.3885200871583472
9.879	0.37012117495008745
10.801	0.33897841429579256
11.733	0.2896985700454942
12.65	0.28403590381747734
13.573	0.2812365418548591
14.493	0.2524844313407275
15.427	0.2448893269092137
16.358	0.2196158988024301
17.297	0.20196370238810138
18.252	0.1897653171742275
19.203	0.16903947275554848
20.155	0.16685545211629485
21.11	0.16100075957308443
22.064	0.14853812440347786
23.029	0.13384851648647766
23.991	0.17184513073377863
24.951	0.1342144419503578
25.918	0.5042193775235829
26.886	0.431019862163312
27.853	0.46128591150242215
28.816	0.15287956442579584
29.785	0.1253356123532693
30.752	0.10372796979994878
31.725	0.14953785213482668
32.696	0.20759027169642713
33.668	0.26931931680284876
34.642	0.6912921348701871
35.61	0.3392085767816306
36.578	0.20471070281877585
37.551	0.31756470674542503
38.524	0.3187765721198507
39.5	0.20036230617251752
40.476	0.14110108234860924
41.451	0.10343858806431434
42.427	0.09969733276814287
43.403	0.10382751120527874
44.38	0.09227978565875622
45.357	0.09313309809084976
46.332	0.20058327907407505
47.305	0.1364539858387826
48.282000000000004	0.18180582098856546
49.259	0.37906128978435677
50.230000000000004	0.29150514161096713
51.203	0.2247776515507317
52.185	0.1950367981499398
53.166000000000004	0.11904649422509724
54.149	0.794364639264264
55.129	0.757371644156924
56.109	0.4015487622251343
57.091	0.8077264071030931
58.075	0.8752161770103736
59.056000000000004	0.6359216826768873
60.04	0.6023157629929625
61.025	0.5726707800651017
62.009	0.3910975014942376
62.995000000000005	0.5619342786310711
63.980000000000004	0.580947781289682
64.968	0.7347972676427871
65.95700000000001	0.8794636953053526
66.94200000000001	0.1882991186190854
67.932	0.5591754256814044
68.923	0.9152779318478483
69.911	0.30431914276537825
70.901	0.39616053093126263
71.892	0.898842685479612
72.883	0.9880399964879129
73.873	0.8288424944084901
74.864	0.9878683631792573
75.854	0.8616736946001532
76.84400000000001	0.8648666413803535
77.834	0.8517651455032119
78.824	0.835397436724001
79.81400000000001	0.3817521375476128
80.805	0.835017221342507
81.793	0.4252932418971224
82.783	0.41221667366029835
83.774	0.6365686375984615
84.765	0.7457728387959556
85.756	0.7589541996679751
86.747	0.5480088840039756
87.738	0.6208552909070477
88.729	0.4857480670388329
89.72	0.14559743283262458
90.712	0.10301060617966037
91.705	0.10162148386853269
92.699	0.2784904476163699
93.693	0.4429640762244773
94.688	0.5317263463689572
95.684	0.630163564391481
96.681	0.6696195171749985
97.679	0.7088443767796982
98.678	0.7246625853425569
99.678	1.0
100.678	1.0
101.678	1.0
102.678	1.0
103.678	1.0
104.678	1.0
105.678	1.0
106.678	1.0
107.678	1.0
108.678	1.0
109.678	1.0
110.678	1.0
111.678	1.0
112.678	1.0
113.678	1.0
114.678	1.0
115.678	1.0
116.678	1.0
117.678	1.0
118.678	1.0
119.678	1.0
120.678	1.0
121.678	1.0
122.678	1.0
123.678	1.0
124.678	1.0
125.678	1.0
126.678	1.0
127.678	1.0
128.678	1.0
129.678	1.0
130.678	1.0
131.678	1.0
132.678	1.0
133.678	1.0
134.678	1.0
135.678	1.0
136.678	1.0
137.678	1.0
138.678	1.0
139.678	1.0
140.678	1.0
141.678	1.0
142.678	1.0
143.678	1.0
144.678	1.0
145.678	1.0
146.678	1.0
147.678	1.0
148.678	1.0
149.678	1.0
150.678	1.0
151.678	1.0
152.678	1.0
153.678	1.0
154.678	1.0
155.678	1.0
156.678	1.0
157.678	1.0
158.678	1.0
159.678	1.0
160.678	1.0
161.678	1.0
162.678	1.0
163.678	1.0
164.678	1.0
165.678	1.0
166.678	1.0
167.678	1.0
168.678	1.0
169.678	1.0
170.678	1.0
171.678	1.0
172.678	1.0
173.678	1.0
174.678	1.0
175.678	1.0
176.678	1.0
177.678	1.0
178.678	1.0
179.678	1.0
180.678	1.0
181.678	1.0
182.678	1.0
183.678	1.0
184.678	1.0
185.678	1.0
186.678	1.0
187.678	1.0
188.678	1.0
189.678	1.0
190.678	1.0
191.678	1.0
192.678	1.0
193.678	1.0
194.678	1.0
195.678	1.0
196.678	1.0
197.678	1.0
198.678	1.0
199.678	1.0
200.678	1.0
201.678	1.0
202.678	1.0
203.678	1.0
204.678	1.0
205.678	1.0
206.678	1.0
207.678	1.0
208.678	1.0
209.678	1.0
210.678	1.0
211.678	1.0
212.678	1.0
213.678	1.0
214.678	1.0
215.678	1.0
216.678	1.0
217.678	1.0
218.678	1.0
219.678	1.0
220.678	1.0
221.678	1.0
222.678	1.0
223.678	1.0
224.678	1.0
225.678	1.0
226.678	1.0
227.678	1.0
228.678	1.0
229.678	1.0
230.678	1.0
231.678	1.0
232.678	1.0
233.678	1.0
234.678	1.0
235.678	1.0
236.678	1.0
237.678	1.0
238.678	1.0
239.678	1.0
240.678	1.0
241.678	1.0
242.678	1.0
243.678	1.0
244.678	1.0
245.678	1.0
246.678	1.0
247.678	1.0
248.678	1.0
249.678	1.0
250.678	1.0
251.678	1.0
252.678	1.0
253.678	1.0
254.678	1.0
255.678	1.0
256.678	1.0
257.678	1.0
258.678	1.0
259.678	1.0
260.678	1.0
261.678	1.0
262.678	1.0
263.678	1.0
264.678	1.0
265.678	1.0
266.678	1.0
267.678	1.0
268.678	1.0
269.678	1.0
270.678	1.0
271.678	1.0
272.678	1.0
273.678	1.0
274.678	1.0
275.678	1.0
276.678	1.0
277.678	1.0
278.678	1.0
279.678	1.0
280.678	1.0
281.678	1.0
282.678	1.0
283.678	1.0
284.678	1.0
285.678	1.0
286.678	1.0
287.678	1.0
288.678	1.0
289.678	1.0
290.678	1.0
291.678	1.0
292.678	1.0
293.678	1.0
294.678	1.0
295.678	1.0
296.678	1.0
297.678	1.0
298.678	1.0
299.678	1.0
300.678	1.0
301.678	1.0
302.678	1.0
303.678	1.0
304.678	1.0
305.678	1.0
306.678	1.0
307.678	1.0
308.678	1.0
309.678	1.0
310.678	1.0
311.678	1.0
312.678	1.0
313.678	1.0
314.678	1.0
315.678	1.0
316.678	1.0
317.678	1.0
318.678	1.0
319.678	1.0
320.678	1.0
321.678	1.0
322.678	1.0
323.678	1.0
324.678	1.0
325.678	1.0
326.678	1.0
327.678	1.0
328.678	1.0
329.678	1.0
330.678	1.0
331.678	1.0
332.678	1.0
333.678	1.0
334.678	1.0
335.678	1.0
336.678	1.0
337.678	1.0
338.678	1.0
339.678	1.0
340.678	1.0
341.678	1.0
342.678	1.0
343.678	1.0
344.678	1.0
345.678	1.0
346.678	1.0
347.678	1.0
348.678	1.0
349.678	1.0
350.678	1.0
351.678	1.0
352.678	1.0
353.678	1.0
354.678	1.0
355.678	1.0
356.678	1.0
357.678	1.0
358.678	1.0
359.678	1.0
360.678	1.0
361.678	1.0
362.678	1.0
363.678	1.0
364.678	1.0
365.678	1.0
366.678	1.0
367.678	1.0
368.678	1.0
369.678	1.0
370.678	1.0
371.678	1.0
372.678	1.0
373.678	1.0
374.678	1.0
375.678	1.0
376.678	1.0
377.678	1.0
378.678	1.0
379.678	1.0
380.678	1.0
381.678	1.0
382.678	1.0
383.678	1.0
384.678	1.0
385.678	1.0
386.678	1.0
387.678	1.0
388.678	1.0
389.678	1.0
390.678	1.0
391.678	1.0
392.678	1.0
393.678	1.0
394.678	1.0
395.678	1.0
396.678	1.0
397.678	1.0
398.678	1.0
399.678	1.0
400.678	1.0
401.678	1.0
402.678	1.0
403.678	1.0
404.678	1.0
405.678	1.0
406.678	1.0
407.678	1.0
408.678	1.0
409.678	1.0
410.678	1.0
411.678	1.0
412.678	1.0
413.678	1.0
414.678	1.0
415.678	1.0
416.678	1.0
417.678	1.0
418.678	1.0
419.678	1.0
420.678	1.0
421.678	1.0
422.678	1.0
423.678	1.0
424.678	1.0
425.678	1.0
426.678	1.0
427.678	1.0
428.678	1.0
429.678	1.0
430.678	1.0
431.678	1.0
432.678	1.0
433.678	1.0
434.678	1.0
435.678	1.0
436.678	1.0
437.678	1.0
438.678	1.0
439.678	1.0
440.678	1.0
441.678	1.0
442.678	1.0
443.678	1.0
444.678	1.0
445.678	1.0
446.678	1.0
447.678	1.0
448.678	1.0
449.678	1.0
450.678	1.0
451.678	1.0
452.678	1.0
453.678	1.0
454.678	1.0
455.678	1.0
456.678	1.0
457.678	1.0
458.678	1.0
459.678	1.0
460.678	1.0
461.678	1.0
462.678	1.0
463.678	1.0
464.678	1.0
465.678	1.0
466.678	1.0
467.678	1.0
468.678	1.0
469.678	1.0
470.678	1.0
471.678	1.0
472.678	1.0
473.678	1.0
474.678	1.0
475.678	1.0
476.678	1.0
477.678	1.0
478.678	1.0
479.678	1.0
480.678	1.0
481.678	1.0
482.678	1.0
483.678	1.0
484.678	1.0
485.678	1.0
486.678	1.0
487.678	1.0
488.678	1.0
489.678	1.0
490.678	1.0
491.678	1.0
492.678	1.0
493.678	1.0
494.678	1.0
495.678	1.0
496.678	1.0
497.678	1.0
498.678	1.0
499.678	1.0
500.678	1.0
501.678	1.0
502.678	1.0
503.678	1.0
504.678	1.0
505.678	1.0
506.678	1.0
507.678	1.0
508.678	1.0
509.678	1.0
510.678	1.0
511.678	1.0
512.678	1.0
513.678	1.0
514.678	1.0
515.678	1.0
516.678	1.0
517.678	1.0
518.678	1.0
519.678	1.0
520.678	1.0
521.678	1.0
522.678	1.0
523.678	1.0
524.678	1.0
525.678	1.0
526.678	1.0
527.678	1.0
528.678	1.0
529.678	1.0
530.678	1.0
531.678	1.0
532.678	1.0
533.678	1.0
534.678	1.0
535.678	1.0
536.678	1.0
537.678	1.0
538.678	1.0
539.678	1.0
540.678	1.0
541.678	1.0
542.678	1.0
543.678	1.0
544.678	1.0
545.678	1.0
546.678	1.0
547.678	1.0
548.678	1.0
549.678	1.0
550.678	1.0
551.678	1.0
552.678	1.0
553.678	1.0
554.678	1.0
555.678	1.0
556.678	1.0
557.678	1.0
558.678	1.0
559.678	1.0
560.678	1.0
561.678	1.0
562.678	1.0
563.678	1.0
564.678	1.0
565.678	1.0
566.678	1.0
567.678	1.0
568.678	1.0
569.678	1.0
570.678	1.0
571.678	1.0
572.678	1.0
573.678	1.0
574.678	1.0
575.678	1.0
576.678	1.0
577.678	1.0
578.678	1.0
579.678	1.0
580.678	1.0
581.678	1.0
582.678	1.0
583.678	1.0
584.678	1.0
585.678	1.0
586.678	1.0
587.678	1.0
588.678	1.0
589.678	1.0
590.678	1.0
591.678	1.0
592.678	1.0
593.678	1.0
594.678	1.0
595.678	1.0
596.678	1.0
597.678	1.0
598.678	1.0
599.678	1.0
600.678	1.0
601.678	1.0
602.678	1.0
603.678	1.0
604.678	1.0
605.678	1.0
606.678	1.0
607.678	1.0
608.678	1.0
609.678	1.0
610.678	1.0
611.678	1.0
612.678	1.0
613.678	1.0
614.678	1.0
615.678	1.0
616.678	1.0
617.678	1.0
618.678	1.0
619.678	1.0
620.678	1.0
621.678	1.0
622.678	1.0
623.678	1.0
624.678	1.0
625.678	1.0
626.678	1.0
627.678	1.0
628.678	1.0
629.678	1.0
630.678	1.0
631.678	1.0
632.678	1.0
633.678	1.0
634.678	1.0
635.678	1.0
636.678	1.0
637.678	1.0
638.678	1.0
639.678	1.0
640.678	1.0
641.678	1.0
642.678	1.0
643.678	1.0
644.678	1.0
645.678	1.0
646.678	1.0
647.678	1.0
648.678	1.0
649.678	1.0
650.678	1.0
651.678	1.0
652.678	1.0
653.678	1.0
654.678	1.0
655.678	1.0
656.678	1.0
657.678	1.0
658.678	1.0
659.678	1.0
660.678	1.0
661.678	1.0
662.678	1.0
663.678	1.0
664.678	1.0
665.678	1.0
666.678	1.0
667.678	1.0
668.678	1.0
669.678	1.0
670.678	1.0
671.678	1.0
672.678	1.0
673.678	1.0
674.678	1.0
675.678	1.0
676.678	1.0
677.678	1.0
678.678	1.0
679.678	1.0
680.678	1.0
681.678	1.0
682.678	1.0
683.678	1.0
684.678	1.0
685.678	1.0
686.678	1.0
687.678	1.0
688.678	1.0
689.678	1.0
690.678	1.0
691.678	1.0
692.678	1.0
693.678	1.0
694.678	1.0
695.678	1.0
696.678	1.0
697.678	1.0
698.678	1.0
699.678	1.0
700.678	1.0
701.678	1.0
702.678	1.0
703.678	1.0
704.678	1.0
705.678	1.0
706.678	1.0
707.678	1.0
708.678	1.0
709.678	1.0
710.678	1.0
711.678	1.0
712.678	1.0
713.678	1.0
714.678	1.0
715.678	1.0
716.678	1.0
717.678	1.0
718.678	1.0
719.678	1.0
720.678	1.0
721.678	1.0
722.678	1.0
723.678	1.0
724.678	1.0
725.678	1.0
726.678	1.0
727.678	1.0
728.678	1.0
729.678	1.0
730.678	1.0
731.678	1.0
732.678	1.0
733.678	1.0
734.678	1.0
735.678	1.0
736.678	1.0
737.678	1.0
738.678	1.0
739.678	1.0
740.678	1.0
741.678	1.0
742.678	1.0
743.678	1.0
744.678	1.0
745.678	1.0
746.678	1.0
747.678	1.0
748.678	1.0
749.678	1.0
750.678	1.0
751.678	1.0
752.678	1.0
753.678	1.0
754.678	1.0
755.678	1.0
756.678	1.0
757.678	1.0
758.678	1.0
759.678	1.0
760.678	1.0
761.678	1.0
762.678	1.0
763.678	1.0
764.678	1.0
765.678	1.0
766.678	1.0
767.678	1.0
768.678	1.0
769.678	1.0
770.678	1.0
771.678	1.0
772.678	1.0
773.678	1.0
774.678	1.0
775.678	1.0
776.678	1.0
777.678	1.0
778.678	1.0
779.678	1.0
780.678	1.0
781.678	1.0
782.678	1.0
783.678	1.0
784.678	1.0
785.678	1.0
786.678	1.0
787.678	1.0
788.678	1.0
789.678	1.0
790.678	1.0
791.678	1.0
792.678	1.0
793.678	1.0
794.678	1.0
795.678	1.0
796.678	1.0
797.678	1.0
798.678	1.0
799.678	1.0
800.678	1.0
801.678	1.0
802.678	1.0
803.678	1.0
804.678	1.0
805.678	1.0
806.678	1.0
807.678	1.0
808.678	1.0
809.678	1.0
810.678	1.0
811.678	1.0
812.678	1.0
813.678	1.0
814.678	1.0
815.678	1.0
816.678	1.0
817.678	1.0
818.678	1.0
819.678	1.0
820.678	1.0
821.678	1.0
822.678	1.0
823.678	1.0
824.678	1.0
825.678	1.0
826.678	1.0
827.678	1.0
828.678	1.0
829.678	1.0
830.678	1.0
831.678	1.0
832.678	1.0
833.678	1.0
834.678	1.0
835.678	1.0
836.678	1.0
837.678	1.0
838.678	1.0
839.678	1.0
840.678	1.0
841.678	1.0
842.678	1.0
843.678	1.0
844.678	1.0
845.678	1.0
846.678	1.0
847.678	1.0
848.678	1.0
849.678	1.0
850.678	1.0
851.678	1.0
852.678	1.0
853.678	1.0
854.678	1.0
855.678	1.0
856.678	1.0
857.678	1.0
858.678	1.0
859.678	1.0
860.678	1.0
861.678	1.0
862.678	1.0
863.678	1.0
864.678	1.0
865.678	1.0
866.678	1.0
867.678	1.0
868.678	1.0
869.678	1.0
870.678	1.0
871.678	1.0
872.678	1.0
873.678	1.0
874.678	1.0
875.678	1.0
876.678	1.0
877.678	1.0
878.678	1.0
879.678	1.0
880.678	1.0
881.678	1.0
882.678	1.0
883.678	1.0
884.678	1.0
885.678	1.0
886.678	1.0
887.678	1.0
888.678	1.0
889.678	1.0
890.678	1.0
891.678	1.0
892.678	1.0
893.678	1.0
894.678	1.0
895.678	1.0
896.678	1.0
897.678	1.0
898.678	1.0
899.678	1.0
900.678	1.0
901.678	1.0
902.678	1.0
903.678	1.0
904.678	1.0
905.678	1.0
906.678	1.0
907.678	1.0
908.678	1.0
909.678	1.0
910.678	1.0
911.678	1.0
912.678	1.0
913.678	1.0
914.678	1.0
915.678	1.0
916.678	1.0
917.678	1.0
918.678	1.0
919.678	1.0
920.678	1.0
921.678	1.0
922.678	1.0
923.678	1.0
924.678	1.0
925.678	1.0
926.678	1.0
927.678	1.0
928.678	1.0
929.678	1.0
930.678	1.0
931.678	1.0
932.678	1.0
933.678	1.0
934.678	1.0
935.678	1.0
936.678	1.0
937.678	1.0
938.678	1.0
939.678	1.0
940.678	1.0
941.678	1.0
942.678	1.0
943.678	1.0
944.678	1.0
945.678	1.0
946.678	1.0
947.678	1.0
948.678	1.0
949.678	1.0
950.678	1.0
951.678	1.0
952.678	1.0
953.678	1.0
954.678	1.0
955.678	1.0
956.678	1.0
957.678	1.0
958.678	1.0
959.678	1.0
960.678	1.0
961.678	1.0
962.678	1.0
963.678	1.0
964.678	1.0
965.678	1.0
966.678	1.0
967.678	1.0
968.678	1.0
969.678	1.0
970.678	1.0
971.678	1.0
972.678	1.0
973.678	1.0
974.678	1.0
975.678	1.0
976.678	1.0
977.678	1.0
978.678	1.0
979.678	1.0
980.678	1.0
981.678	1.0
982.678	1.0
983.678	1.0
984.678	1.0
985.678	1.0
986.678	1.0
987.678	1.0
988.678	1.0
989.678	1.0
990.678	1.0
991.678	1.0
992.678	1.0
993.678	1.0
994.678	1.0
995.678	1.0
