0.647	0.5233336927233835
1.5150000000000001	0.531061240372482
2.3810000000000002	0.5226095022004867
3.247	0.515147634231171
4.108	0.5326510520527841
4.985	0.5335340333324758
5.869	0.5169432632326219
6.7540000000000004	0.45258059825395824
7.6290000000000004	0.4397618660932408
8.537	0.42546263284202684
9.438	0.41216384897477026
10.32	0.4111189386950178
11.215	0.39618321547570595
12.127	0.3839981907530379
13.036	0.3659926240943284
13.959	0.3488186904141962
14.876	0.3332317903532427
15.8	0.30512021734800765
16.731	0.27906097566962546
17.667	0.256826029459439
18.609	0.23750577260887748
19.55	0.22542967962993923
20.490000000000002	0.22220840317879498
21.44	0.21164229408128565
22.393	0.20464295997020351
23.355	0.1923727137017983
24.317	0.1832652263304816
25.273	0.18328097152352066
26.233	0.1761687028396619
27.201	0.16450873221803647
28.173000000000002	0.15238137089165854
29.147000000000002	0.13918816740337053
30.122	0.12871593828996927
31.099	0.11768817148398443
32.085	0.10086981113500214
33.065	0.09067649324519995
34.047000000000004	0.07587075909304455
35.03	0.06912150371729348
36.005	0.06697056766240544
36.981	0.06364300931761036
37.958	0.05929428328085192
38.937	0.056847004097323184
39.917	0.054447486861313885
40.906	0.13528744675798915
41.887	0.20519047470504487
42.869	0.45367992377052757
43.85	0.09807186955583348
44.832	0.19760492803448382
45.814	0.21397712317421272
46.795	0.12288035725512235
47.777	0.19604984318197646
48.759	0.23829578774860888
49.741	0.27450579512880247
50.728	0.1675844256384341
51.716	0.2339203925522357
52.697	0.5606397333578642
53.684000000000005	0.5865109645082126
54.673	0.8013028983251341
55.662	0.47297602704253744
56.653	0.9827875652584419
57.641	0.39657566919178344
58.631	0.637866733669716
59.616	0.07864532340593687
60.606	0.24456227936477334
61.597	0.07825781684607011
62.597	0.917096959285113
63.597	1.0
64.59700000000001	1.0
65.59700000000001	1.0
66.59700000000001	1.0
67.59700000000001	1.0
68.59700000000001	1.0
69.59700000000001	1.0
70.59700000000001	1.0
71.59700000000001	1.0
72.59700000000001	1.0
73.59700000000001	1.0
74.59700000000001	1.0
75.59700000000001	1.0
76.59700000000001	1.0
77.59700000000001	1.0
78.59700000000001	1.0
79.59700000000001	1.0
80.59700000000001	1.0
81.59700000000001	1.0
82.59700000000001	1.0
83.59700000000001	1.0
84.59700000000001	1.0
85.59700000000001	1.0
86.59700000000001	1.0
87.59700000000001	1.0
88.59700000000001	1.0
89.59700000000001	1.0
90.59700000000001	1.0
91.59700000000001	1.0
92.59700000000001	1.0
93.59700000000001	1.0
94.59700000000001	1.0
95.59700000000001	1.0
96.59700000000001	1.0
97.59700000000001	1.0
98.59700000000001	1.0
99.59700000000001	1.0
100.59700000000001	1.0
101.59700000000001	1.0
102.59700000000001	1.0
103.59700000000001	1.0
104.59700000000001	1.0
105.59700000000001	1.0
106.59700000000001	1.0
107.59700000000001	1.0
108.59700000000001	1.0
109.59700000000001	1.0
110.59700000000001	1.0
111.59700000000001	1.0
112.59700000000001	1.0
113.59700000000001	1.0
114.59700000000001	1.0
115.59700000000001	1.0
116.59700000000001	1.0
117.59700000000001	1.0
118.59700000000001	1.0
119.59700000000001	1.0
120.59700000000001	1.0
121.59700000000001	1.0
122.59700000000001	1.0
123.59700000000001	1.0
124.59700000000001	1.0
125.59700000000001	1.0
126.59700000000001	1.0
127.59700000000001	1.0
128.597	1.0
129.597	1.0
130.597	1.0
131.597	1.0
132.597	1.0
133.597	1.0
134.597	1.0
135.597	1.0
136.597	1.0
137.597	1.0
138.597	1.0
139.597	1.0
140.597	1.0
141.597	1.0
142.597	1.0
143.597	1.0
144.597	1.0
145.597	1.0
146.597	1.0
147.597	1.0
148.597	1.0
149.597	1.0
150.597	1.0
151.597	1.0
152.597	1.0
153.597	1.0
154.597	1.0
155.597	1.0
156.597	1.0
157.597	1.0
158.597	1.0
159.597	1.0
160.597	1.0
161.597	1.0
162.597	1.0
163.597	1.0
164.597	1.0
165.597	1.0
166.597	1.0
167.597	1.0
168.597	1.0
169.597	1.0
170.597	1.0
171.597	1.0
172.597	1.0
173.597	1.0
174.597	1.0
175.597	1.0
176.597	1.0
177.597	1.0
178.597	1.0
179.597	1.0
180.597	1.0
181.597	1.0
182.597	1.0
183.597	1.0
184.597	1.0
185.597	1.0
186.597	1.0
187.597	1.0
188.597	1.0
189.597	1.0
190.597	1.0
191.597	1.0
192.597	1.0
193.597	1.0
194.597	1.0
195.597	1.0
196.597	1.0
197.597	1.0
198.597	1.0
199.597	1.0
200.597	1.0
201.597	1.0
202.597	1.0
203.597	1.0
204.597	1.0
205.597	1.0
206.597	1.0
207.597	1.0
208.597	1.0
209.597	1.0
210.597	1.0
211.597	1.0
212.597	1.0
213.597	1.0
214.597	1.0
215.597	1.0
216.597	1.0
217.597	1.0
218.597	1.0
219.597	1.0
220.597	1.0
221.597	1.0
222.597	1.0
223.597	1.0
224.597	1.0
225.597	1.0
226.597	1.0
227.597	1.0
228.597	1.0
229.597	1.0
230.597	1.0
231.597	1.0
232.597	1.0
233.597	1.0
234.597	1.0
235.597	1.0
236.597	1.0
237.597	1.0
238.597	1.0
239.597	1.0
240.597	1.0
241.597	1.0
242.597	1.0
243.597	1.0
244.597	1.0
245.597	1.0
246.597	1.0
247.597	1.0
248.597	1.0
249.597	1.0
250.597	1.0
251.597	1.0
252.597	1.0
253.597	1.0
254.597	1.0
255.597	1.0
256.597	1.0
257.597	1.0
258.597	1.0
259.597	1.0
260.597	1.0
261.597	1.0
262.597	1.0
263.597	1.0
264.597	1.0
265.597	1.0
266.597	1.0
267.597	1.0
268.597	1.0
269.597	1.0
270.597	1.0
271.597	1.0
272.597	1.0
273.597	1.0
274.597	1.0
275.597	1.0
276.597	1.0
277.597	1.0
278.597	1.0
279.597	1.0
280.597	1.0
281.597	1.0
282.597	1.0
283.597	1.0
284.597	1.0
285.597	1.0
286.597	1.0
287.597	1.0
288.597	1.0
289.597	1.0
290.597	1.0
291.597	1.0
292.597	1.0
293.597	1.0
294.597	1.0
295.597	1.0
296.597	1.0
297.597	1.0
298.597	1.0
299.597	1.0
300.597	1.0
301.597	1.0
302.597	1.0
303.597	1.0
304.597	1.0
305.597	1.0
306.597	1.0
307.597	1.0
308.597	1.0
309.597	1.0
310.597	1.0
311.597	1.0
312.597	1.0
313.597	1.0
314.597	1.0
315.597	1.0
316.597	1.0
317.597	1.0
318.597	1.0
319.597	1.0
320.597	1.0
321.597	1.0
322.597	1.0
323.597	1.0
324.597	1.0
325.597	1.0
326.597	1.0
327.597	1.0
328.597	1.0
329.597	1.0
330.597	1.0
331.597	1.0
332.597	1.0
333.597	1.0
334.597	1.0
335.597	1.0
336.597	1.0
337.597	1.0
338.597	1.0
339.597	1.0
340.597	1.0
341.597	1.0
342.597	1.0
343.597	1.0
344.597	1.0
345.597	1.0
346.597	1.0
347.597	1.0
348.597	1.0
349.597	1.0
350.597	1.0
351.597	1.0
352.597	1.0
353.597	1.0
354.597	1.0
355.597	1.0
356.597	1.0
357.597	1.0
358.597	1.0
359.597	1.0
360.597	1.0
361.597	1.0
362.597	1.0
363.597	1.0
364.597	1.0
365.597	1.0
366.597	1.0
367.597	1.0
368.597	1.0
369.597	1.0
370.597	1.0
371.597	1.0
372.597	1.0
373.597	1.0
374.597	1.0
375.597	1.0
376.597	1.0
377.597	1.0
378.597	1.0
379.597	1.0
380.597	1.0
381.597	1.0
382.597	1.0
383.597	1.0
384.597	1.0
385.597	1.0
386.597	1.0
387.597	1.0
388.597	1.0
389.597	1.0
390.597	1.0
391.597	1.0
392.597	1.0
393.597	1.0
394.597	1.0
395.597	1.0
396.597	1.0
397.597	1.0
398.597	1.0
399.597	1.0
400.597	1.0
401.597	1.0
402.597	1.0
403.597	1.0
404.59700000000004	1.0
405.59700000000004	1.0
406.59700000000004	1.0
407.59700000000004	1.0
408.59700000000004	1.0
409.59700000000004	1.0
410.59700000000004	1.0
411.59700000000004	1.0
412.59700000000004	1.0
413.59700000000004	1.0
414.59700000000004	1.0
415.59700000000004	1.0
416.59700000000004	1.0
417.59700000000004	1.0
418.59700000000004	1.0
419.59700000000004	1.0
420.59700000000004	1.0
421.59700000000004	1.0
422.59700000000004	1.0
423.59700000000004	1.0
424.59700000000004	1.0
425.59700000000004	1.0
426.59700000000004	1.0
427.59700000000004	1.0
428.59700000000004	1.0
429.59700000000004	1.0
430.59700000000004	1.0
431.59700000000004	1.0
432.59700000000004	1.0
433.59700000000004	1.0
434.59700000000004	1.0
435.59700000000004	1.0
436.59700000000004	1.0
437.59700000000004	1.0
438.59700000000004	1.0
439.59700000000004	1.0
440.59700000000004	1.0
441.59700000000004	1.0
442.59700000000004	1.0
443.59700000000004	1.0
444.59700000000004	1.0
445.59700000000004	1.0
446.59700000000004	1.0
447.59700000000004	1.0
448.59700000000004	1.0
449.59700000000004	1.0
450.59700000000004	1.0
451.59700000000004	1.0
452.59700000000004	1.0
453.59700000000004	1.0
454.59700000000004	1.0
455.59700000000004	1.0
456.59700000000004	1.0
457.59700000000004	1.0
458.59700000000004	1.0
459.59700000000004	1.0
460.59700000000004	1.0
461.59700000000004	1.0
462.59700000000004	1.0
463.59700000000004	1.0
464.59700000000004	1.0
465.59700000000004	1.0
466.59700000000004	1.0
467.59700000000004	1.0
468.59700000000004	1.0
469.59700000000004	1.0
470.59700000000004	1.0
471.59700000000004	1.0
472.59700000000004	1.0
473.59700000000004	1.0
474.59700000000004	1.0
475.59700000000004	1.0
476.59700000000004	1.0
477.59700000000004	1.0
478.59700000000004	1.0
479.59700000000004	1.0
480.59700000000004	1.0
481.59700000000004	1.0
482.59700000000004	1.0
483.59700000000004	1.0
484.59700000000004	1.0
485.59700000000004	1.0
486.59700000000004	1.0
487.59700000000004	1.0
488.59700000000004	1.0
489.59700000000004	1.0
490.59700000000004	1.0
491.59700000000004	1.0
492.59700000000004	1.0
493.59700000000004	1.0
494.59700000000004	1.0
495.59700000000004	1.0
496.59700000000004	1.0
497.59700000000004	1.0
498.59700000000004	1.0
499.59700000000004	1.0
500.59700000000004	1.0
501.59700000000004	1.0
502.59700000000004	1.0
503.59700000000004	1.0
504.59700000000004	1.0
505.59700000000004	1.0
506.59700000000004	1.0
507.59700000000004	1.0
508.59700000000004	1.0
509.59700000000004	1.0
510.59700000000004	1.0
511.59700000000004	1.0
512.597	1.0
513.597	1.0
514.597	1.0
515.597	1.0
516.597	1.0
517.597	1.0
518.597	1.0
519.597	1.0
520.597	1.0
521.597	1.0
522.597	1.0
523.597	1.0
524.597	1.0
525.597	1.0
526.597	1.0
527.597	1.0
528.597	1.0
529.597	1.0
530.597	1.0
531.597	1.0
532.597	1.0
533.597	1.0
534.597	1.0
535.597	1.0
536.597	1.0
537.597	1.0
538.597	1.0
539.597	1.0
540.597	1.0
541.597	1.0
542.597	1.0
543.597	1.0
544.597	1.0
545.597	1.0
546.597	1.0
547.597	1.0
548.597	1.0
549.597	1.0
550.597	1.0
551.597	1.0
552.597	1.0
553.597	1.0
554.597	1.0
555.597	1.0
556.597	1.0
557.597	1.0
558.597	1.0
559.597	1.0
560.597	1.0
561.597	1.0
562.597	1.0
563.597	1.0
564.597	1.0
565.597	1.0
566.597	1.0
567.597	1.0
568.597	1.0
569.597	1.0
570.597	1.0
571.597	1.0
572.597	1.0
573.597	1.0
574.597	1.0
575.597	1.0
576.597	1.0
577.597	1.0
578.597	1.0
579.597	1.0
580.597	1.0
581.597	1.0
582.597	1.0
583.597	1.0
584.597	1.0
585.597	1.0
586.597	1.0
587.597	1.0
588.597	1.0
589.597	1.0
590.597	1.0
591.597	1.0
592.597	1.0
593.597	1.0
594.597	1.0
595.597	1.0
596.597	1.0
597.597	1.0
598.597	1.0
599.597	1.0
600.597	1.0
601.597	1.0
602.597	1.0
603.597	1.0
604.597	1.0
605.597	1.0
606.597	1.0
607.597	1.0
608.597	1.0
609.597	1.0
610.597	1.0
611.597	1.0
612.597	1.0
613.597	1.0
614.597	1.0
615.597	1.0
616.597	1.0
617.597	1.0
618.597	1.0
619.597	1.0
620.597	1.0
621.597	1.0
622.597	1.0
623.597	1.0
624.597	1.0
625.597	1.0
626.597	1.0
627.597	1.0
628.597	1.0
629.597	1.0
630.597	1.0
631.597	1.0
632.597	1.0
633.597	1.0
634.597	1.0
635.597	1.0
636.597	1.0
637.597	1.0
638.597	1.0
639.597	1.0
640.597	1.0
641.597	1.0
642.597	1.0
643.597	1.0
644.597	1.0
645.597	1.0
646.597	1.0
647.597	1.0
648.597	1.0
649.597	1.0
650.597	1.0
651.597	1.0
652.597	1.0
653.597	1.0
654.597	1.0
655.597	1.0
656.597	1.0
657.597	1.0
658.597	1.0
659.597	1.0
660.597	1.0
661.597	1.0
662.597	1.0
663.597	1.0
664.597	1.0
665.597	1.0
666.597	1.0
667.597	1.0
668.597	1.0
669.597	1.0
670.597	1.0
671.597	1.0
672.597	1.0
673.597	1.0
674.597	1.0
675.597	1.0
676.597	1.0
677.597	1.0
678.597	1.0
679.597	1.0
680.597	1.0
681.597	1.0
682.597	1.0
683.597	1.0
684.597	1.0
685.597	1.0
686.597	1.0
687.597	1.0
688.597	1.0
689.597	1.0
690.597	1.0
691.597	1.0
692.597	1.0
693.597	1.0
694.597	1.0
695.597	1.0
696.597	1.0
697.597	1.0
698.597	1.0
699.597	1.0
700.597	1.0
701.597	1.0
702.597	1.0
703.597	1.0
704.597	1.0
705.597	1.0
706.597	1.0
707.597	1.0
708.597	1.0
709.597	1.0
710.597	1.0
711.597	1.0
712.597	1.0
713.597	1.0
714.597	1.0
715.597	1.0
716.597	1.0
717.597	1.0
718.597	1.0
719.597	1.0
720.597	1.0
721.597	1.0
722.597	1.0
723.597	1.0
724.597	1.0
725.597	1.0
726.597	1.0
727.597	1.0
728.597	1.0
729.597	1.0
730.597	1.0
731.597	1.0
732.597	1.0
733.597	1.0
734.597	1.0
735.597	1.0
736.597	1.0
737.597	1.0
738.597	1.0
739.597	1.0
740.597	1.0
741.597	1.0
742.597	1.0
743.597	1.0
744.597	1.0
745.597	1.0
746.597	1.0
747.597	1.0
748.597	1.0
749.597	1.0
750.597	1.0
751.597	1.0
752.597	1.0
753.597	1.0
754.597	1.0
755.597	1.0
756.597	1.0
757.597	1.0
758.597	1.0
759.597	1.0
760.597	1.0
761.597	1.0
762.597	1.0
763.597	1.0
764.597	1.0
765.597	1.0
766.597	1.0
767.597	1.0
768.597	1.0
769.597	1.0
770.597	1.0
771.597	1.0
772.597	1.0
773.597	1.0
774.597	1.0
775.597	1.0
776.597	1.0
777.597	1.0
778.597	1.0
779.597	1.0
780.597	1.0
781.597	1.0
782.597	1.0
783.597	1.0
784.597	1.0
785.597	1.0
786.597	1.0
787.597	1.0
788.597	1.0
789.597	1.0
790.597	1.0
791.597	1.0
792.597	1.0
793.597	1.0
794.597	1.0
795.597	1.0
796.597	1.0
797.597	1.0
798.597	1.0
799.597	1.0
800.597	1.0
801.597	1.0
802.597	1.0
803.597	1.0
804.597	1.0
805.597	1.0
806.597	1.0
807.597	1.0
808.597	1.0
809.597	1.0
810.597	1.0
811.597	1.0
812.597	1.0
813.597	1.0
814.597	1.0
815.597	1.0
816.597	1.0
817.597	1.0
818.597	1.0
819.597	1.0
820.597	1.0
821.597	1.0
822.597	1.0
823.597	1.0
824.597	1.0
825.597	1.0
826.597	1.0
827.597	1.0
828.597	1.0
829.597	1.0
830.597	1.0
831.597	1.0
832.597	1.0
833.597	1.0
834.597	1.0
835.597	1.0
836.597	1.0
837.597	1.0
838.597	1.0
839.597	1.0
840.597	1.0
841.597	1.0
842.597	1.0
843.597	1.0
844.597	1.0
845.597	1.0
846.597	1.0
847.597	1.0
848.597	1.0
849.597	1.0
850.597	1.0
851.597	1.0
852.597	1.0
853.597	1.0
854.597	1.0
855.597	1.0
856.597	1.0
857.597	1.0
858.597	1.0
859.597	1.0
860.597	1.0
861.597	1.0
862.597	1.0
863.597	1.0
864.597	1.0
865.597	1.0
866.597	1.0
867.597	1.0
868.597	1.0
869.597	1.0
870.597	1.0
871.597	1.0
872.597	1.0
873.597	1.0
874.597	1.0
875.597	1.0
876.597	1.0
877.597	1.0
878.597	1.0
879.597	1.0
880.597	1.0
881.597	1.0
882.597	1.0
883.597	1.0
884.597	1.0
885.597	1.0
886.597	1.0
887.597	1.0
888.597	1.0
889.597	1.0
890.597	1.0
891.597	1.0
892.597	1.0
893.597	1.0
894.597	1.0
895.597	1.0
896.597	1.0
897.597	1.0
898.597	1.0
899.597	1.0
900.597	1.0
901.597	1.0
902.597	1.0
903.597	1.0
904.597	1.0
905.597	1.0
906.597	1.0
907.597	1.0
908.597	1.0
909.597	1.0
910.597	1.0
911.597	1.0
912.597	1.0
913.597	1.0
914.597	1.0
915.597	1.0
916.597	1.0
917.597	1.0
918.597	1.0
919.597	1.0
920.597	1.0
921.597	1.0
922.597	1.0
923.597	1.0
924.597	1.0
925.597	1.0
926.597	1.0
927.597	1.0
928.597	1.0
929.597	1.0
930.597	1.0
931.597	1.0
932.597	1.0
933.597	1.0
934.597	1.0
935.597	1.0
936.597	1.0
937.597	1.0
938.597	1.0
939.597	1.0
940.597	1.0
941.597	1.0
942.597	1.0
943.597	1.0
944.597	1.0
945.597	1.0
946.597	1.0
947.597	1.0
948.597	1.0
949.597	1.0
950.597	1.0
951.597	1.0
952.597	1.0
953.597	1.0
954.597	1.0
955.597	1.0
956.597	1.0
957.597	1.0
958.597	1.0
959.597	1.0
960.597	1.0
961.597	1.0
962.597	1.0
963.597	1.0
964.597	1.0
965.597	1.0
966.597	1.0
967.597	1.0
968.597	1.0
969.597	1.0
970.597	1.0
971.597	1.0
972.597	1.0
973.597	1.0
974.597	1.0
975.597	1.0
976.597	1.0
977.597	1.0
978.597	1.0
979.597	1.0
980.597	1.0
981.597	1.0
982.597	1.0
983.597	1.0
984.597	1.0
985.597	1.0
986.597	1.0
987.597	1.0
988.597	1.0
989.597	1.0
990.597	1.0
991.597	1.0
992.597	1.0
993.597	1.0
994.597	1.0
995.597	1.0
996.597	1.0
