0.154	0.5656063113606065
1.045	0.5718355397187812
1.964	0.5708652786379965
2.884	0.5836595332589245
3.799	0.5804131626744816
4.698	0.5837722668969143
5.59	0.5956706068757242
6.481	0.6134253833011336
7.382000000000001	0.6424848669717838
8.273	0.6957168219470817
9.197000000000001	0.7081269609999687
10.088000000000001	0.7355223837823405
10.966000000000001	0.7635552542104392
11.911	0.7545380410455125
12.834	0.759126161479581
13.777000000000001	0.7612454297503782
14.711	0.7676678049005423
15.645	0.7743377955327797
16.578	0.7852137793608484
17.534	0.7805268772438229
18.490000000000002	0.7762871560379487
19.446	0.7800312325308405
20.37	0.8064187774471967
21.307000000000002	0.8301317610793355
22.251	0.8527869116141257
23.22	0.8521071621413409
24.172	0.8610027061388549
25.105	0.8927605551870678
26.036	0.9219620832690538
26.976	0.8423938728592297
27.936	0.495507614700275
28.902	0.5436922528868231
29.87	0.4509783780204674
30.84	0.6093347766885311
31.806	0.6161023653067818
32.772	0.2661994129197409
33.748	0.842231483236915
34.719	0.5663601268666911
35.694	0.5029973205900113
36.671	0.31839632506969595
37.651	0.6549876016085762
38.63	0.49288014483762327
39.607	0.4275091571694695
40.584	0.2573671725774003
41.565	0.5007878143091467
42.552	0.9367912061633425
43.526	0.8307281958886543
44.506	0.802645613448982
45.491	0.861543315333675
46.47	0.30081967128063264
47.458	0.7902262331180658
48.44	0.6755552370415286
49.427	0.8592936551595386
50.412	0.8609590100992269
51.402	0.9651068110898143
52.383	0.8772281521894111
53.366	0.4171014763865585
54.352000000000004	0.3520103681412513
55.343	0.8076183148973407
56.329	0.7687312287281495
57.317	0.7722689376296543
58.308	0.9897857250890719
59.296	0.7708014105614954
60.287	0.9779374652748734
61.275	0.9933137127837197
62.264	0.482754609132002
63.253	0.8839268691364278
64.243	0.5921774348745815
65.234	0.9860710003474499
66.225	0.9919011685170546
67.215	0.9028838721109238
68.206	0.9261664148619386
69.197	0.923047161937612
70.188	0.8236681247994793
71.18	0.47290243785097363
72.173	0.46539649519533505
73.166	0.792638986360531
74.16	0.536350470075958
75.155	0.8658220184110613
76.151	0.8288656540888275
77.148	0.9638782326058796
78.146	0.9358492205801999
79.141	0.4723422591951761
80.141	1.0
81.141	1.0
82.141	1.0
83.141	1.0
84.141	1.0
85.141	1.0
86.141	1.0
87.141	1.0
88.141	1.0
89.141	1.0
90.141	1.0
91.141	1.0
92.141	1.0
93.141	1.0
94.141	1.0
95.141	1.0
96.141	1.0
97.141	1.0
98.141	1.0
99.141	1.0
100.141	1.0
101.141	1.0
102.141	1.0
103.141	1.0
104.141	1.0
105.141	1.0
106.141	1.0
107.141	1.0
108.141	1.0
109.141	1.0
110.141	1.0
111.141	1.0
112.141	1.0
113.141	1.0
114.141	1.0
115.141	1.0
116.141	1.0
117.141	1.0
118.141	1.0
119.141	1.0
120.141	1.0
121.141	1.0
122.141	1.0
123.141	1.0
124.141	1.0
125.141	1.0
126.141	1.0
127.141	1.0
128.141	1.0
129.141	1.0
130.141	1.0
131.141	1.0
132.141	1.0
133.141	1.0
134.141	1.0
135.141	1.0
136.141	1.0
137.141	1.0
138.141	1.0
139.141	1.0
140.141	1.0
141.141	1.0
142.141	1.0
143.141	1.0
144.141	1.0
145.141	1.0
146.141	1.0
147.141	1.0
148.141	1.0
149.141	1.0
150.141	1.0
151.141	1.0
152.141	1.0
153.141	1.0
154.141	1.0
155.141	1.0
156.141	1.0
157.141	1.0
158.141	1.0
159.141	1.0
160.141	1.0
161.141	1.0
162.141	1.0
163.141	1.0
164.141	1.0
165.141	1.0
166.141	1.0
167.141	1.0
168.141	1.0
169.141	1.0
170.141	1.0
171.141	1.0
172.141	1.0
173.141	1.0
174.141	1.0
175.141	1.0
176.141	1.0
177.141	1.0
178.141	1.0
179.141	1.0
180.141	1.0
181.141	1.0
182.141	1.0
183.141	1.0
184.141	1.0
185.141	1.0
186.141	1.0
187.141	1.0
188.141	1.0
189.141	1.0
190.141	1.0
191.141	1.0
192.141	1.0
193.141	1.0
194.141	1.0
195.141	1.0
196.141	1.0
197.141	1.0
198.141	1.0
199.141	1.0
200.141	1.0
201.141	1.0
202.141	1.0
203.141	1.0
204.141	1.0
205.141	1.0
206.141	1.0
207.141	1.0
208.141	1.0
209.141	1.0
210.141	1.0
211.141	1.0
212.141	1.0
213.141	1.0
214.141	1.0
215.141	1.0
216.141	1.0
217.141	1.0
218.141	1.0
219.141	1.0
220.141	1.0
221.141	1.0
222.141	1.0
223.141	1.0
224.141	1.0
225.141	1.0
226.141	1.0
227.141	1.0
228.141	1.0
229.141	1.0
230.141	1.0
231.141	1.0
232.141	1.0
233.141	1.0
234.141	1.0
235.141	1.0
236.141	1.0
237.141	1.0
238.141	1.0
239.141	1.0
240.141	1.0
241.141	1.0
242.141	1.0
243.141	1.0
244.141	1.0
245.141	1.0
246.141	1.0
247.141	1.0
248.141	1.0
249.141	1.0
250.141	1.0
251.141	1.0
252.141	1.0
253.141	1.0
254.141	1.0
255.141	1.0
256.141	1.0
257.141	1.0
258.141	1.0
259.141	1.0
260.141	1.0
261.141	1.0
262.141	1.0
263.141	1.0
264.141	1.0
265.141	1.0
266.141	1.0
267.141	1.0
268.141	1.0
269.141	1.0
270.141	1.0
271.141	1.0
272.141	1.0
273.141	1.0
274.141	1.0
275.141	1.0
276.141	1.0
277.141	1.0
278.141	1.0
279.141	1.0
280.141	1.0
281.141	1.0
282.141	1.0
283.141	1.0
284.141	1.0
285.141	1.0
286.141	1.0
287.141	1.0
288.141	1.0
289.141	1.0
290.141	1.0
291.141	1.0
292.141	1.0
293.141	1.0
294.141	1.0
295.141	1.0
296.141	1.0
297.141	1.0
298.141	1.0
299.141	1.0
300.141	1.0
301.141	1.0
302.141	1.0
303.141	1.0
304.141	1.0
305.141	1.0
306.141	1.0
307.141	1.0
308.141	1.0
309.141	1.0
310.141	1.0
311.141	1.0
312.141	1.0
313.141	1.0
314.141	1.0
315.141	1.0
316.141	1.0
317.141	1.0
318.141	1.0
319.141	1.0
320.141	1.0
321.141	1.0
322.141	1.0
323.141	1.0
324.141	1.0
325.141	1.0
326.141	1.0
327.141	1.0
328.141	1.0
329.141	1.0
330.141	1.0
331.141	1.0
332.141	1.0
333.141	1.0
334.141	1.0
335.141	1.0
336.141	1.0
337.141	1.0
338.141	1.0
339.141	1.0
340.141	1.0
341.141	1.0
342.141	1.0
343.141	1.0
344.141	1.0
345.141	1.0
346.141	1.0
347.141	1.0
348.141	1.0
349.141	1.0
350.141	1.0
351.141	1.0
352.141	1.0
353.141	1.0
354.141	1.0
355.141	1.0
356.141	1.0
357.141	1.0
358.141	1.0
359.141	1.0
360.141	1.0
361.141	1.0
362.141	1.0
363.141	1.0
364.141	1.0
365.141	1.0
366.141	1.0
367.141	1.0
368.141	1.0
369.141	1.0
370.141	1.0
371.141	1.0
372.141	1.0
373.141	1.0
374.141	1.0
375.141	1.0
376.141	1.0
377.141	1.0
378.141	1.0
379.141	1.0
380.141	1.0
381.141	1.0
382.141	1.0
383.141	1.0
384.141	1.0
385.141	1.0
386.141	1.0
387.141	1.0
388.141	1.0
389.141	1.0
390.141	1.0
391.141	1.0
392.141	1.0
393.141	1.0
394.141	1.0
395.141	1.0
396.141	1.0
397.141	1.0
398.141	1.0
399.141	1.0
400.141	1.0
401.141	1.0
402.141	1.0
403.141	1.0
404.141	1.0
405.141	1.0
406.141	1.0
407.141	1.0
408.141	1.0
409.141	1.0
410.141	1.0
411.141	1.0
412.141	1.0
413.141	1.0
414.141	1.0
415.141	1.0
416.141	1.0
417.141	1.0
418.141	1.0
419.141	1.0
420.141	1.0
421.141	1.0
422.141	1.0
423.141	1.0
424.141	1.0
425.141	1.0
426.141	1.0
427.141	1.0
428.141	1.0
429.141	1.0
430.141	1.0
431.141	1.0
432.141	1.0
433.141	1.0
434.141	1.0
435.141	1.0
436.141	1.0
437.141	1.0
438.141	1.0
439.141	1.0
440.141	1.0
441.141	1.0
442.141	1.0
443.141	1.0
444.141	1.0
445.141	1.0
446.141	1.0
447.141	1.0
448.141	1.0
449.141	1.0
450.141	1.0
451.141	1.0
452.141	1.0
453.141	1.0
454.141	1.0
455.141	1.0
456.141	1.0
457.141	1.0
458.141	1.0
459.141	1.0
460.141	1.0
461.141	1.0
462.141	1.0
463.141	1.0
464.141	1.0
465.141	1.0
466.141	1.0
467.141	1.0
468.141	1.0
469.141	1.0
470.141	1.0
471.141	1.0
472.141	1.0
473.141	1.0
474.141	1.0
475.141	1.0
476.141	1.0
477.141	1.0
478.141	1.0
479.141	1.0
480.141	1.0
481.141	1.0
482.141	1.0
483.141	1.0
484.141	1.0
485.141	1.0
486.141	1.0
487.141	1.0
488.141	1.0
489.141	1.0
490.141	1.0
491.141	1.0
492.141	1.0
493.141	1.0
494.141	1.0
495.141	1.0
496.141	1.0
497.141	1.0
498.141	1.0
499.141	1.0
500.141	1.0
501.141	1.0
502.141	1.0
503.141	1.0
504.141	1.0
505.141	1.0
506.141	1.0
507.141	1.0
508.141	1.0
509.141	1.0
510.141	1.0
511.141	1.0
512.141	1.0
513.141	1.0
514.141	1.0
515.141	1.0
516.141	1.0
517.141	1.0
518.141	1.0
519.141	1.0
520.141	1.0
521.141	1.0
522.141	1.0
523.141	1.0
524.141	1.0
525.141	1.0
526.141	1.0
527.141	1.0
528.141	1.0
529.141	1.0
530.141	1.0
531.141	1.0
532.141	1.0
533.141	1.0
534.141	1.0
535.141	1.0
536.141	1.0
537.141	1.0
538.141	1.0
539.141	1.0
540.141	1.0
541.141	1.0
542.141	1.0
543.141	1.0
544.141	1.0
545.141	1.0
546.141	1.0
547.141	1.0
548.141	1.0
549.141	1.0
550.141	1.0
551.141	1.0
552.141	1.0
553.141	1.0
554.141	1.0
555.141	1.0
556.141	1.0
557.141	1.0
558.141	1.0
559.141	1.0
560.141	1.0
561.141	1.0
562.141	1.0
563.141	1.0
564.141	1.0
565.141	1.0
566.141	1.0
567.141	1.0
568.141	1.0
569.141	1.0
570.141	1.0
571.141	1.0
572.141	1.0
573.141	1.0
574.141	1.0
575.141	1.0
576.141	1.0
577.141	1.0
578.141	1.0
579.141	1.0
580.141	1.0
581.141	1.0
582.141	1.0
583.141	1.0
584.141	1.0
585.141	1.0
586.141	1.0
587.141	1.0
588.141	1.0
589.141	1.0
590.141	1.0
591.141	1.0
592.141	1.0
593.141	1.0
594.141	1.0
595.141	1.0
596.141	1.0
597.141	1.0
598.141	1.0
599.141	1.0
600.141	1.0
601.141	1.0
602.141	1.0
603.141	1.0
604.141	1.0
605.141	1.0
606.141	1.0
607.141	1.0
608.141	1.0
609.141	1.0
610.141	1.0
611.141	1.0
612.141	1.0
613.141	1.0
614.141	1.0
615.141	1.0
616.141	1.0
617.141	1.0
618.141	1.0
619.141	1.0
620.141	1.0
621.141	1.0
622.141	1.0
623.141	1.0
624.141	1.0
625.141	1.0
626.141	1.0
627.141	1.0
628.141	1.0
629.141	1.0
630.141	1.0
631.141	1.0
632.141	1.0
633.141	1.0
634.141	1.0
635.141	1.0
636.141	1.0
637.141	1.0
638.141	1.0
639.141	1.0
640.141	1.0
641.141	1.0
642.141	1.0
643.141	1.0
644.141	1.0
645.141	1.0
646.141	1.0
647.141	1.0
648.141	1.0
649.141	1.0
650.141	1.0
651.141	1.0
652.141	1.0
653.141	1.0
654.141	1.0
655.141	1.0
656.141	1.0
657.141	1.0
658.141	1.0
659.141	1.0
660.141	1.0
661.141	1.0
662.141	1.0
663.141	1.0
664.141	1.0
665.141	1.0
666.141	1.0
667.141	1.0
668.141	1.0
669.141	1.0
670.141	1.0
671.141	1.0
672.141	1.0
673.141	1.0
674.141	1.0
675.141	1.0
676.141	1.0
677.141	1.0
678.141	1.0
679.141	1.0
680.141	1.0
681.141	1.0
682.141	1.0
683.141	1.0
684.141	1.0
685.141	1.0
686.141	1.0
687.141	1.0
688.141	1.0
689.141	1.0
690.141	1.0
691.141	1.0
692.141	1.0
693.141	1.0
694.141	1.0
695.141	1.0
696.141	1.0
697.141	1.0
698.141	1.0
699.141	1.0
700.141	1.0
701.141	1.0
702.141	1.0
703.141	1.0
704.141	1.0
705.141	1.0
706.141	1.0
707.141	1.0
708.141	1.0
709.141	1.0
710.141	1.0
711.141	1.0
712.141	1.0
713.141	1.0
714.141	1.0
715.141	1.0
716.141	1.0
717.141	1.0
718.141	1.0
719.141	1.0
720.141	1.0
721.141	1.0
722.141	1.0
723.141	1.0
724.141	1.0
725.141	1.0
726.141	1.0
727.141	1.0
728.141	1.0
729.141	1.0
730.141	1.0
731.141	1.0
732.141	1.0
733.141	1.0
734.141	1.0
735.141	1.0
736.141	1.0
737.141	1.0
738.141	1.0
739.141	1.0
740.141	1.0
741.141	1.0
742.141	1.0
743.141	1.0
744.141	1.0
745.141	1.0
746.141	1.0
747.141	1.0
748.141	1.0
749.141	1.0
750.141	1.0
751.141	1.0
752.141	1.0
753.141	1.0
754.141	1.0
755.141	1.0
756.141	1.0
757.141	1.0
758.141	1.0
759.141	1.0
760.141	1.0
761.141	1.0
762.141	1.0
763.141	1.0
764.141	1.0
765.141	1.0
766.141	1.0
767.141	1.0
768.141	1.0
769.141	1.0
770.141	1.0
771.141	1.0
772.141	1.0
773.141	1.0
774.141	1.0
775.141	1.0
776.141	1.0
777.141	1.0
778.141	1.0
779.141	1.0
780.141	1.0
781.141	1.0
782.141	1.0
783.141	1.0
784.141	1.0
785.141	1.0
786.141	1.0
787.141	1.0
788.141	1.0
789.141	1.0
790.141	1.0
791.141	1.0
792.141	1.0
793.141	1.0
794.141	1.0
795.141	1.0
796.141	1.0
797.141	1.0
798.141	1.0
799.141	1.0
800.141	1.0
801.141	1.0
802.141	1.0
803.141	1.0
804.141	1.0
805.141	1.0
806.141	1.0
807.141	1.0
808.141	1.0
809.141	1.0
810.141	1.0
811.141	1.0
812.141	1.0
813.141	1.0
814.141	1.0
815.141	1.0
816.141	1.0
817.141	1.0
818.141	1.0
819.141	1.0
820.141	1.0
821.141	1.0
822.141	1.0
823.141	1.0
824.141	1.0
825.141	1.0
826.141	1.0
827.141	1.0
828.141	1.0
829.141	1.0
830.141	1.0
831.141	1.0
832.141	1.0
833.141	1.0
834.141	1.0
835.141	1.0
836.141	1.0
837.141	1.0
838.141	1.0
839.141	1.0
840.141	1.0
841.141	1.0
842.141	1.0
843.141	1.0
844.141	1.0
845.141	1.0
846.141	1.0
847.141	1.0
848.141	1.0
849.141	1.0
850.141	1.0
851.141	1.0
852.141	1.0
853.141	1.0
854.141	1.0
855.141	1.0
856.141	1.0
857.141	1.0
858.141	1.0
859.141	1.0
860.141	1.0
861.141	1.0
862.141	1.0
863.141	1.0
864.141	1.0
865.141	1.0
866.141	1.0
867.141	1.0
868.141	1.0
869.141	1.0
870.141	1.0
871.141	1.0
872.141	1.0
873.141	1.0
874.141	1.0
875.141	1.0
876.141	1.0
877.141	1.0
878.141	1.0
879.141	1.0
880.141	1.0
881.141	1.0
882.141	1.0
883.141	1.0
884.141	1.0
885.141	1.0
886.141	1.0
887.141	1.0
888.141	1.0
889.141	1.0
890.141	1.0
891.141	1.0
892.141	1.0
893.141	1.0
894.141	1.0
895.141	1.0
896.141	1.0
897.141	1.0
898.141	1.0
899.141	1.0
900.141	1.0
901.141	1.0
902.141	1.0
903.141	1.0
904.141	1.0
905.141	1.0
906.141	1.0
907.141	1.0
908.141	1.0
909.141	1.0
910.141	1.0
911.141	1.0
912.141	1.0
913.141	1.0
914.141	1.0
915.141	1.0
916.141	1.0
917.141	1.0
918.141	1.0
919.141	1.0
920.141	1.0
921.141	1.0
922.141	1.0
923.141	1.0
924.141	1.0
925.141	1.0
926.141	1.0
927.141	1.0
928.141	1.0
929.141	1.0
930.141	1.0
931.141	1.0
932.141	1.0
933.141	1.0
934.141	1.0
935.141	1.0
936.141	1.0
937.141	1.0
938.141	1.0
939.141	1.0
940.1410000000001	1.0
941.1410000000001	1.0
942.1410000000001	1.0
943.1410000000001	1.0
944.1410000000001	1.0
945.1410000000001	1.0
946.1410000000001	1.0
947.1410000000001	1.0
948.1410000000001	1.0
949.1410000000001	1.0
950.1410000000001	1.0
951.1410000000001	1.0
952.1410000000001	1.0
953.1410000000001	1.0
954.1410000000001	1.0
955.1410000000001	1.0
956.1410000000001	1.0
957.1410000000001	1.0
958.1410000000001	1.0
959.1410000000001	1.0
960.1410000000001	1.0
961.1410000000001	1.0
962.1410000000001	1.0
963.1410000000001	1.0
964.1410000000001	1.0
965.1410000000001	1.0
966.1410000000001	1.0
967.1410000000001	1.0
968.1410000000001	1.0
969.1410000000001	1.0
970.1410000000001	1.0
971.1410000000001	1.0
972.1410000000001	1.0
973.1410000000001	1.0
974.1410000000001	1.0
975.1410000000001	1.0
976.1410000000001	1.0
977.1410000000001	1.0
978.1410000000001	1.0
979.1410000000001	1.0
980.1410000000001	1.0
981.1410000000001	1.0
982.1410000000001	1.0
983.1410000000001	1.0
984.1410000000001	1.0
985.1410000000001	1.0
986.1410000000001	1.0
987.1410000000001	1.0
988.1410000000001	1.0
989.1410000000001	1.0
990.1410000000001	1.0
991.1410000000001	1.0
992.1410000000001	1.0
993.1410000000001	1.0
994.1410000000001	1.0
995.1410000000001	1.0
996.1410000000001	1.0
