0.403	0.545311412875815
1.3	0.5626564209639013
2.178	0.5539570334545203
3.068	0.545029515795846
3.958	0.5812394560180253
4.841	0.5973989378177216
5.752	0.5968045399334614
6.657	0.6126036742731905
7.555	0.6104107532258329
8.459	0.6234937346138386
9.368	0.6455528386078595
10.27	0.654422884838598
11.172	0.6577861267077404
12.083	0.6692969844439189
13.002	0.6839899316093749
13.9	0.7184704129980842
14.796000000000001	0.7437569477728733
15.694	0.7507400585499112
16.611	0.7634016257091912
17.517	0.7172897511610874
18.455000000000002	0.772217443610888
19.401	0.792943532718317
20.341	0.8090974514185012
21.258	0.8085180149998851
22.194	0.7998506059748005
23.122	0.8102157042813072
24.052	0.777732698632112
24.987000000000002	0.7279739477355482
25.931	0.7467383389418558
26.876	0.7953580052816027
27.830000000000002	0.8445455885740405
28.769000000000002	0.8094021740416236
29.715	0.7182238603833896
30.673000000000002	0.8260912411227139
31.627	0.8687314106766773
32.582	0.8509819413745077
33.562	0.8807460323745518
34.53	0.8971850993495661
35.485	0.8982229736056401
36.433	0.755244204146469
37.396	0.7116849766564405
38.369	0.8661651035237412
39.33	0.791931412622721
40.303000000000004	0.8351766482744324
41.274	0.6873919442829827
42.243	0.6928795310754583
43.215	0.36099988774272085
44.193	0.7949413144768668
45.165	0.6804157403643382
46.136	0.11421001239361026
47.114000000000004	0.10215616689320024
48.093	0.5541920692368406
49.076	0.7692037949482986
50.058	0.7801891820100891
51.036	0.885527244473751
52.018	0.5465021902967248
53.002	0.7823282505080885
53.985	0.5538613993899933
54.971000000000004	0.679893784190379
55.959	0.8716469615469907
56.946	0.8957115707450112
57.937000000000005	0.9496628126943337
58.919000000000004	0.9387175499638041
59.911	0.6143871757677233
60.907000000000004	0.784912657291765
61.902	0.6361815873369788
62.897	0.45090499842374954
63.895	0.6885664664153951
64.894	0.8339448153990485
65.894	1.0
66.894	1.0
67.894	1.0
68.894	1.0
69.894	1.0
70.894	1.0
71.894	1.0
72.894	1.0
73.894	1.0
74.894	1.0
75.894	1.0
76.894	1.0
77.894	1.0
78.894	1.0
79.894	1.0
80.894	1.0
81.894	1.0
82.894	1.0
83.894	1.0
84.894	1.0
85.894	1.0
86.894	1.0
87.894	1.0
88.894	1.0
89.894	1.0
90.894	1.0
91.894	1.0
92.894	1.0
93.894	1.0
94.894	1.0
95.894	1.0
96.894	1.0
97.894	1.0
98.894	1.0
99.894	1.0
100.894	1.0
101.894	1.0
102.894	1.0
103.894	1.0
104.894	1.0
105.894	1.0
106.894	1.0
107.894	1.0
108.894	1.0
109.894	1.0
110.894	1.0
111.894	1.0
112.894	1.0
113.894	1.0
114.894	1.0
115.894	1.0
116.894	1.0
117.894	1.0
118.894	1.0
119.894	1.0
120.894	1.0
121.894	1.0
122.894	1.0
123.894	1.0
124.894	1.0
125.894	1.0
126.894	1.0
127.894	1.0
128.894	1.0
129.894	1.0
130.894	1.0
131.894	1.0
132.894	1.0
133.894	1.0
134.894	1.0
135.894	1.0
136.894	1.0
137.894	1.0
138.894	1.0
139.894	1.0
140.894	1.0
141.894	1.0
142.894	1.0
143.894	1.0
144.894	1.0
145.894	1.0
146.894	1.0
147.894	1.0
148.894	1.0
149.894	1.0
150.894	1.0
151.894	1.0
152.894	1.0
153.894	1.0
154.894	1.0
155.894	1.0
156.894	1.0
157.894	1.0
158.894	1.0
159.894	1.0
160.894	1.0
161.894	1.0
162.894	1.0
163.894	1.0
164.894	1.0
165.894	1.0
166.894	1.0
167.894	1.0
168.894	1.0
169.894	1.0
170.894	1.0
171.894	1.0
172.894	1.0
173.894	1.0
174.894	1.0
175.894	1.0
176.894	1.0
177.894	1.0
178.894	1.0
179.894	1.0
180.894	1.0
181.894	1.0
182.894	1.0
183.894	1.0
184.894	1.0
185.894	1.0
186.894	1.0
187.894	1.0
188.894	1.0
189.894	1.0
190.894	1.0
191.894	1.0
192.894	1.0
193.894	1.0
194.894	1.0
195.894	1.0
196.894	1.0
197.894	1.0
198.894	1.0
199.894	1.0
200.894	1.0
201.894	1.0
202.894	1.0
203.894	1.0
204.894	1.0
205.894	1.0
206.894	1.0
207.894	1.0
208.894	1.0
209.894	1.0
210.894	1.0
211.894	1.0
212.894	1.0
213.894	1.0
214.894	1.0
215.894	1.0
216.894	1.0
217.894	1.0
218.894	1.0
219.894	1.0
220.894	1.0
221.894	1.0
222.894	1.0
223.894	1.0
224.894	1.0
225.894	1.0
226.894	1.0
227.894	1.0
228.894	1.0
229.894	1.0
230.894	1.0
231.894	1.0
232.894	1.0
233.894	1.0
234.894	1.0
235.894	1.0
236.894	1.0
237.894	1.0
238.894	1.0
239.894	1.0
240.894	1.0
241.894	1.0
242.894	1.0
243.894	1.0
244.894	1.0
245.894	1.0
246.894	1.0
247.894	1.0
248.894	1.0
249.894	1.0
250.894	1.0
251.894	1.0
252.894	1.0
253.894	1.0
254.894	1.0
255.894	1.0
256.894	1.0
257.894	1.0
258.894	1.0
259.894	1.0
260.894	1.0
261.894	1.0
262.894	1.0
263.894	1.0
264.894	1.0
265.894	1.0
266.894	1.0
267.894	1.0
268.894	1.0
269.894	1.0
270.894	1.0
271.894	1.0
272.894	1.0
273.894	1.0
274.894	1.0
275.894	1.0
276.894	1.0
277.894	1.0
278.894	1.0
279.894	1.0
280.894	1.0
281.894	1.0
282.894	1.0
283.894	1.0
284.894	1.0
285.894	1.0
286.894	1.0
287.894	1.0
288.894	1.0
289.894	1.0
290.894	1.0
291.894	1.0
292.894	1.0
293.894	1.0
294.894	1.0
295.894	1.0
296.894	1.0
297.894	1.0
298.894	1.0
299.894	1.0
300.894	1.0
301.894	1.0
302.894	1.0
303.894	1.0
304.894	1.0
305.894	1.0
306.894	1.0
307.894	1.0
308.894	1.0
309.894	1.0
310.894	1.0
311.894	1.0
312.894	1.0
313.894	1.0
314.894	1.0
315.894	1.0
316.894	1.0
317.894	1.0
318.894	1.0
319.894	1.0
320.894	1.0
321.894	1.0
322.894	1.0
323.894	1.0
324.894	1.0
325.894	1.0
326.894	1.0
327.894	1.0
328.894	1.0
329.894	1.0
330.894	1.0
331.894	1.0
332.894	1.0
333.894	1.0
334.894	1.0
335.894	1.0
336.894	1.0
337.894	1.0
338.894	1.0
339.894	1.0
340.894	1.0
341.894	1.0
342.894	1.0
343.894	1.0
344.894	1.0
345.894	1.0
346.894	1.0
347.894	1.0
348.894	1.0
349.894	1.0
350.894	1.0
351.894	1.0
352.894	1.0
353.894	1.0
354.894	1.0
355.894	1.0
356.894	1.0
357.894	1.0
358.894	1.0
359.894	1.0
360.894	1.0
361.894	1.0
362.894	1.0
363.894	1.0
364.894	1.0
365.894	1.0
366.894	1.0
367.894	1.0
368.894	1.0
369.894	1.0
370.894	1.0
371.894	1.0
372.894	1.0
373.894	1.0
374.894	1.0
375.894	1.0
376.894	1.0
377.894	1.0
378.894	1.0
379.894	1.0
380.894	1.0
381.894	1.0
382.894	1.0
383.894	1.0
384.894	1.0
385.894	1.0
386.894	1.0
387.894	1.0
388.894	1.0
389.894	1.0
390.894	1.0
391.894	1.0
392.894	1.0
393.894	1.0
394.894	1.0
395.894	1.0
396.894	1.0
397.894	1.0
398.894	1.0
399.894	1.0
400.894	1.0
401.894	1.0
402.894	1.0
403.894	1.0
404.894	1.0
405.894	1.0
406.894	1.0
407.894	1.0
408.894	1.0
409.894	1.0
410.894	1.0
411.894	1.0
412.894	1.0
413.894	1.0
414.894	1.0
415.894	1.0
416.894	1.0
417.894	1.0
418.894	1.0
419.894	1.0
420.894	1.0
421.894	1.0
422.894	1.0
423.894	1.0
424.894	1.0
425.894	1.0
426.894	1.0
427.894	1.0
428.894	1.0
429.894	1.0
430.894	1.0
431.894	1.0
432.894	1.0
433.894	1.0
434.894	1.0
435.894	1.0
436.894	1.0
437.894	1.0
438.894	1.0
439.894	1.0
440.894	1.0
441.894	1.0
442.894	1.0
443.894	1.0
444.894	1.0
445.894	1.0
446.894	1.0
447.894	1.0
448.894	1.0
449.894	1.0
450.894	1.0
451.894	1.0
452.894	1.0
453.894	1.0
454.894	1.0
455.894	1.0
456.894	1.0
457.894	1.0
458.894	1.0
459.894	1.0
460.894	1.0
461.894	1.0
462.894	1.0
463.894	1.0
464.894	1.0
465.894	1.0
466.894	1.0
467.894	1.0
468.894	1.0
469.894	1.0
470.894	1.0
471.894	1.0
472.894	1.0
473.894	1.0
474.894	1.0
475.894	1.0
476.894	1.0
477.894	1.0
478.894	1.0
479.894	1.0
480.894	1.0
481.894	1.0
482.894	1.0
483.894	1.0
484.894	1.0
485.894	1.0
486.894	1.0
487.894	1.0
488.894	1.0
489.894	1.0
490.894	1.0
491.894	1.0
492.894	1.0
493.894	1.0
494.894	1.0
495.894	1.0
496.894	1.0
497.894	1.0
498.894	1.0
499.894	1.0
500.894	1.0
501.894	1.0
502.894	1.0
503.894	1.0
504.894	1.0
505.894	1.0
506.894	1.0
507.894	1.0
508.894	1.0
509.894	1.0
510.894	1.0
511.894	1.0
512.894	1.0
513.894	1.0
514.894	1.0
515.894	1.0
516.894	1.0
517.894	1.0
518.894	1.0
519.894	1.0
520.894	1.0
521.894	1.0
522.894	1.0
523.894	1.0
524.894	1.0
525.894	1.0
526.894	1.0
527.894	1.0
528.894	1.0
529.894	1.0
530.894	1.0
531.894	1.0
532.894	1.0
533.894	1.0
534.894	1.0
535.894	1.0
536.894	1.0
537.894	1.0
538.894	1.0
539.894	1.0
540.894	1.0
541.894	1.0
542.894	1.0
543.894	1.0
544.894	1.0
545.894	1.0
546.894	1.0
547.894	1.0
548.894	1.0
549.894	1.0
550.894	1.0
551.894	1.0
552.894	1.0
553.894	1.0
554.894	1.0
555.894	1.0
556.894	1.0
557.894	1.0
558.894	1.0
559.894	1.0
560.894	1.0
561.894	1.0
562.894	1.0
563.894	1.0
564.894	1.0
565.894	1.0
566.894	1.0
567.894	1.0
568.894	1.0
569.894	1.0
570.894	1.0
571.894	1.0
572.894	1.0
573.894	1.0
574.894	1.0
575.894	1.0
576.894	1.0
577.894	1.0
578.894	1.0
579.894	1.0
580.894	1.0
581.894	1.0
582.894	1.0
583.894	1.0
584.894	1.0
585.894	1.0
586.894	1.0
587.894	1.0
588.894	1.0
589.894	1.0
590.894	1.0
591.894	1.0
592.894	1.0
593.894	1.0
594.894	1.0
595.894	1.0
596.894	1.0
597.894	1.0
598.894	1.0
599.894	1.0
600.894	1.0
601.894	1.0
602.894	1.0
603.894	1.0
604.894	1.0
605.894	1.0
606.894	1.0
607.894	1.0
608.894	1.0
609.894	1.0
610.894	1.0
611.894	1.0
612.894	1.0
613.894	1.0
614.894	1.0
615.894	1.0
616.894	1.0
617.894	1.0
618.894	1.0
619.894	1.0
620.894	1.0
621.894	1.0
622.894	1.0
623.894	1.0
624.894	1.0
625.894	1.0
626.894	1.0
627.894	1.0
628.894	1.0
629.894	1.0
630.894	1.0
631.894	1.0
632.894	1.0
633.894	1.0
634.894	1.0
635.894	1.0
636.894	1.0
637.894	1.0
638.894	1.0
639.894	1.0
640.894	1.0
641.894	1.0
642.894	1.0
643.894	1.0
644.894	1.0
645.894	1.0
646.894	1.0
647.894	1.0
648.894	1.0
649.894	1.0
650.894	1.0
651.894	1.0
652.894	1.0
653.894	1.0
654.894	1.0
655.894	1.0
656.894	1.0
657.894	1.0
658.894	1.0
659.894	1.0
660.894	1.0
661.894	1.0
662.894	1.0
663.894	1.0
664.894	1.0
665.894	1.0
666.894	1.0
667.894	1.0
668.894	1.0
669.894	1.0
670.894	1.0
671.894	1.0
672.894	1.0
673.894	1.0
674.894	1.0
675.894	1.0
676.894	1.0
677.894	1.0
678.894	1.0
679.894	1.0
680.894	1.0
681.894	1.0
682.894	1.0
683.894	1.0
684.894	1.0
685.894	1.0
686.894	1.0
687.894	1.0
688.894	1.0
689.894	1.0
690.894	1.0
691.894	1.0
692.894	1.0
693.894	1.0
694.894	1.0
695.894	1.0
696.894	1.0
697.894	1.0
698.894	1.0
699.894	1.0
700.894	1.0
701.894	1.0
702.894	1.0
703.894	1.0
704.894	1.0
705.894	1.0
706.894	1.0
707.894	1.0
708.894	1.0
709.894	1.0
710.894	1.0
711.894	1.0
712.894	1.0
713.894	1.0
714.894	1.0
715.894	1.0
716.894	1.0
717.894	1.0
718.894	1.0
719.894	1.0
720.894	1.0
721.894	1.0
722.894	1.0
723.894	1.0
724.894	1.0
725.894	1.0
726.894	1.0
727.894	1.0
728.894	1.0
729.894	1.0
730.894	1.0
731.894	1.0
732.894	1.0
733.894	1.0
734.894	1.0
735.894	1.0
736.894	1.0
737.894	1.0
738.894	1.0
739.894	1.0
740.894	1.0
741.894	1.0
742.894	1.0
743.894	1.0
744.894	1.0
745.894	1.0
746.894	1.0
747.894	1.0
748.894	1.0
749.894	1.0
750.894	1.0
751.894	1.0
752.894	1.0
753.894	1.0
754.894	1.0
755.894	1.0
756.894	1.0
757.894	1.0
758.894	1.0
759.894	1.0
760.894	1.0
761.894	1.0
762.894	1.0
763.894	1.0
764.894	1.0
765.894	1.0
766.894	1.0
767.894	1.0
768.894	1.0
769.894	1.0
770.894	1.0
771.894	1.0
772.894	1.0
773.894	1.0
774.894	1.0
775.894	1.0
776.894	1.0
777.894	1.0
778.894	1.0
779.894	1.0
780.894	1.0
781.894	1.0
782.894	1.0
783.894	1.0
784.894	1.0
785.894	1.0
786.894	1.0
787.894	1.0
788.894	1.0
789.894	1.0
790.894	1.0
791.894	1.0
792.894	1.0
793.894	1.0
794.894	1.0
795.894	1.0
796.894	1.0
797.894	1.0
798.894	1.0
799.894	1.0
800.894	1.0
801.894	1.0
802.894	1.0
803.894	1.0
804.894	1.0
805.894	1.0
806.894	1.0
807.894	1.0
808.894	1.0
809.894	1.0
810.894	1.0
811.894	1.0
812.894	1.0
813.894	1.0
814.894	1.0
815.894	1.0
816.894	1.0
817.894	1.0
818.894	1.0
819.894	1.0
820.894	1.0
821.894	1.0
822.894	1.0
823.894	1.0
824.894	1.0
825.894	1.0
826.894	1.0
827.894	1.0
828.894	1.0
829.894	1.0
830.894	1.0
831.894	1.0
832.894	1.0
833.894	1.0
834.894	1.0
835.894	1.0
836.894	1.0
837.894	1.0
838.894	1.0
839.894	1.0
840.894	1.0
841.894	1.0
842.894	1.0
843.894	1.0
844.894	1.0
845.894	1.0
846.894	1.0
847.894	1.0
848.894	1.0
849.894	1.0
850.894	1.0
851.894	1.0
852.894	1.0
853.894	1.0
854.894	1.0
855.894	1.0
856.894	1.0
857.894	1.0
858.894	1.0
859.894	1.0
860.894	1.0
861.894	1.0
862.894	1.0
863.894	1.0
864.894	1.0
865.894	1.0
866.894	1.0
867.894	1.0
868.894	1.0
869.894	1.0
870.894	1.0
871.894	1.0
872.894	1.0
873.894	1.0
874.894	1.0
875.894	1.0
876.894	1.0
877.894	1.0
878.894	1.0
879.894	1.0
880.894	1.0
881.894	1.0
882.894	1.0
883.894	1.0
884.894	1.0
885.894	1.0
886.894	1.0
887.894	1.0
888.894	1.0
889.894	1.0
890.894	1.0
891.894	1.0
892.894	1.0
893.894	1.0
894.894	1.0
895.894	1.0
896.894	1.0
897.894	1.0
898.894	1.0
899.894	1.0
900.894	1.0
901.894	1.0
902.894	1.0
903.894	1.0
904.894	1.0
905.894	1.0
906.894	1.0
907.894	1.0
908.894	1.0
909.894	1.0
910.894	1.0
911.894	1.0
912.894	1.0
913.894	1.0
914.894	1.0
915.894	1.0
916.894	1.0
917.894	1.0
918.894	1.0
919.894	1.0
920.894	1.0
921.894	1.0
922.894	1.0
923.894	1.0
924.894	1.0
925.894	1.0
926.894	1.0
927.894	1.0
928.894	1.0
929.894	1.0
930.894	1.0
931.894	1.0
932.894	1.0
933.894	1.0
934.894	1.0
935.894	1.0
936.894	1.0
937.894	1.0
938.894	1.0
939.894	1.0
940.894	1.0
941.894	1.0
942.894	1.0
943.894	1.0
944.894	1.0
945.894	1.0
946.894	1.0
947.894	1.0
948.894	1.0
949.894	1.0
950.894	1.0
951.894	1.0
952.894	1.0
953.894	1.0
954.894	1.0
955.894	1.0
956.894	1.0
957.894	1.0
958.894	1.0
959.894	1.0
960.894	1.0
961.894	1.0
962.894	1.0
963.894	1.0
964.894	1.0
965.894	1.0
966.894	1.0
967.894	1.0
968.894	1.0
969.894	1.0
970.894	1.0
971.894	1.0
972.894	1.0
973.894	1.0
974.894	1.0
975.894	1.0
976.894	1.0
977.894	1.0
978.894	1.0
979.894	1.0
980.894	1.0
981.894	1.0
982.894	1.0
983.894	1.0
984.894	1.0
985.894	1.0
986.894	1.0
987.894	1.0
988.894	1.0
989.894	1.0
990.894	1.0
991.894	1.0
992.894	1.0
993.894	1.0
994.894	1.0
995.894	1.0
