0.247	0.5782984983650356
1.157	0.5897151146593633
2.062	0.5910089295580391
2.959	0.5930240211330967
3.868	0.5769365488662482
4.774	0.5986271957466889
5.67	0.630843465404462
6.563	0.6677605962781162
7.466	0.6942086621380273
8.384	0.7297927789110281
9.290000000000001	0.7520113905460256
10.215	0.7796708126591102
11.123000000000001	0.7990999736353922
12.036	0.8130557651697161
12.938	0.8288812311955187
13.874	0.8399453465028013
14.801	0.8540347819838697
15.736	0.8658190033849151
16.689	0.8840479837148336
17.633	0.8964749887262914
18.593	0.8951481117009513
19.536	0.8690220624548585
20.489	0.7613770846795243
21.457	0.8849861912358665
22.422	0.894324333206164
23.379	0.7812266666944994
24.349	0.8695400722151504
25.330000000000002	0.9220563697137573
26.283	0.7870126908215612
27.252	0.8438176993585067
28.217000000000002	0.6550426625213578
29.187	0.7915112874869646
30.154	0.687055550437554
31.145	0.9309375569731058
32.097	0.8780373038798045
33.063	0.7751790170040916
34.032000000000004	0.866342753902445
35.014	0.9234253223065203
35.980000000000004	0.8878094320188694
36.957	0.8275818725509176
37.947	0.9605170350078468
38.928	0.8141737537384447
39.919000000000004	0.9481975694945798
40.910000000000004	0.9710368380843001
41.910000000000004	0.9587380706950254
42.891	0.9520585233241542
43.871	0.8936178913847895
44.858000000000004	0.16780343955014781
45.849000000000004	0.7481898165235974
46.839	0.8241027858277999
47.829	0.6917435385258629
48.82	0.9532331539560973
49.811	0.9826733499935048
50.801	0.8962619627155706
51.792	0.9714919510496164
52.783	0.9761916997627568
53.77	0.8000110684652566
54.761	0.9450108773130453
55.749	0.5846265803429871
56.74	0.909087793050555
57.730000000000004	0.7136064120073261
58.72	0.6441442425064327
59.71	0.6904732765526973
60.7	0.7235437044024937
61.690000000000005	0.7860599484339347
62.681000000000004	0.9507140287845048
63.67	0.8214908639574138
64.66	0.9400254150673552
65.649	0.9402282057612843
66.639	0.9390109202238525
67.628	0.9481936303894907
68.614	0.635512351881324
69.604	0.7738638149653394
70.59400000000001	0.5810048879087504
71.58500000000001	0.9377208075571982
72.572	0.6703728376046466
73.56	0.6253824360146004
74.56	0.9833245314901937
75.54	0.5618083423763923
76.53	0.27746442971983015
77.521	0.4391514758937179
78.512	0.5416215391700867
79.487	0.492689148518344
80.477	0.9294898748089149
81.46600000000001	0.8172758130464415
82.447	0.8248266894706094
83.437	0.4836118688256599
84.418	0.6192049253470341
85.399	0.9782240135508105
86.375	0.7345616621308692
87.35300000000001	0.43397815382706284
88.34400000000001	0.9293302625456528
89.33500000000001	0.9873952735367911
90.319	0.2834222465354903
91.31	0.5633461824824395
92.291	0.676342073005854
93.272	0.8113115748541083
94.253	0.9788185087470477
95.23400000000001	0.994008127137774
96.215	0.9886084168207833
97.194	0.9407460807191859
98.175	0.505210839123768
99.165	0.9682665726945834
100.139	0.9071530428311456
101.126	0.4976516485720188
102.117	0.8816837301746434
103.111	0.8291161375661702
104.107	0.868119016704912
105.105	0.9403385514339777
106.105	1.0
107.105	1.0
108.105	1.0
109.105	1.0
110.105	1.0
111.105	1.0
112.105	1.0
113.105	1.0
114.105	1.0
115.105	1.0
116.105	1.0
117.105	1.0
118.105	1.0
119.105	1.0
120.105	1.0
121.105	1.0
122.105	1.0
123.105	1.0
124.105	1.0
125.105	1.0
126.105	1.0
127.105	1.0
128.105	1.0
129.105	1.0
130.105	1.0
131.105	1.0
132.105	1.0
133.105	1.0
134.105	1.0
135.105	1.0
136.105	1.0
137.105	1.0
138.105	1.0
139.105	1.0
140.105	1.0
141.105	1.0
142.105	1.0
143.105	1.0
144.105	1.0
145.105	1.0
146.105	1.0
147.105	1.0
148.105	1.0
149.105	1.0
150.105	1.0
151.105	1.0
152.105	1.0
153.105	1.0
154.105	1.0
155.105	1.0
156.105	1.0
157.105	1.0
158.105	1.0
159.105	1.0
160.105	1.0
161.105	1.0
162.105	1.0
163.105	1.0
164.105	1.0
165.105	1.0
166.105	1.0
167.105	1.0
168.105	1.0
169.105	1.0
170.105	1.0
171.105	1.0
172.105	1.0
173.105	1.0
174.105	1.0
175.105	1.0
176.105	1.0
177.105	1.0
178.105	1.0
179.105	1.0
180.105	1.0
181.105	1.0
182.105	1.0
183.105	1.0
184.105	1.0
185.105	1.0
186.105	1.0
187.105	1.0
188.105	1.0
189.105	1.0
190.105	1.0
191.105	1.0
192.10500000000002	1.0
193.10500000000002	1.0
194.10500000000002	1.0
195.10500000000002	1.0
196.10500000000002	1.0
197.10500000000002	1.0
198.10500000000002	1.0
199.10500000000002	1.0
200.10500000000002	1.0
201.10500000000002	1.0
202.10500000000002	1.0
203.10500000000002	1.0
204.10500000000002	1.0
205.10500000000002	1.0
206.10500000000002	1.0
207.10500000000002	1.0
208.10500000000002	1.0
209.10500000000002	1.0
210.10500000000002	1.0
211.10500000000002	1.0
212.10500000000002	1.0
213.10500000000002	1.0
214.10500000000002	1.0
215.10500000000002	1.0
216.10500000000002	1.0
217.10500000000002	1.0
218.10500000000002	1.0
219.10500000000002	1.0
220.10500000000002	1.0
221.10500000000002	1.0
222.10500000000002	1.0
223.10500000000002	1.0
224.10500000000002	1.0
225.10500000000002	1.0
226.10500000000002	1.0
227.10500000000002	1.0
228.10500000000002	1.0
229.10500000000002	1.0
230.10500000000002	1.0
231.10500000000002	1.0
232.10500000000002	1.0
233.10500000000002	1.0
234.10500000000002	1.0
235.10500000000002	1.0
236.10500000000002	1.0
237.10500000000002	1.0
238.10500000000002	1.0
239.10500000000002	1.0
240.10500000000002	1.0
241.10500000000002	1.0
242.10500000000002	1.0
243.10500000000002	1.0
244.10500000000002	1.0
245.10500000000002	1.0
246.10500000000002	1.0
247.10500000000002	1.0
248.10500000000002	1.0
249.10500000000002	1.0
250.10500000000002	1.0
251.10500000000002	1.0
252.10500000000002	1.0
253.10500000000002	1.0
254.10500000000002	1.0
255.10500000000002	1.0
256.105	1.0
257.105	1.0
258.105	1.0
259.105	1.0
260.105	1.0
261.105	1.0
262.105	1.0
263.105	1.0
264.105	1.0
265.105	1.0
266.105	1.0
267.105	1.0
268.105	1.0
269.105	1.0
270.105	1.0
271.105	1.0
272.105	1.0
273.105	1.0
274.105	1.0
275.105	1.0
276.105	1.0
277.105	1.0
278.105	1.0
279.105	1.0
280.105	1.0
281.105	1.0
282.105	1.0
283.105	1.0
284.105	1.0
285.105	1.0
286.105	1.0
287.105	1.0
288.105	1.0
289.105	1.0
290.105	1.0
291.105	1.0
292.105	1.0
293.105	1.0
294.105	1.0
295.105	1.0
296.105	1.0
297.105	1.0
298.105	1.0
299.105	1.0
300.105	1.0
301.105	1.0
302.105	1.0
303.105	1.0
304.105	1.0
305.105	1.0
306.105	1.0
307.105	1.0
308.105	1.0
309.105	1.0
310.105	1.0
311.105	1.0
312.105	1.0
313.105	1.0
314.105	1.0
315.105	1.0
316.105	1.0
317.105	1.0
318.105	1.0
319.105	1.0
320.105	1.0
321.105	1.0
322.105	1.0
323.105	1.0
324.105	1.0
325.105	1.0
326.105	1.0
327.105	1.0
328.105	1.0
329.105	1.0
330.105	1.0
331.105	1.0
332.105	1.0
333.105	1.0
334.105	1.0
335.105	1.0
336.105	1.0
337.105	1.0
338.105	1.0
339.105	1.0
340.105	1.0
341.105	1.0
342.105	1.0
343.105	1.0
344.105	1.0
345.105	1.0
346.105	1.0
347.105	1.0
348.105	1.0
349.105	1.0
350.105	1.0
351.105	1.0
352.105	1.0
353.105	1.0
354.105	1.0
355.105	1.0
356.105	1.0
357.105	1.0
358.105	1.0
359.105	1.0
360.105	1.0
361.105	1.0
362.105	1.0
363.105	1.0
364.105	1.0
365.105	1.0
366.105	1.0
367.105	1.0
368.105	1.0
369.105	1.0
370.105	1.0
371.105	1.0
372.105	1.0
373.105	1.0
374.105	1.0
375.105	1.0
376.105	1.0
377.105	1.0
378.105	1.0
379.105	1.0
380.105	1.0
381.105	1.0
382.105	1.0
383.105	1.0
384.105	1.0
385.105	1.0
386.105	1.0
387.105	1.0
388.105	1.0
389.105	1.0
390.105	1.0
391.105	1.0
392.105	1.0
393.105	1.0
394.105	1.0
395.105	1.0
396.105	1.0
397.105	1.0
398.105	1.0
399.105	1.0
400.105	1.0
401.105	1.0
402.105	1.0
403.105	1.0
404.105	1.0
405.105	1.0
406.105	1.0
407.105	1.0
408.105	1.0
409.105	1.0
410.105	1.0
411.105	1.0
412.105	1.0
413.105	1.0
414.105	1.0
415.105	1.0
416.105	1.0
417.105	1.0
418.105	1.0
419.105	1.0
420.105	1.0
421.105	1.0
422.105	1.0
423.105	1.0
424.105	1.0
425.105	1.0
426.105	1.0
427.105	1.0
428.105	1.0
429.105	1.0
430.105	1.0
431.105	1.0
432.105	1.0
433.105	1.0
434.105	1.0
435.105	1.0
436.105	1.0
437.105	1.0
438.105	1.0
439.105	1.0
440.105	1.0
441.105	1.0
442.105	1.0
443.105	1.0
444.105	1.0
445.105	1.0
446.105	1.0
447.105	1.0
448.105	1.0
449.105	1.0
450.105	1.0
451.105	1.0
452.105	1.0
453.105	1.0
454.105	1.0
455.105	1.0
456.105	1.0
457.105	1.0
458.105	1.0
459.105	1.0
460.105	1.0
461.105	1.0
462.105	1.0
463.105	1.0
464.105	1.0
465.105	1.0
466.105	1.0
467.105	1.0
468.105	1.0
469.105	1.0
470.105	1.0
471.105	1.0
472.105	1.0
473.105	1.0
474.105	1.0
475.105	1.0
476.105	1.0
477.105	1.0
478.105	1.0
479.105	1.0
480.105	1.0
481.105	1.0
482.105	1.0
483.105	1.0
484.105	1.0
485.105	1.0
486.105	1.0
487.105	1.0
488.105	1.0
489.105	1.0
490.105	1.0
491.105	1.0
492.105	1.0
493.105	1.0
494.105	1.0
495.105	1.0
496.105	1.0
497.105	1.0
498.105	1.0
499.105	1.0
500.105	1.0
501.105	1.0
502.105	1.0
503.105	1.0
504.105	1.0
505.105	1.0
506.105	1.0
507.105	1.0
508.105	1.0
509.105	1.0
510.105	1.0
511.105	1.0
512.105	1.0
513.105	1.0
514.105	1.0
515.105	1.0
516.105	1.0
517.105	1.0
518.105	1.0
519.105	1.0
520.105	1.0
521.105	1.0
522.105	1.0
523.105	1.0
524.105	1.0
525.105	1.0
526.105	1.0
527.105	1.0
528.105	1.0
529.105	1.0
530.105	1.0
531.105	1.0
532.105	1.0
533.105	1.0
534.105	1.0
535.105	1.0
536.105	1.0
537.105	1.0
538.105	1.0
539.105	1.0
540.105	1.0
541.105	1.0
542.105	1.0
543.105	1.0
544.105	1.0
545.105	1.0
546.105	1.0
547.105	1.0
548.105	1.0
549.105	1.0
550.105	1.0
551.105	1.0
552.105	1.0
553.105	1.0
554.105	1.0
555.105	1.0
556.105	1.0
557.105	1.0
558.105	1.0
559.105	1.0
560.105	1.0
561.105	1.0
562.105	1.0
563.105	1.0
564.105	1.0
565.105	1.0
566.105	1.0
567.105	1.0
568.105	1.0
569.105	1.0
570.105	1.0
571.105	1.0
572.105	1.0
573.105	1.0
574.105	1.0
575.105	1.0
576.105	1.0
577.105	1.0
578.105	1.0
579.105	1.0
580.105	1.0
581.105	1.0
582.105	1.0
583.105	1.0
584.105	1.0
585.105	1.0
586.105	1.0
587.105	1.0
588.105	1.0
589.105	1.0
590.105	1.0
591.105	1.0
592.105	1.0
593.105	1.0
594.105	1.0
595.105	1.0
596.105	1.0
597.105	1.0
598.105	1.0
599.105	1.0
600.105	1.0
601.105	1.0
602.105	1.0
603.105	1.0
604.105	1.0
605.105	1.0
606.105	1.0
607.105	1.0
608.105	1.0
609.105	1.0
610.105	1.0
611.105	1.0
612.105	1.0
613.105	1.0
614.105	1.0
615.105	1.0
616.105	1.0
617.105	1.0
618.105	1.0
619.105	1.0
620.105	1.0
621.105	1.0
622.105	1.0
623.105	1.0
624.105	1.0
625.105	1.0
626.105	1.0
627.105	1.0
628.105	1.0
629.105	1.0
630.105	1.0
631.105	1.0
632.105	1.0
633.105	1.0
634.105	1.0
635.105	1.0
636.105	1.0
637.105	1.0
638.105	1.0
639.105	1.0
640.105	1.0
641.105	1.0
642.105	1.0
643.105	1.0
644.105	1.0
645.105	1.0
646.105	1.0
647.105	1.0
648.105	1.0
649.105	1.0
650.105	1.0
651.105	1.0
652.105	1.0
653.105	1.0
654.105	1.0
655.105	1.0
656.105	1.0
657.105	1.0
658.105	1.0
659.105	1.0
660.105	1.0
661.105	1.0
662.105	1.0
663.105	1.0
664.105	1.0
665.105	1.0
666.105	1.0
667.105	1.0
668.105	1.0
669.105	1.0
670.105	1.0
671.105	1.0
672.105	1.0
673.105	1.0
674.105	1.0
675.105	1.0
676.105	1.0
677.105	1.0
678.105	1.0
679.105	1.0
680.105	1.0
681.105	1.0
682.105	1.0
683.105	1.0
684.105	1.0
685.105	1.0
686.105	1.0
687.105	1.0
688.105	1.0
689.105	1.0
690.105	1.0
691.105	1.0
692.105	1.0
693.105	1.0
694.105	1.0
695.105	1.0
696.105	1.0
697.105	1.0
698.105	1.0
699.105	1.0
700.105	1.0
701.105	1.0
702.105	1.0
703.105	1.0
704.105	1.0
705.105	1.0
706.105	1.0
707.105	1.0
708.105	1.0
709.105	1.0
710.105	1.0
711.105	1.0
712.105	1.0
713.105	1.0
714.105	1.0
715.105	1.0
716.105	1.0
717.105	1.0
718.105	1.0
719.105	1.0
720.105	1.0
721.105	1.0
722.105	1.0
723.105	1.0
724.105	1.0
725.105	1.0
726.105	1.0
727.105	1.0
728.105	1.0
729.105	1.0
730.105	1.0
731.105	1.0
732.105	1.0
733.105	1.0
734.105	1.0
735.105	1.0
736.105	1.0
737.105	1.0
738.105	1.0
739.105	1.0
740.105	1.0
741.105	1.0
742.105	1.0
743.105	1.0
744.105	1.0
745.105	1.0
746.105	1.0
747.105	1.0
748.105	1.0
749.105	1.0
750.105	1.0
751.105	1.0
752.105	1.0
753.105	1.0
754.105	1.0
755.105	1.0
756.105	1.0
757.105	1.0
758.105	1.0
759.105	1.0
760.105	1.0
761.105	1.0
762.105	1.0
763.105	1.0
764.105	1.0
765.105	1.0
766.105	1.0
767.105	1.0
768.105	1.0
769.105	1.0
770.105	1.0
771.105	1.0
772.105	1.0
773.105	1.0
774.105	1.0
775.105	1.0
776.105	1.0
777.105	1.0
778.105	1.0
779.105	1.0
780.105	1.0
781.105	1.0
782.105	1.0
783.105	1.0
784.105	1.0
785.105	1.0
786.105	1.0
787.105	1.0
788.105	1.0
789.105	1.0
790.105	1.0
791.105	1.0
792.105	1.0
793.105	1.0
794.105	1.0
795.105	1.0
796.105	1.0
797.105	1.0
798.105	1.0
799.105	1.0
800.105	1.0
801.105	1.0
802.105	1.0
803.105	1.0
804.105	1.0
805.105	1.0
806.105	1.0
807.105	1.0
808.105	1.0
809.105	1.0
810.105	1.0
811.105	1.0
812.105	1.0
813.105	1.0
814.105	1.0
815.105	1.0
816.105	1.0
817.105	1.0
818.105	1.0
819.105	1.0
820.105	1.0
821.105	1.0
822.105	1.0
823.105	1.0
824.105	1.0
825.105	1.0
826.105	1.0
827.105	1.0
828.105	1.0
829.105	1.0
830.105	1.0
831.105	1.0
832.105	1.0
833.105	1.0
834.105	1.0
835.105	1.0
836.105	1.0
837.105	1.0
838.105	1.0
839.105	1.0
840.105	1.0
841.105	1.0
842.105	1.0
843.105	1.0
844.105	1.0
845.105	1.0
846.105	1.0
847.105	1.0
848.105	1.0
849.105	1.0
850.105	1.0
851.105	1.0
852.105	1.0
853.105	1.0
854.105	1.0
855.105	1.0
856.105	1.0
857.105	1.0
858.105	1.0
859.105	1.0
860.105	1.0
861.105	1.0
862.105	1.0
863.105	1.0
864.105	1.0
865.105	1.0
866.105	1.0
867.105	1.0
868.105	1.0
869.105	1.0
870.105	1.0
871.105	1.0
872.105	1.0
873.105	1.0
874.105	1.0
875.105	1.0
876.105	1.0
877.105	1.0
878.105	1.0
879.105	1.0
880.105	1.0
881.105	1.0
882.105	1.0
883.105	1.0
884.105	1.0
885.105	1.0
886.105	1.0
887.105	1.0
888.105	1.0
889.105	1.0
890.105	1.0
891.105	1.0
892.105	1.0
893.105	1.0
894.105	1.0
895.105	1.0
896.105	1.0
897.105	1.0
898.105	1.0
899.105	1.0
900.105	1.0
901.105	1.0
902.105	1.0
903.105	1.0
904.105	1.0
905.105	1.0
906.105	1.0
907.105	1.0
908.105	1.0
909.105	1.0
910.105	1.0
911.105	1.0
912.105	1.0
913.105	1.0
914.105	1.0
915.105	1.0
916.105	1.0
917.105	1.0
918.105	1.0
919.105	1.0
920.105	1.0
921.105	1.0
922.105	1.0
923.105	1.0
924.105	1.0
925.105	1.0
926.105	1.0
927.105	1.0
928.105	1.0
929.105	1.0
930.105	1.0
931.105	1.0
932.105	1.0
933.105	1.0
934.105	1.0
935.105	1.0
936.105	1.0
937.105	1.0
938.105	1.0
939.105	1.0
940.105	1.0
941.105	1.0
942.105	1.0
943.105	1.0
944.105	1.0
945.105	1.0
946.105	1.0
947.105	1.0
948.105	1.0
949.105	1.0
950.105	1.0
951.105	1.0
952.105	1.0
953.105	1.0
954.105	1.0
955.105	1.0
956.105	1.0
957.105	1.0
958.105	1.0
959.105	1.0
960.105	1.0
961.105	1.0
962.105	1.0
963.105	1.0
964.105	1.0
965.105	1.0
966.105	1.0
967.105	1.0
968.105	1.0
969.105	1.0
970.105	1.0
971.105	1.0
972.105	1.0
973.105	1.0
974.105	1.0
975.105	1.0
976.105	1.0
977.105	1.0
978.105	1.0
979.105	1.0
980.105	1.0
981.105	1.0
982.105	1.0
983.105	1.0
984.105	1.0
985.105	1.0
986.105	1.0
987.105	1.0
988.105	1.0
989.105	1.0
990.105	1.0
991.105	1.0
992.105	1.0
993.105	1.0
994.105	1.0
995.105	1.0
996.105	1.0
