0.152	0.5262862738538608
1.0190000000000001	0.5352745244165852
1.901	0.5169307067257773
2.7840000000000003	0.49690838374776747
3.6590000000000003	0.48130226694170064
4.545	0.4775588863590653
5.437	0.471642023282795
6.341	0.46812473666914295
7.248	0.4618419941471525
8.161	0.4446761318237365
9.064	0.432039086180582
9.98	0.4352894726548844
10.893	0.42692248419256024
11.796	0.4068785028787549
12.728	0.4123531670078153
13.636000000000001	0.3764808238164769
14.561	0.3328034689396337
15.497	0.30966504364823044
16.435	0.3221223508148302
17.373	0.3583974604345426
18.302	0.3350017979095073
19.242	0.2912819805537571
20.183	0.28611839197135824
21.127	0.2283925019936665
22.07	0.20750424923580718
23.009	0.18418793707552825
23.966	0.22865496562988186
24.914	0.20546538166865622
25.871000000000002	0.3735333312922353
26.822	0.22875330907124136
27.777	0.18005572907805087
28.733	0.15556798983298012
29.694	0.1545785522756943
30.650000000000002	0.1398226305462491
31.609	0.11520656562419303
32.579	0.11610994103359819
33.541000000000004	0.09659002984785242
34.505	0.09577502610936493
35.478	0.32179287928759737
36.453	0.8718509705021252
37.414	0.5416976360569926
38.389	0.6527932062241413
39.357	0.25502619697276413
40.33	0.3901665897542715
41.304	0.6462234903151179
42.277	0.2703174662279013
43.257	0.7148192630455823
44.227000000000004	0.29869204232522706
45.206	0.27972427738422195
46.187	0.7603144125556398
47.171	0.9413905641758864
48.148	0.9217025595414089
49.129	0.8564675398985706
50.111000000000004	0.17621354924700489
51.096000000000004	0.7921651119370174
52.085	0.8922485981488124
53.076	0.5369258878907797
54.073	0.3096703638470533
55.072	0.6212054453190212
56.072	1.0
57.072	1.0
58.072	1.0
59.072	1.0
60.072	1.0
61.072	1.0
62.072	1.0
63.072	1.0
64.072	1.0
65.072	1.0
66.072	1.0
67.072	1.0
68.072	1.0
69.072	1.0
70.072	1.0
71.072	1.0
72.072	1.0
73.072	1.0
74.072	1.0
75.072	1.0
76.072	1.0
77.072	1.0
78.072	1.0
79.072	1.0
80.072	1.0
81.072	1.0
82.072	1.0
83.072	1.0
84.072	1.0
85.072	1.0
86.072	1.0
87.072	1.0
88.072	1.0
89.072	1.0
90.072	1.0
91.072	1.0
92.072	1.0
93.072	1.0
94.072	1.0
95.072	1.0
96.072	1.0
97.072	1.0
98.072	1.0
99.072	1.0
100.072	1.0
101.072	1.0
102.072	1.0
103.072	1.0
104.072	1.0
105.072	1.0
106.072	1.0
107.072	1.0
108.072	1.0
109.072	1.0
110.072	1.0
111.072	1.0
112.072	1.0
113.072	1.0
114.072	1.0
115.072	1.0
116.072	1.0
117.072	1.0
118.072	1.0
119.072	1.0
120.072	1.0
121.072	1.0
122.072	1.0
123.072	1.0
124.072	1.0
125.072	1.0
126.072	1.0
127.072	1.0
128.072	1.0
129.072	1.0
130.072	1.0
131.072	1.0
132.072	1.0
133.072	1.0
134.072	1.0
135.072	1.0
136.072	1.0
137.072	1.0
138.072	1.0
139.072	1.0
140.072	1.0
141.072	1.0
142.072	1.0
143.072	1.0
144.072	1.0
145.072	1.0
146.072	1.0
147.072	1.0
148.072	1.0
149.072	1.0
150.072	1.0
151.072	1.0
152.072	1.0
153.072	1.0
154.072	1.0
155.072	1.0
156.072	1.0
157.072	1.0
158.072	1.0
159.072	1.0
160.072	1.0
161.072	1.0
162.072	1.0
163.072	1.0
164.072	1.0
165.072	1.0
166.072	1.0
167.072	1.0
168.072	1.0
169.072	1.0
170.072	1.0
171.072	1.0
172.072	1.0
173.072	1.0
174.072	1.0
175.072	1.0
176.072	1.0
177.072	1.0
178.072	1.0
179.072	1.0
180.072	1.0
181.072	1.0
182.072	1.0
183.072	1.0
184.072	1.0
185.072	1.0
186.072	1.0
187.072	1.0
188.072	1.0
189.072	1.0
190.072	1.0
191.072	1.0
192.072	1.0
193.072	1.0
194.072	1.0
195.072	1.0
196.072	1.0
197.072	1.0
198.072	1.0
199.072	1.0
200.072	1.0
201.072	1.0
202.072	1.0
203.072	1.0
204.072	1.0
205.072	1.0
206.072	1.0
207.072	1.0
208.072	1.0
209.072	1.0
210.072	1.0
211.072	1.0
212.072	1.0
213.072	1.0
214.072	1.0
215.072	1.0
216.072	1.0
217.072	1.0
218.072	1.0
219.072	1.0
220.072	1.0
221.072	1.0
222.072	1.0
223.072	1.0
224.072	1.0
225.072	1.0
226.072	1.0
227.072	1.0
228.072	1.0
229.072	1.0
230.072	1.0
231.072	1.0
232.072	1.0
233.072	1.0
234.072	1.0
235.072	1.0
236.072	1.0
237.072	1.0
238.072	1.0
239.072	1.0
240.072	1.0
241.072	1.0
242.072	1.0
243.072	1.0
244.072	1.0
245.072	1.0
246.072	1.0
247.072	1.0
248.072	1.0
249.072	1.0
250.072	1.0
251.072	1.0
252.072	1.0
253.072	1.0
254.072	1.0
255.072	1.0
256.072	1.0
257.072	1.0
258.072	1.0
259.072	1.0
260.072	1.0
261.072	1.0
262.072	1.0
263.072	1.0
264.072	1.0
265.072	1.0
266.072	1.0
267.072	1.0
268.072	1.0
269.072	1.0
270.072	1.0
271.072	1.0
272.072	1.0
273.072	1.0
274.072	1.0
275.072	1.0
276.072	1.0
277.072	1.0
278.072	1.0
279.072	1.0
280.072	1.0
281.072	1.0
282.072	1.0
283.072	1.0
284.072	1.0
285.072	1.0
286.072	1.0
287.072	1.0
288.072	1.0
289.072	1.0
290.072	1.0
291.072	1.0
292.072	1.0
293.072	1.0
294.072	1.0
295.072	1.0
296.072	1.0
297.072	1.0
298.072	1.0
299.072	1.0
300.072	1.0
301.072	1.0
302.072	1.0
303.072	1.0
304.072	1.0
305.072	1.0
306.072	1.0
307.072	1.0
308.072	1.0
309.072	1.0
310.072	1.0
311.072	1.0
312.072	1.0
313.072	1.0
314.072	1.0
315.072	1.0
316.072	1.0
317.072	1.0
318.072	1.0
319.072	1.0
320.072	1.0
321.072	1.0
322.072	1.0
323.072	1.0
324.072	1.0
325.072	1.0
326.072	1.0
327.072	1.0
328.072	1.0
329.072	1.0
330.072	1.0
331.072	1.0
332.072	1.0
333.072	1.0
334.072	1.0
335.072	1.0
336.072	1.0
337.072	1.0
338.072	1.0
339.072	1.0
340.072	1.0
341.072	1.0
342.072	1.0
343.072	1.0
344.072	1.0
345.072	1.0
346.072	1.0
347.072	1.0
348.072	1.0
349.072	1.0
350.072	1.0
351.072	1.0
352.072	1.0
353.072	1.0
354.072	1.0
355.072	1.0
356.072	1.0
357.072	1.0
358.072	1.0
359.072	1.0
360.072	1.0
361.072	1.0
362.072	1.0
363.072	1.0
364.072	1.0
365.072	1.0
366.072	1.0
367.072	1.0
368.072	1.0
369.072	1.0
370.072	1.0
371.072	1.0
372.072	1.0
373.072	1.0
374.072	1.0
375.072	1.0
376.072	1.0
377.072	1.0
378.072	1.0
379.072	1.0
380.072	1.0
381.072	1.0
382.072	1.0
383.072	1.0
384.072	1.0
385.072	1.0
386.072	1.0
387.072	1.0
388.072	1.0
389.072	1.0
390.072	1.0
391.072	1.0
392.072	1.0
393.072	1.0
394.072	1.0
395.072	1.0
396.072	1.0
397.072	1.0
398.072	1.0
399.072	1.0
400.072	1.0
401.072	1.0
402.072	1.0
403.072	1.0
404.072	1.0
405.072	1.0
406.072	1.0
407.072	1.0
408.072	1.0
409.072	1.0
410.072	1.0
411.072	1.0
412.072	1.0
413.072	1.0
414.072	1.0
415.072	1.0
416.072	1.0
417.072	1.0
418.072	1.0
419.072	1.0
420.072	1.0
421.072	1.0
422.072	1.0
423.072	1.0
424.072	1.0
425.072	1.0
426.072	1.0
427.072	1.0
428.072	1.0
429.072	1.0
430.072	1.0
431.072	1.0
432.072	1.0
433.072	1.0
434.072	1.0
435.072	1.0
436.072	1.0
437.072	1.0
438.072	1.0
439.072	1.0
440.072	1.0
441.072	1.0
442.072	1.0
443.072	1.0
444.072	1.0
445.072	1.0
446.072	1.0
447.072	1.0
448.072	1.0
449.072	1.0
450.072	1.0
451.072	1.0
452.072	1.0
453.072	1.0
454.072	1.0
455.072	1.0
456.072	1.0
457.072	1.0
458.072	1.0
459.072	1.0
460.072	1.0
461.072	1.0
462.072	1.0
463.072	1.0
464.072	1.0
465.072	1.0
466.072	1.0
467.072	1.0
468.072	1.0
469.072	1.0
470.072	1.0
471.072	1.0
472.072	1.0
473.072	1.0
474.072	1.0
475.072	1.0
476.072	1.0
477.072	1.0
478.072	1.0
479.072	1.0
480.072	1.0
481.072	1.0
482.072	1.0
483.072	1.0
484.072	1.0
485.072	1.0
486.072	1.0
487.072	1.0
488.072	1.0
489.072	1.0
490.072	1.0
491.072	1.0
492.072	1.0
493.072	1.0
494.072	1.0
495.072	1.0
496.072	1.0
497.072	1.0
498.072	1.0
499.072	1.0
500.072	1.0
501.072	1.0
502.072	1.0
503.072	1.0
504.072	1.0
505.072	1.0
506.072	1.0
507.072	1.0
508.072	1.0
509.072	1.0
510.072	1.0
511.072	1.0
512.072	1.0
513.072	1.0
514.072	1.0
515.072	1.0
516.072	1.0
517.072	1.0
518.072	1.0
519.072	1.0
520.072	1.0
521.072	1.0
522.072	1.0
523.072	1.0
524.072	1.0
525.072	1.0
526.072	1.0
527.072	1.0
528.072	1.0
529.072	1.0
530.072	1.0
531.072	1.0
532.072	1.0
533.072	1.0
534.072	1.0
535.072	1.0
536.072	1.0
537.072	1.0
538.072	1.0
539.072	1.0
540.072	1.0
541.072	1.0
542.072	1.0
543.072	1.0
544.072	1.0
545.072	1.0
546.072	1.0
547.072	1.0
548.072	1.0
549.072	1.0
550.072	1.0
551.072	1.0
552.072	1.0
553.072	1.0
554.072	1.0
555.072	1.0
556.072	1.0
557.072	1.0
558.072	1.0
559.072	1.0
560.072	1.0
561.072	1.0
562.072	1.0
563.072	1.0
564.072	1.0
565.072	1.0
566.072	1.0
567.072	1.0
568.072	1.0
569.072	1.0
570.072	1.0
571.072	1.0
572.072	1.0
573.072	1.0
574.072	1.0
575.072	1.0
576.072	1.0
577.072	1.0
578.072	1.0
579.072	1.0
580.072	1.0
581.072	1.0
582.072	1.0
583.072	1.0
584.072	1.0
585.072	1.0
586.072	1.0
587.072	1.0
588.072	1.0
589.072	1.0
590.072	1.0
591.072	1.0
592.072	1.0
593.072	1.0
594.072	1.0
595.072	1.0
596.072	1.0
597.072	1.0
598.072	1.0
599.072	1.0
600.072	1.0
601.072	1.0
602.072	1.0
603.072	1.0
604.072	1.0
605.072	1.0
606.072	1.0
607.072	1.0
608.072	1.0
609.072	1.0
610.072	1.0
611.072	1.0
612.072	1.0
613.072	1.0
614.072	1.0
615.072	1.0
616.072	1.0
617.072	1.0
618.072	1.0
619.072	1.0
620.072	1.0
621.072	1.0
622.072	1.0
623.072	1.0
624.072	1.0
625.072	1.0
626.072	1.0
627.072	1.0
628.072	1.0
629.072	1.0
630.072	1.0
631.072	1.0
632.072	1.0
633.072	1.0
634.072	1.0
635.072	1.0
636.072	1.0
637.072	1.0
638.072	1.0
639.072	1.0
640.072	1.0
641.072	1.0
642.072	1.0
643.072	1.0
644.072	1.0
645.072	1.0
646.072	1.0
647.072	1.0
648.072	1.0
649.072	1.0
650.072	1.0
651.072	1.0
652.072	1.0
653.072	1.0
654.072	1.0
655.072	1.0
656.072	1.0
657.072	1.0
658.072	1.0
659.072	1.0
660.072	1.0
661.072	1.0
662.072	1.0
663.072	1.0
664.072	1.0
665.072	1.0
666.072	1.0
667.072	1.0
668.072	1.0
669.072	1.0
670.072	1.0
671.072	1.0
672.072	1.0
673.072	1.0
674.072	1.0
675.072	1.0
676.072	1.0
677.072	1.0
678.072	1.0
679.072	1.0
680.072	1.0
681.072	1.0
682.072	1.0
683.072	1.0
684.072	1.0
685.072	1.0
686.072	1.0
687.072	1.0
688.072	1.0
689.072	1.0
690.072	1.0
691.072	1.0
692.072	1.0
693.072	1.0
694.072	1.0
695.072	1.0
696.072	1.0
697.072	1.0
698.072	1.0
699.072	1.0
700.072	1.0
701.072	1.0
702.072	1.0
703.072	1.0
704.072	1.0
705.072	1.0
706.072	1.0
707.072	1.0
708.072	1.0
709.072	1.0
710.072	1.0
711.072	1.0
712.072	1.0
713.072	1.0
714.072	1.0
715.072	1.0
716.072	1.0
717.072	1.0
718.072	1.0
719.072	1.0
720.072	1.0
721.072	1.0
722.072	1.0
723.072	1.0
724.072	1.0
725.072	1.0
726.072	1.0
727.072	1.0
728.072	1.0
729.072	1.0
730.072	1.0
731.072	1.0
732.072	1.0
733.072	1.0
734.072	1.0
735.072	1.0
736.072	1.0
737.072	1.0
738.072	1.0
739.072	1.0
740.072	1.0
741.072	1.0
742.072	1.0
743.072	1.0
744.072	1.0
745.072	1.0
746.072	1.0
747.072	1.0
748.072	1.0
749.072	1.0
750.072	1.0
751.072	1.0
752.072	1.0
753.072	1.0
754.072	1.0
755.072	1.0
756.072	1.0
757.072	1.0
758.072	1.0
759.072	1.0
760.072	1.0
761.072	1.0
762.072	1.0
763.072	1.0
764.072	1.0
765.072	1.0
766.072	1.0
767.072	1.0
768.072	1.0
769.072	1.0
770.072	1.0
771.072	1.0
772.072	1.0
773.072	1.0
774.072	1.0
775.072	1.0
776.072	1.0
777.072	1.0
778.072	1.0
779.072	1.0
780.072	1.0
781.072	1.0
782.072	1.0
783.072	1.0
784.072	1.0
785.072	1.0
786.072	1.0
787.072	1.0
788.072	1.0
789.072	1.0
790.072	1.0
791.072	1.0
792.072	1.0
793.072	1.0
794.072	1.0
795.072	1.0
796.072	1.0
797.072	1.0
798.072	1.0
799.072	1.0
800.072	1.0
801.072	1.0
802.072	1.0
803.072	1.0
804.072	1.0
805.072	1.0
806.072	1.0
807.072	1.0
808.072	1.0
809.072	1.0
810.072	1.0
811.072	1.0
812.072	1.0
813.072	1.0
814.072	1.0
815.072	1.0
816.072	1.0
817.072	1.0
818.072	1.0
819.072	1.0
820.072	1.0
821.072	1.0
822.072	1.0
823.072	1.0
824.072	1.0
825.072	1.0
826.072	1.0
827.072	1.0
828.072	1.0
829.072	1.0
830.072	1.0
831.072	1.0
832.072	1.0
833.072	1.0
834.072	1.0
835.072	1.0
836.072	1.0
837.072	1.0
838.072	1.0
839.072	1.0
840.072	1.0
841.072	1.0
842.072	1.0
843.072	1.0
844.072	1.0
845.072	1.0
846.072	1.0
847.072	1.0
848.072	1.0
849.072	1.0
850.072	1.0
851.072	1.0
852.072	1.0
853.072	1.0
854.072	1.0
855.072	1.0
856.072	1.0
857.072	1.0
858.072	1.0
859.072	1.0
860.072	1.0
861.072	1.0
862.072	1.0
863.072	1.0
864.072	1.0
865.072	1.0
866.072	1.0
867.072	1.0
868.072	1.0
869.072	1.0
870.072	1.0
871.072	1.0
872.072	1.0
873.072	1.0
874.072	1.0
875.072	1.0
876.072	1.0
877.072	1.0
878.072	1.0
879.072	1.0
880.072	1.0
881.072	1.0
882.072	1.0
883.072	1.0
884.072	1.0
885.072	1.0
886.072	1.0
887.072	1.0
888.072	1.0
889.072	1.0
890.072	1.0
891.072	1.0
892.072	1.0
893.072	1.0
894.072	1.0
895.072	1.0
896.072	1.0
897.072	1.0
898.072	1.0
899.072	1.0
900.072	1.0
901.072	1.0
902.072	1.0
903.072	1.0
904.072	1.0
905.072	1.0
906.072	1.0
907.072	1.0
908.072	1.0
909.072	1.0
910.072	1.0
911.072	1.0
912.072	1.0
913.072	1.0
914.072	1.0
915.072	1.0
916.072	1.0
917.072	1.0
918.072	1.0
919.072	1.0
920.072	1.0
921.072	1.0
922.072	1.0
923.072	1.0
924.072	1.0
925.072	1.0
926.072	1.0
927.072	1.0
928.072	1.0
929.072	1.0
930.072	1.0
931.072	1.0
932.072	1.0
933.072	1.0
934.072	1.0
935.072	1.0
936.072	1.0
937.072	1.0
938.072	1.0
939.072	1.0
940.072	1.0
941.072	1.0
942.072	1.0
943.072	1.0
944.072	1.0
945.072	1.0
946.072	1.0
947.072	1.0
948.072	1.0
949.072	1.0
950.072	1.0
951.072	1.0
952.072	1.0
953.072	1.0
954.072	1.0
955.072	1.0
956.072	1.0
957.072	1.0
958.072	1.0
959.072	1.0
960.072	1.0
961.072	1.0
962.072	1.0
963.072	1.0
964.072	1.0
965.072	1.0
966.072	1.0
967.072	1.0
968.072	1.0
969.072	1.0
970.072	1.0
971.072	1.0
972.072	1.0
973.072	1.0
974.072	1.0
975.072	1.0
976.072	1.0
977.072	1.0
978.072	1.0
979.072	1.0
980.072	1.0
981.072	1.0
982.072	1.0
983.072	1.0
984.072	1.0
985.072	1.0
986.072	1.0
987.072	1.0
988.072	1.0
989.072	1.0
990.072	1.0
991.072	1.0
992.072	1.0
993.072	1.0
994.072	1.0
995.072	1.0
996.072	1.0
