0.765	0.5580344732731239
1.756	0.5398603866191567
2.748	0.5220299415665032
3.725	0.5391779558609602
4.704	0.5552098216814625
5.671	0.5644353320104933
6.641	0.5521793156251159
7.609	0.5903865906186209
8.58	0.6095809816296383
9.551	0.5964692860134404
10.515	0.5998031078013843
11.487	0.5969852480941928
12.456	0.5798574927453575
13.438	0.5824843639198364
14.404	0.5495078973402442
15.371	0.5539446037621305
16.341	0.53715605408455
17.312	0.5268830115890238
18.28	0.5184487519295269
19.262	0.534826811055016
20.234	0.517628929667156
21.202	0.5324429015088992
22.172	0.5143991772190792
23.14	0.5082624394104923
24.103	0.5053877591975745
25.073	0.4918834266970876
26.042	0.47655702556767204
27.015	0.459031627484826
27.996000000000002	0.454268762666717
28.97	0.44500801493875874
29.947	0.4771583982122774
30.926000000000002	0.4825090770809512
31.899	0.46432262922596784
32.874	0.4998519984036497
33.85	0.5660070142422191
34.825	0.5931262825507306
35.796	0.5862476206070436
36.764	0.5834964362591538
37.733000000000004	0.581780407222694
38.702	0.5883379226705704
39.682	0.5939471360456914
40.651	0.577934498570968
41.616	0.5976378839738552
42.585	0.5964786530196925
43.550000000000004	0.5965306962344253
44.522	0.5881817392383356
45.491	0.5845184048525732
46.465	0.5875120426923192
47.436	0.5833044894514732
48.411	0.57419675765512
49.386	0.5624687832932749
50.367000000000004	0.5577728979537786
51.333	0.5452163806993172
52.309000000000005	0.5362668867472936
53.276	0.5374938762579121
54.254	0.5265062556999291
55.232	0.518032715070337
56.21	0.4975418770365728
57.189	0.48607741427212386
58.165	0.47780345332185264
59.148	0.47471649720593134
60.123000000000005	0.4801118909794686
61.096000000000004	0.4833571854108735
62.062000000000005	0.4844297023630624
63.034	0.4793383777947534
64.003	0.47633403144022407
64.968	0.47566185436206276
65.933	0.47492571549780543
66.898	0.4756889000334483
67.864	0.47638849687964147
68.83	0.47871941464823403
69.804	0.470941216178535
70.767	0.4629879870755489
71.731	0.4631318982220777
72.70400000000001	0.4559531124183136
73.681	0.46456800355026606
74.645	0.48515928888015303
75.608	0.49459870833956354
76.572	0.4947599440755665
77.538	0.47845687606435966
78.502	0.4829012925557486
79.459	0.4965164117522335
80.429	0.4852154529575767
81.4	0.4912610725663654
82.374	0.48235152196012854
83.33800000000001	0.4848223479351759
84.293	0.49580579248079376
85.256	0.48844913277831054
86.21900000000001	0.4931342512165011
87.19	0.4894389457466357
88.167	0.49049373807852825
89.129	0.4955723851655021
90.083	0.4790920528318998
91.055	0.4730871567194268
92.023	0.4608455952418592
92.995	0.4535403037084039
93.968	0.44902464411061827
94.935	0.44708242091260986
95.906	0.44393342075775527
96.887	0.43356861516340994
97.86	0.4207885719206763
98.83200000000001	0.4154139841526208
99.816	0.4091469554667315
100.789	0.40298026385390173
101.763	0.3844328898859783
102.745	0.40940698085126764
103.72	0.41210238995274046
104.69200000000001	0.40833843962311694
105.667	0.40053126838229963
106.638	0.42557468412962857
107.61	0.42204061335020243
108.593	0.4538698114315093
109.56400000000001	0.4100874003066255
110.537	0.500824697438921
111.511	0.4946345863268947
112.48400000000001	0.5086463980321039
113.464	0.505420254305743
114.44500000000001	0.5491317143513911
115.423	0.5865388047241161
116.396	0.592464440735826
117.37	0.5966641726012109
118.34400000000001	0.5710569747951821
119.327	0.5776051268372868
120.297	0.5768736586839571
121.276	0.5575044204854164
122.253	0.5484279648813605
123.232	0.5357724633632268
124.20100000000001	0.5445185855447621
125.176	0.5467760505436722
126.139	0.5184112476094321
127.099	0.5250306478252912
128.071	0.5039363010313647
129.046	0.5063552393883511
130.022	0.46062883980370906
130.998	0.44516646579752567
131.979	0.4549505718118702
132.96	0.4424652007449466
133.95	0.5105273496385335
134.92600000000002	0.4873904142766793
135.918	0.6669463533282333
136.883	0.4307327615027251
137.858	0.3033396131233701
138.838	0.4743694598725827
139.816	0.4020075480459627
140.797	0.6499856672057672
141.77	0.3783386001582811
142.751	0.4425011634497968
143.73	0.4894223868776277
144.701	0.4135603379937244
145.68200000000002	0.698861274827934
146.654	0.5824759383052692
147.635	0.7031055659719775
148.616	0.797820790525374
149.588	0.7332411830751145
150.56900000000002	0.7792291723590229
151.55	0.8131421419728493
152.522	0.7784989092874571
153.495	0.6246764773396163
154.476	0.7670526358711246
155.457	0.7820866105295718
156.437	0.7379971139491021
157.40800000000002	0.7709459804361667
158.379	0.6866100077961927
159.356	0.617564556561626
160.33100000000002	0.537791643729082
161.308	0.635464866519042
162.292	0.7258219561796195
163.26500000000001	0.6973526690297922
164.241	0.7355194719211172
165.22	0.7604943880977418
166.197	0.6914268870656324
167.17000000000002	0.7043495147740693
168.15	0.6907985343035518
169.125	0.6143827699773065
170.109	0.6689915883925198
171.089	0.6749502668260267
172.07	0.7597751894078582
173.058	0.8382568825414056
174.049	0.8564093915035147
175.02100000000002	0.8635544834845519
176.002	0.8538937881472727
176.973	0.8130374973327881
177.94400000000002	0.8084472175321037
178.922	0.7927504731382391
179.912	0.8150255379861255
180.893	0.7963333128317774
181.874	0.8059247135845521
182.847	0.6348574832540657
183.828	0.4677441682060183
184.818	0.7188613768584028
185.799	0.7184904777754444
186.79	0.8459369157702339
187.761	0.5012193709268407
188.752	0.7377910349488103
189.733	0.7592038377027077
190.714	0.6809130245034011
191.695	0.4743490636498948
192.686	0.8135788474899988
193.672	0.832085179194491
194.653	0.7376596016261538
195.64000000000001	0.8227494187935644
196.621	0.6087976141429907
197.612	0.8607293386707426
198.59300000000002	0.7166182230090531
199.584	0.8414160872629424
200.565	0.3713756638621604
201.555	0.4879780385787375
202.544	0.3787680560079752
203.543	0.924786839130479
204.534	0.9434180203975869
205.51500000000001	0.4943952510577926
206.498	0.871238641362022
207.479	0.6458078608980807
208.469	0.8082972597159299
209.45000000000002	0.6029199449364377
210.431	0.6738695344823717
211.422	0.7996586920123978
212.409	0.5428806310323727
213.4	0.4342495455975995
214.391	0.36627562498078653
215.38400000000001	0.2763420835698784
216.38	0.39320661128129947
217.375	0.2341417403512319
218.371	0.23366220017173828
219.36700000000002	0.2323052740500603
220.364	0.23111238623949937
221.364	0.8506755874871
222.353	0.29869766346468635
223.34900000000002	0.8110620549495383
224.341	0.21718203283719636
225.34	0.3640179274776924
226.34	0.9386590475435981
227.338	1.0
228.338	1.0
229.338	1.0
230.338	1.0
231.338	1.0
232.338	1.0
233.338	1.0
234.338	1.0
235.338	1.0
236.338	1.0
237.338	1.0
238.338	1.0
239.338	1.0
240.338	1.0
241.338	1.0
242.338	1.0
243.338	1.0
244.338	1.0
245.338	1.0
246.338	1.0
247.338	1.0
248.338	1.0
249.338	1.0
250.338	1.0
251.338	1.0
252.338	1.0
253.338	1.0
254.338	1.0
255.338	1.0
256.338	1.0
257.338	1.0
258.338	1.0
259.338	1.0
260.338	1.0
261.338	1.0
262.338	1.0
263.338	1.0
264.338	1.0
265.338	1.0
266.338	1.0
267.338	1.0
268.338	1.0
269.338	1.0
270.338	1.0
271.338	1.0
272.338	1.0
273.338	1.0
274.338	1.0
275.338	1.0
276.338	1.0
277.338	1.0
278.338	1.0
279.338	1.0
280.338	1.0
281.338	1.0
282.338	1.0
283.338	1.0
284.338	1.0
285.338	1.0
286.338	1.0
287.338	1.0
288.338	1.0
289.338	1.0
290.338	1.0
291.338	1.0
292.338	1.0
293.338	1.0
294.338	1.0
295.338	1.0
296.338	1.0
297.338	1.0
298.338	1.0
299.338	1.0
300.338	1.0
301.338	1.0
302.338	1.0
303.338	1.0
304.338	1.0
305.338	1.0
306.338	1.0
307.338	1.0
308.338	1.0
309.338	1.0
310.338	1.0
311.338	1.0
312.338	1.0
313.338	1.0
314.338	1.0
315.338	1.0
316.338	1.0
317.338	1.0
318.338	1.0
319.338	1.0
320.338	1.0
321.338	1.0
322.338	1.0
323.338	1.0
324.338	1.0
325.338	1.0
326.338	1.0
327.338	1.0
328.338	1.0
329.338	1.0
330.338	1.0
331.338	1.0
332.338	1.0
333.338	1.0
334.338	1.0
335.338	1.0
336.338	1.0
337.338	1.0
338.338	1.0
339.338	1.0
340.338	1.0
341.338	1.0
342.338	1.0
343.338	1.0
344.338	1.0
345.338	1.0
346.338	1.0
347.338	1.0
348.338	1.0
349.338	1.0
350.338	1.0
351.338	1.0
352.338	1.0
353.338	1.0
354.338	1.0
355.338	1.0
356.338	1.0
357.338	1.0
358.338	1.0
359.338	1.0
360.338	1.0
361.338	1.0
362.338	1.0
363.338	1.0
364.338	1.0
365.338	1.0
366.338	1.0
367.338	1.0
368.338	1.0
369.338	1.0
370.338	1.0
371.338	1.0
372.338	1.0
373.338	1.0
374.338	1.0
375.338	1.0
376.338	1.0
377.338	1.0
378.338	1.0
379.338	1.0
380.338	1.0
381.338	1.0
382.338	1.0
383.338	1.0
384.338	1.0
385.338	1.0
386.338	1.0
387.338	1.0
388.338	1.0
389.338	1.0
390.338	1.0
391.338	1.0
392.338	1.0
393.338	1.0
394.338	1.0
395.338	1.0
396.338	1.0
397.338	1.0
398.338	1.0
399.338	1.0
400.338	1.0
401.338	1.0
402.338	1.0
403.338	1.0
404.338	1.0
405.338	1.0
406.338	1.0
407.338	1.0
408.338	1.0
409.338	1.0
410.338	1.0
411.338	1.0
412.338	1.0
413.338	1.0
414.338	1.0
415.338	1.0
416.338	1.0
417.338	1.0
418.338	1.0
419.338	1.0
420.338	1.0
421.338	1.0
422.338	1.0
423.338	1.0
424.338	1.0
425.338	1.0
426.338	1.0
427.338	1.0
428.338	1.0
429.338	1.0
430.338	1.0
431.338	1.0
432.338	1.0
433.338	1.0
434.338	1.0
435.338	1.0
436.338	1.0
437.338	1.0
438.338	1.0
439.338	1.0
440.338	1.0
441.338	1.0
442.338	1.0
443.338	1.0
444.338	1.0
445.338	1.0
446.338	1.0
447.338	1.0
448.338	1.0
449.338	1.0
450.338	1.0
451.338	1.0
452.338	1.0
453.338	1.0
454.338	1.0
455.338	1.0
456.338	1.0
457.338	1.0
458.338	1.0
459.338	1.0
460.338	1.0
461.338	1.0
462.338	1.0
463.338	1.0
464.338	1.0
465.338	1.0
466.338	1.0
467.338	1.0
468.338	1.0
469.338	1.0
470.338	1.0
471.338	1.0
472.338	1.0
473.338	1.0
474.338	1.0
475.338	1.0
476.338	1.0
477.338	1.0
478.338	1.0
479.338	1.0
480.338	1.0
481.338	1.0
482.338	1.0
483.338	1.0
484.338	1.0
485.338	1.0
486.338	1.0
487.338	1.0
488.338	1.0
489.338	1.0
490.338	1.0
491.338	1.0
492.338	1.0
493.338	1.0
494.338	1.0
495.338	1.0
496.338	1.0
497.338	1.0
498.338	1.0
499.338	1.0
500.338	1.0
501.338	1.0
502.338	1.0
503.338	1.0
504.338	1.0
505.338	1.0
506.338	1.0
507.338	1.0
508.338	1.0
509.338	1.0
510.338	1.0
511.338	1.0
512.338	1.0
513.338	1.0
514.338	1.0
515.338	1.0
516.338	1.0
517.338	1.0
518.338	1.0
519.338	1.0
520.338	1.0
521.338	1.0
522.338	1.0
523.338	1.0
524.338	1.0
525.338	1.0
526.338	1.0
527.338	1.0
528.338	1.0
529.338	1.0
530.338	1.0
531.338	1.0
532.338	1.0
533.338	1.0
534.338	1.0
535.338	1.0
536.338	1.0
537.338	1.0
538.338	1.0
539.338	1.0
540.338	1.0
541.338	1.0
542.338	1.0
543.338	1.0
544.338	1.0
545.338	1.0
546.338	1.0
547.338	1.0
548.338	1.0
549.338	1.0
550.338	1.0
551.338	1.0
552.338	1.0
553.338	1.0
554.338	1.0
555.338	1.0
556.338	1.0
557.338	1.0
558.338	1.0
559.338	1.0
560.338	1.0
561.338	1.0
562.338	1.0
563.338	1.0
564.338	1.0
565.338	1.0
566.338	1.0
567.338	1.0
568.338	1.0
569.338	1.0
570.338	1.0
571.338	1.0
572.338	1.0
573.338	1.0
574.338	1.0
575.338	1.0
576.338	1.0
577.338	1.0
578.338	1.0
579.338	1.0
580.338	1.0
581.338	1.0
582.338	1.0
583.338	1.0
584.338	1.0
585.338	1.0
586.338	1.0
587.338	1.0
588.338	1.0
589.338	1.0
590.338	1.0
591.338	1.0
592.338	1.0
593.338	1.0
594.338	1.0
595.338	1.0
596.338	1.0
597.338	1.0
598.338	1.0
599.338	1.0
600.338	1.0
601.338	1.0
602.338	1.0
603.338	1.0
604.338	1.0
605.338	1.0
606.338	1.0
607.338	1.0
608.338	1.0
609.338	1.0
610.338	1.0
611.338	1.0
612.338	1.0
613.338	1.0
614.338	1.0
615.338	1.0
616.338	1.0
617.338	1.0
618.338	1.0
619.338	1.0
620.338	1.0
621.338	1.0
622.338	1.0
623.338	1.0
624.338	1.0
625.338	1.0
626.338	1.0
627.338	1.0
628.338	1.0
629.338	1.0
630.338	1.0
631.338	1.0
632.338	1.0
633.338	1.0
634.338	1.0
635.338	1.0
636.338	1.0
637.338	1.0
638.338	1.0
639.338	1.0
640.338	1.0
641.338	1.0
642.338	1.0
643.338	1.0
644.338	1.0
645.338	1.0
646.338	1.0
647.338	1.0
648.338	1.0
649.338	1.0
650.338	1.0
651.338	1.0
652.338	1.0
653.338	1.0
654.338	1.0
655.338	1.0
656.338	1.0
657.338	1.0
658.338	1.0
659.338	1.0
660.338	1.0
661.338	1.0
662.338	1.0
663.338	1.0
664.338	1.0
665.338	1.0
666.338	1.0
667.338	1.0
668.338	1.0
669.338	1.0
670.338	1.0
671.338	1.0
672.338	1.0
673.338	1.0
674.338	1.0
675.338	1.0
676.338	1.0
677.338	1.0
678.338	1.0
679.338	1.0
680.338	1.0
681.338	1.0
682.338	1.0
683.338	1.0
684.338	1.0
685.338	1.0
686.338	1.0
687.338	1.0
688.338	1.0
689.338	1.0
690.338	1.0
691.338	1.0
692.338	1.0
693.338	1.0
694.338	1.0
695.338	1.0
696.338	1.0
697.338	1.0
698.338	1.0
699.338	1.0
700.338	1.0
701.338	1.0
702.338	1.0
703.338	1.0
704.338	1.0
705.338	1.0
706.338	1.0
707.338	1.0
708.338	1.0
709.338	1.0
710.338	1.0
711.338	1.0
712.338	1.0
713.338	1.0
714.338	1.0
715.338	1.0
716.338	1.0
717.338	1.0
718.338	1.0
719.338	1.0
720.338	1.0
721.338	1.0
722.338	1.0
723.338	1.0
724.338	1.0
725.338	1.0
726.338	1.0
727.338	1.0
728.338	1.0
729.338	1.0
730.338	1.0
731.338	1.0
732.338	1.0
733.338	1.0
734.338	1.0
735.338	1.0
736.338	1.0
737.338	1.0
738.338	1.0
739.338	1.0
740.338	1.0
741.338	1.0
742.338	1.0
743.338	1.0
744.338	1.0
745.338	1.0
746.338	1.0
747.338	1.0
748.338	1.0
749.338	1.0
750.338	1.0
751.338	1.0
752.338	1.0
753.338	1.0
754.338	1.0
755.338	1.0
756.338	1.0
757.338	1.0
758.338	1.0
759.338	1.0
760.338	1.0
761.338	1.0
762.338	1.0
763.338	1.0
764.338	1.0
765.338	1.0
766.338	1.0
767.338	1.0
768.338	1.0
769.338	1.0
770.338	1.0
771.338	1.0
772.338	1.0
773.338	1.0
774.338	1.0
775.338	1.0
776.338	1.0
777.338	1.0
778.338	1.0
779.338	1.0
780.338	1.0
781.338	1.0
782.338	1.0
783.338	1.0
784.338	1.0
785.338	1.0
786.338	1.0
787.338	1.0
788.338	1.0
789.338	1.0
790.338	1.0
791.338	1.0
792.338	1.0
793.338	1.0
794.338	1.0
795.338	1.0
796.338	1.0
797.338	1.0
798.338	1.0
799.338	1.0
800.338	1.0
801.338	1.0
802.338	1.0
803.338	1.0
804.338	1.0
805.338	1.0
806.338	1.0
807.338	1.0
808.338	1.0
809.338	1.0
810.338	1.0
811.338	1.0
812.338	1.0
813.338	1.0
814.338	1.0
815.338	1.0
816.338	1.0
817.338	1.0
818.338	1.0
819.338	1.0
820.338	1.0
821.338	1.0
822.338	1.0
823.338	1.0
824.338	1.0
825.338	1.0
826.338	1.0
827.338	1.0
828.338	1.0
829.338	1.0
830.338	1.0
831.338	1.0
832.338	1.0
833.338	1.0
834.338	1.0
835.338	1.0
836.338	1.0
837.338	1.0
838.338	1.0
839.338	1.0
840.338	1.0
841.338	1.0
842.338	1.0
843.338	1.0
844.338	1.0
845.338	1.0
846.338	1.0
847.338	1.0
848.338	1.0
849.338	1.0
850.338	1.0
851.338	1.0
852.338	1.0
853.338	1.0
854.338	1.0
855.338	1.0
856.338	1.0
857.338	1.0
858.338	1.0
859.338	1.0
860.338	1.0
861.338	1.0
862.338	1.0
863.338	1.0
864.338	1.0
865.338	1.0
866.338	1.0
867.338	1.0
868.338	1.0
869.338	1.0
870.338	1.0
871.338	1.0
872.338	1.0
873.338	1.0
874.338	1.0
875.338	1.0
876.338	1.0
877.338	1.0
878.338	1.0
879.338	1.0
880.338	1.0
881.338	1.0
882.338	1.0
883.338	1.0
884.338	1.0
885.338	1.0
886.338	1.0
887.338	1.0
888.338	1.0
889.338	1.0
890.338	1.0
891.338	1.0
892.338	1.0
893.338	1.0
894.338	1.0
895.338	1.0
896.338	1.0
897.338	1.0
898.338	1.0
899.338	1.0
900.338	1.0
901.338	1.0
902.338	1.0
903.338	1.0
904.338	1.0
905.338	1.0
906.338	1.0
907.338	1.0
908.338	1.0
909.338	1.0
910.338	1.0
911.338	1.0
912.338	1.0
913.338	1.0
914.338	1.0
915.338	1.0
916.338	1.0
917.338	1.0
918.338	1.0
919.338	1.0
920.338	1.0
921.338	1.0
922.338	1.0
923.338	1.0
924.338	1.0
925.338	1.0
926.338	1.0
927.338	1.0
928.338	1.0
929.338	1.0
930.338	1.0
931.338	1.0
932.338	1.0
933.338	1.0
934.338	1.0
935.338	1.0
936.338	1.0
937.338	1.0
938.338	1.0
939.338	1.0
940.338	1.0
941.338	1.0
942.338	1.0
943.338	1.0
944.338	1.0
945.338	1.0
946.338	1.0
947.338	1.0
948.338	1.0
949.338	1.0
950.338	1.0
951.338	1.0
952.338	1.0
953.338	1.0
954.338	1.0
955.338	1.0
956.338	1.0
957.338	1.0
958.338	1.0
959.338	1.0
960.338	1.0
961.338	1.0
962.338	1.0
963.338	1.0
964.338	1.0
965.338	1.0
966.338	1.0
967.338	1.0
968.338	1.0
969.338	1.0
970.338	1.0
971.338	1.0
972.338	1.0
973.338	1.0
974.338	1.0
975.338	1.0
976.338	1.0
977.338	1.0
978.338	1.0
979.338	1.0
980.338	1.0
981.338	1.0
982.338	1.0
983.338	1.0
984.338	1.0
985.338	1.0
986.338	1.0
987.338	1.0
988.338	1.0
989.338	1.0
990.338	1.0
991.338	1.0
992.338	1.0
993.338	1.0
994.338	1.0
