0.41200000000000003	0.5131765851613901
1.335	0.5265437815877685
2.2880000000000003	0.5202439862669215
3.225	0.5395834059848736
4.168	0.5563764225031109
5.0920000000000005	0.5328558982386464
6.04	0.5145176514673122
6.974	0.5213240150754572
7.92	0.529536269020769
8.86	0.5128623639890914
9.803	0.4925661620118246
10.759	0.4614528298502584
11.717	0.43655465174649843
12.68	0.417118980595448
13.643	0.4470637124904148
14.607000000000001	0.40777579301674494
15.567	0.43057310413118133
16.534	0.4082082462947674
17.5	0.3986503921112147
18.467	0.39545527998753305
19.422	0.3555563578525663
20.382	0.32874475920155627
21.348	0.3069763122276006
22.311	0.30749243621808314
23.284	0.30052898097514763
24.26	0.299647462783009
25.23	0.2808964329361476
26.197	0.27468942155976844
27.164	0.2731734642106268
28.132	0.2735614883647459
29.099	0.2773435822394145
30.076	0.2696075719384104
31.052	0.25484746678862114
32.03	0.25877471394340895
32.997	0.26041744357062574
33.971000000000004	0.2574709096631592
34.947	0.254645742609545
35.922000000000004	0.29084197997278066
36.892	0.2623351707446606
37.862	0.30137605011853663
38.828	0.276926005477098
39.795	0.25342714684978135
40.768	0.2502985545374172
41.739000000000004	0.26076155657284367
42.713	0.269043918337561
43.678000000000004	0.2584957201574522
44.648	0.316998793009956
45.62	0.29673513318548594
46.593	0.28030936214839125
47.574	0.29267723014436103
48.550000000000004	0.2416869518283797
49.531	0.36956325909657933
50.503	0.37474417526398474
51.474000000000004	0.34651595030875376
52.451	0.39485248863141587
53.431000000000004	0.4220422532467565
54.404	0.4148813594444842
55.374	0.33322954642158314
56.352000000000004	0.32243767345558333
57.333	0.29026357635600336
58.317	0.5113380291490357
59.291000000000004	0.4339151987565613
60.269	0.4235451925822282
61.238	0.3622934652713172
62.223	0.4918122605758719
63.203	0.6177362725413128
64.183	0.5793994563358005
65.163	0.6598319621294764
66.146	0.7551682408352386
67.123	0.669696021043226
68.103	0.6311836378502307
69.08800000000001	0.5517306915330586
70.07300000000001	0.6562332080334857
71.047	0.3982875651374071
72.031	0.6705710989942927
73.01	0.4962110155862436
73.994	0.6425793992664937
74.97	0.4308983216491027
75.95700000000001	0.6634793396152127
76.941	0.6901530750796079
77.925	0.7686530894740637
78.904	0.6929686751697206
79.886	0.6937907297093707
80.867	0.41966644285097743
81.85000000000001	0.32384968828083166
82.833	0.23822311107129435
83.818	0.20942614529883408
84.804	0.26579421244765206
85.789	0.3910787604144021
86.771	0.3345591077396364
87.755	0.2673042884068574
88.743	0.44185867688454344
89.73	0.3637951249209885
90.717	0.27640225178557737
91.70100000000001	0.2099182104486012
92.693	0.4892838838909786
93.679	0.3621401991508754
94.664	0.2955720441328324
95.656	0.5662758455572976
96.638	0.24706268145358137
97.625	0.22699529913528774
98.61500000000001	0.21505495486003487
99.604	0.3708778220401885
100.589	0.2157811077182551
101.57900000000001	0.449314261500789
102.56400000000001	0.15672786126653823
103.554	0.18516467137744527
104.546	0.49696106721204747
105.534	0.26147409311937536
106.518	0.17603943643140824
107.501	0.12151195444383404
108.491	0.21642241888291824
109.482	0.37122715803728346
110.468	0.20504771523051019
111.455	0.22542264821330815
112.443	0.20437238500013727
113.435	0.4871712929976975
114.425	0.5551817061382976
115.413	0.49528275497538765
116.402	0.5645152203158926
117.39	0.4966459024299194
118.379	0.5266748041172967
119.36	0.21561667068396229
120.34	0.1339637817642123
121.33	0.32559505758335744
122.312	0.24969474421853988
123.302	0.354984123026477
124.292	0.5676857998671747
125.274	0.27553834224636836
126.262	0.3133270264372082
127.24900000000001	0.19554545898784273
128.239	0.3416672458986865
129.228	0.22091597206368022
130.218	0.1812491393224389
131.208	0.21064003588649136
132.198	0.12221503611035983
133.18800000000002	0.12333573345897428
134.178	0.12335745234809252
135.168	0.12361283898076428
136.159	0.18984974095754814
137.15	0.2374811791872383
138.141	0.34351419539392225
139.13	0.31371103666007644
140.121	0.5895763939669956
141.112	0.6980250609262135
142.103	0.847028224832589
143.093	0.3895183586573635
144.074	0.18037264139426687
145.064	0.20982703442911718
146.054	0.2669304122698744
147.044	0.34477724724999936
148.034	0.2848909367784994
149.024	0.2456839705352894
150.014	0.1567063677656903
151.004	0.16682161580854918
151.993	0.06998768380006917
152.982	0.07184276519856665
153.971	0.07369563906041521
154.96	0.07525938024775689
155.948	0.07791417255853066
156.936	0.05156797240020796
157.924	0.05284655897669308
158.912	0.05381679026140002
159.9	0.055371918770424786
160.887	0.05824484315028224
161.874	0.061166088884385926
162.86	0.06540429172910281
163.846	0.06948829007974477
164.83100000000002	0.07552297287750027
165.814	0.08352845753149317
166.796	0.09267971611562059
167.776	0.09382289417257546
168.758	0.11127297608662819
169.741	0.11692389150773362
170.724	0.12320779984525254
171.703	0.12395417641560216
172.684	0.13940850567965352
173.66400000000002	0.14735011432243617
174.642	0.1593239388348623
175.616	0.1653315097710523
176.598	0.18184803312397238
177.58	0.190174998677153
178.561	0.2003079061444417
179.542	0.21053307395285983
180.523	0.22093495133783275
181.50300000000001	0.23232047933783273
182.483	0.23388337678890525
183.461	0.2455274753298774
184.43800000000002	0.2576545183393202
185.422	0.26439391927739425
186.41	0.2657187624280663
187.403	0.2631949796044989
188.39600000000002	0.26072373511097857
189.387	0.26055637509956986
190.373	0.25764984735924434
191.356	0.2665218771356914
192.338	0.27531726854364436
193.327	0.2766538067145443
194.316	0.2794739608820884
195.299	0.28970770750180175
196.282	0.2981611357191178
197.261	0.30150963066840325
198.251	0.3107033412204344
199.242	0.3101307834794644
200.222	0.32094957026879944
201.209	0.3241177161115262
202.192	0.33174548261822745
203.178	0.3398392958176855
204.14600000000002	0.3545784692231983
205.137	0.35412900898844357
206.132	0.3581013671495646
207.122	0.3590349556492655
208.10500000000002	0.3673721390270924
209.082	0.3827867943458003
210.06900000000002	0.3868435608258961
211.04	0.39877481215299304
212.03	0.40776454119357813
213.012	0.41871339843117444
213.98000000000002	0.43405390453607756
214.96800000000002	0.4355806071155957
215.95600000000002	0.44799445035335345
216.935	0.4629381756633886
217.894	0.4872042466145255
218.88	0.5021098773680346
219.841	0.524442733605344
220.793	0.5651143667260837
221.734	0.6169679379563909
222.689	0.6554955873900151
223.648	0.6861489880773255
224.612	0.7130360758431887
225.589	0.7255649539574786
226.558	0.7466774577323629
227.542	0.7539919838359107
228.51	0.7787584702866874
229.477	0.8049470513745258
230.451	0.8340586831677108
231.398	0.8716007647662213
232.342	0.9220872610123639
233.285	0.9652557534040588
234.273	0.29425616340277233
235.261	0.2893792271362984
236.24800000000002	0.29323815040081114
237.235	0.3066511707595684
238.222	0.051976839250181414
239.209	0.05361140174871495
240.196	0.05562259770305622
241.18200000000002	0.06015441332146723
242.168	0.06240666864505518
243.153	0.06677291657828986
244.138	0.07208545307965211
245.121	0.07944660105096518
246.103	0.07843184172849296
247.084	0.08734210183627028
248.06300000000002	0.09850475229889734
249.04500000000002	0.10326804924564655
250.025	0.10838469633630009
251.006	0.11367484556533597
251.98600000000002	0.12032721474065783
252.976	0.12852618031598928
253.965	0.11808747414609616
254.952	0.11539700960574761
255.939	0.11323430791895292
256.925	0.10866163924662592
257.912	0.10253853528562842
258.9	0.0985876746939017
259.88800000000003	0.09346486326351272
260.877	0.08999384747514039
261.866	0.0880990865521524
262.856	0.08411486808656397
263.846	0.08233870534957682
264.836	0.08026894629968526
265.826	0.07981443262847338
266.81600000000003	0.07954567302604192
267.806	0.07719627528859804
268.796	0.07533898797616835
269.785	0.07539151175591144
270.774	0.07682111263629512
271.764	0.07627055828828722
272.753	0.07185298191236163
273.743	0.06972939969299784
274.733	0.06336556562462997
275.724	0.06128510044225017
276.71500000000003	0.09594019898387326
277.706	0.09253515490024719
278.697	0.09120794264505686
279.688	0.10891245526308227
280.67900000000003	0.11840450791359915
281.67	0.13828643259144202
282.661	0.14860129018076623
283.652	0.1492089378047953
284.64300000000003	0.14987908199299532
285.634	0.15054922618119532
286.625	0.1512193703693953
287.616	0.15189951555759532
288.607	0.15257966074579538
289.598	0.15325980593399532
290.589	0.15394995212219534
291.58	0.04667240664691793
292.58	0.6565336034988998
293.579	0.6436929023237097
294.579	0.9398582582097457
295.579	0.9669880458867961
296.575	1.0
297.575	1.0
298.575	1.0
299.575	1.0
300.575	1.0
301.575	1.0
302.575	1.0
303.575	1.0
304.575	1.0
305.575	1.0
306.575	1.0
307.575	1.0
308.575	1.0
309.575	1.0
310.575	1.0
311.575	1.0
312.575	1.0
313.575	1.0
314.575	1.0
315.575	1.0
316.575	1.0
317.575	1.0
318.575	1.0
319.575	1.0
320.575	1.0
321.575	1.0
322.575	1.0
323.575	1.0
324.575	1.0
325.575	1.0
326.575	1.0
327.575	1.0
328.575	1.0
329.575	1.0
330.575	1.0
331.575	1.0
332.575	1.0
333.575	1.0
334.575	1.0
335.575	1.0
336.575	1.0
337.575	1.0
338.575	1.0
339.575	1.0
340.575	1.0
341.575	1.0
342.575	1.0
343.575	1.0
344.575	1.0
345.575	1.0
346.575	1.0
347.575	1.0
348.575	1.0
349.575	1.0
350.575	1.0
351.575	1.0
352.575	1.0
353.575	1.0
354.575	1.0
355.575	1.0
356.575	1.0
357.575	1.0
358.575	1.0
359.575	1.0
360.575	1.0
361.575	1.0
362.575	1.0
363.575	1.0
364.575	1.0
365.575	1.0
366.575	1.0
367.575	1.0
368.575	1.0
369.575	1.0
370.575	1.0
371.575	1.0
372.575	1.0
373.575	1.0
374.575	1.0
375.575	1.0
376.575	1.0
377.575	1.0
378.575	1.0
379.575	1.0
380.575	1.0
381.575	1.0
382.575	1.0
383.575	1.0
384.575	1.0
385.575	1.0
386.575	1.0
387.575	1.0
388.575	1.0
389.575	1.0
390.575	1.0
391.575	1.0
392.575	1.0
393.575	1.0
394.575	1.0
395.575	1.0
396.575	1.0
397.575	1.0
398.575	1.0
399.575	1.0
400.575	1.0
401.575	1.0
402.575	1.0
403.575	1.0
404.575	1.0
405.575	1.0
406.575	1.0
407.575	1.0
408.575	1.0
409.575	1.0
410.575	1.0
411.575	1.0
412.575	1.0
413.575	1.0
414.575	1.0
415.575	1.0
416.575	1.0
417.575	1.0
418.575	1.0
419.575	1.0
420.575	1.0
421.575	1.0
422.575	1.0
423.575	1.0
424.575	1.0
425.575	1.0
426.575	1.0
427.575	1.0
428.575	1.0
429.575	1.0
430.575	1.0
431.575	1.0
432.575	1.0
433.575	1.0
434.575	1.0
435.575	1.0
436.575	1.0
437.575	1.0
438.575	1.0
439.575	1.0
440.575	1.0
441.575	1.0
442.575	1.0
443.575	1.0
444.575	1.0
445.575	1.0
446.575	1.0
447.575	1.0
448.575	1.0
449.575	1.0
450.575	1.0
451.575	1.0
452.575	1.0
453.575	1.0
454.575	1.0
455.575	1.0
456.575	1.0
457.575	1.0
458.575	1.0
459.575	1.0
460.575	1.0
461.575	1.0
462.575	1.0
463.575	1.0
464.575	1.0
465.575	1.0
466.575	1.0
467.575	1.0
468.575	1.0
469.575	1.0
470.575	1.0
471.575	1.0
472.575	1.0
473.575	1.0
474.575	1.0
475.575	1.0
476.575	1.0
477.575	1.0
478.575	1.0
479.575	1.0
480.575	1.0
481.575	1.0
482.575	1.0
483.575	1.0
484.575	1.0
485.575	1.0
486.575	1.0
487.575	1.0
488.575	1.0
489.575	1.0
490.575	1.0
491.575	1.0
492.575	1.0
493.575	1.0
494.575	1.0
495.575	1.0
496.575	1.0
497.575	1.0
498.575	1.0
499.575	1.0
500.575	1.0
501.575	1.0
502.575	1.0
503.575	1.0
504.575	1.0
505.575	1.0
506.575	1.0
507.575	1.0
508.575	1.0
509.575	1.0
510.575	1.0
511.575	1.0
512.575	1.0
513.575	1.0
514.575	1.0
515.575	1.0
516.575	1.0
517.575	1.0
518.575	1.0
519.575	1.0
520.575	1.0
521.575	1.0
522.575	1.0
523.575	1.0
524.575	1.0
525.575	1.0
526.575	1.0
527.575	1.0
528.575	1.0
529.575	1.0
530.575	1.0
531.575	1.0
532.575	1.0
533.575	1.0
534.575	1.0
535.575	1.0
536.575	1.0
537.575	1.0
538.575	1.0
539.575	1.0
540.575	1.0
541.575	1.0
542.575	1.0
543.575	1.0
544.575	1.0
545.575	1.0
546.575	1.0
547.575	1.0
548.575	1.0
549.575	1.0
550.575	1.0
551.575	1.0
552.575	1.0
553.575	1.0
554.575	1.0
555.575	1.0
556.575	1.0
557.575	1.0
558.575	1.0
559.575	1.0
560.575	1.0
561.575	1.0
562.575	1.0
563.575	1.0
564.575	1.0
565.575	1.0
566.575	1.0
567.575	1.0
568.575	1.0
569.575	1.0
570.575	1.0
571.575	1.0
572.575	1.0
573.575	1.0
574.575	1.0
575.575	1.0
576.575	1.0
577.575	1.0
578.575	1.0
579.575	1.0
580.575	1.0
581.575	1.0
582.575	1.0
583.575	1.0
584.575	1.0
585.575	1.0
586.575	1.0
587.575	1.0
588.575	1.0
589.575	1.0
590.575	1.0
591.575	1.0
592.575	1.0
593.575	1.0
594.575	1.0
595.575	1.0
596.575	1.0
597.575	1.0
598.575	1.0
599.575	1.0
600.575	1.0
601.575	1.0
602.575	1.0
603.575	1.0
604.575	1.0
605.575	1.0
606.575	1.0
607.575	1.0
608.575	1.0
609.575	1.0
610.575	1.0
611.575	1.0
612.575	1.0
613.575	1.0
614.575	1.0
615.575	1.0
616.575	1.0
617.575	1.0
618.575	1.0
619.575	1.0
620.575	1.0
621.575	1.0
622.575	1.0
623.575	1.0
624.575	1.0
625.575	1.0
626.575	1.0
627.575	1.0
628.575	1.0
629.575	1.0
630.575	1.0
631.575	1.0
632.575	1.0
633.575	1.0
634.575	1.0
635.575	1.0
636.575	1.0
637.575	1.0
638.575	1.0
639.575	1.0
640.575	1.0
641.575	1.0
642.575	1.0
643.575	1.0
644.575	1.0
645.575	1.0
646.575	1.0
647.575	1.0
648.575	1.0
649.575	1.0
650.575	1.0
651.575	1.0
652.575	1.0
653.575	1.0
654.575	1.0
655.575	1.0
656.575	1.0
657.575	1.0
658.575	1.0
659.575	1.0
660.575	1.0
661.575	1.0
662.575	1.0
663.575	1.0
664.575	1.0
665.575	1.0
666.575	1.0
667.575	1.0
668.575	1.0
669.575	1.0
670.575	1.0
671.575	1.0
672.575	1.0
673.575	1.0
674.575	1.0
675.575	1.0
676.575	1.0
677.575	1.0
678.575	1.0
679.575	1.0
680.575	1.0
681.575	1.0
682.575	1.0
683.575	1.0
684.575	1.0
685.575	1.0
686.575	1.0
687.575	1.0
688.575	1.0
689.575	1.0
690.575	1.0
691.575	1.0
692.575	1.0
693.575	1.0
694.575	1.0
695.575	1.0
696.575	1.0
697.575	1.0
698.575	1.0
699.575	1.0
700.575	1.0
701.575	1.0
702.575	1.0
703.575	1.0
704.575	1.0
705.575	1.0
706.575	1.0
707.575	1.0
708.575	1.0
709.575	1.0
710.575	1.0
711.575	1.0
712.575	1.0
713.575	1.0
714.575	1.0
715.575	1.0
716.575	1.0
717.575	1.0
718.575	1.0
719.575	1.0
720.575	1.0
721.575	1.0
722.575	1.0
723.575	1.0
724.575	1.0
725.575	1.0
726.575	1.0
727.575	1.0
728.575	1.0
729.575	1.0
730.575	1.0
731.575	1.0
732.575	1.0
733.575	1.0
734.575	1.0
735.575	1.0
736.575	1.0
737.575	1.0
738.575	1.0
739.575	1.0
740.575	1.0
741.575	1.0
742.575	1.0
743.575	1.0
744.575	1.0
745.575	1.0
746.575	1.0
747.575	1.0
748.575	1.0
749.575	1.0
750.575	1.0
751.575	1.0
752.575	1.0
753.575	1.0
754.575	1.0
755.575	1.0
756.575	1.0
757.575	1.0
758.575	1.0
759.575	1.0
760.575	1.0
761.575	1.0
762.575	1.0
763.575	1.0
764.575	1.0
765.575	1.0
766.575	1.0
767.575	1.0
768.575	1.0
769.575	1.0
770.575	1.0
771.575	1.0
772.575	1.0
773.575	1.0
774.575	1.0
775.575	1.0
776.575	1.0
777.575	1.0
778.575	1.0
779.575	1.0
780.575	1.0
781.575	1.0
782.575	1.0
783.575	1.0
784.575	1.0
785.575	1.0
786.575	1.0
787.575	1.0
788.575	1.0
789.575	1.0
790.575	1.0
791.575	1.0
792.575	1.0
793.575	1.0
794.575	1.0
795.575	1.0
796.575	1.0
797.575	1.0
798.575	1.0
799.575	1.0
800.575	1.0
801.575	1.0
802.575	1.0
803.575	1.0
804.575	1.0
805.575	1.0
806.575	1.0
807.575	1.0
808.575	1.0
809.575	1.0
810.575	1.0
811.575	1.0
812.575	1.0
813.575	1.0
814.575	1.0
815.575	1.0
816.575	1.0
817.575	1.0
818.575	1.0
819.575	1.0
820.575	1.0
821.575	1.0
822.575	1.0
823.575	1.0
824.575	1.0
825.575	1.0
826.575	1.0
827.575	1.0
828.575	1.0
829.575	1.0
830.575	1.0
831.575	1.0
832.575	1.0
833.575	1.0
834.575	1.0
835.575	1.0
836.575	1.0
837.575	1.0
838.575	1.0
839.575	1.0
840.575	1.0
841.575	1.0
842.575	1.0
843.575	1.0
844.575	1.0
845.575	1.0
846.575	1.0
847.575	1.0
848.575	1.0
849.575	1.0
850.575	1.0
851.575	1.0
852.575	1.0
853.575	1.0
854.575	1.0
855.575	1.0
856.575	1.0
857.575	1.0
858.575	1.0
859.575	1.0
860.575	1.0
861.575	1.0
862.575	1.0
863.575	1.0
864.575	1.0
865.575	1.0
866.575	1.0
867.575	1.0
868.575	1.0
869.575	1.0
870.575	1.0
871.575	1.0
872.575	1.0
873.575	1.0
874.575	1.0
875.575	1.0
876.575	1.0
877.575	1.0
878.575	1.0
879.575	1.0
880.575	1.0
881.575	1.0
882.575	1.0
883.575	1.0
884.575	1.0
885.575	1.0
886.575	1.0
887.575	1.0
888.575	1.0
889.575	1.0
890.575	1.0
891.575	1.0
892.575	1.0
893.575	1.0
894.575	1.0
895.575	1.0
896.575	1.0
897.575	1.0
898.575	1.0
899.575	1.0
900.575	1.0
901.575	1.0
902.575	1.0
903.575	1.0
904.575	1.0
905.575	1.0
906.575	1.0
907.575	1.0
908.575	1.0
909.575	1.0
910.575	1.0
911.575	1.0
912.575	1.0
913.575	1.0
914.575	1.0
915.575	1.0
916.575	1.0
917.575	1.0
918.575	1.0
919.575	1.0
920.575	1.0
921.575	1.0
922.575	1.0
923.575	1.0
924.575	1.0
925.575	1.0
926.575	1.0
927.575	1.0
928.575	1.0
929.575	1.0
930.575	1.0
931.575	1.0
932.575	1.0
933.575	1.0
934.575	1.0
935.575	1.0
936.575	1.0
937.575	1.0
938.575	1.0
939.575	1.0
940.575	1.0
941.575	1.0
942.575	1.0
943.575	1.0
944.575	1.0
945.575	1.0
946.575	1.0
947.575	1.0
948.575	1.0
949.575	1.0
950.575	1.0
951.575	1.0
952.575	1.0
953.575	1.0
954.575	1.0
955.575	1.0
956.575	1.0
957.575	1.0
958.575	1.0
959.575	1.0
960.575	1.0
961.575	1.0
962.575	1.0
963.575	1.0
964.575	1.0
965.575	1.0
966.575	1.0
967.575	1.0
968.575	1.0
969.575	1.0
970.575	1.0
971.575	1.0
972.575	1.0
973.575	1.0
974.575	1.0
975.575	1.0
976.575	1.0
977.575	1.0
978.575	1.0
979.575	1.0
980.575	1.0
981.575	1.0
982.575	1.0
983.575	1.0
984.575	1.0
985.575	1.0
986.575	1.0
987.575	1.0
988.575	1.0
989.575	1.0
990.575	1.0
991.575	1.0
992.575	1.0
993.575	1.0
