0.686	0.5804619121806267
1.612	0.5782114693066306
2.547	0.5746969540056717
3.48	0.5644556318875223
4.415	0.5646616277389879
5.347	0.5655296498560126
6.295	0.565009148694924
7.219	0.6147436869839291
8.145	0.6271179573405407
9.053	0.6465295795521413
9.974	0.6560201605324635
10.886000000000001	0.653207244652193
11.784	0.659315253991003
12.717	0.6931526886123129
13.623000000000001	0.6842028985939766
14.528	0.6576875244603826
15.446	0.7043783952266399
16.351	0.6672902177678718
17.287	0.6799180094600756
18.221	0.6561488067087506
19.154	0.6351925681818733
20.102	0.6326672593886805
21.043	0.6265622837468934
21.990000000000002	0.5984598655954848
22.943	0.7483495585932619
23.881	0.7078612536422102
24.836000000000002	0.7091481368607144
25.786	0.5077272122620525
26.743000000000002	0.5290595748823611
27.716	0.8372578968501323
28.672	0.45190981278674586
29.637	0.4406245160667755
30.602	0.3804606548059487
31.566	0.40947775054915503
32.524	0.24714885450977936
33.489	0.34211510312418897
34.445	0.40051578024881324
35.401	0.37302059881654337
36.362	0.6535362760955004
37.319	0.43262807575585005
38.277	0.40453710422674477
39.235	0.7635676264760672
40.199	0.8294346061939227
41.15	0.5729331697334884
42.107	0.5714922214715045
43.066	0.5079535008891545
44.038000000000004	0.7755358926926509
45.01	0.8343164718542223
45.977000000000004	0.8771238294051064
46.945	0.6623189709601831
47.921	0.8291295879102936
48.887	0.623723519562544
49.868	0.9166614342629867
50.825	0.8403618119161972
51.801	0.6806396659244576
52.779	0.8253208656252743
53.751	0.5725521402210926
54.732	0.3442345304310732
55.713	0.8249502426192146
56.694	0.8710786131233658
57.668	0.8228131432757988
58.641	0.5679936466115241
59.622	0.7606644568846059
60.595	0.742640194973585
61.576	0.8373236469138854
62.556000000000004	0.8348562588267222
63.531	0.6692361571767717
64.522	0.9151030830186179
65.503	0.9113969386909574
66.47	0.8505080394596295
67.453	0.6141106160338294
68.44200000000001	0.9027885888380226
69.416	0.769151461402626
70.397	0.8662834004903022
71.377	0.7863878087934754
72.362	0.5778452108694316
73.35000000000001	0.9014899037516669
74.33500000000001	0.5162245229637205
75.325	0.8125642800589893
76.315	0.89134088732108
77.306	0.9487344139176139
78.297	0.9663203505926581
79.275	0.8212526555282383
80.256	0.8909155024582318
81.237	0.9209257084206938
82.218	0.9214759638931632
83.19800000000001	0.8499561122242278
84.188	0.9695805811870215
85.183	0.910615383859399
86.183	1.0
87.183	1.0
88.183	1.0
89.183	1.0
90.183	1.0
91.183	1.0
92.183	1.0
93.183	1.0
94.183	1.0
95.183	1.0
96.183	1.0
97.183	1.0
98.183	1.0
99.183	1.0
100.183	1.0
101.183	1.0
102.183	1.0
103.183	1.0
104.183	1.0
105.183	1.0
106.183	1.0
107.183	1.0
108.183	1.0
109.183	1.0
110.183	1.0
111.183	1.0
112.183	1.0
113.183	1.0
114.183	1.0
115.183	1.0
116.183	1.0
117.183	1.0
118.183	1.0
119.183	1.0
120.183	1.0
121.183	1.0
122.183	1.0
123.183	1.0
124.183	1.0
125.183	1.0
126.183	1.0
127.183	1.0
128.183	1.0
129.183	1.0
130.183	1.0
131.183	1.0
132.183	1.0
133.183	1.0
134.183	1.0
135.183	1.0
136.183	1.0
137.183	1.0
138.183	1.0
139.183	1.0
140.183	1.0
141.183	1.0
142.183	1.0
143.183	1.0
144.183	1.0
145.183	1.0
146.183	1.0
147.183	1.0
148.183	1.0
149.183	1.0
150.183	1.0
151.183	1.0
152.183	1.0
153.183	1.0
154.183	1.0
155.183	1.0
156.183	1.0
157.183	1.0
158.183	1.0
159.183	1.0
160.183	1.0
161.183	1.0
162.183	1.0
163.183	1.0
164.183	1.0
165.183	1.0
166.183	1.0
167.183	1.0
168.183	1.0
169.183	1.0
170.183	1.0
171.183	1.0
172.183	1.0
173.183	1.0
174.183	1.0
175.183	1.0
176.183	1.0
177.183	1.0
178.183	1.0
179.183	1.0
180.183	1.0
181.183	1.0
182.183	1.0
183.183	1.0
184.183	1.0
185.183	1.0
186.183	1.0
187.183	1.0
188.183	1.0
189.183	1.0
190.183	1.0
191.183	1.0
192.183	1.0
193.183	1.0
194.183	1.0
195.183	1.0
196.183	1.0
197.183	1.0
198.183	1.0
199.183	1.0
200.183	1.0
201.183	1.0
202.183	1.0
203.183	1.0
204.183	1.0
205.183	1.0
206.183	1.0
207.183	1.0
208.183	1.0
209.183	1.0
210.183	1.0
211.183	1.0
212.183	1.0
213.183	1.0
214.183	1.0
215.183	1.0
216.183	1.0
217.183	1.0
218.183	1.0
219.183	1.0
220.183	1.0
221.183	1.0
222.183	1.0
223.183	1.0
224.183	1.0
225.183	1.0
226.183	1.0
227.183	1.0
228.183	1.0
229.183	1.0
230.183	1.0
231.183	1.0
232.183	1.0
233.183	1.0
234.183	1.0
235.183	1.0
236.183	1.0
237.183	1.0
238.183	1.0
239.183	1.0
240.183	1.0
241.183	1.0
242.183	1.0
243.183	1.0
244.183	1.0
245.183	1.0
246.183	1.0
247.183	1.0
248.183	1.0
249.183	1.0
250.183	1.0
251.183	1.0
252.183	1.0
253.183	1.0
254.183	1.0
255.183	1.0
256.183	1.0
257.183	1.0
258.183	1.0
259.183	1.0
260.183	1.0
261.183	1.0
262.183	1.0
263.183	1.0
264.183	1.0
265.183	1.0
266.183	1.0
267.183	1.0
268.183	1.0
269.183	1.0
270.183	1.0
271.183	1.0
272.183	1.0
273.183	1.0
274.183	1.0
275.183	1.0
276.183	1.0
277.183	1.0
278.183	1.0
279.183	1.0
280.183	1.0
281.183	1.0
282.183	1.0
283.183	1.0
284.183	1.0
285.183	1.0
286.183	1.0
287.183	1.0
288.183	1.0
289.183	1.0
290.183	1.0
291.183	1.0
292.183	1.0
293.183	1.0
294.183	1.0
295.183	1.0
296.183	1.0
297.183	1.0
298.183	1.0
299.183	1.0
300.183	1.0
301.183	1.0
302.183	1.0
303.183	1.0
304.183	1.0
305.183	1.0
306.183	1.0
307.183	1.0
308.183	1.0
309.183	1.0
310.183	1.0
311.183	1.0
312.183	1.0
313.183	1.0
314.183	1.0
315.183	1.0
316.183	1.0
317.183	1.0
318.183	1.0
319.183	1.0
320.183	1.0
321.183	1.0
322.183	1.0
323.183	1.0
324.183	1.0
325.183	1.0
326.183	1.0
327.183	1.0
328.183	1.0
329.183	1.0
330.183	1.0
331.183	1.0
332.183	1.0
333.183	1.0
334.183	1.0
335.183	1.0
336.183	1.0
337.183	1.0
338.183	1.0
339.183	1.0
340.183	1.0
341.183	1.0
342.183	1.0
343.183	1.0
344.183	1.0
345.183	1.0
346.183	1.0
347.183	1.0
348.183	1.0
349.183	1.0
350.183	1.0
351.183	1.0
352.183	1.0
353.183	1.0
354.183	1.0
355.183	1.0
356.183	1.0
357.183	1.0
358.183	1.0
359.183	1.0
360.183	1.0
361.183	1.0
362.183	1.0
363.183	1.0
364.183	1.0
365.183	1.0
366.183	1.0
367.183	1.0
368.183	1.0
369.183	1.0
370.183	1.0
371.183	1.0
372.183	1.0
373.183	1.0
374.183	1.0
375.183	1.0
376.183	1.0
377.183	1.0
378.183	1.0
379.183	1.0
380.183	1.0
381.183	1.0
382.183	1.0
383.183	1.0
384.183	1.0
385.183	1.0
386.183	1.0
387.183	1.0
388.183	1.0
389.183	1.0
390.183	1.0
391.183	1.0
392.183	1.0
393.183	1.0
394.183	1.0
395.183	1.0
396.183	1.0
397.183	1.0
398.183	1.0
399.183	1.0
400.183	1.0
401.183	1.0
402.183	1.0
403.183	1.0
404.183	1.0
405.183	1.0
406.183	1.0
407.183	1.0
408.183	1.0
409.183	1.0
410.183	1.0
411.183	1.0
412.183	1.0
413.183	1.0
414.183	1.0
415.183	1.0
416.183	1.0
417.183	1.0
418.183	1.0
419.183	1.0
420.183	1.0
421.183	1.0
422.183	1.0
423.183	1.0
424.183	1.0
425.183	1.0
426.183	1.0
427.183	1.0
428.183	1.0
429.183	1.0
430.183	1.0
431.183	1.0
432.183	1.0
433.183	1.0
434.183	1.0
435.183	1.0
436.183	1.0
437.183	1.0
438.183	1.0
439.183	1.0
440.183	1.0
441.183	1.0
442.183	1.0
443.183	1.0
444.183	1.0
445.183	1.0
446.183	1.0
447.183	1.0
448.183	1.0
449.183	1.0
450.183	1.0
451.183	1.0
452.183	1.0
453.183	1.0
454.183	1.0
455.183	1.0
456.183	1.0
457.183	1.0
458.183	1.0
459.183	1.0
460.183	1.0
461.183	1.0
462.183	1.0
463.183	1.0
464.183	1.0
465.183	1.0
466.183	1.0
467.183	1.0
468.183	1.0
469.183	1.0
470.183	1.0
471.183	1.0
472.183	1.0
473.183	1.0
474.183	1.0
475.183	1.0
476.183	1.0
477.183	1.0
478.183	1.0
479.183	1.0
480.183	1.0
481.183	1.0
482.183	1.0
483.183	1.0
484.183	1.0
485.183	1.0
486.183	1.0
487.183	1.0
488.183	1.0
489.183	1.0
490.183	1.0
491.183	1.0
492.183	1.0
493.183	1.0
494.183	1.0
495.183	1.0
496.183	1.0
497.183	1.0
498.183	1.0
499.183	1.0
500.183	1.0
501.183	1.0
502.183	1.0
503.183	1.0
504.183	1.0
505.183	1.0
506.183	1.0
507.183	1.0
508.183	1.0
509.183	1.0
510.183	1.0
511.183	1.0
512.183	1.0
513.183	1.0
514.183	1.0
515.183	1.0
516.183	1.0
517.183	1.0
518.183	1.0
519.183	1.0
520.183	1.0
521.183	1.0
522.183	1.0
523.183	1.0
524.183	1.0
525.183	1.0
526.183	1.0
527.183	1.0
528.183	1.0
529.183	1.0
530.183	1.0
531.183	1.0
532.183	1.0
533.183	1.0
534.183	1.0
535.183	1.0
536.183	1.0
537.183	1.0
538.183	1.0
539.183	1.0
540.183	1.0
541.183	1.0
542.183	1.0
543.183	1.0
544.183	1.0
545.183	1.0
546.183	1.0
547.183	1.0
548.183	1.0
549.183	1.0
550.183	1.0
551.183	1.0
552.183	1.0
553.183	1.0
554.183	1.0
555.183	1.0
556.183	1.0
557.183	1.0
558.183	1.0
559.183	1.0
560.183	1.0
561.183	1.0
562.183	1.0
563.183	1.0
564.183	1.0
565.183	1.0
566.183	1.0
567.183	1.0
568.183	1.0
569.183	1.0
570.183	1.0
571.183	1.0
572.183	1.0
573.183	1.0
574.183	1.0
575.183	1.0
576.183	1.0
577.183	1.0
578.183	1.0
579.183	1.0
580.183	1.0
581.183	1.0
582.183	1.0
583.183	1.0
584.183	1.0
585.183	1.0
586.183	1.0
587.183	1.0
588.183	1.0
589.183	1.0
590.183	1.0
591.183	1.0
592.183	1.0
593.183	1.0
594.183	1.0
595.183	1.0
596.183	1.0
597.183	1.0
598.183	1.0
599.183	1.0
600.183	1.0
601.183	1.0
602.183	1.0
603.183	1.0
604.183	1.0
605.183	1.0
606.183	1.0
607.183	1.0
608.183	1.0
609.183	1.0
610.183	1.0
611.183	1.0
612.183	1.0
613.183	1.0
614.183	1.0
615.183	1.0
616.183	1.0
617.183	1.0
618.183	1.0
619.183	1.0
620.183	1.0
621.183	1.0
622.183	1.0
623.183	1.0
624.183	1.0
625.183	1.0
626.183	1.0
627.183	1.0
628.183	1.0
629.183	1.0
630.183	1.0
631.183	1.0
632.183	1.0
633.183	1.0
634.183	1.0
635.183	1.0
636.183	1.0
637.183	1.0
638.183	1.0
639.183	1.0
640.183	1.0
641.183	1.0
642.183	1.0
643.183	1.0
644.183	1.0
645.183	1.0
646.183	1.0
647.183	1.0
648.183	1.0
649.183	1.0
650.183	1.0
651.183	1.0
652.183	1.0
653.183	1.0
654.183	1.0
655.183	1.0
656.183	1.0
657.183	1.0
658.183	1.0
659.183	1.0
660.183	1.0
661.183	1.0
662.183	1.0
663.183	1.0
664.183	1.0
665.183	1.0
666.183	1.0
667.183	1.0
668.183	1.0
669.183	1.0
670.183	1.0
671.183	1.0
672.183	1.0
673.183	1.0
674.183	1.0
675.183	1.0
676.183	1.0
677.183	1.0
678.183	1.0
679.183	1.0
680.183	1.0
681.183	1.0
682.183	1.0
683.183	1.0
684.183	1.0
685.183	1.0
686.183	1.0
687.183	1.0
688.183	1.0
689.183	1.0
690.183	1.0
691.183	1.0
692.183	1.0
693.183	1.0
694.183	1.0
695.183	1.0
696.183	1.0
697.183	1.0
698.183	1.0
699.183	1.0
700.183	1.0
701.183	1.0
702.183	1.0
703.183	1.0
704.183	1.0
705.183	1.0
706.183	1.0
707.183	1.0
708.183	1.0
709.183	1.0
710.183	1.0
711.183	1.0
712.183	1.0
713.183	1.0
714.183	1.0
715.183	1.0
716.183	1.0
717.183	1.0
718.183	1.0
719.183	1.0
720.183	1.0
721.183	1.0
722.183	1.0
723.183	1.0
724.183	1.0
725.183	1.0
726.183	1.0
727.183	1.0
728.183	1.0
729.183	1.0
730.183	1.0
731.183	1.0
732.183	1.0
733.183	1.0
734.183	1.0
735.183	1.0
736.183	1.0
737.183	1.0
738.183	1.0
739.183	1.0
740.183	1.0
741.183	1.0
742.183	1.0
743.183	1.0
744.183	1.0
745.183	1.0
746.183	1.0
747.183	1.0
748.183	1.0
749.183	1.0
750.183	1.0
751.183	1.0
752.183	1.0
753.183	1.0
754.183	1.0
755.183	1.0
756.183	1.0
757.183	1.0
758.183	1.0
759.183	1.0
760.183	1.0
761.183	1.0
762.183	1.0
763.183	1.0
764.183	1.0
765.183	1.0
766.183	1.0
767.183	1.0
768.183	1.0
769.183	1.0
770.183	1.0
771.183	1.0
772.183	1.0
773.183	1.0
774.183	1.0
775.183	1.0
776.183	1.0
777.183	1.0
778.183	1.0
779.183	1.0
780.183	1.0
781.183	1.0
782.183	1.0
783.183	1.0
784.183	1.0
785.183	1.0
786.183	1.0
787.183	1.0
788.183	1.0
789.183	1.0
790.183	1.0
791.183	1.0
792.183	1.0
793.183	1.0
794.183	1.0
795.183	1.0
796.183	1.0
797.183	1.0
798.183	1.0
799.183	1.0
800.183	1.0
801.183	1.0
802.183	1.0
803.183	1.0
804.183	1.0
805.183	1.0
806.183	1.0
807.183	1.0
808.183	1.0
809.183	1.0
810.183	1.0
811.183	1.0
812.183	1.0
813.183	1.0
814.183	1.0
815.183	1.0
816.183	1.0
817.183	1.0
818.183	1.0
819.183	1.0
820.183	1.0
821.183	1.0
822.183	1.0
823.183	1.0
824.183	1.0
825.183	1.0
826.183	1.0
827.183	1.0
828.183	1.0
829.183	1.0
830.183	1.0
831.183	1.0
832.183	1.0
833.183	1.0
834.183	1.0
835.183	1.0
836.183	1.0
837.183	1.0
838.183	1.0
839.183	1.0
840.183	1.0
841.183	1.0
842.183	1.0
843.183	1.0
844.183	1.0
845.183	1.0
846.183	1.0
847.183	1.0
848.183	1.0
849.183	1.0
850.183	1.0
851.183	1.0
852.183	1.0
853.183	1.0
854.183	1.0
855.183	1.0
856.183	1.0
857.183	1.0
858.183	1.0
859.183	1.0
860.183	1.0
861.183	1.0
862.183	1.0
863.183	1.0
864.183	1.0
865.183	1.0
866.183	1.0
867.183	1.0
868.183	1.0
869.183	1.0
870.183	1.0
871.183	1.0
872.183	1.0
873.183	1.0
874.183	1.0
875.183	1.0
876.183	1.0
877.183	1.0
878.183	1.0
879.183	1.0
880.183	1.0
881.183	1.0
882.183	1.0
883.183	1.0
884.183	1.0
885.183	1.0
886.183	1.0
887.183	1.0
888.183	1.0
889.183	1.0
890.183	1.0
891.183	1.0
892.183	1.0
893.183	1.0
894.183	1.0
895.183	1.0
896.183	1.0
897.183	1.0
898.183	1.0
899.183	1.0
900.183	1.0
901.183	1.0
902.183	1.0
903.183	1.0
904.183	1.0
905.183	1.0
906.183	1.0
907.183	1.0
908.183	1.0
909.183	1.0
910.183	1.0
911.183	1.0
912.183	1.0
913.183	1.0
914.183	1.0
915.183	1.0
916.183	1.0
917.183	1.0
918.183	1.0
919.183	1.0
920.183	1.0
921.183	1.0
922.183	1.0
923.183	1.0
924.183	1.0
925.183	1.0
926.183	1.0
927.183	1.0
928.183	1.0
929.183	1.0
930.183	1.0
931.183	1.0
932.183	1.0
933.183	1.0
934.183	1.0
935.183	1.0
936.183	1.0
937.183	1.0
938.183	1.0
939.183	1.0
940.183	1.0
941.183	1.0
942.183	1.0
943.183	1.0
944.183	1.0
945.183	1.0
946.183	1.0
947.183	1.0
948.183	1.0
949.183	1.0
950.183	1.0
951.183	1.0
952.183	1.0
953.183	1.0
954.183	1.0
955.183	1.0
956.183	1.0
957.183	1.0
958.183	1.0
959.183	1.0
960.183	1.0
961.183	1.0
962.183	1.0
963.183	1.0
964.183	1.0
965.183	1.0
966.183	1.0
967.183	1.0
968.183	1.0
969.183	1.0
970.183	1.0
971.183	1.0
972.183	1.0
973.183	1.0
974.183	1.0
975.183	1.0
976.183	1.0
977.183	1.0
978.183	1.0
979.183	1.0
980.183	1.0
981.183	1.0
982.183	1.0
983.183	1.0
984.183	1.0
985.183	1.0
986.183	1.0
987.183	1.0
988.183	1.0
989.183	1.0
990.183	1.0
991.183	1.0
992.183	1.0
993.183	1.0
994.183	1.0
995.183	1.0
996.183	1.0
