0.128	0.5317737131121917
0.983	0.5509397367834377
1.807	0.5639810273367177
2.638	0.5693984683002806
3.489	0.5788052159809017
4.324	0.5806604693156344
5.142	0.5788343862625157
5.997	0.5648401706865364
6.838	0.5996344261029741
7.687	0.6193800737777232
8.56	0.5157717066720723
9.466000000000001	0.476995769756417
10.388	0.6487267075754344
11.324	0.7131153353125407
12.256	0.3575719284049289
13.195	0.2756505982735754
14.146	0.7649464494214719
15.09	0.49583805815443927
16.04	0.3294152075618536
16.992	0.7954596142101086
17.942	0.708402417173298
18.895	0.8332238531044658
19.849	0.42890341482988814
20.81	0.7721490261365597
21.768	0.3218013683344816
22.728	0.7422433912579771
23.689	0.6995618369872522
24.653000000000002	0.33310003444833014
25.612000000000002	0.1444757194347458
26.574	0.2818747349857896
27.536	0.7011996617032731
28.505	0.8731978620173141
29.467000000000002	0.11564514546420727
30.432000000000002	0.11096532340252907
31.409	0.9510880509039873
32.379	0.8233601934598466
33.353	0.8850200974115812
34.324	0.9648009210607051
35.292	0.9193183777372803
36.259	0.5265239965591804
37.230000000000004	0.8791851301873765
38.199	0.9637754734505773
39.166000000000004	0.7562152456122511
40.157000000000004	0.9722420487629506
41.138	0.965126402785912
42.09	0.9715777032702352
43.057	0.3716821430739571
44.032000000000004	0.8280116266319153
45.007	0.7220594027222068
45.972	0.2686310879268801
46.937	0.16741596195504843
47.917	0.9057457772664029
48.898	0.9671377520563094
49.871	0.6904446967225388
50.852000000000004	0.9539774846780065
51.836	0.7992864125572137
52.817	0.986933430986559
53.803000000000004	0.7617318673832814
54.789	0.9543886921750038
55.772	0.9155171925177503
56.758	0.9376151880501861
57.745000000000005	0.9438527268431255
58.734	0.9364583222583513
59.724000000000004	0.8835091203886939
60.716	0.6878176068042157
61.711	0.3883730381657664
62.709	0.9198257032809046
63.706	0.9933452276433
64.706	1.0
65.706	1.0
66.706	1.0
67.706	1.0
68.706	1.0
69.706	1.0
70.706	1.0
71.706	1.0
72.706	1.0
73.706	1.0
74.706	1.0
75.706	1.0
76.706	1.0
77.706	1.0
78.706	1.0
79.706	1.0
80.706	1.0
81.706	1.0
82.706	1.0
83.706	1.0
84.706	1.0
85.706	1.0
86.706	1.0
87.706	1.0
88.706	1.0
89.706	1.0
90.706	1.0
91.706	1.0
92.706	1.0
93.706	1.0
94.706	1.0
95.706	1.0
96.706	1.0
97.706	1.0
98.706	1.0
99.706	1.0
100.706	1.0
101.706	1.0
102.706	1.0
103.706	1.0
104.706	1.0
105.706	1.0
106.706	1.0
107.706	1.0
108.706	1.0
109.706	1.0
110.706	1.0
111.706	1.0
112.706	1.0
113.706	1.0
114.706	1.0
115.706	1.0
116.706	1.0
117.706	1.0
118.706	1.0
119.706	1.0
120.706	1.0
121.706	1.0
122.706	1.0
123.706	1.0
124.706	1.0
125.706	1.0
126.706	1.0
127.706	1.0
128.706	1.0
129.706	1.0
130.706	1.0
131.706	1.0
132.706	1.0
133.706	1.0
134.706	1.0
135.706	1.0
136.706	1.0
137.706	1.0
138.706	1.0
139.706	1.0
140.706	1.0
141.706	1.0
142.706	1.0
143.706	1.0
144.706	1.0
145.706	1.0
146.706	1.0
147.70600000000002	1.0
148.70600000000002	1.0
149.70600000000002	1.0
150.70600000000002	1.0
151.70600000000002	1.0
152.70600000000002	1.0
153.70600000000002	1.0
154.70600000000002	1.0
155.70600000000002	1.0
156.70600000000002	1.0
157.70600000000002	1.0
158.70600000000002	1.0
159.70600000000002	1.0
160.70600000000002	1.0
161.70600000000002	1.0
162.70600000000002	1.0
163.70600000000002	1.0
164.70600000000002	1.0
165.70600000000002	1.0
166.70600000000002	1.0
167.70600000000002	1.0
168.70600000000002	1.0
169.70600000000002	1.0
170.70600000000002	1.0
171.70600000000002	1.0
172.70600000000002	1.0
173.70600000000002	1.0
174.70600000000002	1.0
175.70600000000002	1.0
176.70600000000002	1.0
177.70600000000002	1.0
178.70600000000002	1.0
179.70600000000002	1.0
180.70600000000002	1.0
181.70600000000002	1.0
182.70600000000002	1.0
183.70600000000002	1.0
184.70600000000002	1.0
185.70600000000002	1.0
186.70600000000002	1.0
187.70600000000002	1.0
188.70600000000002	1.0
189.70600000000002	1.0
190.70600000000002	1.0
191.70600000000002	1.0
192.70600000000002	1.0
193.70600000000002	1.0
194.70600000000002	1.0
195.70600000000002	1.0
196.70600000000002	1.0
197.70600000000002	1.0
198.70600000000002	1.0
199.70600000000002	1.0
200.70600000000002	1.0
201.70600000000002	1.0
202.70600000000002	1.0
203.70600000000002	1.0
204.70600000000002	1.0
205.70600000000002	1.0
206.70600000000002	1.0
207.70600000000002	1.0
208.70600000000002	1.0
209.70600000000002	1.0
210.70600000000002	1.0
211.70600000000002	1.0
212.70600000000002	1.0
213.70600000000002	1.0
214.70600000000002	1.0
215.70600000000002	1.0
216.70600000000002	1.0
217.70600000000002	1.0
218.70600000000002	1.0
219.70600000000002	1.0
220.70600000000002	1.0
221.70600000000002	1.0
222.70600000000002	1.0
223.70600000000002	1.0
224.70600000000002	1.0
225.70600000000002	1.0
226.70600000000002	1.0
227.70600000000002	1.0
228.70600000000002	1.0
229.70600000000002	1.0
230.70600000000002	1.0
231.70600000000002	1.0
232.70600000000002	1.0
233.70600000000002	1.0
234.70600000000002	1.0
235.70600000000002	1.0
236.70600000000002	1.0
237.70600000000002	1.0
238.70600000000002	1.0
239.70600000000002	1.0
240.70600000000002	1.0
241.70600000000002	1.0
242.70600000000002	1.0
243.70600000000002	1.0
244.70600000000002	1.0
245.70600000000002	1.0
246.70600000000002	1.0
247.70600000000002	1.0
248.70600000000002	1.0
249.70600000000002	1.0
250.70600000000002	1.0
251.70600000000002	1.0
252.70600000000002	1.0
253.70600000000002	1.0
254.70600000000002	1.0
255.70600000000002	1.0
256.706	1.0
257.706	1.0
258.706	1.0
259.706	1.0
260.706	1.0
261.706	1.0
262.706	1.0
263.706	1.0
264.706	1.0
265.706	1.0
266.706	1.0
267.706	1.0
268.706	1.0
269.706	1.0
270.706	1.0
271.706	1.0
272.706	1.0
273.706	1.0
274.706	1.0
275.706	1.0
276.706	1.0
277.706	1.0
278.706	1.0
279.706	1.0
280.706	1.0
281.706	1.0
282.706	1.0
283.706	1.0
284.706	1.0
285.706	1.0
286.706	1.0
287.706	1.0
288.706	1.0
289.706	1.0
290.706	1.0
291.706	1.0
292.706	1.0
293.706	1.0
294.706	1.0
295.706	1.0
296.706	1.0
297.706	1.0
298.706	1.0
299.706	1.0
300.706	1.0
301.706	1.0
302.706	1.0
303.706	1.0
304.706	1.0
305.706	1.0
306.706	1.0
307.706	1.0
308.706	1.0
309.706	1.0
310.706	1.0
311.706	1.0
312.706	1.0
313.706	1.0
314.706	1.0
315.706	1.0
316.706	1.0
317.706	1.0
318.706	1.0
319.706	1.0
320.706	1.0
321.706	1.0
322.706	1.0
323.706	1.0
324.706	1.0
325.706	1.0
326.706	1.0
327.706	1.0
328.706	1.0
329.706	1.0
330.706	1.0
331.706	1.0
332.706	1.0
333.706	1.0
334.706	1.0
335.706	1.0
336.706	1.0
337.706	1.0
338.706	1.0
339.706	1.0
340.706	1.0
341.706	1.0
342.706	1.0
343.706	1.0
344.706	1.0
345.706	1.0
346.706	1.0
347.706	1.0
348.706	1.0
349.706	1.0
350.706	1.0
351.706	1.0
352.706	1.0
353.706	1.0
354.706	1.0
355.706	1.0
356.706	1.0
357.706	1.0
358.706	1.0
359.706	1.0
360.706	1.0
361.706	1.0
362.706	1.0
363.706	1.0
364.706	1.0
365.706	1.0
366.706	1.0
367.706	1.0
368.706	1.0
369.706	1.0
370.706	1.0
371.706	1.0
372.706	1.0
373.706	1.0
374.706	1.0
375.706	1.0
376.706	1.0
377.706	1.0
378.706	1.0
379.706	1.0
380.706	1.0
381.706	1.0
382.706	1.0
383.706	1.0
384.706	1.0
385.706	1.0
386.706	1.0
387.706	1.0
388.706	1.0
389.706	1.0
390.706	1.0
391.706	1.0
392.706	1.0
393.706	1.0
394.706	1.0
395.706	1.0
396.706	1.0
397.706	1.0
398.706	1.0
399.706	1.0
400.706	1.0
401.706	1.0
402.706	1.0
403.706	1.0
404.706	1.0
405.706	1.0
406.706	1.0
407.706	1.0
408.706	1.0
409.706	1.0
410.706	1.0
411.706	1.0
412.706	1.0
413.706	1.0
414.706	1.0
415.706	1.0
416.706	1.0
417.706	1.0
418.706	1.0
419.706	1.0
420.706	1.0
421.706	1.0
422.706	1.0
423.706	1.0
424.706	1.0
425.706	1.0
426.706	1.0
427.706	1.0
428.706	1.0
429.706	1.0
430.706	1.0
431.706	1.0
432.706	1.0
433.706	1.0
434.706	1.0
435.706	1.0
436.706	1.0
437.706	1.0
438.706	1.0
439.706	1.0
440.706	1.0
441.706	1.0
442.706	1.0
443.706	1.0
444.706	1.0
445.706	1.0
446.706	1.0
447.706	1.0
448.706	1.0
449.706	1.0
450.706	1.0
451.706	1.0
452.706	1.0
453.706	1.0
454.706	1.0
455.706	1.0
456.706	1.0
457.706	1.0
458.706	1.0
459.706	1.0
460.706	1.0
461.706	1.0
462.706	1.0
463.706	1.0
464.706	1.0
465.706	1.0
466.706	1.0
467.706	1.0
468.706	1.0
469.706	1.0
470.706	1.0
471.706	1.0
472.706	1.0
473.706	1.0
474.706	1.0
475.706	1.0
476.706	1.0
477.706	1.0
478.706	1.0
479.706	1.0
480.706	1.0
481.706	1.0
482.706	1.0
483.706	1.0
484.706	1.0
485.706	1.0
486.706	1.0
487.706	1.0
488.706	1.0
489.706	1.0
490.706	1.0
491.706	1.0
492.706	1.0
493.706	1.0
494.706	1.0
495.706	1.0
496.706	1.0
497.706	1.0
498.706	1.0
499.706	1.0
500.706	1.0
501.706	1.0
502.706	1.0
503.706	1.0
504.706	1.0
505.706	1.0
506.706	1.0
507.706	1.0
508.706	1.0
509.706	1.0
510.706	1.0
511.706	1.0
512.706	1.0
513.706	1.0
514.706	1.0
515.706	1.0
516.706	1.0
517.706	1.0
518.706	1.0
519.706	1.0
520.706	1.0
521.706	1.0
522.706	1.0
523.706	1.0
524.706	1.0
525.706	1.0
526.706	1.0
527.706	1.0
528.706	1.0
529.706	1.0
530.706	1.0
531.706	1.0
532.706	1.0
533.706	1.0
534.706	1.0
535.706	1.0
536.706	1.0
537.706	1.0
538.706	1.0
539.706	1.0
540.706	1.0
541.706	1.0
542.706	1.0
543.706	1.0
544.706	1.0
545.706	1.0
546.706	1.0
547.706	1.0
548.706	1.0
549.706	1.0
550.706	1.0
551.706	1.0
552.706	1.0
553.706	1.0
554.706	1.0
555.706	1.0
556.706	1.0
557.706	1.0
558.706	1.0
559.706	1.0
560.706	1.0
561.706	1.0
562.706	1.0
563.706	1.0
564.706	1.0
565.706	1.0
566.706	1.0
567.706	1.0
568.706	1.0
569.706	1.0
570.706	1.0
571.706	1.0
572.706	1.0
573.706	1.0
574.706	1.0
575.706	1.0
576.706	1.0
577.706	1.0
578.706	1.0
579.706	1.0
580.706	1.0
581.706	1.0
582.706	1.0
583.706	1.0
584.706	1.0
585.706	1.0
586.706	1.0
587.706	1.0
588.706	1.0
589.706	1.0
590.706	1.0
591.706	1.0
592.706	1.0
593.706	1.0
594.706	1.0
595.706	1.0
596.706	1.0
597.706	1.0
598.706	1.0
599.706	1.0
600.706	1.0
601.706	1.0
602.706	1.0
603.706	1.0
604.706	1.0
605.706	1.0
606.706	1.0
607.706	1.0
608.706	1.0
609.706	1.0
610.706	1.0
611.706	1.0
612.706	1.0
613.706	1.0
614.706	1.0
615.706	1.0
616.706	1.0
617.706	1.0
618.706	1.0
619.706	1.0
620.706	1.0
621.706	1.0
622.706	1.0
623.706	1.0
624.706	1.0
625.706	1.0
626.706	1.0
627.706	1.0
628.706	1.0
629.706	1.0
630.706	1.0
631.706	1.0
632.706	1.0
633.706	1.0
634.706	1.0
635.706	1.0
636.706	1.0
637.706	1.0
638.706	1.0
639.706	1.0
640.706	1.0
641.706	1.0
642.706	1.0
643.706	1.0
644.706	1.0
645.706	1.0
646.706	1.0
647.706	1.0
648.706	1.0
649.706	1.0
650.706	1.0
651.706	1.0
652.706	1.0
653.706	1.0
654.706	1.0
655.706	1.0
656.706	1.0
657.706	1.0
658.706	1.0
659.706	1.0
660.706	1.0
661.706	1.0
662.706	1.0
663.706	1.0
664.706	1.0
665.706	1.0
666.706	1.0
667.706	1.0
668.706	1.0
669.706	1.0
670.706	1.0
671.706	1.0
672.706	1.0
673.706	1.0
674.706	1.0
675.706	1.0
676.706	1.0
677.706	1.0
678.706	1.0
679.706	1.0
680.706	1.0
681.706	1.0
682.706	1.0
683.706	1.0
684.706	1.0
685.706	1.0
686.706	1.0
687.706	1.0
688.706	1.0
689.706	1.0
690.706	1.0
691.706	1.0
692.706	1.0
693.706	1.0
694.706	1.0
695.706	1.0
696.706	1.0
697.706	1.0
698.706	1.0
699.706	1.0
700.706	1.0
701.706	1.0
702.706	1.0
703.706	1.0
704.706	1.0
705.706	1.0
706.706	1.0
707.706	1.0
708.706	1.0
709.706	1.0
710.706	1.0
711.706	1.0
712.706	1.0
713.706	1.0
714.706	1.0
715.706	1.0
716.706	1.0
717.706	1.0
718.706	1.0
719.706	1.0
720.706	1.0
721.706	1.0
722.706	1.0
723.706	1.0
724.706	1.0
725.706	1.0
726.706	1.0
727.706	1.0
728.706	1.0
729.706	1.0
730.706	1.0
731.706	1.0
732.706	1.0
733.706	1.0
734.706	1.0
735.706	1.0
736.706	1.0
737.706	1.0
738.706	1.0
739.706	1.0
740.706	1.0
741.706	1.0
742.706	1.0
743.706	1.0
744.706	1.0
745.706	1.0
746.706	1.0
747.706	1.0
748.706	1.0
749.706	1.0
750.706	1.0
751.706	1.0
752.706	1.0
753.706	1.0
754.706	1.0
755.706	1.0
756.706	1.0
757.706	1.0
758.706	1.0
759.706	1.0
760.706	1.0
761.706	1.0
762.706	1.0
763.706	1.0
764.706	1.0
765.706	1.0
766.706	1.0
767.706	1.0
768.706	1.0
769.706	1.0
770.706	1.0
771.706	1.0
772.706	1.0
773.706	1.0
774.706	1.0
775.706	1.0
776.706	1.0
777.706	1.0
778.706	1.0
779.706	1.0
780.706	1.0
781.706	1.0
782.706	1.0
783.706	1.0
784.706	1.0
785.706	1.0
786.706	1.0
787.706	1.0
788.706	1.0
789.706	1.0
790.706	1.0
791.706	1.0
792.706	1.0
793.706	1.0
794.706	1.0
795.706	1.0
796.706	1.0
797.706	1.0
798.706	1.0
799.706	1.0
800.706	1.0
801.706	1.0
802.706	1.0
803.706	1.0
804.706	1.0
805.706	1.0
806.706	1.0
807.706	1.0
808.706	1.0
809.706	1.0
810.706	1.0
811.706	1.0
812.706	1.0
813.706	1.0
814.706	1.0
815.706	1.0
816.706	1.0
817.706	1.0
818.706	1.0
819.706	1.0
820.706	1.0
821.706	1.0
822.706	1.0
823.706	1.0
824.706	1.0
825.706	1.0
826.706	1.0
827.706	1.0
828.706	1.0
829.706	1.0
830.706	1.0
831.706	1.0
832.706	1.0
833.706	1.0
834.706	1.0
835.706	1.0
836.706	1.0
837.706	1.0
838.706	1.0
839.706	1.0
840.706	1.0
841.706	1.0
842.706	1.0
843.706	1.0
844.706	1.0
845.706	1.0
846.706	1.0
847.706	1.0
848.706	1.0
849.706	1.0
850.706	1.0
851.706	1.0
852.706	1.0
853.706	1.0
854.706	1.0
855.706	1.0
856.706	1.0
857.706	1.0
858.706	1.0
859.706	1.0
860.706	1.0
861.706	1.0
862.706	1.0
863.706	1.0
864.706	1.0
865.706	1.0
866.706	1.0
867.706	1.0
868.706	1.0
869.706	1.0
870.706	1.0
871.706	1.0
872.706	1.0
873.706	1.0
874.706	1.0
875.706	1.0
876.706	1.0
877.706	1.0
878.706	1.0
879.706	1.0
880.706	1.0
881.706	1.0
882.706	1.0
883.706	1.0
884.706	1.0
885.706	1.0
886.706	1.0
887.706	1.0
888.706	1.0
889.706	1.0
890.706	1.0
891.706	1.0
892.706	1.0
893.706	1.0
894.706	1.0
895.706	1.0
896.706	1.0
897.706	1.0
898.706	1.0
899.706	1.0
900.706	1.0
901.706	1.0
902.706	1.0
903.706	1.0
904.706	1.0
905.706	1.0
906.706	1.0
907.706	1.0
908.706	1.0
909.706	1.0
910.706	1.0
911.706	1.0
912.706	1.0
913.706	1.0
914.706	1.0
915.706	1.0
916.706	1.0
917.706	1.0
918.706	1.0
919.706	1.0
920.706	1.0
921.706	1.0
922.706	1.0
923.706	1.0
924.706	1.0
925.706	1.0
926.706	1.0
927.706	1.0
928.706	1.0
929.706	1.0
930.706	1.0
931.706	1.0
932.706	1.0
933.706	1.0
934.706	1.0
935.706	1.0
936.706	1.0
937.706	1.0
938.706	1.0
939.706	1.0
940.706	1.0
941.706	1.0
942.706	1.0
943.706	1.0
944.706	1.0
945.706	1.0
946.706	1.0
947.706	1.0
948.706	1.0
949.706	1.0
950.706	1.0
951.706	1.0
952.706	1.0
953.706	1.0
954.706	1.0
955.706	1.0
956.706	1.0
957.706	1.0
958.706	1.0
959.706	1.0
960.706	1.0
961.706	1.0
962.706	1.0
963.706	1.0
964.706	1.0
965.706	1.0
966.706	1.0
967.706	1.0
968.706	1.0
969.706	1.0
970.706	1.0
971.706	1.0
972.706	1.0
973.706	1.0
974.706	1.0
975.706	1.0
976.706	1.0
977.706	1.0
978.706	1.0
979.706	1.0
980.706	1.0
981.706	1.0
982.706	1.0
983.706	1.0
984.706	1.0
985.706	1.0
986.706	1.0
987.706	1.0
988.706	1.0
989.706	1.0
990.706	1.0
991.706	1.0
992.706	1.0
993.706	1.0
994.706	1.0
995.706	1.0
