0.901	0.43344670413444
1.816	0.4425799877945517
2.729	0.45318018629592566
3.642	0.46128293839914997
4.557	0.45606954058627514
5.473	0.4540484428137356
6.399	0.44925598372119696
7.333	0.4636841230406988
8.263	0.4594180786954594
9.172	0.4292409708019862
10.101	0.4354044258253571
11.036	0.4322965217518553
11.981	0.4022781592194747
12.926	0.38300436309857866
13.873000000000001	0.39740940885348985
14.824	0.2628789622492039
15.780000000000001	0.22872709282370374
16.752	0.20305060576405826
17.723	0.20980183202142982
18.695	0.4294930359949693
19.663	0.4523881563200512
20.632	0.27062799932908155
21.598	0.171996893044829
22.574	0.13762418053354178
23.551000000000002	0.190346872621819
24.531	0.2912668641601096
25.5	0.313106718972152
26.47	0.16649594738577408
27.447	0.3674290771599849
28.421	0.24922762658382985
29.394000000000002	0.3826330119396345
30.367	0.26685896240674667
31.35	0.4298640044478189
32.334	0.47649641631698847
33.319	0.8589833589473911
34.304	0.770087393193987
35.287	0.2580610618895631
36.27	0.1712960426343809
37.256	0.3951002406769392
38.239000000000004	0.3865251476303127
39.219	0.21256405276446094
40.203	0.24200196132656593
41.187	0.24272312095574441
42.171	0.24377164623255013
43.154	0.24533630004805534
44.137	0.24825497687901524
45.12	0.25136616517595967
46.112	0.27078087339266843
47.097	0.3055747457375022
48.087	0.7371968159550363
49.075	0.8556670573322128
50.062	0.6576145629864792
51.051	0.5780204866353976
52.04	0.7653540507712129
53.03	0.8734390820070989
54.019	0.6845568947416687
55.01	0.9324188727402679
56.001	0.9717886726122456
56.99	0.6634560772984978
57.981	0.9011958798037089
58.962	0.8727784081987133
59.952	0.9217128092715504
60.942	0.9315045837826907
61.923	0.46773928812569965
62.904	0.5275330324139335
63.885	0.21428612520524687
64.866	0.19780163763151204
65.858	0.6360876821615867
66.84100000000001	0.6964526555528505
67.83200000000001	0.8457643858163719
68.827	0.5468819884711433
69.82300000000001	0.8841833697086824
70.819	0.8237464682219052
71.815	0.893666951888675
72.812	0.2353475948787994
73.81	0.4042125182993995
74.809	0.6219476463738998
75.809	1.0
76.809	1.0
77.809	1.0
78.809	1.0
79.809	1.0
80.809	1.0
81.809	1.0
82.809	1.0
83.809	1.0
84.809	1.0
85.809	1.0
86.809	1.0
87.809	1.0
88.809	1.0
89.809	1.0
90.809	1.0
91.809	1.0
92.809	1.0
93.809	1.0
94.809	1.0
95.809	1.0
96.809	1.0
97.809	1.0
98.809	1.0
99.809	1.0
100.809	1.0
101.809	1.0
102.809	1.0
103.809	1.0
104.809	1.0
105.809	1.0
106.809	1.0
107.809	1.0
108.809	1.0
109.809	1.0
110.809	1.0
111.809	1.0
112.809	1.0
113.809	1.0
114.809	1.0
115.809	1.0
116.809	1.0
117.809	1.0
118.809	1.0
119.809	1.0
120.809	1.0
121.809	1.0
122.809	1.0
123.809	1.0
124.809	1.0
125.809	1.0
126.809	1.0
127.809	1.0
128.809	1.0
129.809	1.0
130.809	1.0
131.809	1.0
132.809	1.0
133.809	1.0
134.809	1.0
135.809	1.0
136.809	1.0
137.809	1.0
138.809	1.0
139.809	1.0
140.809	1.0
141.809	1.0
142.809	1.0
143.809	1.0
144.809	1.0
145.809	1.0
146.809	1.0
147.809	1.0
148.809	1.0
149.809	1.0
150.809	1.0
151.809	1.0
152.809	1.0
153.809	1.0
154.809	1.0
155.809	1.0
156.809	1.0
157.809	1.0
158.809	1.0
159.809	1.0
160.809	1.0
161.809	1.0
162.809	1.0
163.809	1.0
164.809	1.0
165.809	1.0
166.809	1.0
167.809	1.0
168.809	1.0
169.809	1.0
170.809	1.0
171.809	1.0
172.809	1.0
173.809	1.0
174.809	1.0
175.809	1.0
176.809	1.0
177.809	1.0
178.809	1.0
179.809	1.0
180.809	1.0
181.809	1.0
182.809	1.0
183.809	1.0
184.809	1.0
185.809	1.0
186.809	1.0
187.809	1.0
188.809	1.0
189.809	1.0
190.809	1.0
191.809	1.0
192.809	1.0
193.809	1.0
194.809	1.0
195.809	1.0
196.809	1.0
197.809	1.0
198.809	1.0
199.809	1.0
200.809	1.0
201.809	1.0
202.809	1.0
203.809	1.0
204.809	1.0
205.809	1.0
206.809	1.0
207.809	1.0
208.809	1.0
209.809	1.0
210.809	1.0
211.809	1.0
212.809	1.0
213.809	1.0
214.809	1.0
215.809	1.0
216.809	1.0
217.809	1.0
218.809	1.0
219.809	1.0
220.809	1.0
221.809	1.0
222.809	1.0
223.809	1.0
224.809	1.0
225.809	1.0
226.809	1.0
227.809	1.0
228.809	1.0
229.809	1.0
230.809	1.0
231.809	1.0
232.809	1.0
233.809	1.0
234.809	1.0
235.809	1.0
236.809	1.0
237.809	1.0
238.809	1.0
239.809	1.0
240.809	1.0
241.809	1.0
242.809	1.0
243.809	1.0
244.809	1.0
245.809	1.0
246.809	1.0
247.809	1.0
248.809	1.0
249.809	1.0
250.809	1.0
251.809	1.0
252.809	1.0
253.809	1.0
254.809	1.0
255.809	1.0
256.809	1.0
257.809	1.0
258.809	1.0
259.809	1.0
260.809	1.0
261.809	1.0
262.809	1.0
263.809	1.0
264.809	1.0
265.809	1.0
266.809	1.0
267.809	1.0
268.809	1.0
269.809	1.0
270.809	1.0
271.809	1.0
272.809	1.0
273.809	1.0
274.809	1.0
275.809	1.0
276.809	1.0
277.809	1.0
278.809	1.0
279.809	1.0
280.809	1.0
281.809	1.0
282.809	1.0
283.809	1.0
284.809	1.0
285.809	1.0
286.809	1.0
287.809	1.0
288.809	1.0
289.809	1.0
290.809	1.0
291.809	1.0
292.809	1.0
293.809	1.0
294.809	1.0
295.809	1.0
296.809	1.0
297.809	1.0
298.809	1.0
299.809	1.0
300.809	1.0
301.809	1.0
302.809	1.0
303.809	1.0
304.809	1.0
305.809	1.0
306.809	1.0
307.809	1.0
308.809	1.0
309.809	1.0
310.809	1.0
311.809	1.0
312.809	1.0
313.809	1.0
314.809	1.0
315.809	1.0
316.809	1.0
317.809	1.0
318.809	1.0
319.809	1.0
320.809	1.0
321.809	1.0
322.809	1.0
323.809	1.0
324.809	1.0
325.809	1.0
326.809	1.0
327.809	1.0
328.809	1.0
329.809	1.0
330.809	1.0
331.809	1.0
332.809	1.0
333.809	1.0
334.809	1.0
335.809	1.0
336.809	1.0
337.809	1.0
338.809	1.0
339.809	1.0
340.809	1.0
341.809	1.0
342.809	1.0
343.809	1.0
344.809	1.0
345.809	1.0
346.809	1.0
347.809	1.0
348.809	1.0
349.809	1.0
350.809	1.0
351.809	1.0
352.809	1.0
353.809	1.0
354.809	1.0
355.809	1.0
356.809	1.0
357.809	1.0
358.809	1.0
359.809	1.0
360.809	1.0
361.809	1.0
362.809	1.0
363.809	1.0
364.809	1.0
365.809	1.0
366.809	1.0
367.809	1.0
368.809	1.0
369.809	1.0
370.809	1.0
371.809	1.0
372.809	1.0
373.809	1.0
374.809	1.0
375.809	1.0
376.809	1.0
377.809	1.0
378.809	1.0
379.809	1.0
380.809	1.0
381.809	1.0
382.809	1.0
383.809	1.0
384.809	1.0
385.809	1.0
386.809	1.0
387.809	1.0
388.809	1.0
389.809	1.0
390.809	1.0
391.809	1.0
392.809	1.0
393.809	1.0
394.809	1.0
395.809	1.0
396.809	1.0
397.809	1.0
398.809	1.0
399.809	1.0
400.809	1.0
401.809	1.0
402.809	1.0
403.809	1.0
404.809	1.0
405.809	1.0
406.809	1.0
407.809	1.0
408.809	1.0
409.809	1.0
410.809	1.0
411.809	1.0
412.809	1.0
413.809	1.0
414.809	1.0
415.809	1.0
416.809	1.0
417.809	1.0
418.809	1.0
419.809	1.0
420.809	1.0
421.809	1.0
422.809	1.0
423.809	1.0
424.809	1.0
425.809	1.0
426.809	1.0
427.809	1.0
428.809	1.0
429.809	1.0
430.809	1.0
431.809	1.0
432.809	1.0
433.809	1.0
434.809	1.0
435.809	1.0
436.809	1.0
437.809	1.0
438.809	1.0
439.809	1.0
440.809	1.0
441.809	1.0
442.809	1.0
443.809	1.0
444.809	1.0
445.809	1.0
446.809	1.0
447.809	1.0
448.809	1.0
449.809	1.0
450.809	1.0
451.809	1.0
452.809	1.0
453.809	1.0
454.809	1.0
455.809	1.0
456.809	1.0
457.809	1.0
458.809	1.0
459.809	1.0
460.809	1.0
461.809	1.0
462.809	1.0
463.809	1.0
464.809	1.0
465.809	1.0
466.809	1.0
467.809	1.0
468.809	1.0
469.809	1.0
470.809	1.0
471.809	1.0
472.809	1.0
473.809	1.0
474.809	1.0
475.809	1.0
476.809	1.0
477.809	1.0
478.809	1.0
479.809	1.0
480.809	1.0
481.809	1.0
482.809	1.0
483.809	1.0
484.809	1.0
485.809	1.0
486.809	1.0
487.809	1.0
488.809	1.0
489.809	1.0
490.809	1.0
491.809	1.0
492.809	1.0
493.809	1.0
494.809	1.0
495.809	1.0
496.809	1.0
497.809	1.0
498.809	1.0
499.809	1.0
500.809	1.0
501.809	1.0
502.809	1.0
503.809	1.0
504.809	1.0
505.809	1.0
506.809	1.0
507.809	1.0
508.809	1.0
509.809	1.0
510.809	1.0
511.809	1.0
512.809	1.0
513.809	1.0
514.809	1.0
515.809	1.0
516.809	1.0
517.809	1.0
518.809	1.0
519.809	1.0
520.809	1.0
521.809	1.0
522.809	1.0
523.809	1.0
524.809	1.0
525.809	1.0
526.809	1.0
527.809	1.0
528.809	1.0
529.809	1.0
530.809	1.0
531.809	1.0
532.809	1.0
533.809	1.0
534.809	1.0
535.809	1.0
536.809	1.0
537.809	1.0
538.809	1.0
539.809	1.0
540.809	1.0
541.809	1.0
542.809	1.0
543.809	1.0
544.809	1.0
545.809	1.0
546.809	1.0
547.809	1.0
548.809	1.0
549.809	1.0
550.809	1.0
551.809	1.0
552.809	1.0
553.809	1.0
554.809	1.0
555.809	1.0
556.809	1.0
557.809	1.0
558.809	1.0
559.809	1.0
560.809	1.0
561.809	1.0
562.809	1.0
563.809	1.0
564.809	1.0
565.809	1.0
566.809	1.0
567.809	1.0
568.809	1.0
569.809	1.0
570.809	1.0
571.809	1.0
572.809	1.0
573.809	1.0
574.809	1.0
575.809	1.0
576.809	1.0
577.809	1.0
578.809	1.0
579.809	1.0
580.809	1.0
581.809	1.0
582.809	1.0
583.809	1.0
584.809	1.0
585.809	1.0
586.809	1.0
587.809	1.0
588.809	1.0
589.809	1.0
590.809	1.0
591.809	1.0
592.809	1.0
593.809	1.0
594.809	1.0
595.809	1.0
596.809	1.0
597.809	1.0
598.809	1.0
599.809	1.0
600.809	1.0
601.809	1.0
602.809	1.0
603.809	1.0
604.809	1.0
605.809	1.0
606.809	1.0
607.809	1.0
608.809	1.0
609.809	1.0
610.809	1.0
611.809	1.0
612.809	1.0
613.809	1.0
614.809	1.0
615.809	1.0
616.809	1.0
617.809	1.0
618.809	1.0
619.809	1.0
620.809	1.0
621.809	1.0
622.809	1.0
623.809	1.0
624.809	1.0
625.809	1.0
626.809	1.0
627.809	1.0
628.809	1.0
629.809	1.0
630.809	1.0
631.809	1.0
632.809	1.0
633.809	1.0
634.809	1.0
635.809	1.0
636.809	1.0
637.809	1.0
638.809	1.0
639.809	1.0
640.809	1.0
641.809	1.0
642.809	1.0
643.809	1.0
644.809	1.0
645.809	1.0
646.809	1.0
647.809	1.0
648.809	1.0
649.809	1.0
650.809	1.0
651.809	1.0
652.809	1.0
653.809	1.0
654.809	1.0
655.809	1.0
656.809	1.0
657.809	1.0
658.809	1.0
659.809	1.0
660.809	1.0
661.809	1.0
662.809	1.0
663.809	1.0
664.809	1.0
665.809	1.0
666.809	1.0
667.809	1.0
668.809	1.0
669.809	1.0
670.809	1.0
671.809	1.0
672.809	1.0
673.809	1.0
674.809	1.0
675.809	1.0
676.809	1.0
677.809	1.0
678.809	1.0
679.809	1.0
680.809	1.0
681.809	1.0
682.809	1.0
683.809	1.0
684.809	1.0
685.809	1.0
686.809	1.0
687.809	1.0
688.809	1.0
689.809	1.0
690.809	1.0
691.809	1.0
692.809	1.0
693.809	1.0
694.809	1.0
695.809	1.0
696.809	1.0
697.809	1.0
698.809	1.0
699.809	1.0
700.809	1.0
701.809	1.0
702.809	1.0
703.809	1.0
704.809	1.0
705.809	1.0
706.809	1.0
707.809	1.0
708.809	1.0
709.809	1.0
710.809	1.0
711.809	1.0
712.809	1.0
713.809	1.0
714.809	1.0
715.809	1.0
716.809	1.0
717.809	1.0
718.809	1.0
719.809	1.0
720.809	1.0
721.809	1.0
722.809	1.0
723.809	1.0
724.809	1.0
725.809	1.0
726.809	1.0
727.809	1.0
728.809	1.0
729.809	1.0
730.809	1.0
731.809	1.0
732.809	1.0
733.809	1.0
734.809	1.0
735.809	1.0
736.809	1.0
737.809	1.0
738.809	1.0
739.809	1.0
740.809	1.0
741.809	1.0
742.809	1.0
743.809	1.0
744.809	1.0
745.809	1.0
746.809	1.0
747.809	1.0
748.809	1.0
749.809	1.0
750.809	1.0
751.809	1.0
752.809	1.0
753.809	1.0
754.809	1.0
755.809	1.0
756.809	1.0
757.809	1.0
758.809	1.0
759.809	1.0
760.809	1.0
761.809	1.0
762.809	1.0
763.809	1.0
764.809	1.0
765.809	1.0
766.809	1.0
767.809	1.0
768.809	1.0
769.809	1.0
770.809	1.0
771.809	1.0
772.809	1.0
773.809	1.0
774.809	1.0
775.809	1.0
776.809	1.0
777.809	1.0
778.809	1.0
779.809	1.0
780.809	1.0
781.809	1.0
782.809	1.0
783.809	1.0
784.809	1.0
785.809	1.0
786.809	1.0
787.809	1.0
788.809	1.0
789.809	1.0
790.809	1.0
791.809	1.0
792.809	1.0
793.809	1.0
794.809	1.0
795.809	1.0
796.809	1.0
797.809	1.0
798.809	1.0
799.809	1.0
800.809	1.0
801.809	1.0
802.809	1.0
803.809	1.0
804.809	1.0
805.809	1.0
806.809	1.0
807.809	1.0
808.809	1.0
809.809	1.0
810.809	1.0
811.809	1.0
812.809	1.0
813.809	1.0
814.809	1.0
815.809	1.0
816.809	1.0
817.809	1.0
818.809	1.0
819.809	1.0
820.809	1.0
821.809	1.0
822.809	1.0
823.809	1.0
824.809	1.0
825.809	1.0
826.809	1.0
827.809	1.0
828.809	1.0
829.809	1.0
830.809	1.0
831.809	1.0
832.809	1.0
833.809	1.0
834.809	1.0
835.809	1.0
836.809	1.0
837.809	1.0
838.809	1.0
839.809	1.0
840.809	1.0
841.809	1.0
842.809	1.0
843.809	1.0
844.809	1.0
845.809	1.0
846.809	1.0
847.809	1.0
848.809	1.0
849.809	1.0
850.809	1.0
851.809	1.0
852.809	1.0
853.809	1.0
854.809	1.0
855.809	1.0
856.809	1.0
857.809	1.0
858.809	1.0
859.809	1.0
860.809	1.0
861.809	1.0
862.809	1.0
863.809	1.0
864.809	1.0
865.809	1.0
866.809	1.0
867.809	1.0
868.809	1.0
869.809	1.0
870.809	1.0
871.809	1.0
872.809	1.0
873.809	1.0
874.809	1.0
875.809	1.0
876.809	1.0
877.809	1.0
878.809	1.0
879.809	1.0
880.809	1.0
881.809	1.0
882.809	1.0
883.809	1.0
884.809	1.0
885.809	1.0
886.809	1.0
887.809	1.0
888.809	1.0
889.809	1.0
890.809	1.0
891.809	1.0
892.809	1.0
893.809	1.0
894.809	1.0
895.809	1.0
896.809	1.0
897.809	1.0
898.809	1.0
899.809	1.0
900.809	1.0
901.809	1.0
902.809	1.0
903.809	1.0
904.809	1.0
905.809	1.0
906.809	1.0
907.809	1.0
908.809	1.0
909.809	1.0
910.809	1.0
911.809	1.0
912.809	1.0
913.809	1.0
914.809	1.0
915.809	1.0
916.809	1.0
917.809	1.0
918.809	1.0
919.809	1.0
920.809	1.0
921.809	1.0
922.809	1.0
923.809	1.0
924.809	1.0
925.809	1.0
926.809	1.0
927.809	1.0
928.809	1.0
929.809	1.0
930.809	1.0
931.809	1.0
932.809	1.0
933.809	1.0
934.809	1.0
935.809	1.0
936.809	1.0
937.809	1.0
938.809	1.0
939.809	1.0
940.809	1.0
941.809	1.0
942.809	1.0
943.809	1.0
944.809	1.0
945.809	1.0
946.809	1.0
947.809	1.0
948.809	1.0
949.809	1.0
950.809	1.0
951.809	1.0
952.809	1.0
953.809	1.0
954.809	1.0
955.809	1.0
956.809	1.0
957.809	1.0
958.809	1.0
959.809	1.0
960.809	1.0
961.809	1.0
962.809	1.0
963.809	1.0
964.809	1.0
965.809	1.0
966.809	1.0
967.809	1.0
968.809	1.0
969.809	1.0
970.809	1.0
971.809	1.0
972.809	1.0
973.809	1.0
974.809	1.0
975.809	1.0
976.809	1.0
977.809	1.0
978.809	1.0
979.809	1.0
980.809	1.0
981.809	1.0
982.809	1.0
983.809	1.0
984.809	1.0
985.809	1.0
986.809	1.0
987.809	1.0
988.809	1.0
989.809	1.0
990.809	1.0
991.809	1.0
992.809	1.0
993.809	1.0
994.809	1.0
995.809	1.0
996.809	1.0
997.809	1.0
