0.401	0.5265071936617772
1.343	0.5194442582300866
2.271	0.5156519362004686
3.193	0.5201684132679262
4.144	0.553311401514949
5.066	0.5444096320890016
6.0040000000000004	0.5365251006151383
6.932	0.5341213947898151
7.872	0.542796686918516
8.803	0.5711561046920933
9.752	0.5483213590576363
10.687	0.5404694456892865
11.608	0.545903289892442
12.56	0.5829900327406111
13.502	0.5833880677515392
14.452	0.5993998310123082
15.403	0.6107059056940523
16.352	0.6138448240718477
17.282	0.6150300954029029
18.232	0.5965905347821345
19.183	0.6047364106204582
20.118000000000002	0.5971462727086149
21.064	0.6046849199839021
22.003	0.634242833510621
22.952	0.6339629822598872
23.887	0.6303540866740434
24.831	0.6209560289455868
25.761	0.6225855335327143
26.702	0.6188778623144591
27.655	0.6073190036277946
28.593	0.6142919045331993
29.535	0.612146003163369
30.504	0.5797484150980954
31.456	0.5897942349538595
32.389	0.5987918624353433
33.336	0.6007278357888137
34.279	0.6077909976933097
35.223	0.5946863491366291
36.177	0.6104503223588462
37.129	0.6276026234924573
38.074	0.6194662460092638
39.023	0.6122989158441343
39.980000000000004	0.6311304329086961
40.961	0.5977427649358986
41.913000000000004	0.5882982299336534
42.873	0.5977408723506997
43.851	0.5753395794663299
44.803000000000004	0.5758034236796297
45.751	0.5717228068290757
46.71	0.5655916158236064
47.69	0.5425508350847428
48.654	0.5344880217725382
49.621	0.5278806071443976
50.585	0.533386908304433
51.537	0.541085187132931
52.491	0.5482046896948201
53.453	0.5590179670768335
54.429	0.549142790342034
55.406	0.5419921361012194
56.373000000000005	0.5458978435506561
57.345	0.5476381213708441
58.336	0.527458043404696
59.32	0.5230800090505862
60.289	0.5332318447461115
61.263	0.5378930921920768
62.247	0.5375347572392661
63.231	0.5414380357086263
64.199	0.5633168325688593
65.155	0.5981997684792673
66.107	0.6386244913485293
67.063	0.6752943066278987
68.044	0.6837757272819266
68.989	0.7326938434510423
69.94500000000001	0.7725113374660908
70.922	0.7912969601290004
71.849	0.8603850614778
72.731	0.9560117039699998
73.706	1.0
74.706	1.0
75.706	1.0
76.706	1.0
77.706	1.0
78.706	1.0
79.706	1.0
80.706	1.0
81.706	1.0
82.706	1.0
83.706	1.0
84.706	1.0
85.706	1.0
86.706	1.0
87.706	1.0
88.706	1.0
89.706	1.0
90.706	1.0
91.706	1.0
92.706	1.0
93.706	1.0
94.706	1.0
95.706	1.0
96.706	1.0
97.706	1.0
98.706	1.0
99.706	1.0
100.706	1.0
101.706	1.0
102.706	1.0
103.706	1.0
104.706	1.0
105.706	1.0
106.706	1.0
107.706	1.0
108.706	1.0
109.706	1.0
110.706	1.0
111.706	1.0
112.706	1.0
113.706	1.0
114.706	1.0
115.706	1.0
116.706	1.0
117.706	1.0
118.706	1.0
119.706	1.0
120.706	1.0
121.706	1.0
122.706	1.0
123.706	1.0
124.706	1.0
125.706	1.0
126.706	1.0
127.706	1.0
128.706	1.0
129.706	1.0
130.706	1.0
131.706	1.0
132.706	1.0
133.706	1.0
134.706	1.0
135.706	1.0
136.706	1.0
137.706	1.0
138.706	1.0
139.706	1.0
140.706	1.0
141.706	1.0
142.706	1.0
143.706	1.0
144.706	1.0
145.706	1.0
146.706	1.0
147.70600000000002	1.0
148.70600000000002	1.0
149.70600000000002	1.0
150.70600000000002	1.0
151.70600000000002	1.0
152.70600000000002	1.0
153.70600000000002	1.0
154.70600000000002	1.0
155.70600000000002	1.0
156.70600000000002	1.0
157.70600000000002	1.0
158.70600000000002	1.0
159.70600000000002	1.0
160.70600000000002	1.0
161.70600000000002	1.0
162.70600000000002	1.0
163.70600000000002	1.0
164.70600000000002	1.0
165.70600000000002	1.0
166.70600000000002	1.0
167.70600000000002	1.0
168.70600000000002	1.0
169.70600000000002	1.0
170.70600000000002	1.0
171.70600000000002	1.0
172.70600000000002	1.0
173.70600000000002	1.0
174.70600000000002	1.0
175.70600000000002	1.0
176.70600000000002	1.0
177.70600000000002	1.0
178.70600000000002	1.0
179.70600000000002	1.0
180.70600000000002	1.0
181.70600000000002	1.0
182.70600000000002	1.0
183.70600000000002	1.0
184.70600000000002	1.0
185.70600000000002	1.0
186.70600000000002	1.0
187.70600000000002	1.0
188.70600000000002	1.0
189.70600000000002	1.0
190.70600000000002	1.0
191.70600000000002	1.0
192.70600000000002	1.0
193.70600000000002	1.0
194.70600000000002	1.0
195.70600000000002	1.0
196.70600000000002	1.0
197.70600000000002	1.0
198.70600000000002	1.0
199.70600000000002	1.0
200.70600000000002	1.0
201.70600000000002	1.0
202.70600000000002	1.0
203.70600000000002	1.0
204.70600000000002	1.0
205.70600000000002	1.0
206.70600000000002	1.0
207.70600000000002	1.0
208.70600000000002	1.0
209.70600000000002	1.0
210.70600000000002	1.0
211.70600000000002	1.0
212.70600000000002	1.0
213.70600000000002	1.0
214.70600000000002	1.0
215.70600000000002	1.0
216.70600000000002	1.0
217.70600000000002	1.0
218.70600000000002	1.0
219.70600000000002	1.0
220.70600000000002	1.0
221.70600000000002	1.0
222.70600000000002	1.0
223.70600000000002	1.0
224.70600000000002	1.0
225.70600000000002	1.0
226.70600000000002	1.0
227.70600000000002	1.0
228.70600000000002	1.0
229.70600000000002	1.0
230.70600000000002	1.0
231.70600000000002	1.0
232.70600000000002	1.0
233.70600000000002	1.0
234.70600000000002	1.0
235.70600000000002	1.0
236.70600000000002	1.0
237.70600000000002	1.0
238.70600000000002	1.0
239.70600000000002	1.0
240.70600000000002	1.0
241.70600000000002	1.0
242.70600000000002	1.0
243.70600000000002	1.0
244.70600000000002	1.0
245.70600000000002	1.0
246.70600000000002	1.0
247.70600000000002	1.0
248.70600000000002	1.0
249.70600000000002	1.0
250.70600000000002	1.0
251.70600000000002	1.0
252.70600000000002	1.0
253.70600000000002	1.0
254.70600000000002	1.0
255.70600000000002	1.0
256.706	1.0
257.706	1.0
258.706	1.0
259.706	1.0
260.706	1.0
261.706	1.0
262.706	1.0
263.706	1.0
264.706	1.0
265.706	1.0
266.706	1.0
267.706	1.0
268.706	1.0
269.706	1.0
270.706	1.0
271.706	1.0
272.706	1.0
273.706	1.0
274.706	1.0
275.706	1.0
276.706	1.0
277.706	1.0
278.706	1.0
279.706	1.0
280.706	1.0
281.706	1.0
282.706	1.0
283.706	1.0
284.706	1.0
285.706	1.0
286.706	1.0
287.706	1.0
288.706	1.0
289.706	1.0
290.706	1.0
291.706	1.0
292.706	1.0
293.706	1.0
294.706	1.0
295.706	1.0
296.706	1.0
297.706	1.0
298.706	1.0
299.706	1.0
300.706	1.0
301.706	1.0
302.706	1.0
303.706	1.0
304.706	1.0
305.706	1.0
306.706	1.0
307.706	1.0
308.706	1.0
309.706	1.0
310.706	1.0
311.706	1.0
312.706	1.0
313.706	1.0
314.706	1.0
315.706	1.0
316.706	1.0
317.706	1.0
318.706	1.0
319.706	1.0
320.706	1.0
321.706	1.0
322.706	1.0
323.706	1.0
324.706	1.0
325.706	1.0
326.706	1.0
327.706	1.0
328.706	1.0
329.706	1.0
330.706	1.0
331.706	1.0
332.706	1.0
333.706	1.0
334.706	1.0
335.706	1.0
336.706	1.0
337.706	1.0
338.706	1.0
339.706	1.0
340.706	1.0
341.706	1.0
342.706	1.0
343.706	1.0
344.706	1.0
345.706	1.0
346.706	1.0
347.706	1.0
348.706	1.0
349.706	1.0
350.706	1.0
351.706	1.0
352.706	1.0
353.706	1.0
354.706	1.0
355.706	1.0
356.706	1.0
357.706	1.0
358.706	1.0
359.706	1.0
360.706	1.0
361.706	1.0
362.706	1.0
363.706	1.0
364.706	1.0
365.706	1.0
366.706	1.0
367.706	1.0
368.706	1.0
369.706	1.0
370.706	1.0
371.706	1.0
372.706	1.0
373.706	1.0
374.706	1.0
375.706	1.0
376.706	1.0
377.706	1.0
378.706	1.0
379.706	1.0
380.706	1.0
381.706	1.0
382.706	1.0
383.706	1.0
384.706	1.0
385.706	1.0
386.706	1.0
387.706	1.0
388.706	1.0
389.706	1.0
390.706	1.0
391.706	1.0
392.706	1.0
393.706	1.0
394.706	1.0
395.706	1.0
396.706	1.0
397.706	1.0
398.706	1.0
399.706	1.0
400.706	1.0
401.706	1.0
402.706	1.0
403.706	1.0
404.706	1.0
405.706	1.0
406.706	1.0
407.706	1.0
408.706	1.0
409.706	1.0
410.706	1.0
411.706	1.0
412.706	1.0
413.706	1.0
414.706	1.0
415.706	1.0
416.706	1.0
417.706	1.0
418.706	1.0
419.706	1.0
420.706	1.0
421.706	1.0
422.706	1.0
423.706	1.0
424.706	1.0
425.706	1.0
426.706	1.0
427.706	1.0
428.706	1.0
429.706	1.0
430.706	1.0
431.706	1.0
432.706	1.0
433.706	1.0
434.706	1.0
435.706	1.0
436.706	1.0
437.706	1.0
438.706	1.0
439.706	1.0
440.706	1.0
441.706	1.0
442.706	1.0
443.706	1.0
444.706	1.0
445.706	1.0
446.706	1.0
447.706	1.0
448.706	1.0
449.706	1.0
450.706	1.0
451.706	1.0
452.706	1.0
453.706	1.0
454.706	1.0
455.706	1.0
456.706	1.0
457.706	1.0
458.706	1.0
459.706	1.0
460.706	1.0
461.706	1.0
462.706	1.0
463.706	1.0
464.706	1.0
465.706	1.0
466.706	1.0
467.706	1.0
468.706	1.0
469.706	1.0
470.706	1.0
471.706	1.0
472.706	1.0
473.706	1.0
474.706	1.0
475.706	1.0
476.706	1.0
477.706	1.0
478.706	1.0
479.706	1.0
480.706	1.0
481.706	1.0
482.706	1.0
483.706	1.0
484.706	1.0
485.706	1.0
486.706	1.0
487.706	1.0
488.706	1.0
489.706	1.0
490.706	1.0
491.706	1.0
492.706	1.0
493.706	1.0
494.706	1.0
495.706	1.0
496.706	1.0
497.706	1.0
498.706	1.0
499.706	1.0
500.706	1.0
501.706	1.0
502.706	1.0
503.706	1.0
504.706	1.0
505.706	1.0
506.706	1.0
507.706	1.0
508.706	1.0
509.706	1.0
510.706	1.0
511.706	1.0
512.706	1.0
513.706	1.0
514.706	1.0
515.706	1.0
516.706	1.0
517.706	1.0
518.706	1.0
519.706	1.0
520.706	1.0
521.706	1.0
522.706	1.0
523.706	1.0
524.706	1.0
525.706	1.0
526.706	1.0
527.706	1.0
528.706	1.0
529.706	1.0
530.706	1.0
531.706	1.0
532.706	1.0
533.706	1.0
534.706	1.0
535.706	1.0
536.706	1.0
537.706	1.0
538.706	1.0
539.706	1.0
540.706	1.0
541.706	1.0
542.706	1.0
543.706	1.0
544.706	1.0
545.706	1.0
546.706	1.0
547.706	1.0
548.706	1.0
549.706	1.0
550.706	1.0
551.706	1.0
552.706	1.0
553.706	1.0
554.706	1.0
555.706	1.0
556.706	1.0
557.706	1.0
558.706	1.0
559.706	1.0
560.706	1.0
561.706	1.0
562.706	1.0
563.706	1.0
564.706	1.0
565.706	1.0
566.706	1.0
567.706	1.0
568.706	1.0
569.706	1.0
570.706	1.0
571.706	1.0
572.706	1.0
573.706	1.0
574.706	1.0
575.706	1.0
576.706	1.0
577.706	1.0
578.706	1.0
579.706	1.0
580.706	1.0
581.706	1.0
582.706	1.0
583.706	1.0
584.706	1.0
585.706	1.0
586.706	1.0
587.706	1.0
588.706	1.0
589.706	1.0
590.706	1.0
591.706	1.0
592.706	1.0
593.706	1.0
594.706	1.0
595.706	1.0
596.706	1.0
597.706	1.0
598.706	1.0
599.706	1.0
600.706	1.0
601.706	1.0
602.706	1.0
603.706	1.0
604.706	1.0
605.706	1.0
606.706	1.0
607.706	1.0
608.706	1.0
609.706	1.0
610.706	1.0
611.706	1.0
612.706	1.0
613.706	1.0
614.706	1.0
615.706	1.0
616.706	1.0
617.706	1.0
618.706	1.0
619.706	1.0
620.706	1.0
621.706	1.0
622.706	1.0
623.706	1.0
624.706	1.0
625.706	1.0
626.706	1.0
627.706	1.0
628.706	1.0
629.706	1.0
630.706	1.0
631.706	1.0
632.706	1.0
633.706	1.0
634.706	1.0
635.706	1.0
636.706	1.0
637.706	1.0
638.706	1.0
639.706	1.0
640.706	1.0
641.706	1.0
642.706	1.0
643.706	1.0
644.706	1.0
645.706	1.0
646.706	1.0
647.706	1.0
648.706	1.0
649.706	1.0
650.706	1.0
651.706	1.0
652.706	1.0
653.706	1.0
654.706	1.0
655.706	1.0
656.706	1.0
657.706	1.0
658.706	1.0
659.706	1.0
660.706	1.0
661.706	1.0
662.706	1.0
663.706	1.0
664.706	1.0
665.706	1.0
666.706	1.0
667.706	1.0
668.706	1.0
669.706	1.0
670.706	1.0
671.706	1.0
672.706	1.0
673.706	1.0
674.706	1.0
675.706	1.0
676.706	1.0
677.706	1.0
678.706	1.0
679.706	1.0
680.706	1.0
681.706	1.0
682.706	1.0
683.706	1.0
684.706	1.0
685.706	1.0
686.706	1.0
687.706	1.0
688.706	1.0
689.706	1.0
690.706	1.0
691.706	1.0
692.706	1.0
693.706	1.0
694.706	1.0
695.706	1.0
696.706	1.0
697.706	1.0
698.706	1.0
699.706	1.0
700.706	1.0
701.706	1.0
702.706	1.0
703.706	1.0
704.706	1.0
705.706	1.0
706.706	1.0
707.706	1.0
708.706	1.0
709.706	1.0
710.706	1.0
711.706	1.0
712.706	1.0
713.706	1.0
714.706	1.0
715.706	1.0
716.706	1.0
717.706	1.0
718.706	1.0
719.706	1.0
720.706	1.0
721.706	1.0
722.706	1.0
723.706	1.0
724.706	1.0
725.706	1.0
726.706	1.0
727.706	1.0
728.706	1.0
729.706	1.0
730.706	1.0
731.706	1.0
732.706	1.0
733.706	1.0
734.706	1.0
735.706	1.0
736.706	1.0
737.706	1.0
738.706	1.0
739.706	1.0
740.706	1.0
741.706	1.0
742.706	1.0
743.706	1.0
744.706	1.0
745.706	1.0
746.706	1.0
747.706	1.0
748.706	1.0
749.706	1.0
750.706	1.0
751.706	1.0
752.706	1.0
753.706	1.0
754.706	1.0
755.706	1.0
756.706	1.0
757.706	1.0
758.706	1.0
759.706	1.0
760.706	1.0
761.706	1.0
762.706	1.0
763.706	1.0
764.706	1.0
765.706	1.0
766.706	1.0
767.706	1.0
768.706	1.0
769.706	1.0
770.706	1.0
771.706	1.0
772.706	1.0
773.706	1.0
774.706	1.0
775.706	1.0
776.706	1.0
777.706	1.0
778.706	1.0
779.706	1.0
780.706	1.0
781.706	1.0
782.706	1.0
783.706	1.0
784.706	1.0
785.706	1.0
786.706	1.0
787.706	1.0
788.706	1.0
789.706	1.0
790.706	1.0
791.706	1.0
792.706	1.0
793.706	1.0
794.706	1.0
795.706	1.0
796.706	1.0
797.706	1.0
798.706	1.0
799.706	1.0
800.706	1.0
801.706	1.0
802.706	1.0
803.706	1.0
804.706	1.0
805.706	1.0
806.706	1.0
807.706	1.0
808.706	1.0
809.706	1.0
810.706	1.0
811.706	1.0
812.706	1.0
813.706	1.0
814.706	1.0
815.706	1.0
816.706	1.0
817.706	1.0
818.706	1.0
819.706	1.0
820.706	1.0
821.706	1.0
822.706	1.0
823.706	1.0
824.706	1.0
825.706	1.0
826.706	1.0
827.706	1.0
828.706	1.0
829.706	1.0
830.706	1.0
831.706	1.0
832.706	1.0
833.706	1.0
834.706	1.0
835.706	1.0
836.706	1.0
837.706	1.0
838.706	1.0
839.706	1.0
840.706	1.0
841.706	1.0
842.706	1.0
843.706	1.0
844.706	1.0
845.706	1.0
846.706	1.0
847.706	1.0
848.706	1.0
849.706	1.0
850.706	1.0
851.706	1.0
852.706	1.0
853.706	1.0
854.706	1.0
855.706	1.0
856.706	1.0
857.706	1.0
858.706	1.0
859.706	1.0
860.706	1.0
861.706	1.0
862.706	1.0
863.706	1.0
864.706	1.0
865.706	1.0
866.706	1.0
867.706	1.0
868.706	1.0
869.706	1.0
870.706	1.0
871.706	1.0
872.706	1.0
873.706	1.0
874.706	1.0
875.706	1.0
876.706	1.0
877.706	1.0
878.706	1.0
879.706	1.0
880.706	1.0
881.706	1.0
882.706	1.0
883.706	1.0
884.706	1.0
885.706	1.0
886.706	1.0
887.706	1.0
888.706	1.0
889.706	1.0
890.706	1.0
891.706	1.0
892.706	1.0
893.706	1.0
894.706	1.0
895.706	1.0
896.706	1.0
897.706	1.0
898.706	1.0
899.706	1.0
900.706	1.0
901.706	1.0
902.706	1.0
903.706	1.0
904.706	1.0
905.706	1.0
906.706	1.0
907.706	1.0
908.706	1.0
909.706	1.0
910.706	1.0
911.706	1.0
912.706	1.0
913.706	1.0
914.706	1.0
915.706	1.0
916.706	1.0
917.706	1.0
918.706	1.0
919.706	1.0
920.706	1.0
921.706	1.0
922.706	1.0
923.706	1.0
924.706	1.0
925.706	1.0
926.706	1.0
927.706	1.0
928.706	1.0
929.706	1.0
930.706	1.0
931.706	1.0
932.706	1.0
933.706	1.0
934.706	1.0
935.706	1.0
936.706	1.0
937.706	1.0
938.706	1.0
939.706	1.0
940.706	1.0
941.706	1.0
942.706	1.0
943.706	1.0
944.706	1.0
945.706	1.0
946.706	1.0
947.706	1.0
948.706	1.0
949.706	1.0
950.706	1.0
951.706	1.0
952.706	1.0
953.706	1.0
954.706	1.0
955.706	1.0
956.706	1.0
957.706	1.0
958.706	1.0
959.706	1.0
960.706	1.0
961.706	1.0
962.706	1.0
963.706	1.0
964.706	1.0
965.706	1.0
966.706	1.0
967.706	1.0
968.706	1.0
969.706	1.0
970.706	1.0
971.706	1.0
972.706	1.0
973.706	1.0
974.706	1.0
975.706	1.0
976.706	1.0
977.706	1.0
978.706	1.0
979.706	1.0
980.706	1.0
981.706	1.0
982.706	1.0
983.706	1.0
984.706	1.0
985.706	1.0
986.706	1.0
987.706	1.0
988.706	1.0
989.706	1.0
990.706	1.0
991.706	1.0
992.706	1.0
993.706	1.0
994.706	1.0
995.706	1.0
