0.14400000000000002	0.5628278276513577
1.034	0.5238224289702798
1.934	0.5355011143882261
2.818	0.518756307995993
3.739	0.5161853360974429
4.654	0.4546323007110596
5.571	0.4471967427255165
6.4910000000000005	0.4446626298593164
7.415	0.44859003059860336
8.337	0.45250238563743783
9.253	0.45786099537273506
10.175	0.46151831829744916
11.088000000000001	0.46714713224577165
12.011000000000001	0.4770840733905324
12.928	0.4877592755552657
13.852	0.5026830844610228
14.771	0.5072875599466975
15.686	0.5061176960770183
16.598	0.4559423219520542
17.519000000000002	0.4667178974661482
18.427	0.4403690208284414
19.335	0.444297866003782
20.276	0.4348104300190465
21.199	0.42592166994254277
22.119	0.4431916393736192
23.056	0.44270749501237744
23.989	0.4428365829150096
24.925	0.439606471651947
25.864	0.43358703524754594
26.801000000000002	0.4179126712756147
27.740000000000002	0.4041508609724394
28.679000000000002	0.3990186619922704
29.616	0.4023957087357409
30.537	0.4204701679170297
31.477	0.4217531040172122
32.427	0.42024167529980316
33.378	0.42361849594587414
34.34	0.41963142441475876
35.281	0.43305231157049484
36.238	0.41819935474191305
37.206	0.4136583328121352
38.159	0.4282519728431277
39.121	0.43689314553650016
40.083	0.4466603236708756
41.057	0.45020258430816107
42.045	0.4615951134207144
43.033	0.4520189186052154
44.004	0.46007476386498913
44.968	0.45942707384127823
45.938	0.46907524482804724
46.912	0.4767416034867819
47.876	0.47226917489360437
48.853	0.4861851225926745
49.83	0.4887249638607131
50.797000000000004	0.5019874901574719
51.768	0.5132589025859261
52.739000000000004	0.5259164572636466
53.698	0.5412541476867535
54.661	0.5628989108695752
55.616	0.5926912933825905
56.569	0.621641012496732
57.526	0.6473894886493686
58.501	0.653941631319923
59.456	0.6810624327406335
60.431000000000004	0.6903348561941915
61.392	0.7239566433096408
62.35	0.7402879268475023
63.313	0.7728905358474448
64.275	0.7974241958180832
65.245	0.8142901451367976
66.20700000000001	0.8408585275480728
67.167	0.868920497345288
68.135	0.8901438629358206
69.103	0.9113261411882142
70.065	0.9414663964840397
71.032	0.9448159411848959
72.015	0.6346628501019717
73.007	0.42605547952363454
74.0	0.5444259366690867
74.992	0.18794279951399115
75.986	0.18508711435798098
76.981	0.18412995400581425
77.97800000000001	0.3395536556249882
78.97500000000001	0.1871403728052429
79.973	0.3641735565898454
80.97200000000001	0.7915257275367003
81.97200000000001	1.0
82.97200000000001	1.0
83.97200000000001	1.0
84.97200000000001	1.0
85.97200000000001	1.0
86.97200000000001	1.0
87.97200000000001	1.0
88.97200000000001	1.0
89.97200000000001	1.0
90.97200000000001	1.0
91.97200000000001	1.0
92.97200000000001	1.0
93.97200000000001	1.0
94.97200000000001	1.0
95.97200000000001	1.0
96.97200000000001	1.0
97.97200000000001	1.0
98.97200000000001	1.0
99.97200000000001	1.0
100.97200000000001	1.0
101.97200000000001	1.0
102.97200000000001	1.0
103.97200000000001	1.0
104.97200000000001	1.0
105.97200000000001	1.0
106.97200000000001	1.0
107.97200000000001	1.0
108.97200000000001	1.0
109.97200000000001	1.0
110.97200000000001	1.0
111.97200000000001	1.0
112.97200000000001	1.0
113.97200000000001	1.0
114.97200000000001	1.0
115.97200000000001	1.0
116.97200000000001	1.0
117.97200000000001	1.0
118.97200000000001	1.0
119.97200000000001	1.0
120.97200000000001	1.0
121.97200000000001	1.0
122.97200000000001	1.0
123.97200000000001	1.0
124.97200000000001	1.0
125.97200000000001	1.0
126.97200000000001	1.0
127.97200000000001	1.0
128.972	1.0
129.972	1.0
130.972	1.0
131.972	1.0
132.972	1.0
133.972	1.0
134.972	1.0
135.972	1.0
136.972	1.0
137.972	1.0
138.972	1.0
139.972	1.0
140.972	1.0
141.972	1.0
142.972	1.0
143.972	1.0
144.972	1.0
145.972	1.0
146.972	1.0
147.972	1.0
148.972	1.0
149.972	1.0
150.972	1.0
151.972	1.0
152.972	1.0
153.972	1.0
154.972	1.0
155.972	1.0
156.972	1.0
157.972	1.0
158.972	1.0
159.972	1.0
160.972	1.0
161.972	1.0
162.972	1.0
163.972	1.0
164.972	1.0
165.972	1.0
166.972	1.0
167.972	1.0
168.972	1.0
169.972	1.0
170.972	1.0
171.972	1.0
172.972	1.0
173.972	1.0
174.972	1.0
175.972	1.0
176.972	1.0
177.972	1.0
178.972	1.0
179.972	1.0
180.972	1.0
181.972	1.0
182.972	1.0
183.972	1.0
184.972	1.0
185.972	1.0
186.972	1.0
187.972	1.0
188.972	1.0
189.972	1.0
190.972	1.0
191.972	1.0
192.972	1.0
193.972	1.0
194.972	1.0
195.972	1.0
196.972	1.0
197.972	1.0
198.972	1.0
199.972	1.0
200.972	1.0
201.972	1.0
202.972	1.0
203.972	1.0
204.972	1.0
205.972	1.0
206.972	1.0
207.972	1.0
208.972	1.0
209.972	1.0
210.972	1.0
211.972	1.0
212.972	1.0
213.972	1.0
214.972	1.0
215.972	1.0
216.972	1.0
217.972	1.0
218.972	1.0
219.972	1.0
220.972	1.0
221.972	1.0
222.972	1.0
223.972	1.0
224.972	1.0
225.972	1.0
226.972	1.0
227.972	1.0
228.972	1.0
229.972	1.0
230.972	1.0
231.972	1.0
232.972	1.0
233.972	1.0
234.972	1.0
235.972	1.0
236.972	1.0
237.972	1.0
238.972	1.0
239.972	1.0
240.972	1.0
241.972	1.0
242.972	1.0
243.972	1.0
244.972	1.0
245.972	1.0
246.972	1.0
247.972	1.0
248.972	1.0
249.972	1.0
250.972	1.0
251.972	1.0
252.972	1.0
253.972	1.0
254.972	1.0
255.972	1.0
256.972	1.0
257.972	1.0
258.972	1.0
259.972	1.0
260.972	1.0
261.972	1.0
262.972	1.0
263.972	1.0
264.972	1.0
265.972	1.0
266.972	1.0
267.972	1.0
268.972	1.0
269.972	1.0
270.972	1.0
271.972	1.0
272.972	1.0
273.972	1.0
274.972	1.0
275.972	1.0
276.972	1.0
277.972	1.0
278.972	1.0
279.972	1.0
280.972	1.0
281.972	1.0
282.972	1.0
283.972	1.0
284.972	1.0
285.972	1.0
286.972	1.0
287.972	1.0
288.972	1.0
289.972	1.0
290.972	1.0
291.972	1.0
292.972	1.0
293.972	1.0
294.972	1.0
295.972	1.0
296.972	1.0
297.972	1.0
298.972	1.0
299.972	1.0
300.972	1.0
301.972	1.0
302.972	1.0
303.972	1.0
304.972	1.0
305.972	1.0
306.972	1.0
307.972	1.0
308.972	1.0
309.972	1.0
310.972	1.0
311.972	1.0
312.972	1.0
313.972	1.0
314.972	1.0
315.972	1.0
316.972	1.0
317.972	1.0
318.972	1.0
319.972	1.0
320.972	1.0
321.972	1.0
322.972	1.0
323.972	1.0
324.972	1.0
325.972	1.0
326.972	1.0
327.972	1.0
328.972	1.0
329.972	1.0
330.972	1.0
331.972	1.0
332.972	1.0
333.972	1.0
334.972	1.0
335.972	1.0
336.972	1.0
337.972	1.0
338.972	1.0
339.972	1.0
340.972	1.0
341.972	1.0
342.972	1.0
343.972	1.0
344.972	1.0
345.972	1.0
346.972	1.0
347.972	1.0
348.972	1.0
349.972	1.0
350.972	1.0
351.972	1.0
352.972	1.0
353.972	1.0
354.972	1.0
355.972	1.0
356.972	1.0
357.972	1.0
358.972	1.0
359.972	1.0
360.972	1.0
361.972	1.0
362.972	1.0
363.972	1.0
364.972	1.0
365.972	1.0
366.972	1.0
367.972	1.0
368.972	1.0
369.972	1.0
370.972	1.0
371.972	1.0
372.972	1.0
373.972	1.0
374.972	1.0
375.972	1.0
376.972	1.0
377.972	1.0
378.972	1.0
379.972	1.0
380.972	1.0
381.972	1.0
382.972	1.0
383.972	1.0
384.972	1.0
385.972	1.0
386.972	1.0
387.972	1.0
388.972	1.0
389.972	1.0
390.972	1.0
391.972	1.0
392.972	1.0
393.972	1.0
394.972	1.0
395.972	1.0
396.972	1.0
397.972	1.0
398.972	1.0
399.972	1.0
400.972	1.0
401.972	1.0
402.972	1.0
403.972	1.0
404.97200000000004	1.0
405.97200000000004	1.0
406.97200000000004	1.0
407.97200000000004	1.0
408.97200000000004	1.0
409.97200000000004	1.0
410.97200000000004	1.0
411.97200000000004	1.0
412.97200000000004	1.0
413.97200000000004	1.0
414.97200000000004	1.0
415.97200000000004	1.0
416.97200000000004	1.0
417.97200000000004	1.0
418.97200000000004	1.0
419.97200000000004	1.0
420.97200000000004	1.0
421.97200000000004	1.0
422.97200000000004	1.0
423.97200000000004	1.0
424.97200000000004	1.0
425.97200000000004	1.0
426.97200000000004	1.0
427.97200000000004	1.0
428.97200000000004	1.0
429.97200000000004	1.0
430.97200000000004	1.0
431.97200000000004	1.0
432.97200000000004	1.0
433.97200000000004	1.0
434.97200000000004	1.0
435.97200000000004	1.0
436.97200000000004	1.0
437.97200000000004	1.0
438.97200000000004	1.0
439.97200000000004	1.0
440.97200000000004	1.0
441.97200000000004	1.0
442.97200000000004	1.0
443.97200000000004	1.0
444.97200000000004	1.0
445.97200000000004	1.0
446.97200000000004	1.0
447.97200000000004	1.0
448.97200000000004	1.0
449.97200000000004	1.0
450.97200000000004	1.0
451.97200000000004	1.0
452.97200000000004	1.0
453.97200000000004	1.0
454.97200000000004	1.0
455.97200000000004	1.0
456.97200000000004	1.0
457.97200000000004	1.0
458.97200000000004	1.0
459.97200000000004	1.0
460.97200000000004	1.0
461.97200000000004	1.0
462.97200000000004	1.0
463.97200000000004	1.0
464.97200000000004	1.0
465.97200000000004	1.0
466.97200000000004	1.0
467.97200000000004	1.0
468.97200000000004	1.0
469.97200000000004	1.0
470.97200000000004	1.0
471.97200000000004	1.0
472.97200000000004	1.0
473.97200000000004	1.0
474.97200000000004	1.0
475.97200000000004	1.0
476.97200000000004	1.0
477.97200000000004	1.0
478.97200000000004	1.0
479.97200000000004	1.0
480.97200000000004	1.0
481.97200000000004	1.0
482.97200000000004	1.0
483.97200000000004	1.0
484.97200000000004	1.0
485.97200000000004	1.0
486.97200000000004	1.0
487.97200000000004	1.0
488.97200000000004	1.0
489.97200000000004	1.0
490.97200000000004	1.0
491.97200000000004	1.0
492.97200000000004	1.0
493.97200000000004	1.0
494.97200000000004	1.0
495.97200000000004	1.0
496.97200000000004	1.0
497.97200000000004	1.0
498.97200000000004	1.0
499.97200000000004	1.0
500.97200000000004	1.0
501.97200000000004	1.0
502.97200000000004	1.0
503.97200000000004	1.0
504.97200000000004	1.0
505.97200000000004	1.0
506.97200000000004	1.0
507.97200000000004	1.0
508.97200000000004	1.0
509.97200000000004	1.0
510.97200000000004	1.0
511.97200000000004	1.0
512.972	1.0
513.972	1.0
514.972	1.0
515.972	1.0
516.972	1.0
517.972	1.0
518.972	1.0
519.972	1.0
520.972	1.0
521.972	1.0
522.972	1.0
523.972	1.0
524.972	1.0
525.972	1.0
526.972	1.0
527.972	1.0
528.972	1.0
529.972	1.0
530.972	1.0
531.972	1.0
532.972	1.0
533.972	1.0
534.972	1.0
535.972	1.0
536.972	1.0
537.972	1.0
538.972	1.0
539.972	1.0
540.972	1.0
541.972	1.0
542.972	1.0
543.972	1.0
544.972	1.0
545.972	1.0
546.972	1.0
547.972	1.0
548.972	1.0
549.972	1.0
550.972	1.0
551.972	1.0
552.972	1.0
553.972	1.0
554.972	1.0
555.972	1.0
556.972	1.0
557.972	1.0
558.972	1.0
559.972	1.0
560.972	1.0
561.972	1.0
562.972	1.0
563.972	1.0
564.972	1.0
565.972	1.0
566.972	1.0
567.972	1.0
568.972	1.0
569.972	1.0
570.972	1.0
571.972	1.0
572.972	1.0
573.972	1.0
574.972	1.0
575.972	1.0
576.972	1.0
577.972	1.0
578.972	1.0
579.972	1.0
580.972	1.0
581.972	1.0
582.972	1.0
583.972	1.0
584.972	1.0
585.972	1.0
586.972	1.0
587.972	1.0
588.972	1.0
589.972	1.0
590.972	1.0
591.972	1.0
592.972	1.0
593.972	1.0
594.972	1.0
595.972	1.0
596.972	1.0
597.972	1.0
598.972	1.0
599.972	1.0
600.972	1.0
601.972	1.0
602.972	1.0
603.972	1.0
604.972	1.0
605.972	1.0
606.972	1.0
607.972	1.0
608.972	1.0
609.972	1.0
610.972	1.0
611.972	1.0
612.972	1.0
613.972	1.0
614.972	1.0
615.972	1.0
616.972	1.0
617.972	1.0
618.972	1.0
619.972	1.0
620.972	1.0
621.972	1.0
622.972	1.0
623.972	1.0
624.972	1.0
625.972	1.0
626.972	1.0
627.972	1.0
628.972	1.0
629.972	1.0
630.972	1.0
631.972	1.0
632.972	1.0
633.972	1.0
634.972	1.0
635.972	1.0
636.972	1.0
637.972	1.0
638.972	1.0
639.972	1.0
640.972	1.0
641.972	1.0
642.972	1.0
643.972	1.0
644.972	1.0
645.972	1.0
646.972	1.0
647.972	1.0
648.972	1.0
649.972	1.0
650.972	1.0
651.972	1.0
652.972	1.0
653.972	1.0
654.972	1.0
655.972	1.0
656.972	1.0
657.972	1.0
658.972	1.0
659.972	1.0
660.972	1.0
661.972	1.0
662.972	1.0
663.972	1.0
664.972	1.0
665.972	1.0
666.972	1.0
667.972	1.0
668.972	1.0
669.972	1.0
670.972	1.0
671.972	1.0
672.972	1.0
673.972	1.0
674.972	1.0
675.972	1.0
676.972	1.0
677.972	1.0
678.972	1.0
679.972	1.0
680.972	1.0
681.972	1.0
682.972	1.0
683.972	1.0
684.972	1.0
685.972	1.0
686.972	1.0
687.972	1.0
688.972	1.0
689.972	1.0
690.972	1.0
691.972	1.0
692.972	1.0
693.972	1.0
694.972	1.0
695.972	1.0
696.972	1.0
697.972	1.0
698.972	1.0
699.972	1.0
700.972	1.0
701.972	1.0
702.972	1.0
703.972	1.0
704.972	1.0
705.972	1.0
706.972	1.0
707.972	1.0
708.972	1.0
709.972	1.0
710.972	1.0
711.972	1.0
712.972	1.0
713.972	1.0
714.972	1.0
715.972	1.0
716.972	1.0
717.972	1.0
718.972	1.0
719.972	1.0
720.972	1.0
721.972	1.0
722.972	1.0
723.972	1.0
724.972	1.0
725.972	1.0
726.972	1.0
727.972	1.0
728.972	1.0
729.972	1.0
730.972	1.0
731.972	1.0
732.972	1.0
733.972	1.0
734.972	1.0
735.972	1.0
736.972	1.0
737.972	1.0
738.972	1.0
739.972	1.0
740.972	1.0
741.972	1.0
742.972	1.0
743.972	1.0
744.972	1.0
745.972	1.0
746.972	1.0
747.972	1.0
748.972	1.0
749.972	1.0
750.972	1.0
751.972	1.0
752.972	1.0
753.972	1.0
754.972	1.0
755.972	1.0
756.972	1.0
757.972	1.0
758.972	1.0
759.972	1.0
760.972	1.0
761.972	1.0
762.972	1.0
763.972	1.0
764.972	1.0
765.972	1.0
766.972	1.0
767.972	1.0
768.972	1.0
769.972	1.0
770.972	1.0
771.972	1.0
772.972	1.0
773.972	1.0
774.972	1.0
775.972	1.0
776.972	1.0
777.972	1.0
778.972	1.0
779.972	1.0
780.972	1.0
781.972	1.0
782.972	1.0
783.972	1.0
784.972	1.0
785.972	1.0
786.972	1.0
787.972	1.0
788.972	1.0
789.972	1.0
790.972	1.0
791.972	1.0
792.972	1.0
793.972	1.0
794.972	1.0
795.972	1.0
796.972	1.0
797.972	1.0
798.972	1.0
799.972	1.0
800.972	1.0
801.972	1.0
802.972	1.0
803.972	1.0
804.972	1.0
805.972	1.0
806.972	1.0
807.972	1.0
808.972	1.0
809.972	1.0
810.972	1.0
811.972	1.0
812.972	1.0
813.972	1.0
814.972	1.0
815.972	1.0
816.972	1.0
817.972	1.0
818.972	1.0
819.972	1.0
820.972	1.0
821.972	1.0
822.972	1.0
823.972	1.0
824.972	1.0
825.972	1.0
826.972	1.0
827.972	1.0
828.972	1.0
829.972	1.0
830.972	1.0
831.972	1.0
832.972	1.0
833.972	1.0
834.972	1.0
835.972	1.0
836.972	1.0
837.972	1.0
838.972	1.0
839.972	1.0
840.972	1.0
841.972	1.0
842.972	1.0
843.972	1.0
844.972	1.0
845.972	1.0
846.972	1.0
847.972	1.0
848.972	1.0
849.972	1.0
850.972	1.0
851.972	1.0
852.972	1.0
853.972	1.0
854.972	1.0
855.972	1.0
856.972	1.0
857.972	1.0
858.972	1.0
859.972	1.0
860.972	1.0
861.972	1.0
862.972	1.0
863.972	1.0
864.972	1.0
865.972	1.0
866.972	1.0
867.972	1.0
868.972	1.0
869.972	1.0
870.972	1.0
871.972	1.0
872.972	1.0
873.972	1.0
874.972	1.0
875.972	1.0
876.972	1.0
877.972	1.0
878.972	1.0
879.972	1.0
880.972	1.0
881.972	1.0
882.972	1.0
883.972	1.0
884.972	1.0
885.972	1.0
886.972	1.0
887.972	1.0
888.972	1.0
889.972	1.0
890.972	1.0
891.972	1.0
892.972	1.0
893.972	1.0
894.972	1.0
895.972	1.0
896.972	1.0
897.972	1.0
898.972	1.0
899.972	1.0
900.972	1.0
901.972	1.0
902.972	1.0
903.972	1.0
904.972	1.0
905.972	1.0
906.972	1.0
907.972	1.0
908.972	1.0
909.972	1.0
910.972	1.0
911.972	1.0
912.972	1.0
913.972	1.0
914.972	1.0
915.972	1.0
916.972	1.0
917.972	1.0
918.972	1.0
919.972	1.0
920.972	1.0
921.972	1.0
922.972	1.0
923.972	1.0
924.972	1.0
925.972	1.0
926.972	1.0
927.972	1.0
928.972	1.0
929.972	1.0
930.972	1.0
931.972	1.0
932.972	1.0
933.972	1.0
934.972	1.0
935.972	1.0
936.972	1.0
937.972	1.0
938.972	1.0
939.972	1.0
940.972	1.0
941.972	1.0
942.972	1.0
943.972	1.0
944.972	1.0
945.972	1.0
946.972	1.0
947.972	1.0
948.972	1.0
949.972	1.0
950.972	1.0
951.972	1.0
952.972	1.0
953.972	1.0
954.972	1.0
955.972	1.0
956.972	1.0
957.972	1.0
958.972	1.0
959.972	1.0
960.972	1.0
961.972	1.0
962.972	1.0
963.972	1.0
964.972	1.0
965.972	1.0
966.972	1.0
967.972	1.0
968.972	1.0
969.972	1.0
970.972	1.0
971.972	1.0
972.972	1.0
973.972	1.0
974.972	1.0
975.972	1.0
976.972	1.0
977.972	1.0
978.972	1.0
979.972	1.0
980.972	1.0
981.972	1.0
982.972	1.0
983.972	1.0
984.972	1.0
985.972	1.0
986.972	1.0
987.972	1.0
988.972	1.0
989.972	1.0
990.972	1.0
991.972	1.0
992.972	1.0
993.972	1.0
994.972	1.0
