0.45	0.5825514885808624
1.41	0.5689650887326058
2.362	0.5736286544836006
3.295	0.5827409968743911
4.231	0.5702063659451526
5.164	0.5750923182720445
6.103	0.5610966259120632
7.048	0.5676536975569652
7.99	0.5598800176842126
8.949	0.5304758748617544
9.891	0.5187319142556651
10.83	0.5189065458358719
11.777000000000001	0.5124732838129556
12.712	0.5216150417322818
13.671000000000001	0.5172761444314937
14.619	0.5071461349177835
15.572000000000001	0.4925665501615566
16.536	0.46580208359112085
17.495	0.4438219372467027
18.453	0.4511778556541882
19.417	0.42363738569658244
20.386	0.3946555861885181
21.353	0.3613804263980288
22.321	0.3378794913619667
23.289	0.33828997057753485
24.265	0.3273680776970023
25.249	0.2832758943896616
26.234	0.334677631112539
27.207	0.40505438031028795
28.17	0.5541005078242996
29.145	0.7969669202026444
30.102	0.810136807837071
31.026	0.8249797515181955
32.002	0.8242686864948784
32.947	0.8343260401798303
33.910000000000004	0.8506924375411722
34.864	0.8510637916147817
35.826	0.8553172504707105
36.757	0.8139348450580515
37.729	0.853626163731162
38.679	0.8503944570482825
39.641	0.8874821906544846
40.593	0.7997673040379469
41.56	0.865863354865726
42.532000000000004	0.9086560571137241
43.493	0.9189216809724435
44.437	0.8783692386507164
45.408	0.8968601405345384
46.37	0.8446841507409943
47.341	0.9229361996300287
48.322	0.9475844732772959
49.293	0.9325870409493714
50.266	0.5555206851160757
51.253	0.9449381522791481
52.234	0.8375326426887832
53.22	0.8875684874131413
54.203	0.25695852347096915
55.198	0.8193815646468685
56.188	0.7883665299697695
57.179	0.9469173222812088
58.179	0.9666258287885329
59.160000000000004	0.9457604376362642
60.15	0.9264711052816957
61.141	0.856649897138693
62.134	0.9146364378500742
63.127	0.7055178592675097
64.121	0.8620518615254759
65.116	0.8014298487329167
66.112	0.799577770581825
67.109	0.8765533506070934
68.107	0.9634180501517808
69.103	0.9030129106536482
70.098	0.9034304466941414
71.09700000000001	0.9901668740570564
72.09700000000001	1.0
73.09700000000001	1.0
74.09700000000001	1.0
75.09700000000001	1.0
76.09700000000001	1.0
77.09700000000001	1.0
78.09700000000001	1.0
79.09700000000001	1.0
80.09700000000001	1.0
81.09700000000001	1.0
82.09700000000001	1.0
83.09700000000001	1.0
84.09700000000001	1.0
85.09700000000001	1.0
86.09700000000001	1.0
87.09700000000001	1.0
88.09700000000001	1.0
89.09700000000001	1.0
90.09700000000001	1.0
91.09700000000001	1.0
92.09700000000001	1.0
93.09700000000001	1.0
94.09700000000001	1.0
95.09700000000001	1.0
96.09700000000001	1.0
97.09700000000001	1.0
98.09700000000001	1.0
99.09700000000001	1.0
100.09700000000001	1.0
101.09700000000001	1.0
102.09700000000001	1.0
103.09700000000001	1.0
104.09700000000001	1.0
105.09700000000001	1.0
106.09700000000001	1.0
107.09700000000001	1.0
108.09700000000001	1.0
109.09700000000001	1.0
110.09700000000001	1.0
111.09700000000001	1.0
112.09700000000001	1.0
113.09700000000001	1.0
114.09700000000001	1.0
115.09700000000001	1.0
116.09700000000001	1.0
117.09700000000001	1.0
118.09700000000001	1.0
119.09700000000001	1.0
120.09700000000001	1.0
121.09700000000001	1.0
122.09700000000001	1.0
123.09700000000001	1.0
124.09700000000001	1.0
125.09700000000001	1.0
126.09700000000001	1.0
127.09700000000001	1.0
128.097	1.0
129.097	1.0
130.097	1.0
131.097	1.0
132.097	1.0
133.097	1.0
134.097	1.0
135.097	1.0
136.097	1.0
137.097	1.0
138.097	1.0
139.097	1.0
140.097	1.0
141.097	1.0
142.097	1.0
143.097	1.0
144.097	1.0
145.097	1.0
146.097	1.0
147.097	1.0
148.097	1.0
149.097	1.0
150.097	1.0
151.097	1.0
152.097	1.0
153.097	1.0
154.097	1.0
155.097	1.0
156.097	1.0
157.097	1.0
158.097	1.0
159.097	1.0
160.097	1.0
161.097	1.0
162.097	1.0
163.097	1.0
164.097	1.0
165.097	1.0
166.097	1.0
167.097	1.0
168.097	1.0
169.097	1.0
170.097	1.0
171.097	1.0
172.097	1.0
173.097	1.0
174.097	1.0
175.097	1.0
176.097	1.0
177.097	1.0
178.097	1.0
179.097	1.0
180.097	1.0
181.097	1.0
182.097	1.0
183.097	1.0
184.097	1.0
185.097	1.0
186.097	1.0
187.097	1.0
188.097	1.0
189.097	1.0
190.097	1.0
191.097	1.0
192.097	1.0
193.097	1.0
194.097	1.0
195.097	1.0
196.097	1.0
197.097	1.0
198.097	1.0
199.097	1.0
200.097	1.0
201.097	1.0
202.097	1.0
203.097	1.0
204.097	1.0
205.097	1.0
206.097	1.0
207.097	1.0
208.097	1.0
209.097	1.0
210.097	1.0
211.097	1.0
212.097	1.0
213.097	1.0
214.097	1.0
215.097	1.0
216.097	1.0
217.097	1.0
218.097	1.0
219.097	1.0
220.097	1.0
221.097	1.0
222.097	1.0
223.097	1.0
224.097	1.0
225.097	1.0
226.097	1.0
227.097	1.0
228.097	1.0
229.097	1.0
230.097	1.0
231.097	1.0
232.097	1.0
233.097	1.0
234.097	1.0
235.097	1.0
236.097	1.0
237.097	1.0
238.097	1.0
239.097	1.0
240.097	1.0
241.097	1.0
242.097	1.0
243.097	1.0
244.097	1.0
245.097	1.0
246.097	1.0
247.097	1.0
248.097	1.0
249.097	1.0
250.097	1.0
251.097	1.0
252.097	1.0
253.097	1.0
254.097	1.0
255.097	1.0
256.097	1.0
257.097	1.0
258.097	1.0
259.097	1.0
260.097	1.0
261.097	1.0
262.097	1.0
263.097	1.0
264.097	1.0
265.097	1.0
266.097	1.0
267.097	1.0
268.097	1.0
269.097	1.0
270.097	1.0
271.097	1.0
272.097	1.0
273.097	1.0
274.097	1.0
275.097	1.0
276.097	1.0
277.097	1.0
278.097	1.0
279.097	1.0
280.097	1.0
281.097	1.0
282.097	1.0
283.097	1.0
284.097	1.0
285.097	1.0
286.097	1.0
287.097	1.0
288.097	1.0
289.097	1.0
290.097	1.0
291.097	1.0
292.097	1.0
293.097	1.0
294.097	1.0
295.097	1.0
296.097	1.0
297.097	1.0
298.097	1.0
299.097	1.0
300.097	1.0
301.097	1.0
302.097	1.0
303.097	1.0
304.097	1.0
305.097	1.0
306.097	1.0
307.097	1.0
308.097	1.0
309.097	1.0
310.097	1.0
311.097	1.0
312.097	1.0
313.097	1.0
314.097	1.0
315.097	1.0
316.097	1.0
317.097	1.0
318.097	1.0
319.097	1.0
320.097	1.0
321.097	1.0
322.097	1.0
323.097	1.0
324.097	1.0
325.097	1.0
326.097	1.0
327.097	1.0
328.097	1.0
329.097	1.0
330.097	1.0
331.097	1.0
332.097	1.0
333.097	1.0
334.097	1.0
335.097	1.0
336.097	1.0
337.097	1.0
338.097	1.0
339.097	1.0
340.097	1.0
341.097	1.0
342.097	1.0
343.097	1.0
344.097	1.0
345.097	1.0
346.097	1.0
347.097	1.0
348.097	1.0
349.097	1.0
350.097	1.0
351.097	1.0
352.097	1.0
353.097	1.0
354.097	1.0
355.097	1.0
356.097	1.0
357.097	1.0
358.097	1.0
359.097	1.0
360.097	1.0
361.097	1.0
362.097	1.0
363.097	1.0
364.097	1.0
365.097	1.0
366.097	1.0
367.097	1.0
368.097	1.0
369.097	1.0
370.097	1.0
371.097	1.0
372.097	1.0
373.097	1.0
374.097	1.0
375.097	1.0
376.097	1.0
377.097	1.0
378.097	1.0
379.097	1.0
380.097	1.0
381.097	1.0
382.097	1.0
383.097	1.0
384.097	1.0
385.097	1.0
386.097	1.0
387.097	1.0
388.097	1.0
389.097	1.0
390.097	1.0
391.097	1.0
392.097	1.0
393.097	1.0
394.097	1.0
395.097	1.0
396.097	1.0
397.097	1.0
398.097	1.0
399.097	1.0
400.097	1.0
401.097	1.0
402.097	1.0
403.097	1.0
404.097	1.0
405.09700000000004	1.0
406.09700000000004	1.0
407.09700000000004	1.0
408.09700000000004	1.0
409.09700000000004	1.0
410.09700000000004	1.0
411.09700000000004	1.0
412.09700000000004	1.0
413.09700000000004	1.0
414.09700000000004	1.0
415.09700000000004	1.0
416.09700000000004	1.0
417.09700000000004	1.0
418.09700000000004	1.0
419.09700000000004	1.0
420.09700000000004	1.0
421.09700000000004	1.0
422.09700000000004	1.0
423.09700000000004	1.0
424.09700000000004	1.0
425.09700000000004	1.0
426.09700000000004	1.0
427.09700000000004	1.0
428.09700000000004	1.0
429.09700000000004	1.0
430.09700000000004	1.0
431.09700000000004	1.0
432.09700000000004	1.0
433.09700000000004	1.0
434.09700000000004	1.0
435.09700000000004	1.0
436.09700000000004	1.0
437.09700000000004	1.0
438.09700000000004	1.0
439.09700000000004	1.0
440.09700000000004	1.0
441.09700000000004	1.0
442.09700000000004	1.0
443.09700000000004	1.0
444.09700000000004	1.0
445.09700000000004	1.0
446.09700000000004	1.0
447.09700000000004	1.0
448.09700000000004	1.0
449.09700000000004	1.0
450.09700000000004	1.0
451.09700000000004	1.0
452.09700000000004	1.0
453.09700000000004	1.0
454.09700000000004	1.0
455.09700000000004	1.0
456.09700000000004	1.0
457.09700000000004	1.0
458.09700000000004	1.0
459.09700000000004	1.0
460.09700000000004	1.0
461.09700000000004	1.0
462.09700000000004	1.0
463.09700000000004	1.0
464.09700000000004	1.0
465.09700000000004	1.0
466.09700000000004	1.0
467.09700000000004	1.0
468.09700000000004	1.0
469.09700000000004	1.0
470.09700000000004	1.0
471.09700000000004	1.0
472.09700000000004	1.0
473.09700000000004	1.0
474.09700000000004	1.0
475.09700000000004	1.0
476.09700000000004	1.0
477.09700000000004	1.0
478.09700000000004	1.0
479.09700000000004	1.0
480.09700000000004	1.0
481.09700000000004	1.0
482.09700000000004	1.0
483.09700000000004	1.0
484.09700000000004	1.0
485.09700000000004	1.0
486.09700000000004	1.0
487.09700000000004	1.0
488.09700000000004	1.0
489.09700000000004	1.0
490.09700000000004	1.0
491.09700000000004	1.0
492.09700000000004	1.0
493.09700000000004	1.0
494.09700000000004	1.0
495.09700000000004	1.0
496.09700000000004	1.0
497.09700000000004	1.0
498.09700000000004	1.0
499.09700000000004	1.0
500.09700000000004	1.0
501.09700000000004	1.0
502.09700000000004	1.0
503.09700000000004	1.0
504.09700000000004	1.0
505.09700000000004	1.0
506.09700000000004	1.0
507.09700000000004	1.0
508.09700000000004	1.0
509.09700000000004	1.0
510.09700000000004	1.0
511.09700000000004	1.0
512.097	1.0
513.097	1.0
514.097	1.0
515.097	1.0
516.097	1.0
517.097	1.0
518.097	1.0
519.097	1.0
520.097	1.0
521.097	1.0
522.097	1.0
523.097	1.0
524.097	1.0
525.097	1.0
526.097	1.0
527.097	1.0
528.097	1.0
529.097	1.0
530.097	1.0
531.097	1.0
532.097	1.0
533.097	1.0
534.097	1.0
535.097	1.0
536.097	1.0
537.097	1.0
538.097	1.0
539.097	1.0
540.097	1.0
541.097	1.0
542.097	1.0
543.097	1.0
544.097	1.0
545.097	1.0
546.097	1.0
547.097	1.0
548.097	1.0
549.097	1.0
550.097	1.0
551.097	1.0
552.097	1.0
553.097	1.0
554.097	1.0
555.097	1.0
556.097	1.0
557.097	1.0
558.097	1.0
559.097	1.0
560.097	1.0
561.097	1.0
562.097	1.0
563.097	1.0
564.097	1.0
565.097	1.0
566.097	1.0
567.097	1.0
568.097	1.0
569.097	1.0
570.097	1.0
571.097	1.0
572.097	1.0
573.097	1.0
574.097	1.0
575.097	1.0
576.097	1.0
577.097	1.0
578.097	1.0
579.097	1.0
580.097	1.0
581.097	1.0
582.097	1.0
583.097	1.0
584.097	1.0
585.097	1.0
586.097	1.0
587.097	1.0
588.097	1.0
589.097	1.0
590.097	1.0
591.097	1.0
592.097	1.0
593.097	1.0
594.097	1.0
595.097	1.0
596.097	1.0
597.097	1.0
598.097	1.0
599.097	1.0
600.097	1.0
601.097	1.0
602.097	1.0
603.097	1.0
604.097	1.0
605.097	1.0
606.097	1.0
607.097	1.0
608.097	1.0
609.097	1.0
610.097	1.0
611.097	1.0
612.097	1.0
613.097	1.0
614.097	1.0
615.097	1.0
616.097	1.0
617.097	1.0
618.097	1.0
619.097	1.0
620.097	1.0
621.097	1.0
622.097	1.0
623.097	1.0
624.097	1.0
625.097	1.0
626.097	1.0
627.097	1.0
628.097	1.0
629.097	1.0
630.097	1.0
631.097	1.0
632.097	1.0
633.097	1.0
634.097	1.0
635.097	1.0
636.097	1.0
637.097	1.0
638.097	1.0
639.097	1.0
640.097	1.0
641.097	1.0
642.097	1.0
643.097	1.0
644.097	1.0
645.097	1.0
646.097	1.0
647.097	1.0
648.097	1.0
649.097	1.0
650.097	1.0
651.097	1.0
652.097	1.0
653.097	1.0
654.097	1.0
655.097	1.0
656.097	1.0
657.097	1.0
658.097	1.0
659.097	1.0
660.097	1.0
661.097	1.0
662.097	1.0
663.097	1.0
664.097	1.0
665.097	1.0
666.097	1.0
667.097	1.0
668.097	1.0
669.097	1.0
670.097	1.0
671.097	1.0
672.097	1.0
673.097	1.0
674.097	1.0
675.097	1.0
676.097	1.0
677.097	1.0
678.097	1.0
679.097	1.0
680.097	1.0
681.097	1.0
682.097	1.0
683.097	1.0
684.097	1.0
685.097	1.0
686.097	1.0
687.097	1.0
688.097	1.0
689.097	1.0
690.097	1.0
691.097	1.0
692.097	1.0
693.097	1.0
694.097	1.0
695.097	1.0
696.097	1.0
697.097	1.0
698.097	1.0
699.097	1.0
700.097	1.0
701.097	1.0
702.097	1.0
703.097	1.0
704.097	1.0
705.097	1.0
706.097	1.0
707.097	1.0
708.097	1.0
709.097	1.0
710.097	1.0
711.097	1.0
712.097	1.0
713.097	1.0
714.097	1.0
715.097	1.0
716.097	1.0
717.097	1.0
718.097	1.0
719.097	1.0
720.097	1.0
721.097	1.0
722.097	1.0
723.097	1.0
724.097	1.0
725.097	1.0
726.097	1.0
727.097	1.0
728.097	1.0
729.097	1.0
730.097	1.0
731.097	1.0
732.097	1.0
733.097	1.0
734.097	1.0
735.097	1.0
736.097	1.0
737.097	1.0
738.097	1.0
739.097	1.0
740.097	1.0
741.097	1.0
742.097	1.0
743.097	1.0
744.097	1.0
745.097	1.0
746.097	1.0
747.097	1.0
748.097	1.0
749.097	1.0
750.097	1.0
751.097	1.0
752.097	1.0
753.097	1.0
754.097	1.0
755.097	1.0
756.097	1.0
757.097	1.0
758.097	1.0
759.097	1.0
760.097	1.0
761.097	1.0
762.097	1.0
763.097	1.0
764.097	1.0
765.097	1.0
766.097	1.0
767.097	1.0
768.097	1.0
769.097	1.0
770.097	1.0
771.097	1.0
772.097	1.0
773.097	1.0
774.097	1.0
775.097	1.0
776.097	1.0
777.097	1.0
778.097	1.0
779.097	1.0
780.097	1.0
781.097	1.0
782.097	1.0
783.097	1.0
784.097	1.0
785.097	1.0
786.097	1.0
787.097	1.0
788.097	1.0
789.097	1.0
790.097	1.0
791.097	1.0
792.097	1.0
793.097	1.0
794.097	1.0
795.097	1.0
796.097	1.0
797.097	1.0
798.097	1.0
799.097	1.0
800.097	1.0
801.097	1.0
802.097	1.0
803.097	1.0
804.097	1.0
805.097	1.0
806.097	1.0
807.097	1.0
808.097	1.0
809.097	1.0
810.097	1.0
811.097	1.0
812.097	1.0
813.097	1.0
814.097	1.0
815.097	1.0
816.097	1.0
817.097	1.0
818.097	1.0
819.097	1.0
820.097	1.0
821.097	1.0
822.097	1.0
823.097	1.0
824.097	1.0
825.097	1.0
826.097	1.0
827.097	1.0
828.097	1.0
829.097	1.0
830.097	1.0
831.097	1.0
832.097	1.0
833.097	1.0
834.097	1.0
835.097	1.0
836.097	1.0
837.097	1.0
838.097	1.0
839.097	1.0
840.097	1.0
841.097	1.0
842.097	1.0
843.097	1.0
844.097	1.0
845.097	1.0
846.097	1.0
847.097	1.0
848.097	1.0
849.097	1.0
850.097	1.0
851.097	1.0
852.097	1.0
853.097	1.0
854.097	1.0
855.097	1.0
856.097	1.0
857.097	1.0
858.097	1.0
859.097	1.0
860.097	1.0
861.097	1.0
862.097	1.0
863.097	1.0
864.097	1.0
865.097	1.0
866.097	1.0
867.097	1.0
868.097	1.0
869.097	1.0
870.097	1.0
871.097	1.0
872.097	1.0
873.097	1.0
874.097	1.0
875.097	1.0
876.097	1.0
877.097	1.0
878.097	1.0
879.097	1.0
880.097	1.0
881.097	1.0
882.097	1.0
883.097	1.0
884.097	1.0
885.097	1.0
886.097	1.0
887.097	1.0
888.097	1.0
889.097	1.0
890.097	1.0
891.097	1.0
892.097	1.0
893.097	1.0
894.097	1.0
895.097	1.0
896.097	1.0
897.097	1.0
898.097	1.0
899.097	1.0
900.097	1.0
901.097	1.0
902.097	1.0
903.097	1.0
904.097	1.0
905.097	1.0
906.097	1.0
907.097	1.0
908.097	1.0
909.097	1.0
910.097	1.0
911.097	1.0
912.097	1.0
913.097	1.0
914.097	1.0
915.097	1.0
916.097	1.0
917.097	1.0
918.097	1.0
919.097	1.0
920.097	1.0
921.097	1.0
922.097	1.0
923.097	1.0
924.097	1.0
925.097	1.0
926.097	1.0
927.097	1.0
928.097	1.0
929.097	1.0
930.097	1.0
931.097	1.0
932.097	1.0
933.097	1.0
934.097	1.0
935.097	1.0
936.097	1.0
937.097	1.0
938.097	1.0
939.097	1.0
940.097	1.0
941.097	1.0
942.097	1.0
943.097	1.0
944.097	1.0
945.097	1.0
946.097	1.0
947.097	1.0
948.097	1.0
949.097	1.0
950.097	1.0
951.097	1.0
952.097	1.0
953.097	1.0
954.097	1.0
955.097	1.0
956.097	1.0
957.097	1.0
958.097	1.0
959.097	1.0
960.097	1.0
961.097	1.0
962.097	1.0
963.097	1.0
964.097	1.0
965.097	1.0
966.097	1.0
967.097	1.0
968.097	1.0
969.097	1.0
970.097	1.0
971.097	1.0
972.097	1.0
973.097	1.0
974.097	1.0
975.097	1.0
976.097	1.0
977.097	1.0
978.097	1.0
979.097	1.0
980.097	1.0
981.097	1.0
982.097	1.0
983.097	1.0
984.097	1.0
985.097	1.0
986.097	1.0
987.097	1.0
988.097	1.0
989.097	1.0
990.097	1.0
991.097	1.0
992.097	1.0
993.097	1.0
994.097	1.0
995.097	1.0
996.097	1.0
997.097	1.0
