0.9500000000000001	0.4354976068931734
1.913	0.44113154352225287
2.859	0.48311776319848704
3.813	0.5228562554542406
4.7540000000000004	0.5754487349161165
5.679	0.5732032759400725
6.609	0.6022482669927072
7.546	0.6246520880239147
8.475	0.648678770703262
9.422	0.6728764610399809
10.396	0.7082805605937736
11.347	0.7133108870371377
12.297	0.719052162670598
13.222	0.7374421073793406
14.187000000000001	0.7365107156230947
15.136000000000001	0.7375353997414534
16.068	0.7576363786623804
17.007	0.7758370583141933
17.936	0.7840770525704412
18.891000000000002	0.789154189830568
19.845	0.7863111940445887
20.789	0.8024876920888778
21.751	0.7988732046353795
22.723	0.8355838906623236
23.685	0.8130637559830574
24.652	0.8438355380163646
25.627	0.7913936743611621
26.607	0.833814287051393
27.586000000000002	0.8667545169126255
28.567	0.8774954952007353
29.528000000000002	0.8576913625143497
30.499000000000002	0.8091751532675603
31.470000000000002	0.46767327866333225
32.45	0.45714785674882025
33.431	0.6998588869133633
34.414	0.7869415958953183
35.399	0.8031898855209109
36.375	0.5992851776777803
37.355000000000004	0.3144039829814803
38.339	0.5201545712099978
39.321	0.5315090882957804
40.303000000000004	0.5315840372211555
41.285000000000004	0.5317981235819021
42.267	0.4521246956156041
43.252	0.8040178173096832
44.241	0.8860642794769433
45.221000000000004	0.7986863941591676
46.218	0.9440649968679807
47.186	0.9159927891416609
48.160000000000004	0.7660284254578914
49.143	0.5096171484128984
50.13	0.7846220679651317
51.117000000000004	0.7641049696280514
52.117000000000004	0.9720641333513275
53.105000000000004	0.9671040491897817
54.096000000000004	0.9803021662971471
55.089	0.9329151318115748
56.087	0.9319032431951633
57.086	0.9306725405866867
58.086	1.0
59.086	1.0
60.086	1.0
61.086	1.0
62.086	1.0
63.086	1.0
64.086	1.0
65.086	1.0
66.086	1.0
67.086	1.0
68.086	1.0
69.086	1.0
70.086	1.0
71.086	1.0
72.086	1.0
73.086	1.0
74.086	1.0
75.086	1.0
76.086	1.0
77.086	1.0
78.086	1.0
79.086	1.0
80.086	1.0
81.086	1.0
82.086	1.0
83.086	1.0
84.086	1.0
85.086	1.0
86.086	1.0
87.086	1.0
88.086	1.0
89.086	1.0
90.086	1.0
91.086	1.0
92.086	1.0
93.086	1.0
94.086	1.0
95.086	1.0
96.086	1.0
97.086	1.0
98.086	1.0
99.086	1.0
100.086	1.0
101.086	1.0
102.086	1.0
103.086	1.0
104.086	1.0
105.086	1.0
106.086	1.0
107.086	1.0
108.086	1.0
109.086	1.0
110.086	1.0
111.086	1.0
112.086	1.0
113.086	1.0
114.086	1.0
115.086	1.0
116.086	1.0
117.086	1.0
118.086	1.0
119.086	1.0
120.086	1.0
121.086	1.0
122.086	1.0
123.086	1.0
124.086	1.0
125.086	1.0
126.086	1.0
127.086	1.0
128.086	1.0
129.086	1.0
130.086	1.0
131.086	1.0
132.086	1.0
133.086	1.0
134.086	1.0
135.086	1.0
136.086	1.0
137.086	1.0
138.086	1.0
139.086	1.0
140.086	1.0
141.086	1.0
142.086	1.0
143.086	1.0
144.086	1.0
145.086	1.0
146.086	1.0
147.086	1.0
148.086	1.0
149.086	1.0
150.086	1.0
151.086	1.0
152.086	1.0
153.086	1.0
154.086	1.0
155.086	1.0
156.086	1.0
157.086	1.0
158.086	1.0
159.086	1.0
160.086	1.0
161.086	1.0
162.086	1.0
163.086	1.0
164.086	1.0
165.086	1.0
166.086	1.0
167.086	1.0
168.086	1.0
169.086	1.0
170.086	1.0
171.086	1.0
172.086	1.0
173.086	1.0
174.086	1.0
175.086	1.0
176.086	1.0
177.086	1.0
178.086	1.0
179.086	1.0
180.086	1.0
181.086	1.0
182.086	1.0
183.086	1.0
184.086	1.0
185.086	1.0
186.086	1.0
187.086	1.0
188.086	1.0
189.086	1.0
190.086	1.0
191.086	1.0
192.086	1.0
193.086	1.0
194.086	1.0
195.086	1.0
196.086	1.0
197.086	1.0
198.086	1.0
199.086	1.0
200.086	1.0
201.086	1.0
202.086	1.0
203.086	1.0
204.086	1.0
205.086	1.0
206.086	1.0
207.086	1.0
208.086	1.0
209.086	1.0
210.086	1.0
211.086	1.0
212.086	1.0
213.086	1.0
214.086	1.0
215.086	1.0
216.086	1.0
217.086	1.0
218.086	1.0
219.086	1.0
220.086	1.0
221.086	1.0
222.086	1.0
223.086	1.0
224.086	1.0
225.086	1.0
226.086	1.0
227.086	1.0
228.086	1.0
229.086	1.0
230.086	1.0
231.086	1.0
232.086	1.0
233.086	1.0
234.086	1.0
235.086	1.0
236.086	1.0
237.086	1.0
238.086	1.0
239.086	1.0
240.086	1.0
241.086	1.0
242.086	1.0
243.086	1.0
244.086	1.0
245.086	1.0
246.086	1.0
247.086	1.0
248.086	1.0
249.086	1.0
250.086	1.0
251.086	1.0
252.086	1.0
253.086	1.0
254.086	1.0
255.086	1.0
256.086	1.0
257.086	1.0
258.086	1.0
259.086	1.0
260.086	1.0
261.086	1.0
262.086	1.0
263.086	1.0
264.086	1.0
265.086	1.0
266.086	1.0
267.086	1.0
268.086	1.0
269.086	1.0
270.086	1.0
271.086	1.0
272.086	1.0
273.086	1.0
274.086	1.0
275.086	1.0
276.086	1.0
277.086	1.0
278.086	1.0
279.086	1.0
280.086	1.0
281.086	1.0
282.086	1.0
283.086	1.0
284.086	1.0
285.086	1.0
286.086	1.0
287.086	1.0
288.086	1.0
289.086	1.0
290.086	1.0
291.086	1.0
292.086	1.0
293.086	1.0
294.086	1.0
295.086	1.0
296.086	1.0
297.086	1.0
298.086	1.0
299.086	1.0
300.086	1.0
301.086	1.0
302.086	1.0
303.086	1.0
304.086	1.0
305.086	1.0
306.086	1.0
307.086	1.0
308.086	1.0
309.086	1.0
310.086	1.0
311.086	1.0
312.086	1.0
313.086	1.0
314.086	1.0
315.086	1.0
316.086	1.0
317.086	1.0
318.086	1.0
319.086	1.0
320.086	1.0
321.086	1.0
322.086	1.0
323.086	1.0
324.086	1.0
325.086	1.0
326.086	1.0
327.086	1.0
328.086	1.0
329.086	1.0
330.086	1.0
331.086	1.0
332.086	1.0
333.086	1.0
334.086	1.0
335.086	1.0
336.086	1.0
337.086	1.0
338.086	1.0
339.086	1.0
340.086	1.0
341.086	1.0
342.086	1.0
343.086	1.0
344.086	1.0
345.086	1.0
346.086	1.0
347.086	1.0
348.086	1.0
349.086	1.0
350.086	1.0
351.086	1.0
352.086	1.0
353.086	1.0
354.086	1.0
355.086	1.0
356.086	1.0
357.086	1.0
358.086	1.0
359.086	1.0
360.086	1.0
361.086	1.0
362.086	1.0
363.086	1.0
364.086	1.0
365.086	1.0
366.086	1.0
367.086	1.0
368.086	1.0
369.086	1.0
370.086	1.0
371.086	1.0
372.086	1.0
373.086	1.0
374.086	1.0
375.086	1.0
376.086	1.0
377.086	1.0
378.086	1.0
379.086	1.0
380.086	1.0
381.086	1.0
382.086	1.0
383.086	1.0
384.086	1.0
385.086	1.0
386.086	1.0
387.086	1.0
388.086	1.0
389.086	1.0
390.086	1.0
391.086	1.0
392.086	1.0
393.086	1.0
394.086	1.0
395.086	1.0
396.086	1.0
397.086	1.0
398.086	1.0
399.086	1.0
400.086	1.0
401.086	1.0
402.086	1.0
403.086	1.0
404.086	1.0
405.086	1.0
406.086	1.0
407.086	1.0
408.086	1.0
409.086	1.0
410.086	1.0
411.086	1.0
412.086	1.0
413.086	1.0
414.086	1.0
415.086	1.0
416.086	1.0
417.086	1.0
418.086	1.0
419.086	1.0
420.086	1.0
421.086	1.0
422.086	1.0
423.086	1.0
424.086	1.0
425.086	1.0
426.086	1.0
427.086	1.0
428.086	1.0
429.086	1.0
430.086	1.0
431.086	1.0
432.086	1.0
433.086	1.0
434.086	1.0
435.086	1.0
436.086	1.0
437.086	1.0
438.086	1.0
439.086	1.0
440.086	1.0
441.086	1.0
442.086	1.0
443.086	1.0
444.086	1.0
445.086	1.0
446.086	1.0
447.086	1.0
448.086	1.0
449.086	1.0
450.086	1.0
451.086	1.0
452.086	1.0
453.086	1.0
454.086	1.0
455.086	1.0
456.086	1.0
457.086	1.0
458.086	1.0
459.086	1.0
460.086	1.0
461.086	1.0
462.086	1.0
463.086	1.0
464.086	1.0
465.086	1.0
466.086	1.0
467.086	1.0
468.086	1.0
469.086	1.0
470.086	1.0
471.086	1.0
472.086	1.0
473.086	1.0
474.086	1.0
475.086	1.0
476.086	1.0
477.086	1.0
478.086	1.0
479.086	1.0
480.086	1.0
481.086	1.0
482.086	1.0
483.086	1.0
484.086	1.0
485.086	1.0
486.086	1.0
487.086	1.0
488.086	1.0
489.086	1.0
490.086	1.0
491.086	1.0
492.086	1.0
493.086	1.0
494.086	1.0
495.086	1.0
496.086	1.0
497.086	1.0
498.086	1.0
499.086	1.0
500.086	1.0
501.086	1.0
502.086	1.0
503.086	1.0
504.086	1.0
505.086	1.0
506.086	1.0
507.086	1.0
508.086	1.0
509.086	1.0
510.086	1.0
511.086	1.0
512.086	1.0
513.086	1.0
514.086	1.0
515.086	1.0
516.086	1.0
517.086	1.0
518.086	1.0
519.086	1.0
520.086	1.0
521.086	1.0
522.086	1.0
523.086	1.0
524.086	1.0
525.086	1.0
526.086	1.0
527.086	1.0
528.086	1.0
529.086	1.0
530.086	1.0
531.086	1.0
532.086	1.0
533.086	1.0
534.086	1.0
535.086	1.0
536.086	1.0
537.086	1.0
538.086	1.0
539.086	1.0
540.086	1.0
541.086	1.0
542.086	1.0
543.086	1.0
544.086	1.0
545.086	1.0
546.086	1.0
547.086	1.0
548.086	1.0
549.086	1.0
550.086	1.0
551.086	1.0
552.086	1.0
553.086	1.0
554.086	1.0
555.086	1.0
556.086	1.0
557.086	1.0
558.086	1.0
559.086	1.0
560.086	1.0
561.086	1.0
562.086	1.0
563.086	1.0
564.086	1.0
565.086	1.0
566.086	1.0
567.086	1.0
568.086	1.0
569.086	1.0
570.086	1.0
571.086	1.0
572.086	1.0
573.086	1.0
574.086	1.0
575.086	1.0
576.086	1.0
577.086	1.0
578.086	1.0
579.086	1.0
580.086	1.0
581.086	1.0
582.086	1.0
583.086	1.0
584.086	1.0
585.086	1.0
586.086	1.0
587.086	1.0
588.086	1.0
589.086	1.0
590.086	1.0
591.086	1.0
592.086	1.0
593.086	1.0
594.086	1.0
595.086	1.0
596.086	1.0
597.086	1.0
598.086	1.0
599.086	1.0
600.086	1.0
601.086	1.0
602.086	1.0
603.086	1.0
604.086	1.0
605.086	1.0
606.086	1.0
607.086	1.0
608.086	1.0
609.086	1.0
610.086	1.0
611.086	1.0
612.086	1.0
613.086	1.0
614.086	1.0
615.086	1.0
616.086	1.0
617.086	1.0
618.086	1.0
619.086	1.0
620.086	1.0
621.086	1.0
622.086	1.0
623.086	1.0
624.086	1.0
625.086	1.0
626.086	1.0
627.086	1.0
628.086	1.0
629.086	1.0
630.086	1.0
631.086	1.0
632.086	1.0
633.086	1.0
634.086	1.0
635.086	1.0
636.086	1.0
637.086	1.0
638.086	1.0
639.086	1.0
640.086	1.0
641.086	1.0
642.086	1.0
643.086	1.0
644.086	1.0
645.086	1.0
646.086	1.0
647.086	1.0
648.086	1.0
649.086	1.0
650.086	1.0
651.086	1.0
652.086	1.0
653.086	1.0
654.086	1.0
655.086	1.0
656.086	1.0
657.086	1.0
658.086	1.0
659.086	1.0
660.086	1.0
661.086	1.0
662.086	1.0
663.086	1.0
664.086	1.0
665.086	1.0
666.086	1.0
667.086	1.0
668.086	1.0
669.086	1.0
670.086	1.0
671.086	1.0
672.086	1.0
673.086	1.0
674.086	1.0
675.086	1.0
676.086	1.0
677.086	1.0
678.086	1.0
679.086	1.0
680.086	1.0
681.086	1.0
682.086	1.0
683.086	1.0
684.086	1.0
685.086	1.0
686.086	1.0
687.086	1.0
688.086	1.0
689.086	1.0
690.086	1.0
691.086	1.0
692.086	1.0
693.086	1.0
694.086	1.0
695.086	1.0
696.086	1.0
697.086	1.0
698.086	1.0
699.086	1.0
700.086	1.0
701.086	1.0
702.086	1.0
703.086	1.0
704.086	1.0
705.086	1.0
706.086	1.0
707.086	1.0
708.086	1.0
709.086	1.0
710.086	1.0
711.086	1.0
712.086	1.0
713.086	1.0
714.086	1.0
715.086	1.0
716.086	1.0
717.086	1.0
718.086	1.0
719.086	1.0
720.086	1.0
721.086	1.0
722.086	1.0
723.086	1.0
724.086	1.0
725.086	1.0
726.086	1.0
727.086	1.0
728.086	1.0
729.086	1.0
730.086	1.0
731.086	1.0
732.086	1.0
733.086	1.0
734.086	1.0
735.086	1.0
736.086	1.0
737.086	1.0
738.086	1.0
739.086	1.0
740.086	1.0
741.086	1.0
742.086	1.0
743.086	1.0
744.086	1.0
745.086	1.0
746.086	1.0
747.086	1.0
748.086	1.0
749.086	1.0
750.086	1.0
751.086	1.0
752.086	1.0
753.086	1.0
754.086	1.0
755.086	1.0
756.086	1.0
757.086	1.0
758.086	1.0
759.086	1.0
760.086	1.0
761.086	1.0
762.086	1.0
763.086	1.0
764.086	1.0
765.086	1.0
766.086	1.0
767.086	1.0
768.086	1.0
769.086	1.0
770.086	1.0
771.086	1.0
772.086	1.0
773.086	1.0
774.086	1.0
775.086	1.0
776.086	1.0
777.086	1.0
778.086	1.0
779.086	1.0
780.086	1.0
781.086	1.0
782.086	1.0
783.086	1.0
784.086	1.0
785.086	1.0
786.086	1.0
787.086	1.0
788.086	1.0
789.086	1.0
790.086	1.0
791.086	1.0
792.086	1.0
793.086	1.0
794.086	1.0
795.086	1.0
796.086	1.0
797.086	1.0
798.086	1.0
799.086	1.0
800.086	1.0
801.086	1.0
802.086	1.0
803.086	1.0
804.086	1.0
805.086	1.0
806.086	1.0
807.086	1.0
808.086	1.0
809.086	1.0
810.086	1.0
811.086	1.0
812.086	1.0
813.086	1.0
814.086	1.0
815.086	1.0
816.086	1.0
817.086	1.0
818.086	1.0
819.086	1.0
820.086	1.0
821.086	1.0
822.086	1.0
823.086	1.0
824.086	1.0
825.086	1.0
826.086	1.0
827.086	1.0
828.086	1.0
829.086	1.0
830.086	1.0
831.086	1.0
832.086	1.0
833.086	1.0
834.086	1.0
835.086	1.0
836.086	1.0
837.086	1.0
838.086	1.0
839.086	1.0
840.086	1.0
841.086	1.0
842.086	1.0
843.086	1.0
844.086	1.0
845.086	1.0
846.086	1.0
847.086	1.0
848.086	1.0
849.086	1.0
850.086	1.0
851.086	1.0
852.086	1.0
853.086	1.0
854.086	1.0
855.086	1.0
856.086	1.0
857.086	1.0
858.086	1.0
859.086	1.0
860.086	1.0
861.086	1.0
862.086	1.0
863.086	1.0
864.086	1.0
865.086	1.0
866.086	1.0
867.086	1.0
868.086	1.0
869.086	1.0
870.086	1.0
871.086	1.0
872.086	1.0
873.086	1.0
874.086	1.0
875.086	1.0
876.086	1.0
877.086	1.0
878.086	1.0
879.086	1.0
880.086	1.0
881.086	1.0
882.086	1.0
883.086	1.0
884.086	1.0
885.086	1.0
886.086	1.0
887.086	1.0
888.086	1.0
889.086	1.0
890.086	1.0
891.086	1.0
892.086	1.0
893.086	1.0
894.086	1.0
895.086	1.0
896.086	1.0
897.086	1.0
898.086	1.0
899.086	1.0
900.086	1.0
901.086	1.0
902.086	1.0
903.086	1.0
904.086	1.0
905.086	1.0
906.086	1.0
907.086	1.0
908.086	1.0
909.086	1.0
910.086	1.0
911.086	1.0
912.086	1.0
913.086	1.0
914.086	1.0
915.086	1.0
916.086	1.0
917.086	1.0
918.086	1.0
919.086	1.0
920.086	1.0
921.086	1.0
922.086	1.0
923.086	1.0
924.086	1.0
925.086	1.0
926.086	1.0
927.086	1.0
928.086	1.0
929.086	1.0
930.086	1.0
931.086	1.0
932.086	1.0
933.086	1.0
934.086	1.0
935.086	1.0
936.086	1.0
937.086	1.0
938.086	1.0
939.086	1.0
940.086	1.0
941.086	1.0
942.086	1.0
943.086	1.0
944.086	1.0
945.086	1.0
946.086	1.0
947.086	1.0
948.086	1.0
949.086	1.0
950.086	1.0
951.086	1.0
952.086	1.0
953.086	1.0
954.086	1.0
955.086	1.0
956.086	1.0
957.086	1.0
958.086	1.0
959.086	1.0
960.086	1.0
961.086	1.0
962.086	1.0
963.086	1.0
964.086	1.0
965.086	1.0
966.086	1.0
967.086	1.0
968.086	1.0
969.086	1.0
970.086	1.0
971.086	1.0
972.086	1.0
973.086	1.0
974.086	1.0
975.086	1.0
976.086	1.0
977.086	1.0
978.086	1.0
979.086	1.0
980.086	1.0
981.086	1.0
982.086	1.0
983.086	1.0
984.086	1.0
985.086	1.0
986.086	1.0
987.086	1.0
988.086	1.0
989.086	1.0
990.086	1.0
991.086	1.0
992.086	1.0
993.086	1.0
994.086	1.0
995.086	1.0
996.086	1.0
997.086	1.0
998.086	1.0
