0.342	0.5671414605692943
1.165	0.5536921418861116
2.0100000000000002	0.5714890692183067
2.833	0.5858695624504804
3.6510000000000002	0.5943734711315447
4.4670000000000005	0.6066247920456777
5.315	0.6719075042073606
6.15	0.7009055141940537
7.0040000000000004	0.6996393551469708
7.854	0.7178000159666347
8.695	0.7271516514166579
9.557	0.6860914384128362
10.455	0.751966650381266
11.352	0.7748234939464271
12.255	0.6624479513382765
13.172	0.7628950791254965
14.087	0.5517464148294752
15.028	0.8603035387924529
15.966000000000001	0.5171392748251613
16.922	0.7462353463864818
17.871	0.9060423867847411
18.826	0.9391484167745735
19.781	0.940257748096499
20.740000000000002	0.9036274105322015
21.702	0.8901813079145332
22.662	0.8586371882653341
23.627	0.6485801146620986
24.59	0.8831307846477874
25.551000000000002	0.8106598707970434
26.509	0.3850570078889289
27.469	0.43777013237031365
28.451	0.5858631129783303
29.441	0.9601062399658773
30.433	0.8158726782348471
31.429000000000002	0.9968346628008167
32.429	1.0
33.429	1.0
34.429	1.0
35.429	1.0
36.429	1.0
37.429	1.0
38.429	1.0
39.429	1.0
40.429	1.0
41.429	1.0
42.429	1.0
43.429	1.0
44.429	1.0
45.429	1.0
46.429	1.0
47.429	1.0
48.429	1.0
49.429	1.0
50.429	1.0
51.429	1.0
52.429	1.0
53.429	1.0
54.429	1.0
55.429	1.0
56.429	1.0
57.429	1.0
58.429	1.0
59.429	1.0
60.429	1.0
61.429	1.0
62.429	1.0
63.429	1.0
64.429	1.0
65.429	1.0
66.429	1.0
67.429	1.0
68.429	1.0
69.429	1.0
70.429	1.0
71.429	1.0
72.429	1.0
73.429	1.0
74.429	1.0
75.429	1.0
76.429	1.0
77.429	1.0
78.429	1.0
79.429	1.0
80.429	1.0
81.429	1.0
82.429	1.0
83.429	1.0
84.429	1.0
85.429	1.0
86.429	1.0
87.429	1.0
88.429	1.0
89.429	1.0
90.429	1.0
91.429	1.0
92.429	1.0
93.429	1.0
94.429	1.0
95.429	1.0
96.429	1.0
97.429	1.0
98.429	1.0
99.429	1.0
100.429	1.0
101.429	1.0
102.429	1.0
103.429	1.0
104.429	1.0
105.429	1.0
106.429	1.0
107.429	1.0
108.429	1.0
109.429	1.0
110.429	1.0
111.429	1.0
112.429	1.0
113.429	1.0
114.429	1.0
115.429	1.0
116.429	1.0
117.429	1.0
118.429	1.0
119.429	1.0
120.429	1.0
121.429	1.0
122.429	1.0
123.429	1.0
124.429	1.0
125.429	1.0
126.429	1.0
127.429	1.0
128.429	1.0
129.429	1.0
130.429	1.0
131.429	1.0
132.429	1.0
133.429	1.0
134.429	1.0
135.429	1.0
136.429	1.0
137.429	1.0
138.429	1.0
139.429	1.0
140.429	1.0
141.429	1.0
142.429	1.0
143.429	1.0
144.429	1.0
145.429	1.0
146.429	1.0
147.429	1.0
148.429	1.0
149.429	1.0
150.429	1.0
151.429	1.0
152.429	1.0
153.429	1.0
154.429	1.0
155.429	1.0
156.429	1.0
157.429	1.0
158.429	1.0
159.429	1.0
160.429	1.0
161.429	1.0
162.429	1.0
163.429	1.0
164.429	1.0
165.429	1.0
166.429	1.0
167.429	1.0
168.429	1.0
169.429	1.0
170.429	1.0
171.429	1.0
172.429	1.0
173.429	1.0
174.429	1.0
175.429	1.0
176.429	1.0
177.429	1.0
178.429	1.0
179.429	1.0
180.429	1.0
181.429	1.0
182.429	1.0
183.429	1.0
184.429	1.0
185.429	1.0
186.429	1.0
187.429	1.0
188.429	1.0
189.429	1.0
190.429	1.0
191.429	1.0
192.429	1.0
193.429	1.0
194.429	1.0
195.429	1.0
196.429	1.0
197.429	1.0
198.429	1.0
199.429	1.0
200.429	1.0
201.429	1.0
202.429	1.0
203.429	1.0
204.429	1.0
205.429	1.0
206.429	1.0
207.429	1.0
208.429	1.0
209.429	1.0
210.429	1.0
211.429	1.0
212.429	1.0
213.429	1.0
214.429	1.0
215.429	1.0
216.429	1.0
217.429	1.0
218.429	1.0
219.429	1.0
220.429	1.0
221.429	1.0
222.429	1.0
223.429	1.0
224.429	1.0
225.429	1.0
226.429	1.0
227.429	1.0
228.429	1.0
229.429	1.0
230.429	1.0
231.429	1.0
232.429	1.0
233.429	1.0
234.429	1.0
235.429	1.0
236.429	1.0
237.429	1.0
238.429	1.0
239.429	1.0
240.429	1.0
241.429	1.0
242.429	1.0
243.429	1.0
244.429	1.0
245.429	1.0
246.429	1.0
247.429	1.0
248.429	1.0
249.429	1.0
250.429	1.0
251.429	1.0
252.429	1.0
253.429	1.0
254.429	1.0
255.429	1.0
256.42900000000003	1.0
257.42900000000003	1.0
258.42900000000003	1.0
259.42900000000003	1.0
260.42900000000003	1.0
261.42900000000003	1.0
262.42900000000003	1.0
263.42900000000003	1.0
264.42900000000003	1.0
265.42900000000003	1.0
266.42900000000003	1.0
267.42900000000003	1.0
268.42900000000003	1.0
269.42900000000003	1.0
270.42900000000003	1.0
271.42900000000003	1.0
272.42900000000003	1.0
273.42900000000003	1.0
274.42900000000003	1.0
275.42900000000003	1.0
276.42900000000003	1.0
277.42900000000003	1.0
278.42900000000003	1.0
279.42900000000003	1.0
280.42900000000003	1.0
281.42900000000003	1.0
282.42900000000003	1.0
283.42900000000003	1.0
284.42900000000003	1.0
285.42900000000003	1.0
286.42900000000003	1.0
287.42900000000003	1.0
288.42900000000003	1.0
289.42900000000003	1.0
290.42900000000003	1.0
291.42900000000003	1.0
292.42900000000003	1.0
293.42900000000003	1.0
294.42900000000003	1.0
295.42900000000003	1.0
296.42900000000003	1.0
297.42900000000003	1.0
298.42900000000003	1.0
299.42900000000003	1.0
300.42900000000003	1.0
301.42900000000003	1.0
302.42900000000003	1.0
303.42900000000003	1.0
304.42900000000003	1.0
305.42900000000003	1.0
306.42900000000003	1.0
307.42900000000003	1.0
308.42900000000003	1.0
309.42900000000003	1.0
310.42900000000003	1.0
311.42900000000003	1.0
312.42900000000003	1.0
313.42900000000003	1.0
314.42900000000003	1.0
315.42900000000003	1.0
316.42900000000003	1.0
317.42900000000003	1.0
318.42900000000003	1.0
319.42900000000003	1.0
320.42900000000003	1.0
321.42900000000003	1.0
322.42900000000003	1.0
323.42900000000003	1.0
324.42900000000003	1.0
325.42900000000003	1.0
326.42900000000003	1.0
327.42900000000003	1.0
328.42900000000003	1.0
329.42900000000003	1.0
330.42900000000003	1.0
331.42900000000003	1.0
332.42900000000003	1.0
333.42900000000003	1.0
334.42900000000003	1.0
335.42900000000003	1.0
336.42900000000003	1.0
337.42900000000003	1.0
338.42900000000003	1.0
339.42900000000003	1.0
340.42900000000003	1.0
341.42900000000003	1.0
342.42900000000003	1.0
343.42900000000003	1.0
344.42900000000003	1.0
345.42900000000003	1.0
346.42900000000003	1.0
347.42900000000003	1.0
348.42900000000003	1.0
349.42900000000003	1.0
350.42900000000003	1.0
351.42900000000003	1.0
352.42900000000003	1.0
353.42900000000003	1.0
354.42900000000003	1.0
355.42900000000003	1.0
356.42900000000003	1.0
357.42900000000003	1.0
358.42900000000003	1.0
359.42900000000003	1.0
360.42900000000003	1.0
361.42900000000003	1.0
362.42900000000003	1.0
363.42900000000003	1.0
364.42900000000003	1.0
365.42900000000003	1.0
366.42900000000003	1.0
367.42900000000003	1.0
368.42900000000003	1.0
369.42900000000003	1.0
370.42900000000003	1.0
371.42900000000003	1.0
372.42900000000003	1.0
373.42900000000003	1.0
374.42900000000003	1.0
375.42900000000003	1.0
376.42900000000003	1.0
377.42900000000003	1.0
378.42900000000003	1.0
379.42900000000003	1.0
380.42900000000003	1.0
381.42900000000003	1.0
382.42900000000003	1.0
383.42900000000003	1.0
384.42900000000003	1.0
385.42900000000003	1.0
386.42900000000003	1.0
387.42900000000003	1.0
388.42900000000003	1.0
389.42900000000003	1.0
390.42900000000003	1.0
391.42900000000003	1.0
392.42900000000003	1.0
393.42900000000003	1.0
394.42900000000003	1.0
395.42900000000003	1.0
396.42900000000003	1.0
397.42900000000003	1.0
398.42900000000003	1.0
399.42900000000003	1.0
400.42900000000003	1.0
401.42900000000003	1.0
402.42900000000003	1.0
403.42900000000003	1.0
404.42900000000003	1.0
405.42900000000003	1.0
406.42900000000003	1.0
407.42900000000003	1.0
408.42900000000003	1.0
409.42900000000003	1.0
410.42900000000003	1.0
411.42900000000003	1.0
412.42900000000003	1.0
413.42900000000003	1.0
414.42900000000003	1.0
415.42900000000003	1.0
416.42900000000003	1.0
417.42900000000003	1.0
418.42900000000003	1.0
419.42900000000003	1.0
420.42900000000003	1.0
421.42900000000003	1.0
422.42900000000003	1.0
423.42900000000003	1.0
424.42900000000003	1.0
425.42900000000003	1.0
426.42900000000003	1.0
427.42900000000003	1.0
428.42900000000003	1.0
429.42900000000003	1.0
430.42900000000003	1.0
431.42900000000003	1.0
432.42900000000003	1.0
433.42900000000003	1.0
434.42900000000003	1.0
435.42900000000003	1.0
436.42900000000003	1.0
437.42900000000003	1.0
438.42900000000003	1.0
439.42900000000003	1.0
440.42900000000003	1.0
441.42900000000003	1.0
442.42900000000003	1.0
443.42900000000003	1.0
444.42900000000003	1.0
445.42900000000003	1.0
446.42900000000003	1.0
447.42900000000003	1.0
448.42900000000003	1.0
449.42900000000003	1.0
450.42900000000003	1.0
451.42900000000003	1.0
452.42900000000003	1.0
453.42900000000003	1.0
454.42900000000003	1.0
455.42900000000003	1.0
456.42900000000003	1.0
457.42900000000003	1.0
458.42900000000003	1.0
459.42900000000003	1.0
460.42900000000003	1.0
461.42900000000003	1.0
462.42900000000003	1.0
463.42900000000003	1.0
464.42900000000003	1.0
465.42900000000003	1.0
466.42900000000003	1.0
467.42900000000003	1.0
468.42900000000003	1.0
469.42900000000003	1.0
470.42900000000003	1.0
471.42900000000003	1.0
472.42900000000003	1.0
473.42900000000003	1.0
474.42900000000003	1.0
475.42900000000003	1.0
476.42900000000003	1.0
477.42900000000003	1.0
478.42900000000003	1.0
479.42900000000003	1.0
480.42900000000003	1.0
481.42900000000003	1.0
482.42900000000003	1.0
483.42900000000003	1.0
484.42900000000003	1.0
485.42900000000003	1.0
486.42900000000003	1.0
487.42900000000003	1.0
488.42900000000003	1.0
489.42900000000003	1.0
490.42900000000003	1.0
491.42900000000003	1.0
492.42900000000003	1.0
493.42900000000003	1.0
494.42900000000003	1.0
495.42900000000003	1.0
496.42900000000003	1.0
497.42900000000003	1.0
498.42900000000003	1.0
499.42900000000003	1.0
500.42900000000003	1.0
501.42900000000003	1.0
502.42900000000003	1.0
503.42900000000003	1.0
504.42900000000003	1.0
505.42900000000003	1.0
506.42900000000003	1.0
507.42900000000003	1.0
508.42900000000003	1.0
509.42900000000003	1.0
510.42900000000003	1.0
511.42900000000003	1.0
512.429	1.0
513.429	1.0
514.429	1.0
515.429	1.0
516.429	1.0
517.429	1.0
518.429	1.0
519.429	1.0
520.429	1.0
521.429	1.0
522.429	1.0
523.429	1.0
524.429	1.0
525.429	1.0
526.429	1.0
527.429	1.0
528.429	1.0
529.429	1.0
530.429	1.0
531.429	1.0
532.429	1.0
533.429	1.0
534.429	1.0
535.429	1.0
536.429	1.0
537.429	1.0
538.429	1.0
539.429	1.0
540.429	1.0
541.429	1.0
542.429	1.0
543.429	1.0
544.429	1.0
545.429	1.0
546.429	1.0
547.429	1.0
548.429	1.0
549.429	1.0
550.429	1.0
551.429	1.0
552.429	1.0
553.429	1.0
554.429	1.0
555.429	1.0
556.429	1.0
557.429	1.0
558.429	1.0
559.429	1.0
560.429	1.0
561.429	1.0
562.429	1.0
563.429	1.0
564.429	1.0
565.429	1.0
566.429	1.0
567.429	1.0
568.429	1.0
569.429	1.0
570.429	1.0
571.429	1.0
572.429	1.0
573.429	1.0
574.429	1.0
575.429	1.0
576.429	1.0
577.429	1.0
578.429	1.0
579.429	1.0
580.429	1.0
581.429	1.0
582.429	1.0
583.429	1.0
584.429	1.0
585.429	1.0
586.429	1.0
587.429	1.0
588.429	1.0
589.429	1.0
590.429	1.0
591.429	1.0
592.429	1.0
593.429	1.0
594.429	1.0
595.429	1.0
596.429	1.0
597.429	1.0
598.429	1.0
599.429	1.0
600.429	1.0
601.429	1.0
602.429	1.0
603.429	1.0
604.429	1.0
605.429	1.0
606.429	1.0
607.429	1.0
608.429	1.0
609.429	1.0
610.429	1.0
611.429	1.0
612.429	1.0
613.429	1.0
614.429	1.0
615.429	1.0
616.429	1.0
617.429	1.0
618.429	1.0
619.429	1.0
620.429	1.0
621.429	1.0
622.429	1.0
623.429	1.0
624.429	1.0
625.429	1.0
626.429	1.0
627.429	1.0
628.429	1.0
629.429	1.0
630.429	1.0
631.429	1.0
632.429	1.0
633.429	1.0
634.429	1.0
635.429	1.0
636.429	1.0
637.429	1.0
638.429	1.0
639.429	1.0
640.429	1.0
641.429	1.0
642.429	1.0
643.429	1.0
644.429	1.0
645.429	1.0
646.429	1.0
647.429	1.0
648.429	1.0
649.429	1.0
650.429	1.0
651.429	1.0
652.429	1.0
653.429	1.0
654.429	1.0
655.429	1.0
656.429	1.0
657.429	1.0
658.429	1.0
659.429	1.0
660.429	1.0
661.429	1.0
662.429	1.0
663.429	1.0
664.429	1.0
665.429	1.0
666.429	1.0
667.429	1.0
668.429	1.0
669.429	1.0
670.429	1.0
671.429	1.0
672.429	1.0
673.429	1.0
674.429	1.0
675.429	1.0
676.429	1.0
677.429	1.0
678.429	1.0
679.429	1.0
680.429	1.0
681.429	1.0
682.429	1.0
683.429	1.0
684.429	1.0
685.429	1.0
686.429	1.0
687.429	1.0
688.429	1.0
689.429	1.0
690.429	1.0
691.429	1.0
692.429	1.0
693.429	1.0
694.429	1.0
695.429	1.0
696.429	1.0
697.429	1.0
698.429	1.0
699.429	1.0
700.429	1.0
701.429	1.0
702.429	1.0
703.429	1.0
704.429	1.0
705.429	1.0
706.429	1.0
707.429	1.0
708.429	1.0
709.429	1.0
710.429	1.0
711.429	1.0
712.429	1.0
713.429	1.0
714.429	1.0
715.429	1.0
716.429	1.0
717.429	1.0
718.429	1.0
719.429	1.0
720.429	1.0
721.429	1.0
722.429	1.0
723.429	1.0
724.429	1.0
725.429	1.0
726.429	1.0
727.429	1.0
728.429	1.0
729.429	1.0
730.429	1.0
731.429	1.0
732.429	1.0
733.429	1.0
734.429	1.0
735.429	1.0
736.429	1.0
737.429	1.0
738.429	1.0
739.429	1.0
740.429	1.0
741.429	1.0
742.429	1.0
743.429	1.0
744.429	1.0
745.429	1.0
746.429	1.0
747.429	1.0
748.429	1.0
749.429	1.0
750.429	1.0
751.429	1.0
752.429	1.0
753.429	1.0
754.429	1.0
755.429	1.0
756.429	1.0
757.429	1.0
758.429	1.0
759.429	1.0
760.429	1.0
761.429	1.0
762.429	1.0
763.429	1.0
764.429	1.0
765.429	1.0
766.429	1.0
767.429	1.0
768.429	1.0
769.429	1.0
770.429	1.0
771.429	1.0
772.429	1.0
773.429	1.0
774.429	1.0
775.429	1.0
776.429	1.0
777.429	1.0
778.429	1.0
779.429	1.0
780.429	1.0
781.429	1.0
782.429	1.0
783.429	1.0
784.429	1.0
785.429	1.0
786.429	1.0
787.429	1.0
788.429	1.0
789.429	1.0
790.429	1.0
791.429	1.0
792.429	1.0
793.429	1.0
794.429	1.0
795.429	1.0
796.429	1.0
797.429	1.0
798.429	1.0
799.429	1.0
800.429	1.0
801.429	1.0
802.429	1.0
803.429	1.0
804.429	1.0
805.429	1.0
806.429	1.0
807.429	1.0
808.429	1.0
809.429	1.0
810.429	1.0
811.429	1.0
812.429	1.0
813.429	1.0
814.429	1.0
815.429	1.0
816.429	1.0
817.429	1.0
818.429	1.0
819.429	1.0
820.429	1.0
821.429	1.0
822.429	1.0
823.429	1.0
824.429	1.0
825.429	1.0
826.429	1.0
827.429	1.0
828.429	1.0
829.429	1.0
830.429	1.0
831.429	1.0
832.429	1.0
833.429	1.0
834.429	1.0
835.429	1.0
836.429	1.0
837.429	1.0
838.429	1.0
839.429	1.0
840.429	1.0
841.429	1.0
842.429	1.0
843.429	1.0
844.429	1.0
845.429	1.0
846.429	1.0
847.429	1.0
848.429	1.0
849.429	1.0
850.429	1.0
851.429	1.0
852.429	1.0
853.429	1.0
854.429	1.0
855.429	1.0
856.429	1.0
857.429	1.0
858.429	1.0
859.429	1.0
860.429	1.0
861.429	1.0
862.429	1.0
863.429	1.0
864.429	1.0
865.429	1.0
866.429	1.0
867.429	1.0
868.429	1.0
869.429	1.0
870.429	1.0
871.429	1.0
872.429	1.0
873.429	1.0
874.429	1.0
875.429	1.0
876.429	1.0
877.429	1.0
878.429	1.0
879.429	1.0
880.429	1.0
881.429	1.0
882.429	1.0
883.429	1.0
884.429	1.0
885.429	1.0
886.429	1.0
887.429	1.0
888.429	1.0
889.429	1.0
890.429	1.0
891.429	1.0
892.429	1.0
893.429	1.0
894.429	1.0
895.429	1.0
896.429	1.0
897.429	1.0
898.429	1.0
899.429	1.0
900.429	1.0
901.429	1.0
902.429	1.0
903.429	1.0
904.429	1.0
905.429	1.0
906.429	1.0
907.429	1.0
908.429	1.0
909.429	1.0
910.429	1.0
911.429	1.0
912.429	1.0
913.429	1.0
914.429	1.0
915.429	1.0
916.429	1.0
917.429	1.0
918.429	1.0
919.429	1.0
920.429	1.0
921.429	1.0
922.429	1.0
923.429	1.0
924.429	1.0
925.429	1.0
926.429	1.0
927.429	1.0
928.429	1.0
929.429	1.0
930.429	1.0
931.429	1.0
932.429	1.0
933.429	1.0
934.429	1.0
935.429	1.0
936.429	1.0
937.429	1.0
938.429	1.0
939.429	1.0
940.429	1.0
941.429	1.0
942.429	1.0
943.429	1.0
944.429	1.0
945.429	1.0
946.429	1.0
947.429	1.0
948.429	1.0
949.429	1.0
950.429	1.0
951.429	1.0
952.429	1.0
953.429	1.0
954.429	1.0
955.429	1.0
956.429	1.0
957.429	1.0
958.429	1.0
959.429	1.0
960.429	1.0
961.429	1.0
962.429	1.0
963.429	1.0
964.429	1.0
965.429	1.0
966.429	1.0
967.429	1.0
968.429	1.0
969.429	1.0
970.429	1.0
971.429	1.0
972.429	1.0
973.429	1.0
974.429	1.0
975.429	1.0
976.429	1.0
977.429	1.0
978.429	1.0
979.429	1.0
980.429	1.0
981.429	1.0
982.429	1.0
983.429	1.0
984.429	1.0
985.429	1.0
986.429	1.0
987.429	1.0
988.429	1.0
989.429	1.0
990.429	1.0
991.429	1.0
992.429	1.0
993.429	1.0
994.429	1.0
995.429	1.0
996.429	1.0
