0.135	0.5304592143669064
0.9470000000000001	0.54839381699969
1.7730000000000001	0.5607530994626284
2.604	0.5630642580694343
3.4250000000000003	0.573853638102898
4.267	0.5782817501380106
5.075	0.5663523933746806
5.917	0.5773040794529275
6.7700000000000005	0.5620250260654986
7.61	0.561128940378434
8.43	0.5627953583073684
9.27	0.5384963309476235
10.087	0.5567197999947002
10.91	0.5658466439239688
11.757	0.5349373486365542
12.619	0.5897869088169679
13.491	0.5204631528310263
14.357000000000001	0.33456814004684676
15.256	0.6179243952277275
16.138	0.566258460269132
17.023	0.538475823366379
17.92	0.5996171679494583
18.817	0.8035267400082647
19.722	0.7012525929162773
20.645	0.562205327621961
21.591	0.23348519209654958
22.549	0.24727658758409457
23.501	0.07710946636837766
24.471	0.11784195573274873
25.444	0.30483745398025647
26.417	0.8222409127047614
27.387	0.7841404660910309
28.359	0.8067344860817127
29.335	0.9431209713318034
30.310000000000002	0.8317857727034589
31.288	0.9258958166088862
32.261	0.2328683220036705
33.242	0.8976941919949493
34.218	0.7332221770676985
35.198	0.4121462946524463
36.184	0.9349497303438263
37.165	0.868712401751976
38.147	0.26524765716416443
39.134	0.935539731959191
40.12	0.693523432892155
41.107	0.2405887380015007
42.1	0.9128521281254282
43.092	0.7233088172745666
44.084	0.3049861339897986
45.079	0.6309721165769426
46.079	0.9783169590719489
47.076	1.0
48.076	1.0
49.076	1.0
50.076	1.0
51.076	1.0
52.076	1.0
53.076	1.0
54.076	1.0
55.076	1.0
56.076	1.0
57.076	1.0
58.076	1.0
59.076	1.0
60.076	1.0
61.076	1.0
62.076	1.0
63.076	1.0
64.07600000000001	1.0
65.07600000000001	1.0
66.07600000000001	1.0
67.07600000000001	1.0
68.07600000000001	1.0
69.07600000000001	1.0
70.07600000000001	1.0
71.07600000000001	1.0
72.07600000000001	1.0
73.07600000000001	1.0
74.07600000000001	1.0
75.07600000000001	1.0
76.07600000000001	1.0
77.07600000000001	1.0
78.07600000000001	1.0
79.07600000000001	1.0
80.07600000000001	1.0
81.07600000000001	1.0
82.07600000000001	1.0
83.07600000000001	1.0
84.07600000000001	1.0
85.07600000000001	1.0
86.07600000000001	1.0
87.07600000000001	1.0
88.07600000000001	1.0
89.07600000000001	1.0
90.07600000000001	1.0
91.07600000000001	1.0
92.07600000000001	1.0
93.07600000000001	1.0
94.07600000000001	1.0
95.07600000000001	1.0
96.07600000000001	1.0
97.07600000000001	1.0
98.07600000000001	1.0
99.07600000000001	1.0
100.07600000000001	1.0
101.07600000000001	1.0
102.07600000000001	1.0
103.07600000000001	1.0
104.07600000000001	1.0
105.07600000000001	1.0
106.07600000000001	1.0
107.07600000000001	1.0
108.07600000000001	1.0
109.07600000000001	1.0
110.07600000000001	1.0
111.07600000000001	1.0
112.07600000000001	1.0
113.07600000000001	1.0
114.07600000000001	1.0
115.07600000000001	1.0
116.07600000000001	1.0
117.07600000000001	1.0
118.07600000000001	1.0
119.07600000000001	1.0
120.07600000000001	1.0
121.07600000000001	1.0
122.07600000000001	1.0
123.07600000000001	1.0
124.07600000000001	1.0
125.07600000000001	1.0
126.07600000000001	1.0
127.07600000000001	1.0
128.076	1.0
129.076	1.0
130.076	1.0
131.076	1.0
132.076	1.0
133.076	1.0
134.076	1.0
135.076	1.0
136.076	1.0
137.076	1.0
138.076	1.0
139.076	1.0
140.076	1.0
141.076	1.0
142.076	1.0
143.076	1.0
144.076	1.0
145.076	1.0
146.076	1.0
147.076	1.0
148.076	1.0
149.076	1.0
150.076	1.0
151.076	1.0
152.076	1.0
153.076	1.0
154.076	1.0
155.076	1.0
156.076	1.0
157.076	1.0
158.076	1.0
159.076	1.0
160.076	1.0
161.076	1.0
162.076	1.0
163.076	1.0
164.076	1.0
165.076	1.0
166.076	1.0
167.076	1.0
168.076	1.0
169.076	1.0
170.076	1.0
171.076	1.0
172.076	1.0
173.076	1.0
174.076	1.0
175.076	1.0
176.076	1.0
177.076	1.0
178.076	1.0
179.076	1.0
180.076	1.0
181.076	1.0
182.076	1.0
183.076	1.0
184.076	1.0
185.076	1.0
186.076	1.0
187.076	1.0
188.076	1.0
189.076	1.0
190.076	1.0
191.076	1.0
192.076	1.0
193.076	1.0
194.076	1.0
195.076	1.0
196.076	1.0
197.076	1.0
198.076	1.0
199.076	1.0
200.076	1.0
201.076	1.0
202.076	1.0
203.076	1.0
204.076	1.0
205.076	1.0
206.076	1.0
207.076	1.0
208.076	1.0
209.076	1.0
210.076	1.0
211.076	1.0
212.076	1.0
213.076	1.0
214.076	1.0
215.076	1.0
216.076	1.0
217.076	1.0
218.076	1.0
219.076	1.0
220.076	1.0
221.076	1.0
222.076	1.0
223.076	1.0
224.076	1.0
225.076	1.0
226.076	1.0
227.076	1.0
228.076	1.0
229.076	1.0
230.076	1.0
231.076	1.0
232.076	1.0
233.076	1.0
234.076	1.0
235.076	1.0
236.076	1.0
237.076	1.0
238.076	1.0
239.076	1.0
240.076	1.0
241.076	1.0
242.076	1.0
243.076	1.0
244.076	1.0
245.076	1.0
246.076	1.0
247.076	1.0
248.076	1.0
249.076	1.0
250.076	1.0
251.076	1.0
252.076	1.0
253.076	1.0
254.076	1.0
255.076	1.0
256.076	1.0
257.076	1.0
258.076	1.0
259.076	1.0
260.076	1.0
261.076	1.0
262.076	1.0
263.076	1.0
264.076	1.0
265.076	1.0
266.076	1.0
267.076	1.0
268.076	1.0
269.076	1.0
270.076	1.0
271.076	1.0
272.076	1.0
273.076	1.0
274.076	1.0
275.076	1.0
276.076	1.0
277.076	1.0
278.076	1.0
279.076	1.0
280.076	1.0
281.076	1.0
282.076	1.0
283.076	1.0
284.076	1.0
285.076	1.0
286.076	1.0
287.076	1.0
288.076	1.0
289.076	1.0
290.076	1.0
291.076	1.0
292.076	1.0
293.076	1.0
294.076	1.0
295.076	1.0
296.076	1.0
297.076	1.0
298.076	1.0
299.076	1.0
300.076	1.0
301.076	1.0
302.076	1.0
303.076	1.0
304.076	1.0
305.076	1.0
306.076	1.0
307.076	1.0
308.076	1.0
309.076	1.0
310.076	1.0
311.076	1.0
312.076	1.0
313.076	1.0
314.076	1.0
315.076	1.0
316.076	1.0
317.076	1.0
318.076	1.0
319.076	1.0
320.076	1.0
321.076	1.0
322.076	1.0
323.076	1.0
324.076	1.0
325.076	1.0
326.076	1.0
327.076	1.0
328.076	1.0
329.076	1.0
330.076	1.0
331.076	1.0
332.076	1.0
333.076	1.0
334.076	1.0
335.076	1.0
336.076	1.0
337.076	1.0
338.076	1.0
339.076	1.0
340.076	1.0
341.076	1.0
342.076	1.0
343.076	1.0
344.076	1.0
345.076	1.0
346.076	1.0
347.076	1.0
348.076	1.0
349.076	1.0
350.076	1.0
351.076	1.0
352.076	1.0
353.076	1.0
354.076	1.0
355.076	1.0
356.076	1.0
357.076	1.0
358.076	1.0
359.076	1.0
360.076	1.0
361.076	1.0
362.076	1.0
363.076	1.0
364.076	1.0
365.076	1.0
366.076	1.0
367.076	1.0
368.076	1.0
369.076	1.0
370.076	1.0
371.076	1.0
372.076	1.0
373.076	1.0
374.076	1.0
375.076	1.0
376.076	1.0
377.076	1.0
378.076	1.0
379.076	1.0
380.076	1.0
381.076	1.0
382.076	1.0
383.076	1.0
384.076	1.0
385.076	1.0
386.076	1.0
387.076	1.0
388.076	1.0
389.076	1.0
390.076	1.0
391.076	1.0
392.076	1.0
393.076	1.0
394.076	1.0
395.076	1.0
396.076	1.0
397.076	1.0
398.076	1.0
399.076	1.0
400.076	1.0
401.076	1.0
402.076	1.0
403.076	1.0
404.076	1.0
405.076	1.0
406.076	1.0
407.076	1.0
408.076	1.0
409.076	1.0
410.076	1.0
411.076	1.0
412.076	1.0
413.076	1.0
414.076	1.0
415.076	1.0
416.076	1.0
417.076	1.0
418.076	1.0
419.076	1.0
420.076	1.0
421.076	1.0
422.076	1.0
423.076	1.0
424.076	1.0
425.076	1.0
426.076	1.0
427.076	1.0
428.076	1.0
429.076	1.0
430.076	1.0
431.076	1.0
432.076	1.0
433.076	1.0
434.076	1.0
435.076	1.0
436.076	1.0
437.076	1.0
438.076	1.0
439.076	1.0
440.076	1.0
441.076	1.0
442.076	1.0
443.076	1.0
444.076	1.0
445.076	1.0
446.076	1.0
447.076	1.0
448.076	1.0
449.076	1.0
450.076	1.0
451.076	1.0
452.076	1.0
453.076	1.0
454.076	1.0
455.076	1.0
456.076	1.0
457.076	1.0
458.076	1.0
459.076	1.0
460.076	1.0
461.076	1.0
462.076	1.0
463.076	1.0
464.076	1.0
465.076	1.0
466.076	1.0
467.076	1.0
468.076	1.0
469.076	1.0
470.076	1.0
471.076	1.0
472.076	1.0
473.076	1.0
474.076	1.0
475.076	1.0
476.076	1.0
477.076	1.0
478.076	1.0
479.076	1.0
480.076	1.0
481.076	1.0
482.076	1.0
483.076	1.0
484.076	1.0
485.076	1.0
486.076	1.0
487.076	1.0
488.076	1.0
489.076	1.0
490.076	1.0
491.076	1.0
492.076	1.0
493.076	1.0
494.076	1.0
495.076	1.0
496.076	1.0
497.076	1.0
498.076	1.0
499.076	1.0
500.076	1.0
501.076	1.0
502.076	1.0
503.076	1.0
504.076	1.0
505.076	1.0
506.076	1.0
507.076	1.0
508.076	1.0
509.076	1.0
510.076	1.0
511.076	1.0
512.076	1.0
513.076	1.0
514.076	1.0
515.076	1.0
516.076	1.0
517.076	1.0
518.076	1.0
519.076	1.0
520.076	1.0
521.076	1.0
522.076	1.0
523.076	1.0
524.076	1.0
525.076	1.0
526.076	1.0
527.076	1.0
528.076	1.0
529.076	1.0
530.076	1.0
531.076	1.0
532.076	1.0
533.076	1.0
534.076	1.0
535.076	1.0
536.076	1.0
537.076	1.0
538.076	1.0
539.076	1.0
540.076	1.0
541.076	1.0
542.076	1.0
543.076	1.0
544.076	1.0
545.076	1.0
546.076	1.0
547.076	1.0
548.076	1.0
549.076	1.0
550.076	1.0
551.076	1.0
552.076	1.0
553.076	1.0
554.076	1.0
555.076	1.0
556.076	1.0
557.076	1.0
558.076	1.0
559.076	1.0
560.076	1.0
561.076	1.0
562.076	1.0
563.076	1.0
564.076	1.0
565.076	1.0
566.076	1.0
567.076	1.0
568.076	1.0
569.076	1.0
570.076	1.0
571.076	1.0
572.076	1.0
573.076	1.0
574.076	1.0
575.076	1.0
576.076	1.0
577.076	1.0
578.076	1.0
579.076	1.0
580.076	1.0
581.076	1.0
582.076	1.0
583.076	1.0
584.076	1.0
585.076	1.0
586.076	1.0
587.076	1.0
588.076	1.0
589.076	1.0
590.076	1.0
591.076	1.0
592.076	1.0
593.076	1.0
594.076	1.0
595.076	1.0
596.076	1.0
597.076	1.0
598.076	1.0
599.076	1.0
600.076	1.0
601.076	1.0
602.076	1.0
603.076	1.0
604.076	1.0
605.076	1.0
606.076	1.0
607.076	1.0
608.076	1.0
609.076	1.0
610.076	1.0
611.076	1.0
612.076	1.0
613.076	1.0
614.076	1.0
615.076	1.0
616.076	1.0
617.076	1.0
618.076	1.0
619.076	1.0
620.076	1.0
621.076	1.0
622.076	1.0
623.076	1.0
624.076	1.0
625.076	1.0
626.076	1.0
627.076	1.0
628.076	1.0
629.076	1.0
630.076	1.0
631.076	1.0
632.076	1.0
633.076	1.0
634.076	1.0
635.076	1.0
636.076	1.0
637.076	1.0
638.076	1.0
639.076	1.0
640.076	1.0
641.076	1.0
642.076	1.0
643.076	1.0
644.076	1.0
645.076	1.0
646.076	1.0
647.076	1.0
648.076	1.0
649.076	1.0
650.076	1.0
651.076	1.0
652.076	1.0
653.076	1.0
654.076	1.0
655.076	1.0
656.076	1.0
657.076	1.0
658.076	1.0
659.076	1.0
660.076	1.0
661.076	1.0
662.076	1.0
663.076	1.0
664.076	1.0
665.076	1.0
666.076	1.0
667.076	1.0
668.076	1.0
669.076	1.0
670.076	1.0
671.076	1.0
672.076	1.0
673.076	1.0
674.076	1.0
675.076	1.0
676.076	1.0
677.076	1.0
678.076	1.0
679.076	1.0
680.076	1.0
681.076	1.0
682.076	1.0
683.076	1.0
684.076	1.0
685.076	1.0
686.076	1.0
687.076	1.0
688.076	1.0
689.076	1.0
690.076	1.0
691.076	1.0
692.076	1.0
693.076	1.0
694.076	1.0
695.076	1.0
696.076	1.0
697.076	1.0
698.076	1.0
699.076	1.0
700.076	1.0
701.076	1.0
702.076	1.0
703.076	1.0
704.076	1.0
705.076	1.0
706.076	1.0
707.076	1.0
708.076	1.0
709.076	1.0
710.076	1.0
711.076	1.0
712.076	1.0
713.076	1.0
714.076	1.0
715.076	1.0
716.076	1.0
717.076	1.0
718.076	1.0
719.076	1.0
720.076	1.0
721.076	1.0
722.076	1.0
723.076	1.0
724.076	1.0
725.076	1.0
726.076	1.0
727.076	1.0
728.076	1.0
729.076	1.0
730.076	1.0
731.076	1.0
732.076	1.0
733.076	1.0
734.076	1.0
735.076	1.0
736.076	1.0
737.076	1.0
738.076	1.0
739.076	1.0
740.076	1.0
741.076	1.0
742.076	1.0
743.076	1.0
744.076	1.0
745.076	1.0
746.076	1.0
747.076	1.0
748.076	1.0
749.076	1.0
750.076	1.0
751.076	1.0
752.076	1.0
753.076	1.0
754.076	1.0
755.076	1.0
756.076	1.0
757.076	1.0
758.076	1.0
759.076	1.0
760.076	1.0
761.076	1.0
762.076	1.0
763.076	1.0
764.076	1.0
765.076	1.0
766.076	1.0
767.076	1.0
768.076	1.0
769.076	1.0
770.076	1.0
771.076	1.0
772.076	1.0
773.076	1.0
774.076	1.0
775.076	1.0
776.076	1.0
777.076	1.0
778.076	1.0
779.076	1.0
780.076	1.0
781.076	1.0
782.076	1.0
783.076	1.0
784.076	1.0
785.076	1.0
786.076	1.0
787.076	1.0
788.076	1.0
789.076	1.0
790.076	1.0
791.076	1.0
792.076	1.0
793.076	1.0
794.076	1.0
795.076	1.0
796.076	1.0
797.076	1.0
798.076	1.0
799.076	1.0
800.076	1.0
801.076	1.0
802.076	1.0
803.076	1.0
804.076	1.0
805.076	1.0
806.076	1.0
807.076	1.0
808.076	1.0
809.076	1.0
810.076	1.0
811.076	1.0
812.076	1.0
813.076	1.0
814.076	1.0
815.076	1.0
816.076	1.0
817.076	1.0
818.076	1.0
819.076	1.0
820.076	1.0
821.076	1.0
822.076	1.0
823.076	1.0
824.076	1.0
825.076	1.0
826.076	1.0
827.076	1.0
828.076	1.0
829.076	1.0
830.076	1.0
831.076	1.0
832.076	1.0
833.076	1.0
834.076	1.0
835.076	1.0
836.076	1.0
837.076	1.0
838.076	1.0
839.076	1.0
840.076	1.0
841.076	1.0
842.076	1.0
843.076	1.0
844.076	1.0
845.076	1.0
846.076	1.0
847.076	1.0
848.076	1.0
849.076	1.0
850.076	1.0
851.076	1.0
852.076	1.0
853.076	1.0
854.076	1.0
855.076	1.0
856.076	1.0
857.076	1.0
858.076	1.0
859.076	1.0
860.076	1.0
861.076	1.0
862.076	1.0
863.076	1.0
864.076	1.0
865.076	1.0
866.076	1.0
867.076	1.0
868.076	1.0
869.076	1.0
870.076	1.0
871.076	1.0
872.076	1.0
873.076	1.0
874.076	1.0
875.076	1.0
876.076	1.0
877.076	1.0
878.076	1.0
879.076	1.0
880.076	1.0
881.076	1.0
882.076	1.0
883.076	1.0
884.076	1.0
885.076	1.0
886.076	1.0
887.076	1.0
888.076	1.0
889.076	1.0
890.076	1.0
891.076	1.0
892.076	1.0
893.076	1.0
894.076	1.0
895.076	1.0
896.076	1.0
897.076	1.0
898.076	1.0
899.076	1.0
900.076	1.0
901.076	1.0
902.076	1.0
903.076	1.0
904.076	1.0
905.076	1.0
906.076	1.0
907.076	1.0
908.076	1.0
909.076	1.0
910.076	1.0
911.076	1.0
912.076	1.0
913.076	1.0
914.076	1.0
915.076	1.0
916.076	1.0
917.076	1.0
918.076	1.0
919.076	1.0
920.076	1.0
921.076	1.0
922.076	1.0
923.076	1.0
924.076	1.0
925.076	1.0
926.076	1.0
927.076	1.0
928.076	1.0
929.076	1.0
930.076	1.0
931.076	1.0
932.076	1.0
933.076	1.0
934.076	1.0
935.076	1.0
936.076	1.0
937.076	1.0
938.076	1.0
939.076	1.0
940.076	1.0
941.076	1.0
942.076	1.0
943.076	1.0
944.076	1.0
945.076	1.0
946.076	1.0
947.076	1.0
948.076	1.0
949.076	1.0
950.076	1.0
951.076	1.0
952.076	1.0
953.076	1.0
954.076	1.0
955.076	1.0
956.076	1.0
957.076	1.0
958.076	1.0
959.076	1.0
960.076	1.0
961.076	1.0
962.076	1.0
963.076	1.0
964.076	1.0
965.076	1.0
966.076	1.0
967.076	1.0
968.076	1.0
969.076	1.0
970.076	1.0
971.076	1.0
972.076	1.0
973.076	1.0
974.076	1.0
975.076	1.0
976.076	1.0
977.076	1.0
978.076	1.0
979.076	1.0
980.076	1.0
981.076	1.0
982.076	1.0
983.076	1.0
984.076	1.0
985.076	1.0
986.076	1.0
987.076	1.0
988.076	1.0
989.076	1.0
990.076	1.0
991.076	1.0
992.076	1.0
993.076	1.0
994.076	1.0
995.076	1.0
