0.903	0.44980230898093126
1.838	0.42651529218024753
2.759	0.4310440514538033
3.701	0.4431038704574689
4.643	0.45118346739021226
5.577	0.4634598641454598
6.51	0.45390240352099887
7.442	0.4995706593985153
8.377	0.5117423231553769
9.332	0.5062634888241656
10.272	0.5248788906325009
11.213000000000001	0.5753192951557452
12.131	0.5475301143888869
13.052	0.5721258392067969
13.974	0.5343150005366334
14.899000000000001	0.529282597483707
15.842	0.596111163356971
16.77	0.6139001778253808
17.702	0.5394768827446561
18.629	0.521993317295507
19.573	0.6316688525444907
20.502	0.635903895276892
21.447	0.7187007173866223
22.405	0.7912172096945619
23.341	0.6967338896342387
24.296	0.7838858229563819
25.245	0.651913117011758
26.198	0.613929720389218
27.163	0.7380899109887396
28.128	0.8003579601718314
29.080000000000002	0.6684346410927007
30.049	0.8082735642176764
31.007	0.5596098621896816
31.969	0.3245863275282641
32.937	0.5201190221052334
33.899	0.27784375417761104
34.871	0.6329176041780253
35.836	0.5533881786016434
36.803	0.5313115192661644
37.766	0.5011136109032188
38.735	0.5469499366341479
39.705	0.7024612548383102
40.678000000000004	0.6589191996662308
41.652	0.5472798526175428
42.629	0.7600139910681566
43.606	0.7472911104451654
44.582	0.5969892592737434
45.559	0.7135806358123107
46.539	0.6705352632492968
47.525	0.8818975677463564
48.496	0.6474678324540374
49.486000000000004	0.8933326620583931
50.475	0.9144320917234503
51.448	0.8628689940140779
52.429	0.8034785361792279
53.399	0.5491141382094354
54.38	0.7991475731461511
55.357	0.6215417230847288
56.345	0.4302457223911659
57.335	0.9387842389618695
58.326	0.9795541404453761
59.316	0.9045764927041857
60.312000000000005	0.9534780640486176
61.309000000000005	0.9724010490606461
62.307	0.9713145643316732
63.306000000000004	0.9802199999999999
64.306	1.0
65.306	1.0
66.306	1.0
67.306	1.0
68.306	1.0
69.306	1.0
70.306	1.0
71.306	1.0
72.306	1.0
73.306	1.0
74.306	1.0
75.306	1.0
76.306	1.0
77.306	1.0
78.306	1.0
79.306	1.0
80.306	1.0
81.306	1.0
82.306	1.0
83.306	1.0
84.306	1.0
85.306	1.0
86.306	1.0
87.306	1.0
88.306	1.0
89.306	1.0
90.306	1.0
91.306	1.0
92.306	1.0
93.306	1.0
94.306	1.0
95.306	1.0
96.306	1.0
97.306	1.0
98.306	1.0
99.306	1.0
100.306	1.0
101.306	1.0
102.306	1.0
103.306	1.0
104.306	1.0
105.306	1.0
106.306	1.0
107.306	1.0
108.306	1.0
109.306	1.0
110.306	1.0
111.306	1.0
112.306	1.0
113.306	1.0
114.306	1.0
115.306	1.0
116.306	1.0
117.306	1.0
118.306	1.0
119.306	1.0
120.306	1.0
121.306	1.0
122.306	1.0
123.306	1.0
124.306	1.0
125.306	1.0
126.306	1.0
127.306	1.0
128.306	1.0
129.306	1.0
130.306	1.0
131.306	1.0
132.306	1.0
133.306	1.0
134.306	1.0
135.306	1.0
136.306	1.0
137.306	1.0
138.306	1.0
139.306	1.0
140.306	1.0
141.306	1.0
142.306	1.0
143.306	1.0
144.306	1.0
145.306	1.0
146.306	1.0
147.306	1.0
148.306	1.0
149.306	1.0
150.306	1.0
151.306	1.0
152.306	1.0
153.306	1.0
154.306	1.0
155.306	1.0
156.306	1.0
157.306	1.0
158.306	1.0
159.306	1.0
160.306	1.0
161.306	1.0
162.306	1.0
163.306	1.0
164.306	1.0
165.306	1.0
166.306	1.0
167.306	1.0
168.306	1.0
169.306	1.0
170.306	1.0
171.306	1.0
172.306	1.0
173.306	1.0
174.306	1.0
175.306	1.0
176.306	1.0
177.306	1.0
178.306	1.0
179.306	1.0
180.306	1.0
181.306	1.0
182.306	1.0
183.306	1.0
184.306	1.0
185.306	1.0
186.306	1.0
187.306	1.0
188.306	1.0
189.306	1.0
190.306	1.0
191.306	1.0
192.306	1.0
193.306	1.0
194.306	1.0
195.306	1.0
196.306	1.0
197.306	1.0
198.306	1.0
199.306	1.0
200.306	1.0
201.306	1.0
202.306	1.0
203.306	1.0
204.306	1.0
205.306	1.0
206.306	1.0
207.306	1.0
208.306	1.0
209.306	1.0
210.306	1.0
211.306	1.0
212.306	1.0
213.306	1.0
214.306	1.0
215.306	1.0
216.306	1.0
217.306	1.0
218.306	1.0
219.306	1.0
220.306	1.0
221.306	1.0
222.306	1.0
223.306	1.0
224.306	1.0
225.306	1.0
226.306	1.0
227.306	1.0
228.306	1.0
229.306	1.0
230.306	1.0
231.306	1.0
232.306	1.0
233.306	1.0
234.306	1.0
235.306	1.0
236.306	1.0
237.306	1.0
238.306	1.0
239.306	1.0
240.306	1.0
241.306	1.0
242.306	1.0
243.306	1.0
244.306	1.0
245.306	1.0
246.306	1.0
247.306	1.0
248.306	1.0
249.306	1.0
250.306	1.0
251.306	1.0
252.306	1.0
253.306	1.0
254.306	1.0
255.306	1.0
256.306	1.0
257.306	1.0
258.306	1.0
259.306	1.0
260.306	1.0
261.306	1.0
262.306	1.0
263.306	1.0
264.306	1.0
265.306	1.0
266.306	1.0
267.306	1.0
268.306	1.0
269.306	1.0
270.306	1.0
271.306	1.0
272.306	1.0
273.306	1.0
274.306	1.0
275.306	1.0
276.306	1.0
277.306	1.0
278.306	1.0
279.306	1.0
280.306	1.0
281.306	1.0
282.306	1.0
283.306	1.0
284.306	1.0
285.306	1.0
286.306	1.0
287.306	1.0
288.306	1.0
289.306	1.0
290.306	1.0
291.306	1.0
292.306	1.0
293.306	1.0
294.306	1.0
295.306	1.0
296.306	1.0
297.306	1.0
298.306	1.0
299.306	1.0
300.306	1.0
301.306	1.0
302.306	1.0
303.306	1.0
304.306	1.0
305.306	1.0
306.306	1.0
307.306	1.0
308.306	1.0
309.306	1.0
310.306	1.0
311.306	1.0
312.306	1.0
313.306	1.0
314.306	1.0
315.306	1.0
316.306	1.0
317.306	1.0
318.306	1.0
319.306	1.0
320.306	1.0
321.306	1.0
322.306	1.0
323.306	1.0
324.306	1.0
325.306	1.0
326.306	1.0
327.306	1.0
328.306	1.0
329.306	1.0
330.306	1.0
331.306	1.0
332.306	1.0
333.306	1.0
334.306	1.0
335.306	1.0
336.306	1.0
337.306	1.0
338.306	1.0
339.306	1.0
340.306	1.0
341.306	1.0
342.306	1.0
343.306	1.0
344.306	1.0
345.306	1.0
346.306	1.0
347.306	1.0
348.306	1.0
349.306	1.0
350.306	1.0
351.306	1.0
352.306	1.0
353.306	1.0
354.306	1.0
355.306	1.0
356.306	1.0
357.306	1.0
358.306	1.0
359.306	1.0
360.306	1.0
361.306	1.0
362.306	1.0
363.306	1.0
364.306	1.0
365.306	1.0
366.306	1.0
367.306	1.0
368.306	1.0
369.306	1.0
370.306	1.0
371.306	1.0
372.306	1.0
373.306	1.0
374.306	1.0
375.306	1.0
376.306	1.0
377.306	1.0
378.306	1.0
379.306	1.0
380.306	1.0
381.306	1.0
382.306	1.0
383.306	1.0
384.306	1.0
385.306	1.0
386.306	1.0
387.306	1.0
388.306	1.0
389.306	1.0
390.306	1.0
391.306	1.0
392.306	1.0
393.306	1.0
394.306	1.0
395.306	1.0
396.306	1.0
397.306	1.0
398.306	1.0
399.306	1.0
400.306	1.0
401.306	1.0
402.306	1.0
403.306	1.0
404.306	1.0
405.306	1.0
406.306	1.0
407.306	1.0
408.306	1.0
409.306	1.0
410.306	1.0
411.306	1.0
412.306	1.0
413.306	1.0
414.306	1.0
415.306	1.0
416.306	1.0
417.306	1.0
418.306	1.0
419.306	1.0
420.306	1.0
421.306	1.0
422.306	1.0
423.306	1.0
424.306	1.0
425.306	1.0
426.306	1.0
427.306	1.0
428.306	1.0
429.306	1.0
430.306	1.0
431.306	1.0
432.306	1.0
433.306	1.0
434.306	1.0
435.306	1.0
436.306	1.0
437.306	1.0
438.306	1.0
439.306	1.0
440.306	1.0
441.306	1.0
442.306	1.0
443.306	1.0
444.306	1.0
445.306	1.0
446.306	1.0
447.306	1.0
448.306	1.0
449.306	1.0
450.306	1.0
451.306	1.0
452.306	1.0
453.306	1.0
454.306	1.0
455.306	1.0
456.306	1.0
457.306	1.0
458.306	1.0
459.306	1.0
460.306	1.0
461.306	1.0
462.306	1.0
463.306	1.0
464.306	1.0
465.306	1.0
466.306	1.0
467.306	1.0
468.306	1.0
469.306	1.0
470.306	1.0
471.306	1.0
472.306	1.0
473.306	1.0
474.306	1.0
475.306	1.0
476.306	1.0
477.306	1.0
478.306	1.0
479.306	1.0
480.306	1.0
481.306	1.0
482.306	1.0
483.306	1.0
484.306	1.0
485.306	1.0
486.306	1.0
487.306	1.0
488.306	1.0
489.306	1.0
490.306	1.0
491.306	1.0
492.306	1.0
493.306	1.0
494.306	1.0
495.306	1.0
496.306	1.0
497.306	1.0
498.306	1.0
499.306	1.0
500.306	1.0
501.306	1.0
502.306	1.0
503.306	1.0
504.306	1.0
505.306	1.0
506.306	1.0
507.306	1.0
508.306	1.0
509.306	1.0
510.306	1.0
511.306	1.0
512.306	1.0
513.306	1.0
514.306	1.0
515.306	1.0
516.306	1.0
517.306	1.0
518.306	1.0
519.306	1.0
520.306	1.0
521.306	1.0
522.306	1.0
523.306	1.0
524.306	1.0
525.306	1.0
526.306	1.0
527.306	1.0
528.306	1.0
529.306	1.0
530.306	1.0
531.306	1.0
532.306	1.0
533.306	1.0
534.306	1.0
535.306	1.0
536.306	1.0
537.306	1.0
538.306	1.0
539.306	1.0
540.306	1.0
541.306	1.0
542.306	1.0
543.306	1.0
544.306	1.0
545.306	1.0
546.306	1.0
547.306	1.0
548.306	1.0
549.306	1.0
550.306	1.0
551.306	1.0
552.306	1.0
553.306	1.0
554.306	1.0
555.306	1.0
556.306	1.0
557.306	1.0
558.306	1.0
559.306	1.0
560.306	1.0
561.306	1.0
562.306	1.0
563.306	1.0
564.306	1.0
565.306	1.0
566.306	1.0
567.306	1.0
568.306	1.0
569.306	1.0
570.306	1.0
571.306	1.0
572.306	1.0
573.306	1.0
574.306	1.0
575.306	1.0
576.306	1.0
577.306	1.0
578.306	1.0
579.306	1.0
580.306	1.0
581.306	1.0
582.306	1.0
583.306	1.0
584.306	1.0
585.306	1.0
586.306	1.0
587.306	1.0
588.306	1.0
589.306	1.0
590.306	1.0
591.306	1.0
592.306	1.0
593.306	1.0
594.306	1.0
595.306	1.0
596.306	1.0
597.306	1.0
598.306	1.0
599.306	1.0
600.306	1.0
601.306	1.0
602.306	1.0
603.306	1.0
604.306	1.0
605.306	1.0
606.306	1.0
607.306	1.0
608.306	1.0
609.306	1.0
610.306	1.0
611.306	1.0
612.306	1.0
613.306	1.0
614.306	1.0
615.306	1.0
616.306	1.0
617.306	1.0
618.306	1.0
619.306	1.0
620.306	1.0
621.306	1.0
622.306	1.0
623.306	1.0
624.306	1.0
625.306	1.0
626.306	1.0
627.306	1.0
628.306	1.0
629.306	1.0
630.306	1.0
631.306	1.0
632.306	1.0
633.306	1.0
634.306	1.0
635.306	1.0
636.306	1.0
637.306	1.0
638.306	1.0
639.306	1.0
640.306	1.0
641.306	1.0
642.306	1.0
643.306	1.0
644.306	1.0
645.306	1.0
646.306	1.0
647.306	1.0
648.306	1.0
649.306	1.0
650.306	1.0
651.306	1.0
652.306	1.0
653.306	1.0
654.306	1.0
655.306	1.0
656.306	1.0
657.306	1.0
658.306	1.0
659.306	1.0
660.306	1.0
661.306	1.0
662.306	1.0
663.306	1.0
664.306	1.0
665.306	1.0
666.306	1.0
667.306	1.0
668.306	1.0
669.306	1.0
670.306	1.0
671.306	1.0
672.306	1.0
673.306	1.0
674.306	1.0
675.306	1.0
676.306	1.0
677.306	1.0
678.306	1.0
679.306	1.0
680.306	1.0
681.306	1.0
682.306	1.0
683.306	1.0
684.306	1.0
685.306	1.0
686.306	1.0
687.306	1.0
688.306	1.0
689.306	1.0
690.306	1.0
691.306	1.0
692.306	1.0
693.306	1.0
694.306	1.0
695.306	1.0
696.306	1.0
697.306	1.0
698.306	1.0
699.306	1.0
700.306	1.0
701.306	1.0
702.306	1.0
703.306	1.0
704.306	1.0
705.306	1.0
706.306	1.0
707.306	1.0
708.306	1.0
709.306	1.0
710.306	1.0
711.306	1.0
712.306	1.0
713.306	1.0
714.306	1.0
715.306	1.0
716.306	1.0
717.306	1.0
718.306	1.0
719.306	1.0
720.306	1.0
721.306	1.0
722.306	1.0
723.306	1.0
724.306	1.0
725.306	1.0
726.306	1.0
727.306	1.0
728.306	1.0
729.306	1.0
730.306	1.0
731.306	1.0
732.306	1.0
733.306	1.0
734.306	1.0
735.306	1.0
736.306	1.0
737.306	1.0
738.306	1.0
739.306	1.0
740.306	1.0
741.306	1.0
742.306	1.0
743.306	1.0
744.306	1.0
745.306	1.0
746.306	1.0
747.306	1.0
748.306	1.0
749.306	1.0
750.306	1.0
751.306	1.0
752.306	1.0
753.306	1.0
754.306	1.0
755.306	1.0
756.306	1.0
757.306	1.0
758.306	1.0
759.306	1.0
760.306	1.0
761.306	1.0
762.306	1.0
763.306	1.0
764.306	1.0
765.306	1.0
766.306	1.0
767.306	1.0
768.306	1.0
769.306	1.0
770.306	1.0
771.306	1.0
772.306	1.0
773.306	1.0
774.306	1.0
775.306	1.0
776.306	1.0
777.306	1.0
778.306	1.0
779.306	1.0
780.306	1.0
781.306	1.0
782.306	1.0
783.306	1.0
784.306	1.0
785.306	1.0
786.306	1.0
787.306	1.0
788.306	1.0
789.306	1.0
790.306	1.0
791.306	1.0
792.306	1.0
793.306	1.0
794.306	1.0
795.306	1.0
796.306	1.0
797.306	1.0
798.306	1.0
799.306	1.0
800.306	1.0
801.306	1.0
802.306	1.0
803.306	1.0
804.306	1.0
805.306	1.0
806.306	1.0
807.306	1.0
808.306	1.0
809.306	1.0
810.306	1.0
811.306	1.0
812.306	1.0
813.306	1.0
814.306	1.0
815.306	1.0
816.306	1.0
817.306	1.0
818.306	1.0
819.306	1.0
820.306	1.0
821.306	1.0
822.306	1.0
823.306	1.0
824.306	1.0
825.306	1.0
826.306	1.0
827.306	1.0
828.306	1.0
829.306	1.0
830.306	1.0
831.306	1.0
832.306	1.0
833.306	1.0
834.306	1.0
835.306	1.0
836.306	1.0
837.306	1.0
838.306	1.0
839.306	1.0
840.306	1.0
841.306	1.0
842.306	1.0
843.306	1.0
844.306	1.0
845.306	1.0
846.306	1.0
847.306	1.0
848.306	1.0
849.306	1.0
850.306	1.0
851.306	1.0
852.306	1.0
853.306	1.0
854.306	1.0
855.306	1.0
856.306	1.0
857.306	1.0
858.306	1.0
859.306	1.0
860.306	1.0
861.306	1.0
862.306	1.0
863.306	1.0
864.306	1.0
865.306	1.0
866.306	1.0
867.306	1.0
868.306	1.0
869.306	1.0
870.306	1.0
871.306	1.0
872.306	1.0
873.306	1.0
874.306	1.0
875.306	1.0
876.306	1.0
877.306	1.0
878.306	1.0
879.306	1.0
880.306	1.0
881.306	1.0
882.306	1.0
883.306	1.0
884.306	1.0
885.306	1.0
886.306	1.0
887.306	1.0
888.306	1.0
889.306	1.0
890.306	1.0
891.306	1.0
892.306	1.0
893.306	1.0
894.306	1.0
895.306	1.0
896.306	1.0
897.306	1.0
898.306	1.0
899.306	1.0
900.306	1.0
901.306	1.0
902.306	1.0
903.306	1.0
904.306	1.0
905.306	1.0
906.306	1.0
907.306	1.0
908.306	1.0
909.306	1.0
910.306	1.0
911.306	1.0
912.306	1.0
913.306	1.0
914.306	1.0
915.306	1.0
916.306	1.0
917.306	1.0
918.306	1.0
919.306	1.0
920.306	1.0
921.306	1.0
922.306	1.0
923.306	1.0
924.306	1.0
925.306	1.0
926.306	1.0
927.306	1.0
928.306	1.0
929.306	1.0
930.306	1.0
931.306	1.0
932.306	1.0
933.306	1.0
934.306	1.0
935.306	1.0
936.306	1.0
937.306	1.0
938.306	1.0
939.306	1.0
940.306	1.0
941.306	1.0
942.306	1.0
943.306	1.0
944.306	1.0
945.306	1.0
946.306	1.0
947.306	1.0
948.306	1.0
949.306	1.0
950.306	1.0
951.306	1.0
952.306	1.0
953.306	1.0
954.306	1.0
955.306	1.0
956.306	1.0
957.306	1.0
958.306	1.0
959.306	1.0
960.306	1.0
961.306	1.0
962.306	1.0
963.306	1.0
964.306	1.0
965.306	1.0
966.306	1.0
967.306	1.0
968.306	1.0
969.306	1.0
970.306	1.0
971.306	1.0
972.306	1.0
973.306	1.0
974.306	1.0
975.306	1.0
976.306	1.0
977.306	1.0
978.306	1.0
979.306	1.0
980.306	1.0
981.306	1.0
982.306	1.0
983.306	1.0
984.306	1.0
985.306	1.0
986.306	1.0
987.306	1.0
988.306	1.0
989.306	1.0
990.306	1.0
991.306	1.0
992.306	1.0
993.306	1.0
994.306	1.0
995.306	1.0
996.306	1.0
997.306	1.0
