0.937	0.4272094846083709
1.8920000000000001	0.41300364007852414
2.838	0.4169111811541439
3.782	0.4188147169323183
4.7250000000000005	0.4417444638038797
5.683	0.44551372181770404
6.63	0.513108264654005
7.603	0.6966304502863655
8.512	0.6709761707901092
9.442	0.6874543595910495
10.366	0.6967706869309548
11.298	0.6949968533360849
12.229000000000001	0.5764664488558714
13.178	0.7404192471950605
14.129	0.7343203815914446
15.071	0.7377645463316413
16.018	0.7472884538286629
16.98	0.8064127096860423
17.936	0.8034366791539407
18.879	0.7077496043820517
19.836000000000002	0.695967927525827
20.798000000000002	0.748487392244446
21.76	0.798013007379026
22.703	0.6282539220747442
23.664	0.6756421334249736
24.635	0.7341839649466373
25.596	0.7915509161783291
26.577	0.8126817055120383
27.529	0.8029314885797159
28.5	0.8371544621928539
29.452	0.5920714636818452
30.42	0.5986613411132296
31.391000000000002	0.7500212068284141
32.363	0.78010767688564
33.341	0.8487153981509405
34.31	0.8386885549920958
35.281	0.8113121524544802
36.252	0.8515542690545128
37.227000000000004	0.7438966585576575
38.202	0.7126967961096555
39.176	0.45603201422453593
40.156	0.6970536925858464
41.134	0.8514810061580627
42.115	0.8743850984497987
43.087	0.8448116045019843
44.067	0.8977722186931858
45.03	0.5833602065129794
46.011	0.6691021000005604
46.992000000000004	0.6466305173676098
47.971000000000004	0.51723356191101
48.951	0.6642457538540317
49.932	0.7215853109689158
50.913000000000004	0.6418741932923221
51.89	0.5219955837778838
52.870000000000005	0.5013741612455006
53.847	0.268610388928835
54.829	0.2863922331402336
55.811	0.3452066917463407
56.793	0.2867070135691068
57.775	0.28726586364632345
58.757	0.2889262577026708
59.738	0.27827488142847295
60.719	0.27750318536197993
61.7	0.27688971879015495
62.681000000000004	0.2767099627641984
63.679	0.9325912036650871
64.66	0.9162939796562256
65.643	0.48223864699257957
66.635	0.2340861184664408
67.63	0.5398284984190996
68.625	0.3991787216846494
69.62	0.4092931684810594
70.616	0.4080923446295995
71.613	0.40737692962065336
72.611	0.40638026628362633
73.61	0.5737107242038445
74.61	1.0
75.61	1.0
76.61	1.0
77.61	1.0
78.61	1.0
79.61	1.0
80.61	1.0
81.61	1.0
82.61	1.0
83.61	1.0
84.61	1.0
85.61	1.0
86.61	1.0
87.61	1.0
88.61	1.0
89.61	1.0
90.61	1.0
91.61	1.0
92.61	1.0
93.61	1.0
94.61	1.0
95.61	1.0
96.61	1.0
97.61	1.0
98.61	1.0
99.61	1.0
100.61	1.0
101.61	1.0
102.61	1.0
103.61	1.0
104.61	1.0
105.61	1.0
106.61	1.0
107.61	1.0
108.61	1.0
109.61	1.0
110.61	1.0
111.61	1.0
112.61	1.0
113.61	1.0
114.61	1.0
115.61	1.0
116.61	1.0
117.61	1.0
118.61	1.0
119.61	1.0
120.61	1.0
121.61	1.0
122.61	1.0
123.61	1.0
124.61	1.0
125.61	1.0
126.61	1.0
127.61	1.0
128.61	1.0
129.61	1.0
130.61	1.0
131.61	1.0
132.61	1.0
133.61	1.0
134.61	1.0
135.61	1.0
136.61	1.0
137.61	1.0
138.61	1.0
139.61	1.0
140.61	1.0
141.61	1.0
142.61	1.0
143.61	1.0
144.61	1.0
145.61	1.0
146.61	1.0
147.61	1.0
148.61	1.0
149.61	1.0
150.61	1.0
151.61	1.0
152.61	1.0
153.61	1.0
154.61	1.0
155.61	1.0
156.61	1.0
157.61	1.0
158.61	1.0
159.61	1.0
160.61	1.0
161.61	1.0
162.61	1.0
163.61	1.0
164.61	1.0
165.61	1.0
166.61	1.0
167.61	1.0
168.61	1.0
169.61	1.0
170.61	1.0
171.61	1.0
172.61	1.0
173.61	1.0
174.61	1.0
175.61	1.0
176.61	1.0
177.61	1.0
178.61	1.0
179.61	1.0
180.61	1.0
181.61	1.0
182.61	1.0
183.61	1.0
184.61	1.0
185.61	1.0
186.61	1.0
187.61	1.0
188.61	1.0
189.61	1.0
190.61	1.0
191.61	1.0
192.61	1.0
193.61	1.0
194.61	1.0
195.61	1.0
196.61	1.0
197.61	1.0
198.61	1.0
199.61	1.0
200.61	1.0
201.61	1.0
202.61	1.0
203.61	1.0
204.61	1.0
205.61	1.0
206.61	1.0
207.61	1.0
208.61	1.0
209.61	1.0
210.61	1.0
211.61	1.0
212.61	1.0
213.61	1.0
214.61	1.0
215.61	1.0
216.61	1.0
217.61	1.0
218.61	1.0
219.61	1.0
220.61	1.0
221.61	1.0
222.61	1.0
223.61	1.0
224.61	1.0
225.61	1.0
226.61	1.0
227.61	1.0
228.61	1.0
229.61	1.0
230.61	1.0
231.61	1.0
232.61	1.0
233.61	1.0
234.61	1.0
235.61	1.0
236.61	1.0
237.61	1.0
238.61	1.0
239.61	1.0
240.61	1.0
241.61	1.0
242.61	1.0
243.61	1.0
244.61	1.0
245.61	1.0
246.61	1.0
247.61	1.0
248.61	1.0
249.61	1.0
250.61	1.0
251.61	1.0
252.61	1.0
253.61	1.0
254.61	1.0
255.61	1.0
256.61	1.0
257.61	1.0
258.61	1.0
259.61	1.0
260.61	1.0
261.61	1.0
262.61	1.0
263.61	1.0
264.61	1.0
265.61	1.0
266.61	1.0
267.61	1.0
268.61	1.0
269.61	1.0
270.61	1.0
271.61	1.0
272.61	1.0
273.61	1.0
274.61	1.0
275.61	1.0
276.61	1.0
277.61	1.0
278.61	1.0
279.61	1.0
280.61	1.0
281.61	1.0
282.61	1.0
283.61	1.0
284.61	1.0
285.61	1.0
286.61	1.0
287.61	1.0
288.61	1.0
289.61	1.0
290.61	1.0
291.61	1.0
292.61	1.0
293.61	1.0
294.61	1.0
295.61	1.0
296.61	1.0
297.61	1.0
298.61	1.0
299.61	1.0
300.61	1.0
301.61	1.0
302.61	1.0
303.61	1.0
304.61	1.0
305.61	1.0
306.61	1.0
307.61	1.0
308.61	1.0
309.61	1.0
310.61	1.0
311.61	1.0
312.61	1.0
313.61	1.0
314.61	1.0
315.61	1.0
316.61	1.0
317.61	1.0
318.61	1.0
319.61	1.0
320.61	1.0
321.61	1.0
322.61	1.0
323.61	1.0
324.61	1.0
325.61	1.0
326.61	1.0
327.61	1.0
328.61	1.0
329.61	1.0
330.61	1.0
331.61	1.0
332.61	1.0
333.61	1.0
334.61	1.0
335.61	1.0
336.61	1.0
337.61	1.0
338.61	1.0
339.61	1.0
340.61	1.0
341.61	1.0
342.61	1.0
343.61	1.0
344.61	1.0
345.61	1.0
346.61	1.0
347.61	1.0
348.61	1.0
349.61	1.0
350.61	1.0
351.61	1.0
352.61	1.0
353.61	1.0
354.61	1.0
355.61	1.0
356.61	1.0
357.61	1.0
358.61	1.0
359.61	1.0
360.61	1.0
361.61	1.0
362.61	1.0
363.61	1.0
364.61	1.0
365.61	1.0
366.61	1.0
367.61	1.0
368.61	1.0
369.61	1.0
370.61	1.0
371.61	1.0
372.61	1.0
373.61	1.0
374.61	1.0
375.61	1.0
376.61	1.0
377.61	1.0
378.61	1.0
379.61	1.0
380.61	1.0
381.61	1.0
382.61	1.0
383.61	1.0
384.61	1.0
385.61	1.0
386.61	1.0
387.61	1.0
388.61	1.0
389.61	1.0
390.61	1.0
391.61	1.0
392.61	1.0
393.61	1.0
394.61	1.0
395.61	1.0
396.61	1.0
397.61	1.0
398.61	1.0
399.61	1.0
400.61	1.0
401.61	1.0
402.61	1.0
403.61	1.0
404.61	1.0
405.61	1.0
406.61	1.0
407.61	1.0
408.61	1.0
409.61	1.0
410.61	1.0
411.61	1.0
412.61	1.0
413.61	1.0
414.61	1.0
415.61	1.0
416.61	1.0
417.61	1.0
418.61	1.0
419.61	1.0
420.61	1.0
421.61	1.0
422.61	1.0
423.61	1.0
424.61	1.0
425.61	1.0
426.61	1.0
427.61	1.0
428.61	1.0
429.61	1.0
430.61	1.0
431.61	1.0
432.61	1.0
433.61	1.0
434.61	1.0
435.61	1.0
436.61	1.0
437.61	1.0
438.61	1.0
439.61	1.0
440.61	1.0
441.61	1.0
442.61	1.0
443.61	1.0
444.61	1.0
445.61	1.0
446.61	1.0
447.61	1.0
448.61	1.0
449.61	1.0
450.61	1.0
451.61	1.0
452.61	1.0
453.61	1.0
454.61	1.0
455.61	1.0
456.61	1.0
457.61	1.0
458.61	1.0
459.61	1.0
460.61	1.0
461.61	1.0
462.61	1.0
463.61	1.0
464.61	1.0
465.61	1.0
466.61	1.0
467.61	1.0
468.61	1.0
469.61	1.0
470.61	1.0
471.61	1.0
472.61	1.0
473.61	1.0
474.61	1.0
475.61	1.0
476.61	1.0
477.61	1.0
478.61	1.0
479.61	1.0
480.61	1.0
481.61	1.0
482.61	1.0
483.61	1.0
484.61	1.0
485.61	1.0
486.61	1.0
487.61	1.0
488.61	1.0
489.61	1.0
490.61	1.0
491.61	1.0
492.61	1.0
493.61	1.0
494.61	1.0
495.61	1.0
496.61	1.0
497.61	1.0
498.61	1.0
499.61	1.0
500.61	1.0
501.61	1.0
502.61	1.0
503.61	1.0
504.61	1.0
505.61	1.0
506.61	1.0
507.61	1.0
508.61	1.0
509.61	1.0
510.61	1.0
511.61	1.0
512.61	1.0
513.61	1.0
514.61	1.0
515.61	1.0
516.61	1.0
517.61	1.0
518.61	1.0
519.61	1.0
520.61	1.0
521.61	1.0
522.61	1.0
523.61	1.0
524.61	1.0
525.61	1.0
526.61	1.0
527.61	1.0
528.61	1.0
529.61	1.0
530.61	1.0
531.61	1.0
532.61	1.0
533.61	1.0
534.61	1.0
535.61	1.0
536.61	1.0
537.61	1.0
538.61	1.0
539.61	1.0
540.61	1.0
541.61	1.0
542.61	1.0
543.61	1.0
544.61	1.0
545.61	1.0
546.61	1.0
547.61	1.0
548.61	1.0
549.61	1.0
550.61	1.0
551.61	1.0
552.61	1.0
553.61	1.0
554.61	1.0
555.61	1.0
556.61	1.0
557.61	1.0
558.61	1.0
559.61	1.0
560.61	1.0
561.61	1.0
562.61	1.0
563.61	1.0
564.61	1.0
565.61	1.0
566.61	1.0
567.61	1.0
568.61	1.0
569.61	1.0
570.61	1.0
571.61	1.0
572.61	1.0
573.61	1.0
574.61	1.0
575.61	1.0
576.61	1.0
577.61	1.0
578.61	1.0
579.61	1.0
580.61	1.0
581.61	1.0
582.61	1.0
583.61	1.0
584.61	1.0
585.61	1.0
586.61	1.0
587.61	1.0
588.61	1.0
589.61	1.0
590.61	1.0
591.61	1.0
592.61	1.0
593.61	1.0
594.61	1.0
595.61	1.0
596.61	1.0
597.61	1.0
598.61	1.0
599.61	1.0
600.61	1.0
601.61	1.0
602.61	1.0
603.61	1.0
604.61	1.0
605.61	1.0
606.61	1.0
607.61	1.0
608.61	1.0
609.61	1.0
610.61	1.0
611.61	1.0
612.61	1.0
613.61	1.0
614.61	1.0
615.61	1.0
616.61	1.0
617.61	1.0
618.61	1.0
619.61	1.0
620.61	1.0
621.61	1.0
622.61	1.0
623.61	1.0
624.61	1.0
625.61	1.0
626.61	1.0
627.61	1.0
628.61	1.0
629.61	1.0
630.61	1.0
631.61	1.0
632.61	1.0
633.61	1.0
634.61	1.0
635.61	1.0
636.61	1.0
637.61	1.0
638.61	1.0
639.61	1.0
640.61	1.0
641.61	1.0
642.61	1.0
643.61	1.0
644.61	1.0
645.61	1.0
646.61	1.0
647.61	1.0
648.61	1.0
649.61	1.0
650.61	1.0
651.61	1.0
652.61	1.0
653.61	1.0
654.61	1.0
655.61	1.0
656.61	1.0
657.61	1.0
658.61	1.0
659.61	1.0
660.61	1.0
661.61	1.0
662.61	1.0
663.61	1.0
664.61	1.0
665.61	1.0
666.61	1.0
667.61	1.0
668.61	1.0
669.61	1.0
670.61	1.0
671.61	1.0
672.61	1.0
673.61	1.0
674.61	1.0
675.61	1.0
676.61	1.0
677.61	1.0
678.61	1.0
679.61	1.0
680.61	1.0
681.61	1.0
682.61	1.0
683.61	1.0
684.61	1.0
685.61	1.0
686.61	1.0
687.61	1.0
688.61	1.0
689.61	1.0
690.61	1.0
691.61	1.0
692.61	1.0
693.61	1.0
694.61	1.0
695.61	1.0
696.61	1.0
697.61	1.0
698.61	1.0
699.61	1.0
700.61	1.0
701.61	1.0
702.61	1.0
703.61	1.0
704.61	1.0
705.61	1.0
706.61	1.0
707.61	1.0
708.61	1.0
709.61	1.0
710.61	1.0
711.61	1.0
712.61	1.0
713.61	1.0
714.61	1.0
715.61	1.0
716.61	1.0
717.61	1.0
718.61	1.0
719.61	1.0
720.61	1.0
721.61	1.0
722.61	1.0
723.61	1.0
724.61	1.0
725.61	1.0
726.61	1.0
727.61	1.0
728.61	1.0
729.61	1.0
730.61	1.0
731.61	1.0
732.61	1.0
733.61	1.0
734.61	1.0
735.61	1.0
736.61	1.0
737.61	1.0
738.61	1.0
739.61	1.0
740.61	1.0
741.61	1.0
742.61	1.0
743.61	1.0
744.61	1.0
745.61	1.0
746.61	1.0
747.61	1.0
748.61	1.0
749.61	1.0
750.61	1.0
751.61	1.0
752.61	1.0
753.61	1.0
754.61	1.0
755.61	1.0
756.61	1.0
757.61	1.0
758.61	1.0
759.61	1.0
760.61	1.0
761.61	1.0
762.61	1.0
763.61	1.0
764.61	1.0
765.61	1.0
766.61	1.0
767.61	1.0
768.61	1.0
769.61	1.0
770.61	1.0
771.61	1.0
772.61	1.0
773.61	1.0
774.61	1.0
775.61	1.0
776.61	1.0
777.61	1.0
778.61	1.0
779.61	1.0
780.61	1.0
781.61	1.0
782.61	1.0
783.61	1.0
784.61	1.0
785.61	1.0
786.61	1.0
787.61	1.0
788.61	1.0
789.61	1.0
790.61	1.0
791.61	1.0
792.61	1.0
793.61	1.0
794.61	1.0
795.61	1.0
796.61	1.0
797.61	1.0
798.61	1.0
799.61	1.0
800.61	1.0
801.61	1.0
802.61	1.0
803.61	1.0
804.61	1.0
805.61	1.0
806.61	1.0
807.61	1.0
808.61	1.0
809.61	1.0
810.61	1.0
811.61	1.0
812.61	1.0
813.61	1.0
814.61	1.0
815.61	1.0
816.61	1.0
817.61	1.0
818.61	1.0
819.61	1.0
820.61	1.0
821.61	1.0
822.61	1.0
823.61	1.0
824.61	1.0
825.61	1.0
826.61	1.0
827.61	1.0
828.61	1.0
829.61	1.0
830.61	1.0
831.61	1.0
832.61	1.0
833.61	1.0
834.61	1.0
835.61	1.0
836.61	1.0
837.61	1.0
838.61	1.0
839.61	1.0
840.61	1.0
841.61	1.0
842.61	1.0
843.61	1.0
844.61	1.0
845.61	1.0
846.61	1.0
847.61	1.0
848.61	1.0
849.61	1.0
850.61	1.0
851.61	1.0
852.61	1.0
853.61	1.0
854.61	1.0
855.61	1.0
856.61	1.0
857.61	1.0
858.61	1.0
859.61	1.0
860.61	1.0
861.61	1.0
862.61	1.0
863.61	1.0
864.61	1.0
865.61	1.0
866.61	1.0
867.61	1.0
868.61	1.0
869.61	1.0
870.61	1.0
871.61	1.0
872.61	1.0
873.61	1.0
874.61	1.0
875.61	1.0
876.61	1.0
877.61	1.0
878.61	1.0
879.61	1.0
880.61	1.0
881.61	1.0
882.61	1.0
883.61	1.0
884.61	1.0
885.61	1.0
886.61	1.0
887.61	1.0
888.61	1.0
889.61	1.0
890.61	1.0
891.61	1.0
892.61	1.0
893.61	1.0
894.61	1.0
895.61	1.0
896.61	1.0
897.61	1.0
898.61	1.0
899.61	1.0
900.61	1.0
901.61	1.0
902.61	1.0
903.61	1.0
904.61	1.0
905.61	1.0
906.61	1.0
907.61	1.0
908.61	1.0
909.61	1.0
910.61	1.0
911.61	1.0
912.61	1.0
913.61	1.0
914.61	1.0
915.61	1.0
916.61	1.0
917.61	1.0
918.61	1.0
919.61	1.0
920.61	1.0
921.61	1.0
922.61	1.0
923.61	1.0
924.61	1.0
925.61	1.0
926.61	1.0
927.61	1.0
928.61	1.0
929.61	1.0
930.61	1.0
931.61	1.0
932.61	1.0
933.61	1.0
934.61	1.0
935.61	1.0
936.61	1.0
937.61	1.0
938.61	1.0
939.61	1.0
940.61	1.0
941.61	1.0
942.61	1.0
943.61	1.0
944.61	1.0
945.61	1.0
946.61	1.0
947.61	1.0
948.61	1.0
949.61	1.0
950.61	1.0
951.61	1.0
952.61	1.0
953.61	1.0
954.61	1.0
955.61	1.0
956.61	1.0
957.61	1.0
958.61	1.0
959.61	1.0
960.61	1.0
961.61	1.0
962.61	1.0
963.61	1.0
964.61	1.0
965.61	1.0
966.61	1.0
967.61	1.0
968.61	1.0
969.61	1.0
970.61	1.0
971.61	1.0
972.61	1.0
973.61	1.0
974.61	1.0
975.61	1.0
976.61	1.0
977.61	1.0
978.61	1.0
979.61	1.0
980.61	1.0
981.61	1.0
982.61	1.0
983.61	1.0
984.61	1.0
985.61	1.0
986.61	1.0
987.61	1.0
988.61	1.0
989.61	1.0
990.61	1.0
991.61	1.0
992.61	1.0
993.61	1.0
994.61	1.0
995.61	1.0
996.61	1.0
997.61	1.0
