0.128	0.5539123339902453
0.992	0.5931504053623576
1.819	0.5968489678207363
2.6630000000000003	0.6043661076310195
3.529	0.6575597101010993
4.396	0.6903840572907549
5.207	0.7281477646157571
6.053	0.7824044290039855
6.884	0.8143134870352475
7.743	0.7409119247293356
8.664	0.8713343931396831
9.596	0.8819774385557937
10.504	0.8655361639307876
11.450000000000001	0.8735843507455547
12.385	0.844730162231935
13.349	0.9314314478905952
14.31	0.9157230950256383
15.285	0.7277852868512386
16.263	0.8517686100912779
17.241	0.6730010350552009
18.223	0.9416269445714659
19.202	0.45729786742888817
20.185	0.9112851304380212
21.167	0.9542203352454425
22.158	0.9736693714402418
23.138	0.9552510585531926
24.123	0.905757909127005
25.111	0.9598401420641512
26.096	0.9582699001200219
27.085	0.9674216684198718
28.075	0.9373927061637805
29.066	0.9833613645255537
30.057000000000002	0.9768581586749845
31.051000000000002	0.9771253567822245
32.044000000000004	0.9863913628707551
33.036	0.9911319705326724
34.031	0.9711004557474883
35.029	1.0
36.029	1.0
37.029	1.0
38.029	1.0
39.029	1.0
40.029	1.0
41.029	1.0
42.029	1.0
43.029	1.0
44.029	1.0
45.029	1.0
46.029	1.0
47.029	1.0
48.029	1.0
49.029	1.0
50.029	1.0
51.029	1.0
52.029	1.0
53.029	1.0
54.029	1.0
55.029	1.0
56.029	1.0
57.029	1.0
58.029	1.0
59.029	1.0
60.029	1.0
61.029	1.0
62.029	1.0
63.029	1.0
64.029	1.0
65.029	1.0
66.029	1.0
67.029	1.0
68.029	1.0
69.029	1.0
70.029	1.0
71.029	1.0
72.029	1.0
73.029	1.0
74.029	1.0
75.029	1.0
76.029	1.0
77.029	1.0
78.029	1.0
79.029	1.0
80.029	1.0
81.029	1.0
82.029	1.0
83.029	1.0
84.029	1.0
85.029	1.0
86.029	1.0
87.029	1.0
88.029	1.0
89.029	1.0
90.029	1.0
91.029	1.0
92.029	1.0
93.029	1.0
94.029	1.0
95.029	1.0
96.029	1.0
97.029	1.0
98.029	1.0
99.029	1.0
100.029	1.0
101.029	1.0
102.029	1.0
103.029	1.0
104.029	1.0
105.029	1.0
106.029	1.0
107.029	1.0
108.029	1.0
109.029	1.0
110.029	1.0
111.029	1.0
112.029	1.0
113.029	1.0
114.029	1.0
115.029	1.0
116.029	1.0
117.029	1.0
118.029	1.0
119.029	1.0
120.029	1.0
121.029	1.0
122.029	1.0
123.029	1.0
124.029	1.0
125.029	1.0
126.029	1.0
127.029	1.0
128.029	1.0
129.029	1.0
130.029	1.0
131.029	1.0
132.029	1.0
133.029	1.0
134.029	1.0
135.029	1.0
136.029	1.0
137.029	1.0
138.029	1.0
139.029	1.0
140.029	1.0
141.029	1.0
142.029	1.0
143.029	1.0
144.029	1.0
145.029	1.0
146.029	1.0
147.029	1.0
148.029	1.0
149.029	1.0
150.029	1.0
151.029	1.0
152.029	1.0
153.029	1.0
154.029	1.0
155.029	1.0
156.029	1.0
157.029	1.0
158.029	1.0
159.029	1.0
160.029	1.0
161.029	1.0
162.029	1.0
163.029	1.0
164.029	1.0
165.029	1.0
166.029	1.0
167.029	1.0
168.029	1.0
169.029	1.0
170.029	1.0
171.029	1.0
172.029	1.0
173.029	1.0
174.029	1.0
175.029	1.0
176.029	1.0
177.029	1.0
178.029	1.0
179.029	1.0
180.029	1.0
181.029	1.0
182.029	1.0
183.029	1.0
184.029	1.0
185.029	1.0
186.029	1.0
187.029	1.0
188.029	1.0
189.029	1.0
190.029	1.0
191.029	1.0
192.029	1.0
193.029	1.0
194.029	1.0
195.029	1.0
196.029	1.0
197.029	1.0
198.029	1.0
199.029	1.0
200.029	1.0
201.029	1.0
202.029	1.0
203.029	1.0
204.029	1.0
205.029	1.0
206.029	1.0
207.029	1.0
208.029	1.0
209.029	1.0
210.029	1.0
211.029	1.0
212.029	1.0
213.029	1.0
214.029	1.0
215.029	1.0
216.029	1.0
217.029	1.0
218.029	1.0
219.029	1.0
220.029	1.0
221.029	1.0
222.029	1.0
223.029	1.0
224.029	1.0
225.029	1.0
226.029	1.0
227.029	1.0
228.029	1.0
229.029	1.0
230.029	1.0
231.029	1.0
232.029	1.0
233.029	1.0
234.029	1.0
235.029	1.0
236.029	1.0
237.029	1.0
238.029	1.0
239.029	1.0
240.029	1.0
241.029	1.0
242.029	1.0
243.029	1.0
244.029	1.0
245.029	1.0
246.029	1.0
247.029	1.0
248.029	1.0
249.029	1.0
250.029	1.0
251.029	1.0
252.029	1.0
253.029	1.0
254.029	1.0
255.029	1.0
256.029	1.0
257.029	1.0
258.029	1.0
259.029	1.0
260.029	1.0
261.029	1.0
262.029	1.0
263.029	1.0
264.029	1.0
265.029	1.0
266.029	1.0
267.029	1.0
268.029	1.0
269.029	1.0
270.029	1.0
271.029	1.0
272.029	1.0
273.029	1.0
274.029	1.0
275.029	1.0
276.029	1.0
277.029	1.0
278.029	1.0
279.029	1.0
280.029	1.0
281.029	1.0
282.029	1.0
283.029	1.0
284.029	1.0
285.029	1.0
286.029	1.0
287.029	1.0
288.029	1.0
289.029	1.0
290.029	1.0
291.029	1.0
292.029	1.0
293.029	1.0
294.029	1.0
295.029	1.0
296.029	1.0
297.029	1.0
298.029	1.0
299.029	1.0
300.029	1.0
301.029	1.0
302.029	1.0
303.029	1.0
304.029	1.0
305.029	1.0
306.029	1.0
307.029	1.0
308.029	1.0
309.029	1.0
310.029	1.0
311.029	1.0
312.029	1.0
313.029	1.0
314.029	1.0
315.029	1.0
316.029	1.0
317.029	1.0
318.029	1.0
319.029	1.0
320.029	1.0
321.029	1.0
322.029	1.0
323.029	1.0
324.029	1.0
325.029	1.0
326.029	1.0
327.029	1.0
328.029	1.0
329.029	1.0
330.029	1.0
331.029	1.0
332.029	1.0
333.029	1.0
334.029	1.0
335.029	1.0
336.029	1.0
337.029	1.0
338.029	1.0
339.029	1.0
340.029	1.0
341.029	1.0
342.029	1.0
343.029	1.0
344.029	1.0
345.029	1.0
346.029	1.0
347.029	1.0
348.029	1.0
349.029	1.0
350.029	1.0
351.029	1.0
352.029	1.0
353.029	1.0
354.029	1.0
355.029	1.0
356.029	1.0
357.029	1.0
358.029	1.0
359.029	1.0
360.029	1.0
361.029	1.0
362.029	1.0
363.029	1.0
364.029	1.0
365.029	1.0
366.029	1.0
367.029	1.0
368.029	1.0
369.029	1.0
370.029	1.0
371.029	1.0
372.029	1.0
373.029	1.0
374.029	1.0
375.029	1.0
376.029	1.0
377.029	1.0
378.029	1.0
379.029	1.0
380.029	1.0
381.029	1.0
382.029	1.0
383.029	1.0
384.029	1.0
385.029	1.0
386.029	1.0
387.029	1.0
388.029	1.0
389.029	1.0
390.029	1.0
391.029	1.0
392.029	1.0
393.029	1.0
394.029	1.0
395.029	1.0
396.029	1.0
397.029	1.0
398.029	1.0
399.029	1.0
400.029	1.0
401.029	1.0
402.029	1.0
403.029	1.0
404.029	1.0
405.029	1.0
406.029	1.0
407.029	1.0
408.029	1.0
409.029	1.0
410.029	1.0
411.029	1.0
412.029	1.0
413.029	1.0
414.029	1.0
415.029	1.0
416.029	1.0
417.029	1.0
418.029	1.0
419.029	1.0
420.029	1.0
421.029	1.0
422.029	1.0
423.029	1.0
424.029	1.0
425.029	1.0
426.029	1.0
427.029	1.0
428.029	1.0
429.029	1.0
430.029	1.0
431.029	1.0
432.029	1.0
433.029	1.0
434.029	1.0
435.029	1.0
436.029	1.0
437.029	1.0
438.029	1.0
439.029	1.0
440.029	1.0
441.029	1.0
442.029	1.0
443.029	1.0
444.029	1.0
445.029	1.0
446.029	1.0
447.029	1.0
448.029	1.0
449.029	1.0
450.029	1.0
451.029	1.0
452.029	1.0
453.029	1.0
454.029	1.0
455.029	1.0
456.029	1.0
457.029	1.0
458.029	1.0
459.029	1.0
460.029	1.0
461.029	1.0
462.029	1.0
463.029	1.0
464.029	1.0
465.029	1.0
466.029	1.0
467.029	1.0
468.029	1.0
469.029	1.0
470.029	1.0
471.029	1.0
472.029	1.0
473.029	1.0
474.029	1.0
475.029	1.0
476.029	1.0
477.029	1.0
478.029	1.0
479.029	1.0
480.029	1.0
481.029	1.0
482.029	1.0
483.029	1.0
484.029	1.0
485.029	1.0
486.029	1.0
487.029	1.0
488.029	1.0
489.029	1.0
490.029	1.0
491.029	1.0
492.029	1.0
493.029	1.0
494.029	1.0
495.029	1.0
496.029	1.0
497.029	1.0
498.029	1.0
499.029	1.0
500.029	1.0
501.029	1.0
502.029	1.0
503.029	1.0
504.029	1.0
505.029	1.0
506.029	1.0
507.029	1.0
508.029	1.0
509.029	1.0
510.029	1.0
511.029	1.0
512.029	1.0
513.029	1.0
514.029	1.0
515.029	1.0
516.029	1.0
517.029	1.0
518.029	1.0
519.029	1.0
520.029	1.0
521.029	1.0
522.029	1.0
523.029	1.0
524.029	1.0
525.029	1.0
526.029	1.0
527.029	1.0
528.029	1.0
529.029	1.0
530.029	1.0
531.029	1.0
532.029	1.0
533.029	1.0
534.029	1.0
535.029	1.0
536.029	1.0
537.029	1.0
538.029	1.0
539.029	1.0
540.029	1.0
541.029	1.0
542.029	1.0
543.029	1.0
544.029	1.0
545.029	1.0
546.029	1.0
547.029	1.0
548.029	1.0
549.029	1.0
550.029	1.0
551.029	1.0
552.029	1.0
553.029	1.0
554.029	1.0
555.029	1.0
556.029	1.0
557.029	1.0
558.029	1.0
559.029	1.0
560.029	1.0
561.029	1.0
562.029	1.0
563.029	1.0
564.029	1.0
565.029	1.0
566.029	1.0
567.029	1.0
568.029	1.0
569.029	1.0
570.029	1.0
571.029	1.0
572.029	1.0
573.029	1.0
574.029	1.0
575.029	1.0
576.029	1.0
577.029	1.0
578.029	1.0
579.029	1.0
580.029	1.0
581.029	1.0
582.029	1.0
583.029	1.0
584.029	1.0
585.029	1.0
586.029	1.0
587.029	1.0
588.029	1.0
589.029	1.0
590.029	1.0
591.029	1.0
592.029	1.0
593.029	1.0
594.029	1.0
595.029	1.0
596.029	1.0
597.029	1.0
598.029	1.0
599.029	1.0
600.029	1.0
601.029	1.0
602.029	1.0
603.029	1.0
604.029	1.0
605.029	1.0
606.029	1.0
607.029	1.0
608.029	1.0
609.029	1.0
610.029	1.0
611.029	1.0
612.029	1.0
613.029	1.0
614.029	1.0
615.029	1.0
616.029	1.0
617.029	1.0
618.029	1.0
619.029	1.0
620.029	1.0
621.029	1.0
622.029	1.0
623.029	1.0
624.029	1.0
625.029	1.0
626.029	1.0
627.029	1.0
628.029	1.0
629.029	1.0
630.029	1.0
631.029	1.0
632.029	1.0
633.029	1.0
634.029	1.0
635.029	1.0
636.029	1.0
637.029	1.0
638.029	1.0
639.029	1.0
640.029	1.0
641.029	1.0
642.029	1.0
643.029	1.0
644.029	1.0
645.029	1.0
646.029	1.0
647.029	1.0
648.029	1.0
649.029	1.0
650.029	1.0
651.029	1.0
652.029	1.0
653.029	1.0
654.029	1.0
655.029	1.0
656.029	1.0
657.029	1.0
658.029	1.0
659.029	1.0
660.029	1.0
661.029	1.0
662.029	1.0
663.029	1.0
664.029	1.0
665.029	1.0
666.029	1.0
667.029	1.0
668.029	1.0
669.029	1.0
670.029	1.0
671.029	1.0
672.029	1.0
673.029	1.0
674.029	1.0
675.029	1.0
676.029	1.0
677.029	1.0
678.029	1.0
679.029	1.0
680.029	1.0
681.029	1.0
682.029	1.0
683.029	1.0
684.029	1.0
685.029	1.0
686.029	1.0
687.029	1.0
688.029	1.0
689.029	1.0
690.029	1.0
691.029	1.0
692.029	1.0
693.029	1.0
694.029	1.0
695.029	1.0
696.029	1.0
697.029	1.0
698.029	1.0
699.029	1.0
700.029	1.0
701.029	1.0
702.029	1.0
703.029	1.0
704.029	1.0
705.029	1.0
706.029	1.0
707.029	1.0
708.029	1.0
709.029	1.0
710.029	1.0
711.029	1.0
712.029	1.0
713.029	1.0
714.029	1.0
715.029	1.0
716.029	1.0
717.029	1.0
718.029	1.0
719.029	1.0
720.029	1.0
721.029	1.0
722.029	1.0
723.029	1.0
724.029	1.0
725.029	1.0
726.029	1.0
727.029	1.0
728.029	1.0
729.029	1.0
730.029	1.0
731.029	1.0
732.029	1.0
733.029	1.0
734.029	1.0
735.029	1.0
736.029	1.0
737.029	1.0
738.029	1.0
739.029	1.0
740.029	1.0
741.029	1.0
742.029	1.0
743.029	1.0
744.029	1.0
745.029	1.0
746.029	1.0
747.029	1.0
748.029	1.0
749.029	1.0
750.029	1.0
751.029	1.0
752.029	1.0
753.029	1.0
754.029	1.0
755.029	1.0
756.029	1.0
757.029	1.0
758.029	1.0
759.029	1.0
760.029	1.0
761.029	1.0
762.029	1.0
763.029	1.0
764.029	1.0
765.029	1.0
766.029	1.0
767.029	1.0
768.029	1.0
769.029	1.0
770.029	1.0
771.029	1.0
772.029	1.0
773.029	1.0
774.029	1.0
775.029	1.0
776.029	1.0
777.029	1.0
778.029	1.0
779.029	1.0
780.029	1.0
781.029	1.0
782.029	1.0
783.029	1.0
784.029	1.0
785.029	1.0
786.029	1.0
787.029	1.0
788.029	1.0
789.029	1.0
790.029	1.0
791.029	1.0
792.029	1.0
793.029	1.0
794.029	1.0
795.029	1.0
796.029	1.0
797.029	1.0
798.029	1.0
799.029	1.0
800.029	1.0
801.029	1.0
802.029	1.0
803.029	1.0
804.029	1.0
805.029	1.0
806.029	1.0
807.029	1.0
808.029	1.0
809.029	1.0
810.029	1.0
811.029	1.0
812.029	1.0
813.029	1.0
814.029	1.0
815.029	1.0
816.029	1.0
817.029	1.0
818.029	1.0
819.029	1.0
820.029	1.0
821.029	1.0
822.029	1.0
823.029	1.0
824.029	1.0
825.029	1.0
826.029	1.0
827.029	1.0
828.029	1.0
829.029	1.0
830.029	1.0
831.029	1.0
832.029	1.0
833.029	1.0
834.029	1.0
835.029	1.0
836.029	1.0
837.029	1.0
838.029	1.0
839.029	1.0
840.029	1.0
841.029	1.0
842.029	1.0
843.029	1.0
844.029	1.0
845.029	1.0
846.029	1.0
847.029	1.0
848.029	1.0
849.029	1.0
850.029	1.0
851.029	1.0
852.029	1.0
853.029	1.0
854.029	1.0
855.029	1.0
856.029	1.0
857.029	1.0
858.029	1.0
859.029	1.0
860.029	1.0
861.029	1.0
862.029	1.0
863.029	1.0
864.029	1.0
865.029	1.0
866.029	1.0
867.029	1.0
868.029	1.0
869.029	1.0
870.029	1.0
871.029	1.0
872.029	1.0
873.029	1.0
874.029	1.0
875.029	1.0
876.029	1.0
877.029	1.0
878.029	1.0
879.029	1.0
880.029	1.0
881.029	1.0
882.029	1.0
883.029	1.0
884.029	1.0
885.029	1.0
886.029	1.0
887.029	1.0
888.029	1.0
889.029	1.0
890.029	1.0
891.029	1.0
892.029	1.0
893.029	1.0
894.029	1.0
895.029	1.0
896.029	1.0
897.029	1.0
898.029	1.0
899.029	1.0
900.029	1.0
901.029	1.0
902.029	1.0
903.029	1.0
904.029	1.0
905.029	1.0
906.029	1.0
907.029	1.0
908.029	1.0
909.029	1.0
910.029	1.0
911.029	1.0
912.029	1.0
913.029	1.0
914.029	1.0
915.029	1.0
916.029	1.0
917.029	1.0
918.029	1.0
919.029	1.0
920.029	1.0
921.029	1.0
922.029	1.0
923.029	1.0
924.029	1.0
925.029	1.0
926.029	1.0
927.029	1.0
928.029	1.0
929.029	1.0
930.029	1.0
931.029	1.0
932.029	1.0
933.029	1.0
934.029	1.0
935.029	1.0
936.029	1.0
937.029	1.0
938.029	1.0
939.029	1.0
940.029	1.0
941.029	1.0
942.029	1.0
943.029	1.0
944.029	1.0
945.029	1.0
946.029	1.0
947.029	1.0
948.029	1.0
949.029	1.0
950.029	1.0
951.029	1.0
952.029	1.0
953.029	1.0
954.029	1.0
955.029	1.0
956.029	1.0
957.029	1.0
958.029	1.0
959.029	1.0
960.029	1.0
961.029	1.0
962.029	1.0
963.029	1.0
964.029	1.0
965.029	1.0
966.029	1.0
967.029	1.0
968.029	1.0
969.029	1.0
970.029	1.0
971.029	1.0
972.029	1.0
973.029	1.0
974.029	1.0
975.029	1.0
976.029	1.0
977.029	1.0
978.029	1.0
979.029	1.0
980.029	1.0
981.029	1.0
982.029	1.0
983.029	1.0
984.029	1.0
985.029	1.0
986.029	1.0
987.029	1.0
988.029	1.0
989.029	1.0
990.029	1.0
991.029	1.0
992.029	1.0
993.029	1.0
994.029	1.0
995.029	1.0
996.029	1.0
997.029	1.0
