0.129	0.5737131317754861
0.979	0.5874335481406049
1.803	0.5969121858812709
2.614	0.6070844040088428
3.42	0.6353245128450289
4.236	0.6501090759783623
5.053	0.6684264605161001
5.872	0.6585513095108483
6.7	0.6116354017113882
7.571	0.6431765378225417
8.466	0.7911300460183727
9.349	0.679782053078463
10.241	0.5574419437837855
11.148	0.687980148169163
12.069	0.7850033240899837
13.006	0.8283773587864113
13.937000000000001	0.6807476484447976
14.875	0.35497349480542123
15.816	0.7624181976205564
16.78	0.9407725848692781
17.724	0.9065460784515615
18.68	0.9510910775661088
19.631	0.8922515361666871
20.589000000000002	0.8407392375497141
21.553	0.5260780604213326
22.521	0.6885927594038517
23.490000000000002	0.5553828920566022
24.454	0.33519194451951423
25.426000000000002	0.6225584818522233
26.407	0.9868075611697321
27.387	0.9934609858853524
28.36	0.5436611102769294
29.331	0.7045629498945306
30.312	0.9909892164173948
31.292	0.9824632099849606
32.273	0.9917608318030537
33.255	0.9233545502666974
34.236000000000004	0.9809487256569577
35.226	0.9984967597516051
36.217	0.995791959484173
37.208	0.9926419858934161
38.184	0.7523609573585816
39.17	0.9850243279270616
40.151	0.9446179022067279
41.132	0.7167486706740507
42.122	0.9454758515173493
43.108000000000004	0.5218571166596518
44.098	0.9360170474434413
45.084	0.9752234607218808
46.069	0.9057311545945953
47.057	0.626065781607108
48.045	0.9097586539737808
49.032000000000004	0.8055486774843739
50.021	0.9926081185653476
51.01	0.970735224772027
51.999	0.94964330304337
52.988	0.7268731812449737
53.979	0.9829317853804063
54.963	0.9964964423561719
55.954	0.990583524575667
56.937000000000005	0.9957452341975973
57.925000000000004	0.994132825097317
58.916000000000004	0.9960512316399589
59.907000000000004	0.99464177987192
60.898	0.9927833229280685
61.889	0.9908253696591546
62.88	0.9884184112144273
63.851	0.9880073674105496
64.83800000000001	0.9854529631402171
65.828	0.9693788935383033
66.813	0.995866482314451
67.804	0.9936060603335493
68.79	0.8702412942671441
69.781	0.9953680764664339
70.769	0.9962805686076998
71.76	0.9956015376215956
72.751	0.9940870882019057
73.74	0.9953818871302093
74.73	0.9689401653471867
75.721	0.9951765237650247
76.712	0.9784830590553878
77.69	0.992498492291932
78.681	0.9845249477717132
79.678	0.9792017375136813
80.676	0.9942228384174677
81.67	0.9332673733025181
82.669	1.0
83.669	1.0
84.669	1.0
85.669	1.0
86.669	1.0
87.669	1.0
88.669	1.0
89.669	1.0
90.669	1.0
91.669	1.0
92.669	1.0
93.669	1.0
94.669	1.0
95.669	1.0
96.669	1.0
97.669	1.0
98.669	1.0
99.669	1.0
100.669	1.0
101.669	1.0
102.669	1.0
103.669	1.0
104.669	1.0
105.669	1.0
106.669	1.0
107.669	1.0
108.669	1.0
109.669	1.0
110.669	1.0
111.669	1.0
112.669	1.0
113.669	1.0
114.669	1.0
115.669	1.0
116.669	1.0
117.669	1.0
118.669	1.0
119.669	1.0
120.669	1.0
121.669	1.0
122.669	1.0
123.669	1.0
124.669	1.0
125.669	1.0
126.669	1.0
127.669	1.0
128.669	1.0
129.669	1.0
130.669	1.0
131.669	1.0
132.669	1.0
133.669	1.0
134.669	1.0
135.669	1.0
136.669	1.0
137.669	1.0
138.669	1.0
139.669	1.0
140.669	1.0
141.669	1.0
142.669	1.0
143.669	1.0
144.669	1.0
145.669	1.0
146.669	1.0
147.669	1.0
148.669	1.0
149.669	1.0
150.669	1.0
151.669	1.0
152.669	1.0
153.669	1.0
154.669	1.0
155.669	1.0
156.669	1.0
157.669	1.0
158.669	1.0
159.669	1.0
160.669	1.0
161.669	1.0
162.669	1.0
163.669	1.0
164.669	1.0
165.669	1.0
166.669	1.0
167.669	1.0
168.669	1.0
169.669	1.0
170.669	1.0
171.669	1.0
172.669	1.0
173.669	1.0
174.669	1.0
175.669	1.0
176.669	1.0
177.669	1.0
178.669	1.0
179.669	1.0
180.669	1.0
181.669	1.0
182.669	1.0
183.669	1.0
184.669	1.0
185.669	1.0
186.669	1.0
187.669	1.0
188.669	1.0
189.669	1.0
190.669	1.0
191.669	1.0
192.669	1.0
193.669	1.0
194.669	1.0
195.669	1.0
196.669	1.0
197.669	1.0
198.669	1.0
199.669	1.0
200.669	1.0
201.669	1.0
202.669	1.0
203.669	1.0
204.669	1.0
205.669	1.0
206.669	1.0
207.669	1.0
208.669	1.0
209.669	1.0
210.669	1.0
211.669	1.0
212.669	1.0
213.669	1.0
214.669	1.0
215.669	1.0
216.669	1.0
217.669	1.0
218.669	1.0
219.669	1.0
220.669	1.0
221.669	1.0
222.669	1.0
223.669	1.0
224.669	1.0
225.669	1.0
226.669	1.0
227.669	1.0
228.669	1.0
229.669	1.0
230.669	1.0
231.669	1.0
232.669	1.0
233.669	1.0
234.669	1.0
235.669	1.0
236.669	1.0
237.669	1.0
238.669	1.0
239.669	1.0
240.669	1.0
241.669	1.0
242.669	1.0
243.669	1.0
244.669	1.0
245.669	1.0
246.669	1.0
247.669	1.0
248.669	1.0
249.669	1.0
250.669	1.0
251.669	1.0
252.669	1.0
253.669	1.0
254.669	1.0
255.669	1.0
256.669	1.0
257.669	1.0
258.669	1.0
259.669	1.0
260.669	1.0
261.669	1.0
262.669	1.0
263.669	1.0
264.669	1.0
265.669	1.0
266.669	1.0
267.669	1.0
268.669	1.0
269.669	1.0
270.669	1.0
271.669	1.0
272.669	1.0
273.669	1.0
274.669	1.0
275.669	1.0
276.669	1.0
277.669	1.0
278.669	1.0
279.669	1.0
280.669	1.0
281.669	1.0
282.669	1.0
283.669	1.0
284.669	1.0
285.669	1.0
286.669	1.0
287.669	1.0
288.669	1.0
289.669	1.0
290.669	1.0
291.669	1.0
292.669	1.0
293.669	1.0
294.669	1.0
295.669	1.0
296.669	1.0
297.669	1.0
298.669	1.0
299.669	1.0
300.669	1.0
301.669	1.0
302.669	1.0
303.669	1.0
304.669	1.0
305.669	1.0
306.669	1.0
307.669	1.0
308.669	1.0
309.669	1.0
310.669	1.0
311.669	1.0
312.669	1.0
313.669	1.0
314.669	1.0
315.669	1.0
316.669	1.0
317.669	1.0
318.669	1.0
319.669	1.0
320.669	1.0
321.669	1.0
322.669	1.0
323.669	1.0
324.669	1.0
325.669	1.0
326.669	1.0
327.669	1.0
328.669	1.0
329.669	1.0
330.669	1.0
331.669	1.0
332.669	1.0
333.669	1.0
334.669	1.0
335.669	1.0
336.669	1.0
337.669	1.0
338.669	1.0
339.669	1.0
340.669	1.0
341.669	1.0
342.669	1.0
343.669	1.0
344.669	1.0
345.669	1.0
346.669	1.0
347.669	1.0
348.669	1.0
349.669	1.0
350.669	1.0
351.669	1.0
352.669	1.0
353.669	1.0
354.669	1.0
355.669	1.0
356.669	1.0
357.669	1.0
358.669	1.0
359.669	1.0
360.669	1.0
361.669	1.0
362.669	1.0
363.669	1.0
364.669	1.0
365.669	1.0
366.669	1.0
367.669	1.0
368.669	1.0
369.669	1.0
370.669	1.0
371.669	1.0
372.669	1.0
373.669	1.0
374.669	1.0
375.669	1.0
376.669	1.0
377.669	1.0
378.669	1.0
379.669	1.0
380.669	1.0
381.669	1.0
382.669	1.0
383.669	1.0
384.669	1.0
385.669	1.0
386.669	1.0
387.669	1.0
388.669	1.0
389.669	1.0
390.669	1.0
391.669	1.0
392.669	1.0
393.669	1.0
394.669	1.0
395.669	1.0
396.669	1.0
397.669	1.0
398.669	1.0
399.669	1.0
400.669	1.0
401.669	1.0
402.669	1.0
403.669	1.0
404.669	1.0
405.669	1.0
406.669	1.0
407.669	1.0
408.669	1.0
409.669	1.0
410.669	1.0
411.669	1.0
412.669	1.0
413.669	1.0
414.669	1.0
415.669	1.0
416.669	1.0
417.669	1.0
418.669	1.0
419.669	1.0
420.669	1.0
421.669	1.0
422.669	1.0
423.669	1.0
424.669	1.0
425.669	1.0
426.669	1.0
427.669	1.0
428.669	1.0
429.669	1.0
430.669	1.0
431.669	1.0
432.669	1.0
433.669	1.0
434.669	1.0
435.669	1.0
436.669	1.0
437.669	1.0
438.669	1.0
439.669	1.0
440.669	1.0
441.669	1.0
442.669	1.0
443.669	1.0
444.669	1.0
445.669	1.0
446.669	1.0
447.669	1.0
448.669	1.0
449.669	1.0
450.669	1.0
451.669	1.0
452.669	1.0
453.669	1.0
454.669	1.0
455.669	1.0
456.669	1.0
457.669	1.0
458.669	1.0
459.669	1.0
460.669	1.0
461.669	1.0
462.669	1.0
463.669	1.0
464.669	1.0
465.669	1.0
466.669	1.0
467.669	1.0
468.669	1.0
469.669	1.0
470.669	1.0
471.669	1.0
472.669	1.0
473.669	1.0
474.669	1.0
475.669	1.0
476.669	1.0
477.669	1.0
478.669	1.0
479.669	1.0
480.669	1.0
481.669	1.0
482.669	1.0
483.669	1.0
484.669	1.0
485.669	1.0
486.669	1.0
487.669	1.0
488.669	1.0
489.669	1.0
490.669	1.0
491.669	1.0
492.669	1.0
493.669	1.0
494.669	1.0
495.669	1.0
496.669	1.0
497.669	1.0
498.669	1.0
499.669	1.0
500.669	1.0
501.669	1.0
502.669	1.0
503.669	1.0
504.669	1.0
505.669	1.0
506.669	1.0
507.669	1.0
508.669	1.0
509.669	1.0
510.669	1.0
511.669	1.0
512.669	1.0
513.669	1.0
514.669	1.0
515.669	1.0
516.669	1.0
517.669	1.0
518.669	1.0
519.669	1.0
520.669	1.0
521.669	1.0
522.669	1.0
523.669	1.0
524.669	1.0
525.669	1.0
526.669	1.0
527.669	1.0
528.669	1.0
529.669	1.0
530.669	1.0
531.669	1.0
532.669	1.0
533.669	1.0
534.669	1.0
535.669	1.0
536.669	1.0
537.669	1.0
538.669	1.0
539.669	1.0
540.669	1.0
541.669	1.0
542.669	1.0
543.669	1.0
544.669	1.0
545.669	1.0
546.669	1.0
547.669	1.0
548.669	1.0
549.669	1.0
550.669	1.0
551.669	1.0
552.669	1.0
553.669	1.0
554.669	1.0
555.669	1.0
556.669	1.0
557.669	1.0
558.669	1.0
559.669	1.0
560.669	1.0
561.669	1.0
562.669	1.0
563.669	1.0
564.669	1.0
565.669	1.0
566.669	1.0
567.669	1.0
568.669	1.0
569.669	1.0
570.669	1.0
571.669	1.0
572.669	1.0
573.669	1.0
574.669	1.0
575.669	1.0
576.669	1.0
577.669	1.0
578.669	1.0
579.669	1.0
580.669	1.0
581.669	1.0
582.669	1.0
583.669	1.0
584.669	1.0
585.669	1.0
586.669	1.0
587.669	1.0
588.669	1.0
589.669	1.0
590.669	1.0
591.669	1.0
592.669	1.0
593.669	1.0
594.669	1.0
595.669	1.0
596.669	1.0
597.669	1.0
598.669	1.0
599.669	1.0
600.669	1.0
601.669	1.0
602.669	1.0
603.669	1.0
604.669	1.0
605.669	1.0
606.669	1.0
607.669	1.0
608.669	1.0
609.669	1.0
610.669	1.0
611.669	1.0
612.669	1.0
613.669	1.0
614.669	1.0
615.669	1.0
616.669	1.0
617.669	1.0
618.669	1.0
619.669	1.0
620.669	1.0
621.669	1.0
622.669	1.0
623.669	1.0
624.669	1.0
625.669	1.0
626.669	1.0
627.669	1.0
628.669	1.0
629.669	1.0
630.669	1.0
631.669	1.0
632.669	1.0
633.669	1.0
634.669	1.0
635.669	1.0
636.669	1.0
637.669	1.0
638.669	1.0
639.669	1.0
640.669	1.0
641.669	1.0
642.669	1.0
643.669	1.0
644.669	1.0
645.669	1.0
646.669	1.0
647.669	1.0
648.669	1.0
649.669	1.0
650.669	1.0
651.669	1.0
652.669	1.0
653.669	1.0
654.669	1.0
655.669	1.0
656.669	1.0
657.669	1.0
658.669	1.0
659.669	1.0
660.669	1.0
661.669	1.0
662.669	1.0
663.669	1.0
664.669	1.0
665.669	1.0
666.669	1.0
667.669	1.0
668.669	1.0
669.669	1.0
670.669	1.0
671.669	1.0
672.669	1.0
673.669	1.0
674.669	1.0
675.669	1.0
676.669	1.0
677.669	1.0
678.669	1.0
679.669	1.0
680.669	1.0
681.669	1.0
682.669	1.0
683.669	1.0
684.669	1.0
685.669	1.0
686.669	1.0
687.669	1.0
688.669	1.0
689.669	1.0
690.669	1.0
691.669	1.0
692.669	1.0
693.669	1.0
694.669	1.0
695.669	1.0
696.669	1.0
697.669	1.0
698.669	1.0
699.669	1.0
700.669	1.0
701.669	1.0
702.669	1.0
703.669	1.0
704.669	1.0
705.669	1.0
706.669	1.0
707.669	1.0
708.669	1.0
709.669	1.0
710.669	1.0
711.669	1.0
712.669	1.0
713.669	1.0
714.669	1.0
715.669	1.0
716.669	1.0
717.669	1.0
718.669	1.0
719.669	1.0
720.669	1.0
721.669	1.0
722.669	1.0
723.669	1.0
724.669	1.0
725.669	1.0
726.669	1.0
727.669	1.0
728.669	1.0
729.669	1.0
730.669	1.0
731.669	1.0
732.669	1.0
733.669	1.0
734.669	1.0
735.669	1.0
736.669	1.0
737.669	1.0
738.669	1.0
739.669	1.0
740.669	1.0
741.669	1.0
742.669	1.0
743.669	1.0
744.669	1.0
745.669	1.0
746.669	1.0
747.669	1.0
748.669	1.0
749.669	1.0
750.669	1.0
751.669	1.0
752.669	1.0
753.669	1.0
754.669	1.0
755.669	1.0
756.669	1.0
757.669	1.0
758.669	1.0
759.669	1.0
760.669	1.0
761.669	1.0
762.669	1.0
763.669	1.0
764.669	1.0
765.669	1.0
766.669	1.0
767.669	1.0
768.669	1.0
769.669	1.0
770.669	1.0
771.669	1.0
772.669	1.0
773.669	1.0
774.669	1.0
775.669	1.0
776.669	1.0
777.669	1.0
778.669	1.0
779.669	1.0
780.669	1.0
781.669	1.0
782.669	1.0
783.669	1.0
784.669	1.0
785.669	1.0
786.669	1.0
787.669	1.0
788.669	1.0
789.669	1.0
790.669	1.0
791.669	1.0
792.669	1.0
793.669	1.0
794.669	1.0
795.669	1.0
796.669	1.0
797.669	1.0
798.669	1.0
799.669	1.0
800.669	1.0
801.669	1.0
802.669	1.0
803.669	1.0
804.669	1.0
805.669	1.0
806.669	1.0
807.669	1.0
808.669	1.0
809.669	1.0
810.669	1.0
811.669	1.0
812.669	1.0
813.669	1.0
814.669	1.0
815.669	1.0
816.669	1.0
817.669	1.0
818.669	1.0
819.669	1.0
820.669	1.0
821.669	1.0
822.669	1.0
823.669	1.0
824.669	1.0
825.669	1.0
826.669	1.0
827.669	1.0
828.669	1.0
829.669	1.0
830.669	1.0
831.669	1.0
832.669	1.0
833.669	1.0
834.669	1.0
835.669	1.0
836.669	1.0
837.669	1.0
838.669	1.0
839.669	1.0
840.669	1.0
841.669	1.0
842.669	1.0
843.669	1.0
844.669	1.0
845.669	1.0
846.669	1.0
847.669	1.0
848.669	1.0
849.669	1.0
850.669	1.0
851.669	1.0
852.669	1.0
853.669	1.0
854.669	1.0
855.669	1.0
856.669	1.0
857.669	1.0
858.669	1.0
859.669	1.0
860.669	1.0
861.669	1.0
862.669	1.0
863.669	1.0
864.669	1.0
865.669	1.0
866.669	1.0
867.669	1.0
868.669	1.0
869.669	1.0
870.669	1.0
871.669	1.0
872.669	1.0
873.669	1.0
874.669	1.0
875.669	1.0
876.669	1.0
877.669	1.0
878.669	1.0
879.669	1.0
880.669	1.0
881.669	1.0
882.669	1.0
883.669	1.0
884.669	1.0
885.669	1.0
886.669	1.0
887.669	1.0
888.669	1.0
889.669	1.0
890.669	1.0
891.669	1.0
892.669	1.0
893.669	1.0
894.669	1.0
895.669	1.0
896.669	1.0
897.669	1.0
898.669	1.0
899.669	1.0
900.669	1.0
901.669	1.0
902.669	1.0
903.669	1.0
904.669	1.0
905.669	1.0
906.669	1.0
907.669	1.0
908.669	1.0
909.669	1.0
910.669	1.0
911.669	1.0
912.669	1.0
913.669	1.0
914.669	1.0
915.669	1.0
916.669	1.0
917.669	1.0
918.669	1.0
919.669	1.0
920.669	1.0
921.669	1.0
922.669	1.0
923.669	1.0
924.669	1.0
925.669	1.0
926.669	1.0
927.669	1.0
928.669	1.0
929.669	1.0
930.669	1.0
931.669	1.0
932.669	1.0
933.669	1.0
934.669	1.0
935.669	1.0
936.669	1.0
937.669	1.0
938.669	1.0
939.669	1.0
940.669	1.0
941.669	1.0
942.669	1.0
943.669	1.0
944.669	1.0
945.669	1.0
946.669	1.0
947.669	1.0
948.669	1.0
949.669	1.0
950.669	1.0
951.669	1.0
952.669	1.0
953.669	1.0
954.669	1.0
955.669	1.0
956.669	1.0
957.669	1.0
958.669	1.0
959.669	1.0
960.669	1.0
961.669	1.0
962.669	1.0
963.669	1.0
964.669	1.0
965.669	1.0
966.669	1.0
967.669	1.0
968.669	1.0
969.669	1.0
970.669	1.0
971.669	1.0
972.669	1.0
973.669	1.0
974.669	1.0
975.669	1.0
976.669	1.0
977.669	1.0
978.669	1.0
979.669	1.0
980.669	1.0
981.669	1.0
982.669	1.0
983.669	1.0
984.669	1.0
985.669	1.0
986.669	1.0
987.669	1.0
988.669	1.0
989.669	1.0
990.669	1.0
991.669	1.0
992.669	1.0
993.669	1.0
994.669	1.0
995.669	1.0
