0.635	0.5072314060895502
1.594	0.49397503863197434
2.5540000000000003	0.49240779660120154
3.5060000000000002	0.518780079454872
4.428	0.5701623447401979
5.34	0.5775961565364145
6.261	0.5725452608037326
7.208	0.6053235202645464
8.115	0.6201916707687625
9.018	0.6244810595838325
9.925	0.609196238983598
10.839	0.6358058519040048
11.75	0.6331100628050265
12.662	0.6414210808489008
13.586	0.5817172349917349
14.506	0.531136469148016
15.431000000000001	0.5490053160983492
16.362000000000002	0.5441840603006954
17.282	0.5612054449644013
18.205000000000002	0.5576688572001887
19.131	0.5803294687094462
20.05	0.5107460983637442
20.984	0.49024863123317497
21.925	0.5886978676576569
22.874	0.5797682521196852
23.817	0.5106071171723483
24.768	0.3599662121658795
25.725	0.319502900814578
26.683	0.2489835250197212
27.64	0.2953403616038126
28.593	0.22391607133685265
29.557000000000002	0.24493922738871607
30.522000000000002	0.28885408020061265
31.485	0.17179536136129114
32.452	0.18588661339634865
33.419000000000004	0.16496604440826926
34.391	0.13038231153135535
35.365	0.14154125596373304
36.338	0.11590649764858726
37.314	0.109772488819254
38.291000000000004	0.11366886000053122
39.27	0.2589612767933716
40.248	0.1382657774182867
41.228	0.18566392256241135
42.208	0.17340463502253223
43.187	0.17970393241969862
44.167	0.32622419391849894
45.155	0.7177296895377944
46.137	0.6976749976775567
47.121	0.47089917390733776
48.109	0.253606772430922
49.099000000000004	0.35969695857985023
50.089	0.5068626607747875
51.079	0.46660731317137255
52.07	0.6937069316349906
53.061	0.9124580329705768
54.052	0.9219580014168592
55.043	0.9214620691203578
56.024	0.6466999058262937
57.011	0.5070354471141174
57.998000000000005	0.6552374051807484
58.987	0.6347635812726797
59.978	0.9026884486346909
60.968	0.6639391439643717
61.959	0.8922124820833552
62.949	0.8919730058354938
63.939	0.9318129377318499
64.93	0.9607900096918139
65.92	0.9312696970904324
66.911	0.9409282223806774
67.891	0.7441262320352559
68.879	0.5153999333771645
69.87	0.7825030569065601
70.86	0.7431495393737899
71.851	0.8914965440907658
72.842	0.9210384806523251
73.833	0.9308894044735325
74.82000000000001	0.7987308109586608
75.804	0.6436110976558957
76.794	0.7220996466121088
77.785	0.9303733028627758
78.776	0.9599772734379509
79.767	0.9500250268875307
80.758	0.950160678941664
81.749	0.9502959269957972
82.733	0.6225227914888497
83.717	0.48441687659593335
84.70700000000001	0.7708325066671908
85.69500000000001	0.880972204871364
86.686	0.40516483191615393
87.679	0.6327602172589998
88.672	0.7215502353193566
89.666	0.720632898728232
90.661	0.7295476965663958
91.655	0.3712386690550915
92.651	0.5085763472572966
93.647	0.5177963581284986
94.644	0.7051180048714248
95.642	0.7335662559878794
96.641	0.8906494698293989
97.641	1.0
98.641	1.0
99.641	1.0
100.641	1.0
101.641	1.0
102.641	1.0
103.641	1.0
104.641	1.0
105.641	1.0
106.641	1.0
107.641	1.0
108.641	1.0
109.641	1.0
110.641	1.0
111.641	1.0
112.641	1.0
113.641	1.0
114.641	1.0
115.641	1.0
116.641	1.0
117.641	1.0
118.641	1.0
119.641	1.0
120.641	1.0
121.641	1.0
122.641	1.0
123.641	1.0
124.641	1.0
125.641	1.0
126.641	1.0
127.641	1.0
128.641	1.0
129.641	1.0
130.641	1.0
131.641	1.0
132.641	1.0
133.641	1.0
134.641	1.0
135.641	1.0
136.641	1.0
137.641	1.0
138.641	1.0
139.641	1.0
140.641	1.0
141.641	1.0
142.641	1.0
143.641	1.0
144.641	1.0
145.641	1.0
146.641	1.0
147.641	1.0
148.641	1.0
149.641	1.0
150.641	1.0
151.641	1.0
152.641	1.0
153.641	1.0
154.641	1.0
155.641	1.0
156.641	1.0
157.641	1.0
158.641	1.0
159.641	1.0
160.641	1.0
161.641	1.0
162.641	1.0
163.641	1.0
164.641	1.0
165.641	1.0
166.641	1.0
167.641	1.0
168.641	1.0
169.641	1.0
170.641	1.0
171.641	1.0
172.641	1.0
173.641	1.0
174.641	1.0
175.641	1.0
176.641	1.0
177.641	1.0
178.641	1.0
179.641	1.0
180.641	1.0
181.641	1.0
182.641	1.0
183.641	1.0
184.641	1.0
185.641	1.0
186.641	1.0
187.641	1.0
188.641	1.0
189.641	1.0
190.641	1.0
191.641	1.0
192.641	1.0
193.641	1.0
194.641	1.0
195.641	1.0
196.641	1.0
197.641	1.0
198.641	1.0
199.641	1.0
200.641	1.0
201.641	1.0
202.641	1.0
203.641	1.0
204.641	1.0
205.641	1.0
206.641	1.0
207.641	1.0
208.641	1.0
209.641	1.0
210.641	1.0
211.641	1.0
212.641	1.0
213.641	1.0
214.641	1.0
215.641	1.0
216.641	1.0
217.641	1.0
218.641	1.0
219.641	1.0
220.641	1.0
221.641	1.0
222.641	1.0
223.641	1.0
224.641	1.0
225.641	1.0
226.641	1.0
227.641	1.0
228.641	1.0
229.641	1.0
230.641	1.0
231.641	1.0
232.641	1.0
233.641	1.0
234.641	1.0
235.641	1.0
236.641	1.0
237.641	1.0
238.641	1.0
239.641	1.0
240.641	1.0
241.641	1.0
242.641	1.0
243.641	1.0
244.641	1.0
245.641	1.0
246.641	1.0
247.641	1.0
248.641	1.0
249.641	1.0
250.641	1.0
251.641	1.0
252.641	1.0
253.641	1.0
254.641	1.0
255.641	1.0
256.641	1.0
257.641	1.0
258.641	1.0
259.641	1.0
260.641	1.0
261.641	1.0
262.641	1.0
263.641	1.0
264.641	1.0
265.641	1.0
266.641	1.0
267.641	1.0
268.641	1.0
269.641	1.0
270.641	1.0
271.641	1.0
272.641	1.0
273.641	1.0
274.641	1.0
275.641	1.0
276.641	1.0
277.641	1.0
278.641	1.0
279.641	1.0
280.641	1.0
281.641	1.0
282.641	1.0
283.641	1.0
284.641	1.0
285.641	1.0
286.641	1.0
287.641	1.0
288.641	1.0
289.641	1.0
290.641	1.0
291.641	1.0
292.641	1.0
293.641	1.0
294.641	1.0
295.641	1.0
296.641	1.0
297.641	1.0
298.641	1.0
299.641	1.0
300.641	1.0
301.641	1.0
302.641	1.0
303.641	1.0
304.641	1.0
305.641	1.0
306.641	1.0
307.641	1.0
308.641	1.0
309.641	1.0
310.641	1.0
311.641	1.0
312.641	1.0
313.641	1.0
314.641	1.0
315.641	1.0
316.641	1.0
317.641	1.0
318.641	1.0
319.641	1.0
320.641	1.0
321.641	1.0
322.641	1.0
323.641	1.0
324.641	1.0
325.641	1.0
326.641	1.0
327.641	1.0
328.641	1.0
329.641	1.0
330.641	1.0
331.641	1.0
332.641	1.0
333.641	1.0
334.641	1.0
335.641	1.0
336.641	1.0
337.641	1.0
338.641	1.0
339.641	1.0
340.641	1.0
341.641	1.0
342.641	1.0
343.641	1.0
344.641	1.0
345.641	1.0
346.641	1.0
347.641	1.0
348.641	1.0
349.641	1.0
350.641	1.0
351.641	1.0
352.641	1.0
353.641	1.0
354.641	1.0
355.641	1.0
356.641	1.0
357.641	1.0
358.641	1.0
359.641	1.0
360.641	1.0
361.641	1.0
362.641	1.0
363.641	1.0
364.641	1.0
365.641	1.0
366.641	1.0
367.641	1.0
368.641	1.0
369.641	1.0
370.641	1.0
371.641	1.0
372.641	1.0
373.641	1.0
374.641	1.0
375.641	1.0
376.641	1.0
377.641	1.0
378.641	1.0
379.641	1.0
380.641	1.0
381.641	1.0
382.641	1.0
383.641	1.0
384.641	1.0
385.641	1.0
386.641	1.0
387.641	1.0
388.641	1.0
389.641	1.0
390.641	1.0
391.641	1.0
392.641	1.0
393.641	1.0
394.641	1.0
395.641	1.0
396.641	1.0
397.641	1.0
398.641	1.0
399.641	1.0
400.641	1.0
401.641	1.0
402.641	1.0
403.641	1.0
404.641	1.0
405.641	1.0
406.641	1.0
407.641	1.0
408.641	1.0
409.641	1.0
410.641	1.0
411.641	1.0
412.641	1.0
413.641	1.0
414.641	1.0
415.641	1.0
416.641	1.0
417.641	1.0
418.641	1.0
419.641	1.0
420.641	1.0
421.641	1.0
422.641	1.0
423.641	1.0
424.641	1.0
425.641	1.0
426.641	1.0
427.641	1.0
428.641	1.0
429.641	1.0
430.641	1.0
431.641	1.0
432.641	1.0
433.641	1.0
434.641	1.0
435.641	1.0
436.641	1.0
437.641	1.0
438.641	1.0
439.641	1.0
440.641	1.0
441.641	1.0
442.641	1.0
443.641	1.0
444.641	1.0
445.641	1.0
446.641	1.0
447.641	1.0
448.641	1.0
449.641	1.0
450.641	1.0
451.641	1.0
452.641	1.0
453.641	1.0
454.641	1.0
455.641	1.0
456.641	1.0
457.641	1.0
458.641	1.0
459.641	1.0
460.641	1.0
461.641	1.0
462.641	1.0
463.641	1.0
464.641	1.0
465.641	1.0
466.641	1.0
467.641	1.0
468.641	1.0
469.641	1.0
470.641	1.0
471.641	1.0
472.641	1.0
473.641	1.0
474.641	1.0
475.641	1.0
476.641	1.0
477.641	1.0
478.641	1.0
479.641	1.0
480.641	1.0
481.641	1.0
482.641	1.0
483.641	1.0
484.641	1.0
485.641	1.0
486.641	1.0
487.641	1.0
488.641	1.0
489.641	1.0
490.641	1.0
491.641	1.0
492.641	1.0
493.641	1.0
494.641	1.0
495.641	1.0
496.641	1.0
497.641	1.0
498.641	1.0
499.641	1.0
500.641	1.0
501.641	1.0
502.641	1.0
503.641	1.0
504.641	1.0
505.641	1.0
506.641	1.0
507.641	1.0
508.641	1.0
509.641	1.0
510.641	1.0
511.641	1.0
512.641	1.0
513.641	1.0
514.641	1.0
515.641	1.0
516.641	1.0
517.641	1.0
518.641	1.0
519.641	1.0
520.641	1.0
521.641	1.0
522.641	1.0
523.641	1.0
524.641	1.0
525.641	1.0
526.641	1.0
527.641	1.0
528.641	1.0
529.641	1.0
530.641	1.0
531.641	1.0
532.641	1.0
533.641	1.0
534.641	1.0
535.641	1.0
536.641	1.0
537.641	1.0
538.641	1.0
539.641	1.0
540.641	1.0
541.641	1.0
542.641	1.0
543.641	1.0
544.641	1.0
545.641	1.0
546.641	1.0
547.641	1.0
548.641	1.0
549.641	1.0
550.641	1.0
551.641	1.0
552.641	1.0
553.641	1.0
554.641	1.0
555.641	1.0
556.641	1.0
557.641	1.0
558.641	1.0
559.641	1.0
560.641	1.0
561.641	1.0
562.641	1.0
563.641	1.0
564.641	1.0
565.641	1.0
566.641	1.0
567.641	1.0
568.641	1.0
569.641	1.0
570.641	1.0
571.641	1.0
572.641	1.0
573.641	1.0
574.641	1.0
575.641	1.0
576.641	1.0
577.641	1.0
578.641	1.0
579.641	1.0
580.641	1.0
581.641	1.0
582.641	1.0
583.641	1.0
584.641	1.0
585.641	1.0
586.641	1.0
587.641	1.0
588.641	1.0
589.641	1.0
590.641	1.0
591.641	1.0
592.641	1.0
593.641	1.0
594.641	1.0
595.641	1.0
596.641	1.0
597.641	1.0
598.641	1.0
599.641	1.0
600.641	1.0
601.641	1.0
602.641	1.0
603.641	1.0
604.641	1.0
605.641	1.0
606.641	1.0
607.641	1.0
608.641	1.0
609.641	1.0
610.641	1.0
611.641	1.0
612.641	1.0
613.641	1.0
614.641	1.0
615.641	1.0
616.641	1.0
617.641	1.0
618.641	1.0
619.641	1.0
620.641	1.0
621.641	1.0
622.641	1.0
623.641	1.0
624.641	1.0
625.641	1.0
626.641	1.0
627.641	1.0
628.641	1.0
629.641	1.0
630.641	1.0
631.641	1.0
632.641	1.0
633.641	1.0
634.641	1.0
635.641	1.0
636.641	1.0
637.641	1.0
638.641	1.0
639.641	1.0
640.641	1.0
641.641	1.0
642.641	1.0
643.641	1.0
644.641	1.0
645.641	1.0
646.641	1.0
647.641	1.0
648.641	1.0
649.641	1.0
650.641	1.0
651.641	1.0
652.641	1.0
653.641	1.0
654.641	1.0
655.641	1.0
656.641	1.0
657.641	1.0
658.641	1.0
659.641	1.0
660.641	1.0
661.641	1.0
662.641	1.0
663.641	1.0
664.641	1.0
665.641	1.0
666.641	1.0
667.641	1.0
668.641	1.0
669.641	1.0
670.641	1.0
671.641	1.0
672.641	1.0
673.641	1.0
674.641	1.0
675.641	1.0
676.641	1.0
677.641	1.0
678.641	1.0
679.641	1.0
680.641	1.0
681.641	1.0
682.641	1.0
683.641	1.0
684.641	1.0
685.641	1.0
686.641	1.0
687.641	1.0
688.641	1.0
689.641	1.0
690.641	1.0
691.641	1.0
692.641	1.0
693.641	1.0
694.641	1.0
695.641	1.0
696.641	1.0
697.641	1.0
698.641	1.0
699.641	1.0
700.641	1.0
701.641	1.0
702.641	1.0
703.641	1.0
704.641	1.0
705.641	1.0
706.641	1.0
707.641	1.0
708.641	1.0
709.641	1.0
710.641	1.0
711.641	1.0
712.641	1.0
713.641	1.0
714.641	1.0
715.641	1.0
716.641	1.0
717.641	1.0
718.641	1.0
719.641	1.0
720.641	1.0
721.641	1.0
722.641	1.0
723.641	1.0
724.641	1.0
725.641	1.0
726.641	1.0
727.641	1.0
728.641	1.0
729.641	1.0
730.641	1.0
731.641	1.0
732.641	1.0
733.641	1.0
734.641	1.0
735.641	1.0
736.641	1.0
737.641	1.0
738.641	1.0
739.641	1.0
740.641	1.0
741.641	1.0
742.641	1.0
743.641	1.0
744.641	1.0
745.641	1.0
746.641	1.0
747.641	1.0
748.641	1.0
749.641	1.0
750.641	1.0
751.641	1.0
752.641	1.0
753.641	1.0
754.641	1.0
755.641	1.0
756.641	1.0
757.641	1.0
758.641	1.0
759.641	1.0
760.641	1.0
761.641	1.0
762.641	1.0
763.641	1.0
764.641	1.0
765.641	1.0
766.641	1.0
767.641	1.0
768.641	1.0
769.641	1.0
770.641	1.0
771.641	1.0
772.641	1.0
773.641	1.0
774.641	1.0
775.641	1.0
776.641	1.0
777.641	1.0
778.641	1.0
779.641	1.0
780.641	1.0
781.641	1.0
782.641	1.0
783.641	1.0
784.641	1.0
785.641	1.0
786.641	1.0
787.641	1.0
788.641	1.0
789.641	1.0
790.641	1.0
791.641	1.0
792.641	1.0
793.641	1.0
794.641	1.0
795.641	1.0
796.641	1.0
797.641	1.0
798.641	1.0
799.641	1.0
800.641	1.0
801.641	1.0
802.641	1.0
803.641	1.0
804.641	1.0
805.641	1.0
806.641	1.0
807.641	1.0
808.641	1.0
809.641	1.0
810.641	1.0
811.641	1.0
812.641	1.0
813.641	1.0
814.641	1.0
815.641	1.0
816.641	1.0
817.641	1.0
818.641	1.0
819.641	1.0
820.641	1.0
821.641	1.0
822.641	1.0
823.641	1.0
824.641	1.0
825.641	1.0
826.641	1.0
827.641	1.0
828.641	1.0
829.641	1.0
830.641	1.0
831.641	1.0
832.641	1.0
833.641	1.0
834.641	1.0
835.641	1.0
836.641	1.0
837.641	1.0
838.641	1.0
839.641	1.0
840.641	1.0
841.641	1.0
842.641	1.0
843.641	1.0
844.641	1.0
845.641	1.0
846.641	1.0
847.641	1.0
848.641	1.0
849.641	1.0
850.641	1.0
851.641	1.0
852.641	1.0
853.641	1.0
854.641	1.0
855.641	1.0
856.641	1.0
857.641	1.0
858.641	1.0
859.641	1.0
860.641	1.0
861.641	1.0
862.641	1.0
863.641	1.0
864.641	1.0
865.641	1.0
866.641	1.0
867.641	1.0
868.641	1.0
869.641	1.0
870.641	1.0
871.641	1.0
872.641	1.0
873.641	1.0
874.641	1.0
875.641	1.0
876.641	1.0
877.641	1.0
878.641	1.0
879.641	1.0
880.641	1.0
881.641	1.0
882.641	1.0
883.641	1.0
884.641	1.0
885.641	1.0
886.641	1.0
887.641	1.0
888.641	1.0
889.641	1.0
890.641	1.0
891.641	1.0
892.641	1.0
893.641	1.0
894.641	1.0
895.641	1.0
896.641	1.0
897.641	1.0
898.641	1.0
899.641	1.0
900.641	1.0
901.641	1.0
902.641	1.0
903.641	1.0
904.641	1.0
905.641	1.0
906.641	1.0
907.641	1.0
908.641	1.0
909.641	1.0
910.641	1.0
911.641	1.0
912.641	1.0
913.641	1.0
914.641	1.0
915.641	1.0
916.641	1.0
917.641	1.0
918.641	1.0
919.641	1.0
920.641	1.0
921.641	1.0
922.641	1.0
923.641	1.0
924.641	1.0
925.641	1.0
926.641	1.0
927.641	1.0
928.641	1.0
929.641	1.0
930.641	1.0
931.641	1.0
932.641	1.0
933.641	1.0
934.641	1.0
935.641	1.0
936.641	1.0
937.641	1.0
938.641	1.0
939.6410000000001	1.0
940.6410000000001	1.0
941.6410000000001	1.0
942.6410000000001	1.0
943.6410000000001	1.0
944.6410000000001	1.0
945.6410000000001	1.0
946.6410000000001	1.0
947.6410000000001	1.0
948.6410000000001	1.0
949.6410000000001	1.0
950.6410000000001	1.0
951.6410000000001	1.0
952.6410000000001	1.0
953.6410000000001	1.0
954.6410000000001	1.0
955.6410000000001	1.0
956.6410000000001	1.0
957.6410000000001	1.0
958.6410000000001	1.0
959.6410000000001	1.0
960.6410000000001	1.0
961.6410000000001	1.0
962.6410000000001	1.0
963.6410000000001	1.0
964.6410000000001	1.0
965.6410000000001	1.0
966.6410000000001	1.0
967.6410000000001	1.0
968.6410000000001	1.0
969.6410000000001	1.0
970.6410000000001	1.0
971.6410000000001	1.0
972.6410000000001	1.0
973.6410000000001	1.0
974.6410000000001	1.0
975.6410000000001	1.0
976.6410000000001	1.0
977.6410000000001	1.0
978.6410000000001	1.0
979.6410000000001	1.0
980.6410000000001	1.0
981.6410000000001	1.0
982.6410000000001	1.0
983.6410000000001	1.0
984.6410000000001	1.0
985.6410000000001	1.0
986.6410000000001	1.0
987.6410000000001	1.0
988.6410000000001	1.0
989.6410000000001	1.0
990.6410000000001	1.0
991.6410000000001	1.0
992.6410000000001	1.0
993.6410000000001	1.0
994.6410000000001	1.0
995.6410000000001	1.0
996.6410000000001	1.0
