0.8	0.48002050182312456
1.631	0.46995672334810706
2.462	0.4337469139285797
3.329	0.41899355132974303
4.175	0.39163503310962366
5.035	0.36562113725243
5.92	0.3561228086913079
6.815	0.35214014633367713
7.7330000000000005	0.7409360715286338
8.63	0.5423985988885344
9.56	0.7001048151909343
10.481	0.22372702863784685
11.41	0.8043862111359884
12.335	0.6417323252661965
13.263	0.4104813501918128
14.189	0.3614508891849793
15.129	0.6287108536715744
16.07	0.8040144932919779
17.01	0.8337717048607151
17.952	0.8044148627200276
18.896	0.5715813162639556
19.843	0.8278197606286715
20.798000000000002	0.7182134974492087
21.756	0.8343840476865894
22.713	0.5232077648421212
23.668	0.5484962471883609
24.625	0.5188182496155737
25.586000000000002	0.1908815838679393
26.552	0.4486871904532392
27.514	0.3905366654791545
28.484	0.3918706803136701
29.453	0.48269796215586314
30.425	0.32760768839496635
31.395	0.5436382980709451
32.367	0.7789099032925422
33.339	0.24399294807977584
34.315	0.24013094449921213
35.294000000000004	0.8885997424257134
36.272	0.8707487158980013
37.249	0.8116148361285914
38.228	0.7642805016630888
39.209	0.3365486169485235
40.193	0.23663044592879287
41.179	0.9005787445065315
42.163000000000004	0.9440666647267144
43.151	0.6127783985491808
44.141	0.9033785480663115
45.13	0.47310440441499235
46.121	0.7699682566406396
47.11	0.27716979417789767
48.099000000000004	0.27783546276059945
49.089	0.2771369171508246
50.079	0.14474740688242688
51.07	0.15046821230415228
52.062	0.21574967876257048
53.057	0.3429965757961008
54.054	0.3669768137457712
55.054	1.0
56.054	1.0
57.054	1.0
58.054	1.0
59.054	1.0
60.054	1.0
61.054	1.0
62.054	1.0
63.054	1.0
64.054	1.0
65.054	1.0
66.054	1.0
67.054	1.0
68.054	1.0
69.054	1.0
70.054	1.0
71.054	1.0
72.054	1.0
73.054	1.0
74.054	1.0
75.054	1.0
76.054	1.0
77.054	1.0
78.054	1.0
79.054	1.0
80.054	1.0
81.054	1.0
82.054	1.0
83.054	1.0
84.054	1.0
85.054	1.0
86.054	1.0
87.054	1.0
88.054	1.0
89.054	1.0
90.054	1.0
91.054	1.0
92.054	1.0
93.054	1.0
94.054	1.0
95.054	1.0
96.054	1.0
97.054	1.0
98.054	1.0
99.054	1.0
100.054	1.0
101.054	1.0
102.054	1.0
103.054	1.0
104.054	1.0
105.054	1.0
106.054	1.0
107.054	1.0
108.054	1.0
109.054	1.0
110.054	1.0
111.054	1.0
112.054	1.0
113.054	1.0
114.054	1.0
115.054	1.0
116.054	1.0
117.054	1.0
118.054	1.0
119.054	1.0
120.054	1.0
121.054	1.0
122.054	1.0
123.054	1.0
124.054	1.0
125.054	1.0
126.054	1.0
127.054	1.0
128.054	1.0
129.054	1.0
130.054	1.0
131.054	1.0
132.054	1.0
133.054	1.0
134.054	1.0
135.054	1.0
136.054	1.0
137.054	1.0
138.054	1.0
139.054	1.0
140.054	1.0
141.054	1.0
142.054	1.0
143.054	1.0
144.054	1.0
145.054	1.0
146.054	1.0
147.054	1.0
148.054	1.0
149.054	1.0
150.054	1.0
151.054	1.0
152.054	1.0
153.054	1.0
154.054	1.0
155.054	1.0
156.054	1.0
157.054	1.0
158.054	1.0
159.054	1.0
160.054	1.0
161.054	1.0
162.054	1.0
163.054	1.0
164.054	1.0
165.054	1.0
166.054	1.0
167.054	1.0
168.054	1.0
169.054	1.0
170.054	1.0
171.054	1.0
172.054	1.0
173.054	1.0
174.054	1.0
175.054	1.0
176.054	1.0
177.054	1.0
178.054	1.0
179.054	1.0
180.054	1.0
181.054	1.0
182.054	1.0
183.054	1.0
184.054	1.0
185.054	1.0
186.054	1.0
187.054	1.0
188.054	1.0
189.054	1.0
190.054	1.0
191.054	1.0
192.054	1.0
193.054	1.0
194.054	1.0
195.054	1.0
196.054	1.0
197.054	1.0
198.054	1.0
199.054	1.0
200.054	1.0
201.054	1.0
202.054	1.0
203.054	1.0
204.054	1.0
205.054	1.0
206.054	1.0
207.054	1.0
208.054	1.0
209.054	1.0
210.054	1.0
211.054	1.0
212.054	1.0
213.054	1.0
214.054	1.0
215.054	1.0
216.054	1.0
217.054	1.0
218.054	1.0
219.054	1.0
220.054	1.0
221.054	1.0
222.054	1.0
223.054	1.0
224.054	1.0
225.054	1.0
226.054	1.0
227.054	1.0
228.054	1.0
229.054	1.0
230.054	1.0
231.054	1.0
232.054	1.0
233.054	1.0
234.054	1.0
235.054	1.0
236.054	1.0
237.054	1.0
238.054	1.0
239.054	1.0
240.054	1.0
241.054	1.0
242.054	1.0
243.054	1.0
244.054	1.0
245.054	1.0
246.054	1.0
247.054	1.0
248.054	1.0
249.054	1.0
250.054	1.0
251.054	1.0
252.054	1.0
253.054	1.0
254.054	1.0
255.054	1.0
256.05400000000003	1.0
257.05400000000003	1.0
258.05400000000003	1.0
259.05400000000003	1.0
260.05400000000003	1.0
261.05400000000003	1.0
262.05400000000003	1.0
263.05400000000003	1.0
264.05400000000003	1.0
265.05400000000003	1.0
266.05400000000003	1.0
267.05400000000003	1.0
268.05400000000003	1.0
269.05400000000003	1.0
270.05400000000003	1.0
271.05400000000003	1.0
272.05400000000003	1.0
273.05400000000003	1.0
274.05400000000003	1.0
275.05400000000003	1.0
276.05400000000003	1.0
277.05400000000003	1.0
278.05400000000003	1.0
279.05400000000003	1.0
280.05400000000003	1.0
281.05400000000003	1.0
282.05400000000003	1.0
283.05400000000003	1.0
284.05400000000003	1.0
285.05400000000003	1.0
286.05400000000003	1.0
287.05400000000003	1.0
288.05400000000003	1.0
289.05400000000003	1.0
290.05400000000003	1.0
291.05400000000003	1.0
292.05400000000003	1.0
293.05400000000003	1.0
294.05400000000003	1.0
295.05400000000003	1.0
296.05400000000003	1.0
297.05400000000003	1.0
298.05400000000003	1.0
299.05400000000003	1.0
300.05400000000003	1.0
301.05400000000003	1.0
302.05400000000003	1.0
303.05400000000003	1.0
304.05400000000003	1.0
305.05400000000003	1.0
306.05400000000003	1.0
307.05400000000003	1.0
308.05400000000003	1.0
309.05400000000003	1.0
310.05400000000003	1.0
311.05400000000003	1.0
312.05400000000003	1.0
313.05400000000003	1.0
314.05400000000003	1.0
315.05400000000003	1.0
316.05400000000003	1.0
317.05400000000003	1.0
318.05400000000003	1.0
319.05400000000003	1.0
320.05400000000003	1.0
321.05400000000003	1.0
322.05400000000003	1.0
323.05400000000003	1.0
324.05400000000003	1.0
325.05400000000003	1.0
326.05400000000003	1.0
327.05400000000003	1.0
328.05400000000003	1.0
329.05400000000003	1.0
330.05400000000003	1.0
331.05400000000003	1.0
332.05400000000003	1.0
333.05400000000003	1.0
334.05400000000003	1.0
335.05400000000003	1.0
336.05400000000003	1.0
337.05400000000003	1.0
338.05400000000003	1.0
339.05400000000003	1.0
340.05400000000003	1.0
341.05400000000003	1.0
342.05400000000003	1.0
343.05400000000003	1.0
344.05400000000003	1.0
345.05400000000003	1.0
346.05400000000003	1.0
347.05400000000003	1.0
348.05400000000003	1.0
349.05400000000003	1.0
350.05400000000003	1.0
351.05400000000003	1.0
352.05400000000003	1.0
353.05400000000003	1.0
354.05400000000003	1.0
355.05400000000003	1.0
356.05400000000003	1.0
357.05400000000003	1.0
358.05400000000003	1.0
359.05400000000003	1.0
360.05400000000003	1.0
361.05400000000003	1.0
362.05400000000003	1.0
363.05400000000003	1.0
364.05400000000003	1.0
365.05400000000003	1.0
366.05400000000003	1.0
367.05400000000003	1.0
368.05400000000003	1.0
369.05400000000003	1.0
370.05400000000003	1.0
371.05400000000003	1.0
372.05400000000003	1.0
373.05400000000003	1.0
374.05400000000003	1.0
375.05400000000003	1.0
376.05400000000003	1.0
377.05400000000003	1.0
378.05400000000003	1.0
379.05400000000003	1.0
380.05400000000003	1.0
381.05400000000003	1.0
382.05400000000003	1.0
383.05400000000003	1.0
384.05400000000003	1.0
385.05400000000003	1.0
386.05400000000003	1.0
387.05400000000003	1.0
388.05400000000003	1.0
389.05400000000003	1.0
390.05400000000003	1.0
391.05400000000003	1.0
392.05400000000003	1.0
393.05400000000003	1.0
394.05400000000003	1.0
395.05400000000003	1.0
396.05400000000003	1.0
397.05400000000003	1.0
398.05400000000003	1.0
399.05400000000003	1.0
400.05400000000003	1.0
401.05400000000003	1.0
402.05400000000003	1.0
403.05400000000003	1.0
404.05400000000003	1.0
405.05400000000003	1.0
406.05400000000003	1.0
407.05400000000003	1.0
408.05400000000003	1.0
409.05400000000003	1.0
410.05400000000003	1.0
411.05400000000003	1.0
412.05400000000003	1.0
413.05400000000003	1.0
414.05400000000003	1.0
415.05400000000003	1.0
416.05400000000003	1.0
417.05400000000003	1.0
418.05400000000003	1.0
419.05400000000003	1.0
420.05400000000003	1.0
421.05400000000003	1.0
422.05400000000003	1.0
423.05400000000003	1.0
424.05400000000003	1.0
425.05400000000003	1.0
426.05400000000003	1.0
427.05400000000003	1.0
428.05400000000003	1.0
429.05400000000003	1.0
430.05400000000003	1.0
431.05400000000003	1.0
432.05400000000003	1.0
433.05400000000003	1.0
434.05400000000003	1.0
435.05400000000003	1.0
436.05400000000003	1.0
437.05400000000003	1.0
438.05400000000003	1.0
439.05400000000003	1.0
440.05400000000003	1.0
441.05400000000003	1.0
442.05400000000003	1.0
443.05400000000003	1.0
444.05400000000003	1.0
445.05400000000003	1.0
446.05400000000003	1.0
447.05400000000003	1.0
448.05400000000003	1.0
449.05400000000003	1.0
450.05400000000003	1.0
451.05400000000003	1.0
452.05400000000003	1.0
453.05400000000003	1.0
454.05400000000003	1.0
455.05400000000003	1.0
456.05400000000003	1.0
457.05400000000003	1.0
458.05400000000003	1.0
459.05400000000003	1.0
460.05400000000003	1.0
461.05400000000003	1.0
462.05400000000003	1.0
463.05400000000003	1.0
464.05400000000003	1.0
465.05400000000003	1.0
466.05400000000003	1.0
467.05400000000003	1.0
468.05400000000003	1.0
469.05400000000003	1.0
470.05400000000003	1.0
471.05400000000003	1.0
472.05400000000003	1.0
473.05400000000003	1.0
474.05400000000003	1.0
475.05400000000003	1.0
476.05400000000003	1.0
477.05400000000003	1.0
478.05400000000003	1.0
479.05400000000003	1.0
480.05400000000003	1.0
481.05400000000003	1.0
482.05400000000003	1.0
483.05400000000003	1.0
484.05400000000003	1.0
485.05400000000003	1.0
486.05400000000003	1.0
487.05400000000003	1.0
488.05400000000003	1.0
489.05400000000003	1.0
490.05400000000003	1.0
491.05400000000003	1.0
492.05400000000003	1.0
493.05400000000003	1.0
494.05400000000003	1.0
495.05400000000003	1.0
496.05400000000003	1.0
497.05400000000003	1.0
498.05400000000003	1.0
499.05400000000003	1.0
500.05400000000003	1.0
501.05400000000003	1.0
502.05400000000003	1.0
503.05400000000003	1.0
504.05400000000003	1.0
505.05400000000003	1.0
506.05400000000003	1.0
507.05400000000003	1.0
508.05400000000003	1.0
509.05400000000003	1.0
510.05400000000003	1.0
511.05400000000003	1.0
512.054	1.0
513.054	1.0
514.054	1.0
515.054	1.0
516.054	1.0
517.054	1.0
518.054	1.0
519.054	1.0
520.054	1.0
521.054	1.0
522.054	1.0
523.054	1.0
524.054	1.0
525.054	1.0
526.054	1.0
527.054	1.0
528.054	1.0
529.054	1.0
530.054	1.0
531.054	1.0
532.054	1.0
533.054	1.0
534.054	1.0
535.054	1.0
536.054	1.0
537.054	1.0
538.054	1.0
539.054	1.0
540.054	1.0
541.054	1.0
542.054	1.0
543.054	1.0
544.054	1.0
545.054	1.0
546.054	1.0
547.054	1.0
548.054	1.0
549.054	1.0
550.054	1.0
551.054	1.0
552.054	1.0
553.054	1.0
554.054	1.0
555.054	1.0
556.054	1.0
557.054	1.0
558.054	1.0
559.054	1.0
560.054	1.0
561.054	1.0
562.054	1.0
563.054	1.0
564.054	1.0
565.054	1.0
566.054	1.0
567.054	1.0
568.054	1.0
569.054	1.0
570.054	1.0
571.054	1.0
572.054	1.0
573.054	1.0
574.054	1.0
575.054	1.0
576.054	1.0
577.054	1.0
578.054	1.0
579.054	1.0
580.054	1.0
581.054	1.0
582.054	1.0
583.054	1.0
584.054	1.0
585.054	1.0
586.054	1.0
587.054	1.0
588.054	1.0
589.054	1.0
590.054	1.0
591.054	1.0
592.054	1.0
593.054	1.0
594.054	1.0
595.054	1.0
596.054	1.0
597.054	1.0
598.054	1.0
599.054	1.0
600.054	1.0
601.054	1.0
602.054	1.0
603.054	1.0
604.054	1.0
605.054	1.0
606.054	1.0
607.054	1.0
608.054	1.0
609.054	1.0
610.054	1.0
611.054	1.0
612.054	1.0
613.054	1.0
614.054	1.0
615.054	1.0
616.054	1.0
617.054	1.0
618.054	1.0
619.054	1.0
620.054	1.0
621.054	1.0
622.054	1.0
623.054	1.0
624.054	1.0
625.054	1.0
626.054	1.0
627.054	1.0
628.054	1.0
629.054	1.0
630.054	1.0
631.054	1.0
632.054	1.0
633.054	1.0
634.054	1.0
635.054	1.0
636.054	1.0
637.054	1.0
638.054	1.0
639.054	1.0
640.054	1.0
641.054	1.0
642.054	1.0
643.054	1.0
644.054	1.0
645.054	1.0
646.054	1.0
647.054	1.0
648.054	1.0
649.054	1.0
650.054	1.0
651.054	1.0
652.054	1.0
653.054	1.0
654.054	1.0
655.054	1.0
656.054	1.0
657.054	1.0
658.054	1.0
659.054	1.0
660.054	1.0
661.054	1.0
662.054	1.0
663.054	1.0
664.054	1.0
665.054	1.0
666.054	1.0
667.054	1.0
668.054	1.0
669.054	1.0
670.054	1.0
671.054	1.0
672.054	1.0
673.054	1.0
674.054	1.0
675.054	1.0
676.054	1.0
677.054	1.0
678.054	1.0
679.054	1.0
680.054	1.0
681.054	1.0
682.054	1.0
683.054	1.0
684.054	1.0
685.054	1.0
686.054	1.0
687.054	1.0
688.054	1.0
689.054	1.0
690.054	1.0
691.054	1.0
692.054	1.0
693.054	1.0
694.054	1.0
695.054	1.0
696.054	1.0
697.054	1.0
698.054	1.0
699.054	1.0
700.054	1.0
701.054	1.0
702.054	1.0
703.054	1.0
704.054	1.0
705.054	1.0
706.054	1.0
707.054	1.0
708.054	1.0
709.054	1.0
710.054	1.0
711.054	1.0
712.054	1.0
713.054	1.0
714.054	1.0
715.054	1.0
716.054	1.0
717.054	1.0
718.054	1.0
719.054	1.0
720.054	1.0
721.054	1.0
722.054	1.0
723.054	1.0
724.054	1.0
725.054	1.0
726.054	1.0
727.054	1.0
728.054	1.0
729.054	1.0
730.054	1.0
731.054	1.0
732.054	1.0
733.054	1.0
734.054	1.0
735.054	1.0
736.054	1.0
737.054	1.0
738.054	1.0
739.054	1.0
740.054	1.0
741.054	1.0
742.054	1.0
743.054	1.0
744.054	1.0
745.054	1.0
746.054	1.0
747.054	1.0
748.054	1.0
749.054	1.0
750.054	1.0
751.054	1.0
752.054	1.0
753.054	1.0
754.054	1.0
755.054	1.0
756.054	1.0
757.054	1.0
758.054	1.0
759.054	1.0
760.054	1.0
761.054	1.0
762.054	1.0
763.054	1.0
764.054	1.0
765.054	1.0
766.054	1.0
767.054	1.0
768.054	1.0
769.054	1.0
770.054	1.0
771.054	1.0
772.054	1.0
773.054	1.0
774.054	1.0
775.054	1.0
776.054	1.0
777.054	1.0
778.054	1.0
779.054	1.0
780.054	1.0
781.054	1.0
782.054	1.0
783.054	1.0
784.054	1.0
785.054	1.0
786.054	1.0
787.054	1.0
788.054	1.0
789.054	1.0
790.054	1.0
791.054	1.0
792.054	1.0
793.054	1.0
794.054	1.0
795.054	1.0
796.054	1.0
797.054	1.0
798.054	1.0
799.054	1.0
800.054	1.0
801.054	1.0
802.054	1.0
803.054	1.0
804.054	1.0
805.054	1.0
806.054	1.0
807.054	1.0
808.054	1.0
809.054	1.0
810.054	1.0
811.054	1.0
812.054	1.0
813.054	1.0
814.054	1.0
815.054	1.0
816.054	1.0
817.054	1.0
818.054	1.0
819.054	1.0
820.054	1.0
821.054	1.0
822.054	1.0
823.054	1.0
824.054	1.0
825.054	1.0
826.054	1.0
827.054	1.0
828.054	1.0
829.054	1.0
830.054	1.0
831.054	1.0
832.054	1.0
833.054	1.0
834.054	1.0
835.054	1.0
836.054	1.0
837.054	1.0
838.054	1.0
839.054	1.0
840.054	1.0
841.054	1.0
842.054	1.0
843.054	1.0
844.054	1.0
845.054	1.0
846.054	1.0
847.054	1.0
848.054	1.0
849.054	1.0
850.054	1.0
851.054	1.0
852.054	1.0
853.054	1.0
854.054	1.0
855.054	1.0
856.054	1.0
857.054	1.0
858.054	1.0
859.054	1.0
860.054	1.0
861.054	1.0
862.054	1.0
863.054	1.0
864.054	1.0
865.054	1.0
866.054	1.0
867.054	1.0
868.054	1.0
869.054	1.0
870.054	1.0
871.054	1.0
872.054	1.0
873.054	1.0
874.054	1.0
875.054	1.0
876.054	1.0
877.054	1.0
878.054	1.0
879.054	1.0
880.054	1.0
881.054	1.0
882.054	1.0
883.054	1.0
884.054	1.0
885.054	1.0
886.054	1.0
887.054	1.0
888.054	1.0
889.054	1.0
890.054	1.0
891.054	1.0
892.054	1.0
893.054	1.0
894.054	1.0
895.054	1.0
896.054	1.0
897.054	1.0
898.054	1.0
899.054	1.0
900.054	1.0
901.054	1.0
902.054	1.0
903.054	1.0
904.054	1.0
905.054	1.0
906.054	1.0
907.054	1.0
908.054	1.0
909.054	1.0
910.054	1.0
911.054	1.0
912.054	1.0
913.054	1.0
914.054	1.0
915.054	1.0
916.054	1.0
917.054	1.0
918.054	1.0
919.054	1.0
920.054	1.0
921.054	1.0
922.054	1.0
923.054	1.0
924.054	1.0
925.054	1.0
926.054	1.0
927.054	1.0
928.054	1.0
929.054	1.0
930.054	1.0
931.054	1.0
932.054	1.0
933.054	1.0
934.054	1.0
935.054	1.0
936.054	1.0
937.054	1.0
938.054	1.0
939.054	1.0
940.054	1.0
941.054	1.0
942.054	1.0
943.054	1.0
944.054	1.0
945.054	1.0
946.054	1.0
947.054	1.0
948.054	1.0
949.054	1.0
950.054	1.0
951.054	1.0
952.054	1.0
953.054	1.0
954.054	1.0
955.054	1.0
956.054	1.0
957.054	1.0
958.054	1.0
959.054	1.0
960.054	1.0
961.054	1.0
962.054	1.0
963.054	1.0
964.054	1.0
965.054	1.0
966.054	1.0
967.054	1.0
968.054	1.0
969.054	1.0
970.054	1.0
971.054	1.0
972.054	1.0
973.054	1.0
974.054	1.0
975.054	1.0
976.054	1.0
977.054	1.0
978.054	1.0
979.054	1.0
980.054	1.0
981.054	1.0
982.054	1.0
983.054	1.0
984.054	1.0
985.054	1.0
986.054	1.0
987.054	1.0
988.054	1.0
989.054	1.0
990.054	1.0
991.054	1.0
992.054	1.0
993.054	1.0
994.054	1.0
995.054	1.0
996.054	1.0
997.054	1.0
