0.155	0.5256708562452973
1.107	0.5421384519392046
2.051	0.5349828727849143
3.0020000000000002	0.5198160339714942
3.94	0.5151571048050863
4.892	0.5583037556571157
5.831	0.5547992487778818
6.777	0.5453504812717904
7.714	0.539993159407353
8.651	0.5312748217584992
9.587	0.5441411574605596
10.52	0.5200327597363684
11.464	0.506673576328375
12.408	0.47500420487906
13.35	0.4620949423701381
14.296000000000001	0.43901064852311983
15.237	0.4763365361314286
16.185	0.4972251501951061
17.128	0.49347273023495913
18.072	0.5037329858271609
19.023	0.5547936807628723
19.974	0.5832383942256979
20.904	0.585336263801516
21.847	0.5820298395329916
22.784	0.580807560281837
23.714000000000002	0.593307746065154
24.667	0.5780573054953505
25.616	0.5683895016903726
26.561	0.5670453880587586
27.475	0.5798103076667898
28.418	0.5777941240560642
29.355	0.5887587557049233
30.298000000000002	0.5901573682074995
31.25	0.5875944522864218
32.173	0.5922156184538384
33.122	0.5911055580450004
34.056	0.610689010662943
35.017	0.6101559279152496
35.981	0.6063757120569963
36.933	0.6143843377278495
37.911	0.609190212145499
38.869	0.6155296836625774
39.833	0.6153034275014592
40.795	0.6137515831477979
41.745	0.6291389960477174
42.713	0.6254209610520447
43.682	0.6265486117432841
44.663000000000004	0.6255125707453816
45.637	0.6136969507420105
46.599000000000004	0.6267025746432661
47.56	0.6333596317995629
48.53	0.6515489039966208
49.501	0.6620161077704165
50.472	0.6743388508950794
51.442	0.6980936581259232
52.412	0.7040754023459738
53.388	0.7309466508846915
54.357	0.7467729062353509
55.335	0.7314029696952925
56.298	0.752342811956634
57.281	0.7708340744966378
58.248000000000005	0.7896756647840059
59.231	0.7899523546356702
60.183	0.8182874290138588
61.151	0.8345682039105742
62.109	0.8556452739130335
63.065000000000005	0.8736070847401038
64.039	0.8890990357147177
65.003	0.9098479188069227
65.967	0.9290507916296952
66.93	0.9386579881174683
67.902	0.9475097332864718
68.874	0.9600016350496205
69.855	0.962379039478932
70.821	0.8186938369045277
71.805	0.39451903186241455
72.801	0.9432407332105868
73.788	0.9198922641649093
74.769	0.8346664369757849
75.752	0.7889813542080342
76.742	0.907118115785392
77.724	0.4728191924326735
78.706	0.278102354018493
79.694	0.6791808452053907
80.681	0.956777524601788
81.665	0.6402125068451118
82.652	0.6607540962444252
83.642	0.8970614183532887
84.632	0.9259077575099228
85.616	0.46298197529659624
86.60600000000001	0.8071762146763148
87.59100000000001	0.6199690443630808
88.571	0.6512082585588486
89.554	0.5130044130218991
90.543	0.6681250906754596
91.527	0.6012466659121927
92.51	0.5327480558247388
93.493	0.6518056179637957
94.476	0.583334970954742
95.459	0.5849502923534456
96.44200000000001	0.6433545182980487
97.425	0.6132352197703727
98.41	0.5328008577529693
99.398	0.7299999133973641
100.388	0.918287481211682
101.378	0.897784587369994
102.35600000000001	0.5834241161574679
103.34700000000001	0.903190026953611
104.321	0.8978262726187403
105.312	0.9598032575408315
106.291	0.9260289992086977
107.282	0.9719785311323903
108.263	0.5892226694268926
109.245	0.8204530161622868
110.22500000000001	0.7511563275202624
111.206	0.7120891710170948
112.187	0.9011552113235508
113.187	0.9755418811979272
114.16	0.9399957190706449
115.143	0.5062901324103912
116.13	0.8194931531057018
117.11500000000001	0.9293169660120799
118.101	0.7613957483685917
119.083	0.8331743467301674
120.07000000000001	0.8590748032280847
121.046	0.7354909941603247
122.035	0.3860323605586865
123.018	0.7562516868693518
124.0	0.6402857317261172
124.982	0.6423819107707195
125.964	0.6454265140921644
126.95400000000001	0.6480681890939738
127.935	0.7159603780515568
128.916	0.6591821240968947
129.897	0.9463336644085507
130.877	0.5805130689156777
131.848	0.5309280565475228
132.829	0.7594374097304245
133.81900000000002	0.85948478313
134.816	0.9900110999999999
135.816	1.0
136.816	1.0
137.816	1.0
138.816	1.0
139.816	1.0
140.816	1.0
141.816	1.0
142.816	1.0
143.816	1.0
144.816	1.0
145.816	1.0
146.816	1.0
147.816	1.0
148.816	1.0
149.816	1.0
150.816	1.0
151.816	1.0
152.816	1.0
153.816	1.0
154.816	1.0
155.816	1.0
156.816	1.0
157.816	1.0
158.816	1.0
159.816	1.0
160.816	1.0
161.816	1.0
162.816	1.0
163.816	1.0
164.816	1.0
165.816	1.0
166.816	1.0
167.816	1.0
168.816	1.0
169.816	1.0
170.816	1.0
171.816	1.0
172.816	1.0
173.816	1.0
174.816	1.0
175.816	1.0
176.816	1.0
177.816	1.0
178.816	1.0
179.816	1.0
180.816	1.0
181.816	1.0
182.816	1.0
183.816	1.0
184.816	1.0
185.816	1.0
186.816	1.0
187.816	1.0
188.816	1.0
189.816	1.0
190.816	1.0
191.816	1.0
192.816	1.0
193.816	1.0
194.816	1.0
195.816	1.0
196.816	1.0
197.816	1.0
198.816	1.0
199.816	1.0
200.816	1.0
201.816	1.0
202.816	1.0
203.816	1.0
204.816	1.0
205.816	1.0
206.816	1.0
207.816	1.0
208.816	1.0
209.816	1.0
210.816	1.0
211.816	1.0
212.816	1.0
213.816	1.0
214.816	1.0
215.816	1.0
216.816	1.0
217.816	1.0
218.816	1.0
219.816	1.0
220.816	1.0
221.816	1.0
222.816	1.0
223.816	1.0
224.816	1.0
225.816	1.0
226.816	1.0
227.816	1.0
228.816	1.0
229.816	1.0
230.816	1.0
231.816	1.0
232.816	1.0
233.816	1.0
234.816	1.0
235.816	1.0
236.816	1.0
237.816	1.0
238.816	1.0
239.816	1.0
240.816	1.0
241.816	1.0
242.816	1.0
243.816	1.0
244.816	1.0
245.816	1.0
246.816	1.0
247.816	1.0
248.816	1.0
249.816	1.0
250.816	1.0
251.816	1.0
252.816	1.0
253.816	1.0
254.816	1.0
255.816	1.0
256.81600000000003	1.0
257.81600000000003	1.0
258.81600000000003	1.0
259.81600000000003	1.0
260.81600000000003	1.0
261.81600000000003	1.0
262.81600000000003	1.0
263.81600000000003	1.0
264.81600000000003	1.0
265.81600000000003	1.0
266.81600000000003	1.0
267.81600000000003	1.0
268.81600000000003	1.0
269.81600000000003	1.0
270.81600000000003	1.0
271.81600000000003	1.0
272.81600000000003	1.0
273.81600000000003	1.0
274.81600000000003	1.0
275.81600000000003	1.0
276.81600000000003	1.0
277.81600000000003	1.0
278.81600000000003	1.0
279.81600000000003	1.0
280.81600000000003	1.0
281.81600000000003	1.0
282.81600000000003	1.0
283.81600000000003	1.0
284.81600000000003	1.0
285.81600000000003	1.0
286.81600000000003	1.0
287.81600000000003	1.0
288.81600000000003	1.0
289.81600000000003	1.0
290.81600000000003	1.0
291.81600000000003	1.0
292.81600000000003	1.0
293.81600000000003	1.0
294.81600000000003	1.0
295.81600000000003	1.0
296.81600000000003	1.0
297.81600000000003	1.0
298.81600000000003	1.0
299.81600000000003	1.0
300.81600000000003	1.0
301.81600000000003	1.0
302.81600000000003	1.0
303.81600000000003	1.0
304.81600000000003	1.0
305.81600000000003	1.0
306.81600000000003	1.0
307.81600000000003	1.0
308.81600000000003	1.0
309.81600000000003	1.0
310.81600000000003	1.0
311.81600000000003	1.0
312.81600000000003	1.0
313.81600000000003	1.0
314.81600000000003	1.0
315.81600000000003	1.0
316.81600000000003	1.0
317.81600000000003	1.0
318.81600000000003	1.0
319.81600000000003	1.0
320.81600000000003	1.0
321.81600000000003	1.0
322.81600000000003	1.0
323.81600000000003	1.0
324.81600000000003	1.0
325.81600000000003	1.0
326.81600000000003	1.0
327.81600000000003	1.0
328.81600000000003	1.0
329.81600000000003	1.0
330.81600000000003	1.0
331.81600000000003	1.0
332.81600000000003	1.0
333.81600000000003	1.0
334.81600000000003	1.0
335.81600000000003	1.0
336.81600000000003	1.0
337.81600000000003	1.0
338.81600000000003	1.0
339.81600000000003	1.0
340.81600000000003	1.0
341.81600000000003	1.0
342.81600000000003	1.0
343.81600000000003	1.0
344.81600000000003	1.0
345.81600000000003	1.0
346.81600000000003	1.0
347.81600000000003	1.0
348.81600000000003	1.0
349.81600000000003	1.0
350.81600000000003	1.0
351.81600000000003	1.0
352.81600000000003	1.0
353.81600000000003	1.0
354.81600000000003	1.0
355.81600000000003	1.0
356.81600000000003	1.0
357.81600000000003	1.0
358.81600000000003	1.0
359.81600000000003	1.0
360.81600000000003	1.0
361.81600000000003	1.0
362.81600000000003	1.0
363.81600000000003	1.0
364.81600000000003	1.0
365.81600000000003	1.0
366.81600000000003	1.0
367.81600000000003	1.0
368.81600000000003	1.0
369.81600000000003	1.0
370.81600000000003	1.0
371.81600000000003	1.0
372.81600000000003	1.0
373.81600000000003	1.0
374.81600000000003	1.0
375.81600000000003	1.0
376.81600000000003	1.0
377.81600000000003	1.0
378.81600000000003	1.0
379.81600000000003	1.0
380.81600000000003	1.0
381.81600000000003	1.0
382.81600000000003	1.0
383.81600000000003	1.0
384.81600000000003	1.0
385.81600000000003	1.0
386.81600000000003	1.0
387.81600000000003	1.0
388.81600000000003	1.0
389.81600000000003	1.0
390.81600000000003	1.0
391.81600000000003	1.0
392.81600000000003	1.0
393.81600000000003	1.0
394.81600000000003	1.0
395.81600000000003	1.0
396.81600000000003	1.0
397.81600000000003	1.0
398.81600000000003	1.0
399.81600000000003	1.0
400.81600000000003	1.0
401.81600000000003	1.0
402.81600000000003	1.0
403.81600000000003	1.0
404.81600000000003	1.0
405.81600000000003	1.0
406.81600000000003	1.0
407.81600000000003	1.0
408.81600000000003	1.0
409.81600000000003	1.0
410.81600000000003	1.0
411.81600000000003	1.0
412.81600000000003	1.0
413.81600000000003	1.0
414.81600000000003	1.0
415.81600000000003	1.0
416.81600000000003	1.0
417.81600000000003	1.0
418.81600000000003	1.0
419.81600000000003	1.0
420.81600000000003	1.0
421.81600000000003	1.0
422.81600000000003	1.0
423.81600000000003	1.0
424.81600000000003	1.0
425.81600000000003	1.0
426.81600000000003	1.0
427.81600000000003	1.0
428.81600000000003	1.0
429.81600000000003	1.0
430.81600000000003	1.0
431.81600000000003	1.0
432.81600000000003	1.0
433.81600000000003	1.0
434.81600000000003	1.0
435.81600000000003	1.0
436.81600000000003	1.0
437.81600000000003	1.0
438.81600000000003	1.0
439.81600000000003	1.0
440.81600000000003	1.0
441.81600000000003	1.0
442.81600000000003	1.0
443.81600000000003	1.0
444.81600000000003	1.0
445.81600000000003	1.0
446.81600000000003	1.0
447.81600000000003	1.0
448.81600000000003	1.0
449.81600000000003	1.0
450.81600000000003	1.0
451.81600000000003	1.0
452.81600000000003	1.0
453.81600000000003	1.0
454.81600000000003	1.0
455.81600000000003	1.0
456.81600000000003	1.0
457.81600000000003	1.0
458.81600000000003	1.0
459.81600000000003	1.0
460.81600000000003	1.0
461.81600000000003	1.0
462.81600000000003	1.0
463.81600000000003	1.0
464.81600000000003	1.0
465.81600000000003	1.0
466.81600000000003	1.0
467.81600000000003	1.0
468.81600000000003	1.0
469.81600000000003	1.0
470.81600000000003	1.0
471.81600000000003	1.0
472.81600000000003	1.0
473.81600000000003	1.0
474.81600000000003	1.0
475.81600000000003	1.0
476.81600000000003	1.0
477.81600000000003	1.0
478.81600000000003	1.0
479.81600000000003	1.0
480.81600000000003	1.0
481.81600000000003	1.0
482.81600000000003	1.0
483.81600000000003	1.0
484.81600000000003	1.0
485.81600000000003	1.0
486.81600000000003	1.0
487.81600000000003	1.0
488.81600000000003	1.0
489.81600000000003	1.0
490.81600000000003	1.0
491.81600000000003	1.0
492.81600000000003	1.0
493.81600000000003	1.0
494.81600000000003	1.0
495.81600000000003	1.0
496.81600000000003	1.0
497.81600000000003	1.0
498.81600000000003	1.0
499.81600000000003	1.0
500.81600000000003	1.0
501.81600000000003	1.0
502.81600000000003	1.0
503.81600000000003	1.0
504.81600000000003	1.0
505.81600000000003	1.0
506.81600000000003	1.0
507.81600000000003	1.0
508.81600000000003	1.0
509.81600000000003	1.0
510.81600000000003	1.0
511.81600000000003	1.0
512.816	1.0
513.816	1.0
514.816	1.0
515.816	1.0
516.816	1.0
517.816	1.0
518.816	1.0
519.816	1.0
520.816	1.0
521.816	1.0
522.816	1.0
523.816	1.0
524.816	1.0
525.816	1.0
526.816	1.0
527.816	1.0
528.816	1.0
529.816	1.0
530.816	1.0
531.816	1.0
532.816	1.0
533.816	1.0
534.816	1.0
535.816	1.0
536.816	1.0
537.816	1.0
538.816	1.0
539.816	1.0
540.816	1.0
541.816	1.0
542.816	1.0
543.816	1.0
544.816	1.0
545.816	1.0
546.816	1.0
547.816	1.0
548.816	1.0
549.816	1.0
550.816	1.0
551.816	1.0
552.816	1.0
553.816	1.0
554.816	1.0
555.816	1.0
556.816	1.0
557.816	1.0
558.816	1.0
559.816	1.0
560.816	1.0
561.816	1.0
562.816	1.0
563.816	1.0
564.816	1.0
565.816	1.0
566.816	1.0
567.816	1.0
568.816	1.0
569.816	1.0
570.816	1.0
571.816	1.0
572.816	1.0
573.816	1.0
574.816	1.0
575.816	1.0
576.816	1.0
577.816	1.0
578.816	1.0
579.816	1.0
580.816	1.0
581.816	1.0
582.816	1.0
583.816	1.0
584.816	1.0
585.816	1.0
586.816	1.0
587.816	1.0
588.816	1.0
589.816	1.0
590.816	1.0
591.816	1.0
592.816	1.0
593.816	1.0
594.816	1.0
595.816	1.0
596.816	1.0
597.816	1.0
598.816	1.0
599.816	1.0
600.816	1.0
601.816	1.0
602.816	1.0
603.816	1.0
604.816	1.0
605.816	1.0
606.816	1.0
607.816	1.0
608.816	1.0
609.816	1.0
610.816	1.0
611.816	1.0
612.816	1.0
613.816	1.0
614.816	1.0
615.816	1.0
616.816	1.0
617.816	1.0
618.816	1.0
619.816	1.0
620.816	1.0
621.816	1.0
622.816	1.0
623.816	1.0
624.816	1.0
625.816	1.0
626.816	1.0
627.816	1.0
628.816	1.0
629.816	1.0
630.816	1.0
631.816	1.0
632.816	1.0
633.816	1.0
634.816	1.0
635.816	1.0
636.816	1.0
637.816	1.0
638.816	1.0
639.816	1.0
640.816	1.0
641.816	1.0
642.816	1.0
643.816	1.0
644.816	1.0
645.816	1.0
646.816	1.0
647.816	1.0
648.816	1.0
649.816	1.0
650.816	1.0
651.816	1.0
652.816	1.0
653.816	1.0
654.816	1.0
655.816	1.0
656.816	1.0
657.816	1.0
658.816	1.0
659.816	1.0
660.816	1.0
661.816	1.0
662.816	1.0
663.816	1.0
664.816	1.0
665.816	1.0
666.816	1.0
667.816	1.0
668.816	1.0
669.816	1.0
670.816	1.0
671.816	1.0
672.816	1.0
673.816	1.0
674.816	1.0
675.816	1.0
676.816	1.0
677.816	1.0
678.816	1.0
679.816	1.0
680.816	1.0
681.816	1.0
682.816	1.0
683.816	1.0
684.816	1.0
685.816	1.0
686.816	1.0
687.816	1.0
688.816	1.0
689.816	1.0
690.816	1.0
691.816	1.0
692.816	1.0
693.816	1.0
694.816	1.0
695.816	1.0
696.816	1.0
697.816	1.0
698.816	1.0
699.816	1.0
700.816	1.0
701.816	1.0
702.816	1.0
703.816	1.0
704.816	1.0
705.816	1.0
706.816	1.0
707.816	1.0
708.816	1.0
709.816	1.0
710.816	1.0
711.816	1.0
712.816	1.0
713.816	1.0
714.816	1.0
715.816	1.0
716.816	1.0
717.816	1.0
718.816	1.0
719.816	1.0
720.816	1.0
721.816	1.0
722.816	1.0
723.816	1.0
724.816	1.0
725.816	1.0
726.816	1.0
727.816	1.0
728.816	1.0
729.816	1.0
730.816	1.0
731.816	1.0
732.816	1.0
733.816	1.0
734.816	1.0
735.816	1.0
736.816	1.0
737.816	1.0
738.816	1.0
739.816	1.0
740.816	1.0
741.816	1.0
742.816	1.0
743.816	1.0
744.816	1.0
745.816	1.0
746.816	1.0
747.816	1.0
748.816	1.0
749.816	1.0
750.816	1.0
751.816	1.0
752.816	1.0
753.816	1.0
754.816	1.0
755.816	1.0
756.816	1.0
757.816	1.0
758.816	1.0
759.816	1.0
760.816	1.0
761.816	1.0
762.816	1.0
763.816	1.0
764.816	1.0
765.816	1.0
766.816	1.0
767.816	1.0
768.816	1.0
769.816	1.0
770.816	1.0
771.816	1.0
772.816	1.0
773.816	1.0
774.816	1.0
775.816	1.0
776.816	1.0
777.816	1.0
778.816	1.0
779.816	1.0
780.816	1.0
781.816	1.0
782.816	1.0
783.816	1.0
784.816	1.0
785.816	1.0
786.816	1.0
787.816	1.0
788.816	1.0
789.816	1.0
790.816	1.0
791.816	1.0
792.816	1.0
793.816	1.0
794.816	1.0
795.816	1.0
796.816	1.0
797.816	1.0
798.816	1.0
799.816	1.0
800.816	1.0
801.816	1.0
802.816	1.0
803.816	1.0
804.816	1.0
805.816	1.0
806.816	1.0
807.816	1.0
808.816	1.0
809.816	1.0
810.816	1.0
811.816	1.0
812.816	1.0
813.816	1.0
814.816	1.0
815.816	1.0
816.816	1.0
817.816	1.0
818.816	1.0
819.816	1.0
820.816	1.0
821.816	1.0
822.816	1.0
823.816	1.0
824.816	1.0
825.816	1.0
826.816	1.0
827.816	1.0
828.816	1.0
829.816	1.0
830.816	1.0
831.816	1.0
832.816	1.0
833.816	1.0
834.816	1.0
835.816	1.0
836.816	1.0
837.816	1.0
838.816	1.0
839.816	1.0
840.816	1.0
841.816	1.0
842.816	1.0
843.816	1.0
844.816	1.0
845.816	1.0
846.816	1.0
847.816	1.0
848.816	1.0
849.816	1.0
850.816	1.0
851.816	1.0
852.816	1.0
853.816	1.0
854.816	1.0
855.816	1.0
856.816	1.0
857.816	1.0
858.816	1.0
859.816	1.0
860.816	1.0
861.816	1.0
862.816	1.0
863.816	1.0
864.816	1.0
865.816	1.0
866.816	1.0
867.816	1.0
868.816	1.0
869.816	1.0
870.816	1.0
871.816	1.0
872.816	1.0
873.816	1.0
874.816	1.0
875.816	1.0
876.816	1.0
877.816	1.0
878.816	1.0
879.816	1.0
880.816	1.0
881.816	1.0
882.816	1.0
883.816	1.0
884.816	1.0
885.816	1.0
886.816	1.0
887.816	1.0
888.816	1.0
889.816	1.0
890.816	1.0
891.816	1.0
892.816	1.0
893.816	1.0
894.816	1.0
895.816	1.0
896.816	1.0
897.816	1.0
898.816	1.0
899.816	1.0
900.816	1.0
901.816	1.0
902.816	1.0
903.816	1.0
904.816	1.0
905.816	1.0
906.816	1.0
907.816	1.0
908.816	1.0
909.816	1.0
910.816	1.0
911.816	1.0
912.816	1.0
913.816	1.0
914.816	1.0
915.816	1.0
916.816	1.0
917.816	1.0
918.816	1.0
919.816	1.0
920.816	1.0
921.816	1.0
922.816	1.0
923.816	1.0
924.816	1.0
925.816	1.0
926.816	1.0
927.816	1.0
928.816	1.0
929.816	1.0
930.816	1.0
931.816	1.0
932.816	1.0
933.816	1.0
934.816	1.0
935.816	1.0
936.816	1.0
937.816	1.0
938.816	1.0
939.816	1.0
940.816	1.0
941.816	1.0
942.816	1.0
943.816	1.0
944.816	1.0
945.816	1.0
946.816	1.0
947.816	1.0
948.816	1.0
949.816	1.0
950.816	1.0
951.816	1.0
952.816	1.0
953.816	1.0
954.816	1.0
955.816	1.0
956.816	1.0
957.816	1.0
958.816	1.0
959.816	1.0
960.816	1.0
961.816	1.0
962.816	1.0
963.816	1.0
964.816	1.0
965.816	1.0
966.816	1.0
967.816	1.0
968.816	1.0
969.816	1.0
970.816	1.0
971.816	1.0
972.816	1.0
973.816	1.0
974.816	1.0
975.816	1.0
976.816	1.0
977.816	1.0
978.816	1.0
979.816	1.0
980.816	1.0
981.816	1.0
982.816	1.0
983.816	1.0
984.816	1.0
985.816	1.0
986.816	1.0
987.816	1.0
988.816	1.0
989.816	1.0
990.816	1.0
991.816	1.0
992.816	1.0
993.816	1.0
994.816	1.0
