0.47100000000000003	0.5479215697840314
1.416	0.5558362108971068
2.365	0.5538126664437802
3.323	0.5630675753657579
4.2940000000000005	0.5279440752579229
5.257	0.5229452980486365
6.222	0.5184187146892761
7.158	0.517820970723421
8.106	0.48995747989044225
9.062	0.4684817549687754
10.021	0.48809966854986153
10.966000000000001	0.5626623124458954
11.908	0.5688301854063542
12.841000000000001	0.553959662575081
13.780000000000001	0.562700846727045
14.71	0.5554932187844146
15.643	0.520618567515787
16.572	0.5286683398505531
17.5	0.5322708730531027
18.42	0.5529753738364327
19.355	0.5664116514732954
20.292	0.5619583899769695
21.239	0.5392174915759772
22.191	0.5657744773447478
23.133	0.5781569512106661
24.063	0.591777930310563
24.997	0.5901313900265375
25.931	0.5853349791027634
26.859	0.5814781088830047
27.807000000000002	0.6444529701264945
28.729	0.6658631321285436
29.675	0.7176264873782039
30.588	0.7332938881113674
31.517	0.7503056870943344
32.429	0.7650782207054846
33.345	0.7870084537745057
34.286	0.8019944440672964
35.21	0.8232830305308841
36.14	0.8404793515446621
37.061	0.8712331287068801
38.02	0.8693522325227285
38.948	0.8554323732310842
39.902	0.8628802076351312
40.866	0.29930669215405215
41.846000000000004	0.3743616879606321
42.831	0.3543947076016647
43.821	0.6754242207817758
44.807	0.5078926539431862
45.798	0.8823796718098313
46.785000000000004	0.6453847565092697
47.775	0.8931918626695077
48.766	0.9707581818806915
49.745000000000005	0.5661423588207899
50.736000000000004	0.863110574470785
51.727000000000004	0.9370221092205923
52.709	0.8827294326881513
53.7	0.9520992511783407
54.683	0.7649806204838329
55.672000000000004	0.6642502267508528
56.663000000000004	0.911870685927162
57.652	0.910010644537394
58.641	0.9608052073128818
59.628	0.8106506970404371
60.613	0.5846653253219887
61.603	0.8873576261592008
62.586	0.9022177452231318
63.586	0.9703802792950813
64.565	0.7820792330186979
65.555	0.9204936548178182
66.545	0.950807067119134
67.528	0.7543152090321092
68.511	0.6456655162362813
69.504	0.9575627713854985
70.495	0.9738097374689002
71.478	0.9397884013230278
72.46900000000001	0.9890840359261263
73.45700000000001	0.9884558774474036
74.44200000000001	0.8120375778919859
75.432	0.7522963530407988
76.423	0.9470437079475215
77.407	0.7603908303655852
78.397	0.8168904367385396
79.379	0.8416066257036366
80.369	0.841369116508097
81.359	0.9586343837443604
82.349	0.9567757518889216
83.333	0.8490666569191443
84.321	0.9279981434052387
85.302	0.8906020712432898
86.293	0.9769817882474717
87.279	0.827495111067792
88.27	0.8426203425677724
89.255	0.9508101248693233
90.232	0.8414431399021929
91.21900000000001	0.7521974340421558
92.209	0.7001057456152359
93.199	0.6083902188916853
94.181	0.8591104213300575
95.171	0.9539807146959781
96.163	0.9433138797951566
97.154	0.9529225315654066
98.142	0.7275066337356216
99.133	0.728700840268487
100.129	0.9546156140099835
101.127	0.9416521687726987
102.126	0.9685162734617164
103.123	1.0
104.123	1.0
105.123	1.0
106.123	1.0
107.123	1.0
108.123	1.0
109.123	1.0
110.123	1.0
111.123	1.0
112.123	1.0
113.123	1.0
114.123	1.0
115.123	1.0
116.123	1.0
117.123	1.0
118.123	1.0
119.123	1.0
120.123	1.0
121.123	1.0
122.123	1.0
123.123	1.0
124.123	1.0
125.123	1.0
126.123	1.0
127.123	1.0
128.123	1.0
129.123	1.0
130.123	1.0
131.123	1.0
132.123	1.0
133.123	1.0
134.123	1.0
135.123	1.0
136.123	1.0
137.123	1.0
138.123	1.0
139.123	1.0
140.123	1.0
141.123	1.0
142.123	1.0
143.123	1.0
144.123	1.0
145.123	1.0
146.123	1.0
147.123	1.0
148.123	1.0
149.123	1.0
150.123	1.0
151.123	1.0
152.123	1.0
153.123	1.0
154.123	1.0
155.123	1.0
156.123	1.0
157.123	1.0
158.123	1.0
159.123	1.0
160.123	1.0
161.123	1.0
162.123	1.0
163.123	1.0
164.123	1.0
165.123	1.0
166.123	1.0
167.123	1.0
168.123	1.0
169.123	1.0
170.123	1.0
171.123	1.0
172.123	1.0
173.123	1.0
174.123	1.0
175.123	1.0
176.123	1.0
177.123	1.0
178.123	1.0
179.123	1.0
180.123	1.0
181.123	1.0
182.123	1.0
183.123	1.0
184.123	1.0
185.123	1.0
186.123	1.0
187.123	1.0
188.123	1.0
189.123	1.0
190.123	1.0
191.123	1.0
192.123	1.0
193.123	1.0
194.123	1.0
195.123	1.0
196.123	1.0
197.123	1.0
198.123	1.0
199.123	1.0
200.123	1.0
201.123	1.0
202.123	1.0
203.123	1.0
204.123	1.0
205.123	1.0
206.123	1.0
207.123	1.0
208.123	1.0
209.123	1.0
210.123	1.0
211.123	1.0
212.123	1.0
213.123	1.0
214.123	1.0
215.123	1.0
216.123	1.0
217.123	1.0
218.123	1.0
219.123	1.0
220.123	1.0
221.123	1.0
222.123	1.0
223.123	1.0
224.12300000000002	1.0
225.12300000000002	1.0
226.12300000000002	1.0
227.12300000000002	1.0
228.12300000000002	1.0
229.12300000000002	1.0
230.12300000000002	1.0
231.12300000000002	1.0
232.12300000000002	1.0
233.12300000000002	1.0
234.12300000000002	1.0
235.12300000000002	1.0
236.12300000000002	1.0
237.12300000000002	1.0
238.12300000000002	1.0
239.12300000000002	1.0
240.12300000000002	1.0
241.12300000000002	1.0
242.12300000000002	1.0
243.12300000000002	1.0
244.12300000000002	1.0
245.12300000000002	1.0
246.12300000000002	1.0
247.12300000000002	1.0
248.12300000000002	1.0
249.12300000000002	1.0
250.12300000000002	1.0
251.12300000000002	1.0
252.12300000000002	1.0
253.12300000000002	1.0
254.12300000000002	1.0
255.12300000000002	1.0
256.123	1.0
257.123	1.0
258.123	1.0
259.123	1.0
260.123	1.0
261.123	1.0
262.123	1.0
263.123	1.0
264.123	1.0
265.123	1.0
266.123	1.0
267.123	1.0
268.123	1.0
269.123	1.0
270.123	1.0
271.123	1.0
272.123	1.0
273.123	1.0
274.123	1.0
275.123	1.0
276.123	1.0
277.123	1.0
278.123	1.0
279.123	1.0
280.123	1.0
281.123	1.0
282.123	1.0
283.123	1.0
284.123	1.0
285.123	1.0
286.123	1.0
287.123	1.0
288.123	1.0
289.123	1.0
290.123	1.0
291.123	1.0
292.123	1.0
293.123	1.0
294.123	1.0
295.123	1.0
296.123	1.0
297.123	1.0
298.123	1.0
299.123	1.0
300.123	1.0
301.123	1.0
302.123	1.0
303.123	1.0
304.123	1.0
305.123	1.0
306.123	1.0
307.123	1.0
308.123	1.0
309.123	1.0
310.123	1.0
311.123	1.0
312.123	1.0
313.123	1.0
314.123	1.0
315.123	1.0
316.123	1.0
317.123	1.0
318.123	1.0
319.123	1.0
320.123	1.0
321.123	1.0
322.123	1.0
323.123	1.0
324.123	1.0
325.123	1.0
326.123	1.0
327.123	1.0
328.123	1.0
329.123	1.0
330.123	1.0
331.123	1.0
332.123	1.0
333.123	1.0
334.123	1.0
335.123	1.0
336.123	1.0
337.123	1.0
338.123	1.0
339.123	1.0
340.123	1.0
341.123	1.0
342.123	1.0
343.123	1.0
344.123	1.0
345.123	1.0
346.123	1.0
347.123	1.0
348.123	1.0
349.123	1.0
350.123	1.0
351.123	1.0
352.123	1.0
353.123	1.0
354.123	1.0
355.123	1.0
356.123	1.0
357.123	1.0
358.123	1.0
359.123	1.0
360.123	1.0
361.123	1.0
362.123	1.0
363.123	1.0
364.123	1.0
365.123	1.0
366.123	1.0
367.123	1.0
368.123	1.0
369.123	1.0
370.123	1.0
371.123	1.0
372.123	1.0
373.123	1.0
374.123	1.0
375.123	1.0
376.123	1.0
377.123	1.0
378.123	1.0
379.123	1.0
380.123	1.0
381.123	1.0
382.123	1.0
383.123	1.0
384.123	1.0
385.123	1.0
386.123	1.0
387.123	1.0
388.123	1.0
389.123	1.0
390.123	1.0
391.123	1.0
392.123	1.0
393.123	1.0
394.123	1.0
395.123	1.0
396.123	1.0
397.123	1.0
398.123	1.0
399.123	1.0
400.123	1.0
401.123	1.0
402.123	1.0
403.123	1.0
404.123	1.0
405.123	1.0
406.123	1.0
407.123	1.0
408.123	1.0
409.123	1.0
410.123	1.0
411.123	1.0
412.123	1.0
413.123	1.0
414.123	1.0
415.123	1.0
416.123	1.0
417.123	1.0
418.123	1.0
419.123	1.0
420.123	1.0
421.123	1.0
422.123	1.0
423.123	1.0
424.123	1.0
425.123	1.0
426.123	1.0
427.123	1.0
428.123	1.0
429.123	1.0
430.123	1.0
431.123	1.0
432.123	1.0
433.123	1.0
434.123	1.0
435.123	1.0
436.123	1.0
437.123	1.0
438.123	1.0
439.123	1.0
440.123	1.0
441.123	1.0
442.123	1.0
443.123	1.0
444.123	1.0
445.123	1.0
446.123	1.0
447.123	1.0
448.123	1.0
449.123	1.0
450.123	1.0
451.123	1.0
452.123	1.0
453.123	1.0
454.123	1.0
455.123	1.0
456.123	1.0
457.123	1.0
458.123	1.0
459.123	1.0
460.123	1.0
461.123	1.0
462.123	1.0
463.123	1.0
464.123	1.0
465.123	1.0
466.123	1.0
467.123	1.0
468.123	1.0
469.123	1.0
470.123	1.0
471.123	1.0
472.123	1.0
473.123	1.0
474.123	1.0
475.123	1.0
476.123	1.0
477.123	1.0
478.123	1.0
479.123	1.0
480.123	1.0
481.123	1.0
482.123	1.0
483.123	1.0
484.123	1.0
485.123	1.0
486.123	1.0
487.123	1.0
488.123	1.0
489.123	1.0
490.123	1.0
491.123	1.0
492.123	1.0
493.123	1.0
494.123	1.0
495.123	1.0
496.123	1.0
497.123	1.0
498.123	1.0
499.123	1.0
500.123	1.0
501.123	1.0
502.123	1.0
503.123	1.0
504.123	1.0
505.123	1.0
506.123	1.0
507.123	1.0
508.123	1.0
509.123	1.0
510.123	1.0
511.123	1.0
512.123	1.0
513.123	1.0
514.123	1.0
515.123	1.0
516.123	1.0
517.123	1.0
518.123	1.0
519.123	1.0
520.123	1.0
521.123	1.0
522.123	1.0
523.123	1.0
524.123	1.0
525.123	1.0
526.123	1.0
527.123	1.0
528.123	1.0
529.123	1.0
530.123	1.0
531.123	1.0
532.123	1.0
533.123	1.0
534.123	1.0
535.123	1.0
536.123	1.0
537.123	1.0
538.123	1.0
539.123	1.0
540.123	1.0
541.123	1.0
542.123	1.0
543.123	1.0
544.123	1.0
545.123	1.0
546.123	1.0
547.123	1.0
548.123	1.0
549.123	1.0
550.123	1.0
551.123	1.0
552.123	1.0
553.123	1.0
554.123	1.0
555.123	1.0
556.123	1.0
557.123	1.0
558.123	1.0
559.123	1.0
560.123	1.0
561.123	1.0
562.123	1.0
563.123	1.0
564.123	1.0
565.123	1.0
566.123	1.0
567.123	1.0
568.123	1.0
569.123	1.0
570.123	1.0
571.123	1.0
572.123	1.0
573.123	1.0
574.123	1.0
575.123	1.0
576.123	1.0
577.123	1.0
578.123	1.0
579.123	1.0
580.123	1.0
581.123	1.0
582.123	1.0
583.123	1.0
584.123	1.0
585.123	1.0
586.123	1.0
587.123	1.0
588.123	1.0
589.123	1.0
590.123	1.0
591.123	1.0
592.123	1.0
593.123	1.0
594.123	1.0
595.123	1.0
596.123	1.0
597.123	1.0
598.123	1.0
599.123	1.0
600.123	1.0
601.123	1.0
602.123	1.0
603.123	1.0
604.123	1.0
605.123	1.0
606.123	1.0
607.123	1.0
608.123	1.0
609.123	1.0
610.123	1.0
611.123	1.0
612.123	1.0
613.123	1.0
614.123	1.0
615.123	1.0
616.123	1.0
617.123	1.0
618.123	1.0
619.123	1.0
620.123	1.0
621.123	1.0
622.123	1.0
623.123	1.0
624.123	1.0
625.123	1.0
626.123	1.0
627.123	1.0
628.123	1.0
629.123	1.0
630.123	1.0
631.123	1.0
632.123	1.0
633.123	1.0
634.123	1.0
635.123	1.0
636.123	1.0
637.123	1.0
638.123	1.0
639.123	1.0
640.123	1.0
641.123	1.0
642.123	1.0
643.123	1.0
644.123	1.0
645.123	1.0
646.123	1.0
647.123	1.0
648.123	1.0
649.123	1.0
650.123	1.0
651.123	1.0
652.123	1.0
653.123	1.0
654.123	1.0
655.123	1.0
656.123	1.0
657.123	1.0
658.123	1.0
659.123	1.0
660.123	1.0
661.123	1.0
662.123	1.0
663.123	1.0
664.123	1.0
665.123	1.0
666.123	1.0
667.123	1.0
668.123	1.0
669.123	1.0
670.123	1.0
671.123	1.0
672.123	1.0
673.123	1.0
674.123	1.0
675.123	1.0
676.123	1.0
677.123	1.0
678.123	1.0
679.123	1.0
680.123	1.0
681.123	1.0
682.123	1.0
683.123	1.0
684.123	1.0
685.123	1.0
686.123	1.0
687.123	1.0
688.123	1.0
689.123	1.0
690.123	1.0
691.123	1.0
692.123	1.0
693.123	1.0
694.123	1.0
695.123	1.0
696.123	1.0
697.123	1.0
698.123	1.0
699.123	1.0
700.123	1.0
701.123	1.0
702.123	1.0
703.123	1.0
704.123	1.0
705.123	1.0
706.123	1.0
707.123	1.0
708.123	1.0
709.123	1.0
710.123	1.0
711.123	1.0
712.123	1.0
713.123	1.0
714.123	1.0
715.123	1.0
716.123	1.0
717.123	1.0
718.123	1.0
719.123	1.0
720.123	1.0
721.123	1.0
722.123	1.0
723.123	1.0
724.123	1.0
725.123	1.0
726.123	1.0
727.123	1.0
728.123	1.0
729.123	1.0
730.123	1.0
731.123	1.0
732.123	1.0
733.123	1.0
734.123	1.0
735.123	1.0
736.123	1.0
737.123	1.0
738.123	1.0
739.123	1.0
740.123	1.0
741.123	1.0
742.123	1.0
743.123	1.0
744.123	1.0
745.123	1.0
746.123	1.0
747.123	1.0
748.123	1.0
749.123	1.0
750.123	1.0
751.123	1.0
752.123	1.0
753.123	1.0
754.123	1.0
755.123	1.0
756.123	1.0
757.123	1.0
758.123	1.0
759.123	1.0
760.123	1.0
761.123	1.0
762.123	1.0
763.123	1.0
764.123	1.0
765.123	1.0
766.123	1.0
767.123	1.0
768.123	1.0
769.123	1.0
770.123	1.0
771.123	1.0
772.123	1.0
773.123	1.0
774.123	1.0
775.123	1.0
776.123	1.0
777.123	1.0
778.123	1.0
779.123	1.0
780.123	1.0
781.123	1.0
782.123	1.0
783.123	1.0
784.123	1.0
785.123	1.0
786.123	1.0
787.123	1.0
788.123	1.0
789.123	1.0
790.123	1.0
791.123	1.0
792.123	1.0
793.123	1.0
794.123	1.0
795.123	1.0
796.123	1.0
797.123	1.0
798.123	1.0
799.123	1.0
800.123	1.0
801.123	1.0
802.123	1.0
803.123	1.0
804.123	1.0
805.123	1.0
806.123	1.0
807.123	1.0
808.123	1.0
809.123	1.0
810.123	1.0
811.123	1.0
812.123	1.0
813.123	1.0
814.123	1.0
815.123	1.0
816.123	1.0
817.123	1.0
818.123	1.0
819.123	1.0
820.123	1.0
821.123	1.0
822.123	1.0
823.123	1.0
824.123	1.0
825.123	1.0
826.123	1.0
827.123	1.0
828.123	1.0
829.123	1.0
830.123	1.0
831.123	1.0
832.123	1.0
833.123	1.0
834.123	1.0
835.123	1.0
836.123	1.0
837.123	1.0
838.123	1.0
839.123	1.0
840.123	1.0
841.123	1.0
842.123	1.0
843.123	1.0
844.123	1.0
845.123	1.0
846.123	1.0
847.123	1.0
848.123	1.0
849.123	1.0
850.123	1.0
851.123	1.0
852.123	1.0
853.123	1.0
854.123	1.0
855.123	1.0
856.123	1.0
857.123	1.0
858.123	1.0
859.123	1.0
860.123	1.0
861.123	1.0
862.123	1.0
863.123	1.0
864.123	1.0
865.123	1.0
866.123	1.0
867.123	1.0
868.123	1.0
869.123	1.0
870.123	1.0
871.123	1.0
872.123	1.0
873.123	1.0
874.123	1.0
875.123	1.0
876.123	1.0
877.123	1.0
878.123	1.0
879.123	1.0
880.123	1.0
881.123	1.0
882.123	1.0
883.123	1.0
884.123	1.0
885.123	1.0
886.123	1.0
887.123	1.0
888.123	1.0
889.123	1.0
890.123	1.0
891.123	1.0
892.123	1.0
893.123	1.0
894.123	1.0
895.123	1.0
896.123	1.0
897.123	1.0
898.123	1.0
899.123	1.0
900.123	1.0
901.123	1.0
902.123	1.0
903.123	1.0
904.123	1.0
905.123	1.0
906.123	1.0
907.123	1.0
908.123	1.0
909.123	1.0
910.123	1.0
911.123	1.0
912.123	1.0
913.123	1.0
914.123	1.0
915.123	1.0
916.123	1.0
917.123	1.0
918.123	1.0
919.123	1.0
920.123	1.0
921.123	1.0
922.123	1.0
923.123	1.0
924.123	1.0
925.123	1.0
926.123	1.0
927.123	1.0
928.123	1.0
929.123	1.0
930.123	1.0
931.123	1.0
932.123	1.0
933.123	1.0
934.123	1.0
935.123	1.0
936.123	1.0
937.123	1.0
938.123	1.0
939.123	1.0
940.123	1.0
941.123	1.0
942.123	1.0
943.123	1.0
944.123	1.0
945.123	1.0
946.123	1.0
947.123	1.0
948.123	1.0
949.123	1.0
950.123	1.0
951.123	1.0
952.123	1.0
953.123	1.0
954.123	1.0
955.123	1.0
956.123	1.0
957.123	1.0
958.123	1.0
959.123	1.0
960.123	1.0
961.123	1.0
962.123	1.0
963.123	1.0
964.123	1.0
965.123	1.0
966.123	1.0
967.123	1.0
968.123	1.0
969.123	1.0
970.123	1.0
971.123	1.0
972.123	1.0
973.123	1.0
974.123	1.0
975.123	1.0
976.123	1.0
977.123	1.0
978.123	1.0
979.123	1.0
980.123	1.0
981.123	1.0
982.123	1.0
983.123	1.0
984.123	1.0
985.123	1.0
986.123	1.0
987.123	1.0
988.123	1.0
989.123	1.0
990.123	1.0
991.123	1.0
992.123	1.0
993.123	1.0
994.123	1.0
995.123	1.0
996.123	1.0
