0.367	0.57375860126964
1.157	0.5897432425465805
2.0	0.595174296485054
2.793	0.6098034877969594
3.597	0.6169754500953893
4.417	0.6740645494616546
5.255	0.7079494582685867
6.061	0.7128581828246369
6.894	0.661314423085568
7.7700000000000005	0.7255009966025929
8.65	0.7426247763593414
9.547	0.7074292147118624
10.445	0.8156505676059337
11.359	0.7316183244407342
12.275	0.40229686330947767
13.200000000000001	0.3886065693477987
14.133000000000001	0.1505638880508058
15.075000000000001	0.19987894179859444
16.023	0.44435790744742254
16.972	0.7178536995085014
17.918	0.43885101049554254
18.868000000000002	0.28316929239001154
19.818	0.3660912770450165
20.767	0.1508320959540662
21.712	0.34343558763932647
22.667	0.9014806802956381
23.613	0.590019892297329
24.563	0.49878234699027474
25.523	0.5597584310489029
26.493000000000002	0.8995580820098982
27.465	0.7484142058210944
28.436	0.9683284298680284
29.412	0.9340362022949584
30.392	0.9721201213278414
31.371000000000002	0.8653051555982321
32.352000000000004	0.9847821937417928
33.333	0.9816177785094016
34.312	0.6240508697165734
35.292	0.7535346039840525
36.273	0.9773015810999885
37.253	0.9603700689894988
38.232	0.9787444739394324
39.213	0.44116204990496916
40.194	0.9646706237925275
41.175000000000004	0.9896957757442787
42.156	0.9777170039935079
43.124	0.9808035012751316
44.104	0.9979006607531379
45.084	0.9881003462656076
46.065	0.9973379800405888
47.045	0.9920756301081334
48.026	0.9983374706837163
48.997	0.9986982197343997
49.980000000000004	0.5671950898819288
50.97	0.995804250547252
51.961	0.3873898823333329
52.954	0.9790161727398454
53.948	0.9981962223091276
54.944	0.9971141153209483
55.943	1.0
56.943	1.0
57.943	1.0
58.943	1.0
59.943	1.0
60.943	1.0
61.943	1.0
62.943	1.0
63.943	1.0
64.943	1.0
65.943	1.0
66.943	1.0
67.943	1.0
68.943	1.0
69.943	1.0
70.943	1.0
71.943	1.0
72.943	1.0
73.943	1.0
74.943	1.0
75.943	1.0
76.943	1.0
77.943	1.0
78.943	1.0
79.943	1.0
80.943	1.0
81.943	1.0
82.943	1.0
83.943	1.0
84.943	1.0
85.943	1.0
86.943	1.0
87.943	1.0
88.943	1.0
89.943	1.0
90.943	1.0
91.943	1.0
92.943	1.0
93.943	1.0
94.943	1.0
95.943	1.0
96.943	1.0
97.943	1.0
98.943	1.0
99.943	1.0
100.943	1.0
101.943	1.0
102.943	1.0
103.943	1.0
104.943	1.0
105.943	1.0
106.943	1.0
107.943	1.0
108.943	1.0
109.943	1.0
110.943	1.0
111.943	1.0
112.943	1.0
113.943	1.0
114.943	1.0
115.943	1.0
116.943	1.0
117.943	1.0
118.943	1.0
119.943	1.0
120.943	1.0
121.943	1.0
122.943	1.0
123.943	1.0
124.943	1.0
125.943	1.0
126.943	1.0
127.943	1.0
128.943	1.0
129.943	1.0
130.943	1.0
131.943	1.0
132.943	1.0
133.943	1.0
134.943	1.0
135.943	1.0
136.943	1.0
137.943	1.0
138.943	1.0
139.943	1.0
140.943	1.0
141.943	1.0
142.943	1.0
143.943	1.0
144.943	1.0
145.943	1.0
146.943	1.0
147.943	1.0
148.943	1.0
149.943	1.0
150.943	1.0
151.943	1.0
152.943	1.0
153.943	1.0
154.943	1.0
155.943	1.0
156.943	1.0
157.943	1.0
158.943	1.0
159.943	1.0
160.943	1.0
161.943	1.0
162.943	1.0
163.943	1.0
164.943	1.0
165.943	1.0
166.943	1.0
167.943	1.0
168.943	1.0
169.943	1.0
170.943	1.0
171.943	1.0
172.943	1.0
173.943	1.0
174.943	1.0
175.943	1.0
176.943	1.0
177.943	1.0
178.943	1.0
179.943	1.0
180.943	1.0
181.943	1.0
182.943	1.0
183.943	1.0
184.943	1.0
185.943	1.0
186.943	1.0
187.943	1.0
188.943	1.0
189.943	1.0
190.943	1.0
191.943	1.0
192.943	1.0
193.943	1.0
194.943	1.0
195.943	1.0
196.943	1.0
197.943	1.0
198.943	1.0
199.943	1.0
200.943	1.0
201.943	1.0
202.943	1.0
203.943	1.0
204.943	1.0
205.943	1.0
206.943	1.0
207.943	1.0
208.943	1.0
209.943	1.0
210.943	1.0
211.943	1.0
212.943	1.0
213.943	1.0
214.943	1.0
215.943	1.0
216.943	1.0
217.943	1.0
218.943	1.0
219.943	1.0
220.943	1.0
221.943	1.0
222.943	1.0
223.943	1.0
224.943	1.0
225.943	1.0
226.943	1.0
227.943	1.0
228.943	1.0
229.943	1.0
230.943	1.0
231.943	1.0
232.943	1.0
233.943	1.0
234.943	1.0
235.943	1.0
236.943	1.0
237.943	1.0
238.943	1.0
239.943	1.0
240.943	1.0
241.943	1.0
242.943	1.0
243.943	1.0
244.943	1.0
245.943	1.0
246.943	1.0
247.943	1.0
248.943	1.0
249.943	1.0
250.943	1.0
251.943	1.0
252.943	1.0
253.943	1.0
254.943	1.0
255.943	1.0
256.943	1.0
257.943	1.0
258.943	1.0
259.943	1.0
260.943	1.0
261.943	1.0
262.943	1.0
263.943	1.0
264.943	1.0
265.943	1.0
266.943	1.0
267.943	1.0
268.943	1.0
269.943	1.0
270.943	1.0
271.943	1.0
272.943	1.0
273.943	1.0
274.943	1.0
275.943	1.0
276.943	1.0
277.943	1.0
278.943	1.0
279.943	1.0
280.943	1.0
281.943	1.0
282.943	1.0
283.943	1.0
284.943	1.0
285.943	1.0
286.943	1.0
287.943	1.0
288.943	1.0
289.943	1.0
290.943	1.0
291.943	1.0
292.943	1.0
293.943	1.0
294.943	1.0
295.943	1.0
296.943	1.0
297.943	1.0
298.943	1.0
299.943	1.0
300.943	1.0
301.943	1.0
302.943	1.0
303.943	1.0
304.943	1.0
305.943	1.0
306.943	1.0
307.943	1.0
308.943	1.0
309.943	1.0
310.943	1.0
311.943	1.0
312.943	1.0
313.943	1.0
314.943	1.0
315.943	1.0
316.943	1.0
317.943	1.0
318.943	1.0
319.943	1.0
320.943	1.0
321.943	1.0
322.943	1.0
323.943	1.0
324.943	1.0
325.943	1.0
326.943	1.0
327.943	1.0
328.943	1.0
329.943	1.0
330.943	1.0
331.943	1.0
332.943	1.0
333.943	1.0
334.943	1.0
335.943	1.0
336.943	1.0
337.943	1.0
338.943	1.0
339.943	1.0
340.943	1.0
341.943	1.0
342.943	1.0
343.943	1.0
344.943	1.0
345.943	1.0
346.943	1.0
347.943	1.0
348.943	1.0
349.943	1.0
350.943	1.0
351.943	1.0
352.943	1.0
353.943	1.0
354.943	1.0
355.943	1.0
356.943	1.0
357.943	1.0
358.943	1.0
359.943	1.0
360.943	1.0
361.943	1.0
362.943	1.0
363.943	1.0
364.943	1.0
365.943	1.0
366.943	1.0
367.943	1.0
368.943	1.0
369.943	1.0
370.943	1.0
371.943	1.0
372.943	1.0
373.943	1.0
374.943	1.0
375.943	1.0
376.943	1.0
377.943	1.0
378.943	1.0
379.943	1.0
380.943	1.0
381.943	1.0
382.943	1.0
383.943	1.0
384.943	1.0
385.943	1.0
386.943	1.0
387.943	1.0
388.943	1.0
389.943	1.0
390.943	1.0
391.943	1.0
392.943	1.0
393.943	1.0
394.943	1.0
395.943	1.0
396.943	1.0
397.943	1.0
398.943	1.0
399.943	1.0
400.943	1.0
401.943	1.0
402.943	1.0
403.943	1.0
404.943	1.0
405.943	1.0
406.943	1.0
407.943	1.0
408.943	1.0
409.943	1.0
410.943	1.0
411.943	1.0
412.943	1.0
413.943	1.0
414.943	1.0
415.943	1.0
416.943	1.0
417.943	1.0
418.943	1.0
419.943	1.0
420.943	1.0
421.943	1.0
422.943	1.0
423.943	1.0
424.943	1.0
425.943	1.0
426.943	1.0
427.943	1.0
428.943	1.0
429.943	1.0
430.943	1.0
431.943	1.0
432.943	1.0
433.943	1.0
434.943	1.0
435.943	1.0
436.943	1.0
437.943	1.0
438.943	1.0
439.943	1.0
440.943	1.0
441.943	1.0
442.943	1.0
443.943	1.0
444.943	1.0
445.943	1.0
446.943	1.0
447.943	1.0
448.943	1.0
449.943	1.0
450.943	1.0
451.943	1.0
452.943	1.0
453.943	1.0
454.943	1.0
455.943	1.0
456.943	1.0
457.943	1.0
458.943	1.0
459.943	1.0
460.943	1.0
461.943	1.0
462.943	1.0
463.943	1.0
464.943	1.0
465.943	1.0
466.943	1.0
467.943	1.0
468.943	1.0
469.943	1.0
470.943	1.0
471.943	1.0
472.943	1.0
473.943	1.0
474.943	1.0
475.943	1.0
476.943	1.0
477.943	1.0
478.943	1.0
479.943	1.0
480.943	1.0
481.943	1.0
482.943	1.0
483.943	1.0
484.943	1.0
485.943	1.0
486.943	1.0
487.943	1.0
488.943	1.0
489.943	1.0
490.943	1.0
491.943	1.0
492.943	1.0
493.943	1.0
494.943	1.0
495.943	1.0
496.943	1.0
497.943	1.0
498.943	1.0
499.943	1.0
500.943	1.0
501.943	1.0
502.943	1.0
503.943	1.0
504.943	1.0
505.943	1.0
506.943	1.0
507.943	1.0
508.943	1.0
509.943	1.0
510.943	1.0
511.943	1.0
512.943	1.0
513.943	1.0
514.943	1.0
515.943	1.0
516.943	1.0
517.943	1.0
518.943	1.0
519.943	1.0
520.943	1.0
521.943	1.0
522.943	1.0
523.943	1.0
524.943	1.0
525.943	1.0
526.943	1.0
527.943	1.0
528.943	1.0
529.943	1.0
530.943	1.0
531.943	1.0
532.943	1.0
533.943	1.0
534.943	1.0
535.943	1.0
536.943	1.0
537.943	1.0
538.943	1.0
539.943	1.0
540.943	1.0
541.943	1.0
542.943	1.0
543.943	1.0
544.943	1.0
545.943	1.0
546.943	1.0
547.943	1.0
548.943	1.0
549.943	1.0
550.943	1.0
551.943	1.0
552.943	1.0
553.943	1.0
554.943	1.0
555.943	1.0
556.943	1.0
557.943	1.0
558.943	1.0
559.943	1.0
560.943	1.0
561.943	1.0
562.943	1.0
563.943	1.0
564.943	1.0
565.943	1.0
566.943	1.0
567.943	1.0
568.943	1.0
569.943	1.0
570.943	1.0
571.943	1.0
572.943	1.0
573.943	1.0
574.943	1.0
575.943	1.0
576.943	1.0
577.943	1.0
578.943	1.0
579.943	1.0
580.943	1.0
581.943	1.0
582.943	1.0
583.943	1.0
584.943	1.0
585.943	1.0
586.943	1.0
587.943	1.0
588.943	1.0
589.943	1.0
590.943	1.0
591.943	1.0
592.943	1.0
593.943	1.0
594.943	1.0
595.943	1.0
596.943	1.0
597.943	1.0
598.943	1.0
599.943	1.0
600.943	1.0
601.943	1.0
602.943	1.0
603.943	1.0
604.943	1.0
605.943	1.0
606.943	1.0
607.943	1.0
608.943	1.0
609.943	1.0
610.943	1.0
611.943	1.0
612.943	1.0
613.943	1.0
614.943	1.0
615.943	1.0
616.943	1.0
617.943	1.0
618.943	1.0
619.943	1.0
620.943	1.0
621.943	1.0
622.943	1.0
623.943	1.0
624.943	1.0
625.943	1.0
626.943	1.0
627.943	1.0
628.943	1.0
629.943	1.0
630.943	1.0
631.943	1.0
632.943	1.0
633.943	1.0
634.943	1.0
635.943	1.0
636.943	1.0
637.943	1.0
638.943	1.0
639.943	1.0
640.943	1.0
641.943	1.0
642.943	1.0
643.943	1.0
644.943	1.0
645.943	1.0
646.943	1.0
647.943	1.0
648.943	1.0
649.943	1.0
650.943	1.0
651.943	1.0
652.943	1.0
653.943	1.0
654.943	1.0
655.943	1.0
656.943	1.0
657.943	1.0
658.943	1.0
659.943	1.0
660.943	1.0
661.943	1.0
662.943	1.0
663.943	1.0
664.943	1.0
665.943	1.0
666.943	1.0
667.943	1.0
668.943	1.0
669.943	1.0
670.943	1.0
671.943	1.0
672.943	1.0
673.943	1.0
674.943	1.0
675.943	1.0
676.943	1.0
677.943	1.0
678.943	1.0
679.943	1.0
680.943	1.0
681.943	1.0
682.943	1.0
683.943	1.0
684.943	1.0
685.943	1.0
686.943	1.0
687.943	1.0
688.943	1.0
689.943	1.0
690.943	1.0
691.943	1.0
692.943	1.0
693.943	1.0
694.943	1.0
695.943	1.0
696.943	1.0
697.943	1.0
698.943	1.0
699.943	1.0
700.943	1.0
701.943	1.0
702.943	1.0
703.943	1.0
704.943	1.0
705.943	1.0
706.943	1.0
707.943	1.0
708.943	1.0
709.943	1.0
710.943	1.0
711.943	1.0
712.943	1.0
713.943	1.0
714.943	1.0
715.943	1.0
716.943	1.0
717.943	1.0
718.943	1.0
719.943	1.0
720.943	1.0
721.943	1.0
722.943	1.0
723.943	1.0
724.943	1.0
725.943	1.0
726.943	1.0
727.943	1.0
728.943	1.0
729.943	1.0
730.943	1.0
731.943	1.0
732.943	1.0
733.943	1.0
734.943	1.0
735.943	1.0
736.943	1.0
737.943	1.0
738.943	1.0
739.943	1.0
740.943	1.0
741.943	1.0
742.943	1.0
743.943	1.0
744.943	1.0
745.943	1.0
746.943	1.0
747.943	1.0
748.943	1.0
749.943	1.0
750.943	1.0
751.943	1.0
752.943	1.0
753.943	1.0
754.943	1.0
755.943	1.0
756.943	1.0
757.943	1.0
758.943	1.0
759.943	1.0
760.943	1.0
761.943	1.0
762.943	1.0
763.943	1.0
764.943	1.0
765.943	1.0
766.943	1.0
767.943	1.0
768.943	1.0
769.943	1.0
770.943	1.0
771.943	1.0
772.943	1.0
773.943	1.0
774.943	1.0
775.943	1.0
776.943	1.0
777.943	1.0
778.943	1.0
779.943	1.0
780.943	1.0
781.943	1.0
782.943	1.0
783.943	1.0
784.943	1.0
785.943	1.0
786.943	1.0
787.943	1.0
788.943	1.0
789.943	1.0
790.943	1.0
791.943	1.0
792.943	1.0
793.943	1.0
794.943	1.0
795.943	1.0
796.943	1.0
797.943	1.0
798.943	1.0
799.943	1.0
800.943	1.0
801.943	1.0
802.943	1.0
803.943	1.0
804.943	1.0
805.943	1.0
806.943	1.0
807.943	1.0
808.943	1.0
809.943	1.0
810.943	1.0
811.943	1.0
812.943	1.0
813.943	1.0
814.943	1.0
815.943	1.0
816.943	1.0
817.943	1.0
818.943	1.0
819.943	1.0
820.943	1.0
821.943	1.0
822.943	1.0
823.943	1.0
824.943	1.0
825.943	1.0
826.943	1.0
827.943	1.0
828.943	1.0
829.943	1.0
830.943	1.0
831.943	1.0
832.943	1.0
833.943	1.0
834.943	1.0
835.943	1.0
836.943	1.0
837.943	1.0
838.943	1.0
839.943	1.0
840.943	1.0
841.943	1.0
842.943	1.0
843.943	1.0
844.943	1.0
845.943	1.0
846.943	1.0
847.943	1.0
848.943	1.0
849.943	1.0
850.943	1.0
851.943	1.0
852.943	1.0
853.943	1.0
854.943	1.0
855.943	1.0
856.943	1.0
857.943	1.0
858.943	1.0
859.943	1.0
860.943	1.0
861.943	1.0
862.943	1.0
863.943	1.0
864.943	1.0
865.943	1.0
866.943	1.0
867.943	1.0
868.943	1.0
869.943	1.0
870.943	1.0
871.943	1.0
872.943	1.0
873.943	1.0
874.943	1.0
875.943	1.0
876.943	1.0
877.943	1.0
878.943	1.0
879.943	1.0
880.943	1.0
881.943	1.0
882.943	1.0
883.943	1.0
884.943	1.0
885.943	1.0
886.943	1.0
887.943	1.0
888.943	1.0
889.943	1.0
890.943	1.0
891.943	1.0
892.943	1.0
893.943	1.0
894.943	1.0
895.943	1.0
896.943	1.0
897.943	1.0
898.943	1.0
899.943	1.0
900.943	1.0
901.943	1.0
902.943	1.0
903.943	1.0
904.943	1.0
905.943	1.0
906.943	1.0
907.943	1.0
908.943	1.0
909.943	1.0
910.943	1.0
911.943	1.0
912.943	1.0
913.943	1.0
914.943	1.0
915.943	1.0
916.943	1.0
917.943	1.0
918.943	1.0
919.943	1.0
920.943	1.0
921.943	1.0
922.943	1.0
923.943	1.0
924.943	1.0
925.943	1.0
926.943	1.0
927.943	1.0
928.943	1.0
929.943	1.0
930.943	1.0
931.943	1.0
932.943	1.0
933.943	1.0
934.943	1.0
935.943	1.0
936.943	1.0
937.943	1.0
938.943	1.0
939.943	1.0
940.943	1.0
941.943	1.0
942.943	1.0
943.943	1.0
944.943	1.0
945.943	1.0
946.943	1.0
947.943	1.0
948.943	1.0
949.943	1.0
950.943	1.0
951.943	1.0
952.943	1.0
953.943	1.0
954.943	1.0
955.943	1.0
956.943	1.0
957.943	1.0
958.943	1.0
959.943	1.0
960.943	1.0
961.943	1.0
962.943	1.0
963.943	1.0
964.943	1.0
965.943	1.0
966.943	1.0
967.943	1.0
968.943	1.0
969.943	1.0
970.943	1.0
971.943	1.0
972.943	1.0
973.943	1.0
974.943	1.0
975.943	1.0
976.943	1.0
977.943	1.0
978.943	1.0
979.943	1.0
980.943	1.0
981.943	1.0
982.943	1.0
983.943	1.0
984.943	1.0
985.943	1.0
986.943	1.0
987.943	1.0
988.943	1.0
989.943	1.0
990.943	1.0
991.943	1.0
992.943	1.0
993.943	1.0
994.943	1.0
995.943	1.0
