0.443	0.5717866902840866
1.4000000000000001	0.5764917446381618
2.345	0.5856307390624567
3.297	0.5977361919234125
4.242	0.5914382460084915
5.172	0.5989998056616233
6.101	0.5881672727052911
7.04	0.603134236004971
7.985	0.5931499232447005
8.931000000000001	0.5917251432162358
9.88	0.5686562589818233
10.824	0.5709817402324452
11.794	0.5525210603792379
12.745000000000001	0.5433798540996441
13.700000000000001	0.5316547565127975
14.661	0.5225103562726415
15.618	0.5192439082150324
16.576	0.5143295481652285
17.543	0.5055020689582442
18.501	0.5108167822821611
19.469	0.5031380607881606
20.429000000000002	0.49401299291793593
21.385	0.5103831458388202
22.35	0.49924508979716775
23.323	0.5018538458508341
24.29	0.49775057544606505
25.267	0.49233093399845856
26.235	0.48691181458251476
27.205000000000002	0.4689960066513528
28.18	0.4660224890284416
29.155	0.48427057681045205
30.117	0.4760280699129796
31.087	0.5001366587475313
32.061	0.4928578203375452
33.036	0.48386547079758957
34.014	0.5008226656159064
34.996	0.49189329454355596
35.966	0.49665768174620467
36.939	0.49082849725057254
37.921	0.49429052305262067
38.895	0.4827673481465009
39.868	0.493067369850575
40.846000000000004	0.4858025141904714
41.82	0.47743466657459505
42.807	0.48563770133043854
43.776	0.47395776224940467
44.75	0.4771502668877136
45.737	0.46746553667507895
46.715	0.47853010725628026
47.693	0.4591193214886562
48.671	0.46950064617613335
49.648	0.4642988907634485
50.628	0.45779992326571817
51.615	0.45908484949908585
52.594	0.4382937923875941
53.58	0.4502511245271056
54.58	0.4405877149238182
55.576	0.43405116696183044
56.553000000000004	0.43413577105298434
57.545	0.42518799814169334
58.538000000000004	0.4172243830962065
59.514	0.42383143454609096
60.493	0.4194005534720642
61.468	0.4254380317990664
62.453	0.4213572188064425
63.432	0.4290692148364228
64.428	0.41654572335535817
65.405	0.4228478252347513
66.384	0.42799548944488064
67.359	0.4357627554578612
68.33500000000001	0.44119878734524554
69.321	0.43763677174248883
70.305	0.43771719032086737
71.274	0.4521234492405265
72.257	0.4534026400563077
73.244	0.45053962519913504
74.227	0.45338569488564895
75.209	0.45622664976773936
76.177	0.4630092359793281
77.163	0.45173741664607997
78.158	0.4484453718521171
79.145	0.4447233343704787
80.126	0.4556084611715324
81.104	0.45207889899856424
82.09	0.4482949140266013
83.07600000000001	0.44407248963729373
84.053	0.45003690573109784
85.039	0.44610504235993004
86.017	0.45052787266951333
87.012	0.43772629614566533
87.997	0.43506065992227294
88.97800000000001	0.4346086776219122
89.956	0.4395452189867223
90.95100000000001	0.42565909076271674
91.936	0.42316389375660707
92.92	0.42218517586855353
93.899	0.4151441220529999
94.883	0.42544433083175187
95.86500000000001	0.41963989882476777
96.855	0.42326915044252206
97.83500000000001	0.4276125781913841
98.82900000000001	0.4284952587497174
99.806	0.42793211663390257
100.781	0.43941409488627015
101.766	0.4406587915473388
102.751	0.4410051318697979
103.72800000000001	0.43893697699954
104.709	0.43278282171987575
105.694	0.45052176882566686
106.67	0.46911846268051094
107.644	0.47181613451011933
108.637	0.4749212669112994
109.616	0.4812496769878326
110.593	0.488937816856499
111.577	0.4855906927821617
112.551	0.4864879223967747
113.548	0.48038725867428844
114.522	0.48996097047536014
115.495	0.5027821605246375
116.48700000000001	0.49438812145948063
117.465	0.501544835430676
118.44200000000001	0.5066667724986827
119.419	0.5137351059749214
120.401	0.517500682532408
121.383	0.5217255329759442
122.354	0.5270275524052855
123.32900000000001	0.5348634369174344
124.298	0.5424689685582095
125.271	0.5516670574393574
126.227	0.5801458768895524
127.20100000000001	0.5907156787700243
128.18	0.5974770500562376
129.153	0.6148253676921296
130.129	0.6203870263216935
131.11	0.6312812353025966
132.078	0.6546603378157825
133.072	0.6713666117119758
134.043	0.6890912638345539
135.037	0.6859509841661504
136.007	0.7083136957997576
136.991	0.7270412408060528
137.968	0.7400022184605219
138.952	0.7497613243025977
139.929	0.7673938357458913
140.882	0.8091680282115157
141.849	0.8322323633060806
142.80700000000002	0.8658477368180278
143.745	0.9242475116731305
144.689	0.9782488431248715
145.666	1.0
146.666	1.0
147.666	1.0
148.666	1.0
149.666	1.0
150.666	1.0
151.666	1.0
152.666	1.0
153.666	1.0
154.666	1.0
155.666	1.0
156.666	1.0
157.666	1.0
158.666	1.0
159.666	1.0
160.666	1.0
161.666	1.0
162.666	1.0
163.666	1.0
164.666	1.0
165.666	1.0
166.666	1.0
167.666	1.0
168.666	1.0
169.666	1.0
170.666	1.0
171.666	1.0
172.666	1.0
173.666	1.0
174.666	1.0
175.666	1.0
176.666	1.0
177.666	1.0
178.666	1.0
179.666	1.0
180.666	1.0
181.666	1.0
182.666	1.0
183.666	1.0
184.666	1.0
185.666	1.0
186.666	1.0
187.666	1.0
188.666	1.0
189.666	1.0
190.666	1.0
191.666	1.0
192.666	1.0
193.666	1.0
194.666	1.0
195.666	1.0
196.666	1.0
197.666	1.0
198.666	1.0
199.666	1.0
200.666	1.0
201.666	1.0
202.666	1.0
203.666	1.0
204.666	1.0
205.666	1.0
206.666	1.0
207.666	1.0
208.666	1.0
209.666	1.0
210.666	1.0
211.666	1.0
212.666	1.0
213.666	1.0
214.666	1.0
215.666	1.0
216.666	1.0
217.666	1.0
218.666	1.0
219.666	1.0
220.666	1.0
221.666	1.0
222.666	1.0
223.666	1.0
224.666	1.0
225.666	1.0
226.666	1.0
227.666	1.0
228.666	1.0
229.666	1.0
230.666	1.0
231.666	1.0
232.666	1.0
233.666	1.0
234.666	1.0
235.666	1.0
236.666	1.0
237.666	1.0
238.666	1.0
239.666	1.0
240.666	1.0
241.666	1.0
242.666	1.0
243.666	1.0
244.666	1.0
245.666	1.0
246.666	1.0
247.666	1.0
248.666	1.0
249.666	1.0
250.666	1.0
251.666	1.0
252.666	1.0
253.666	1.0
254.666	1.0
255.666	1.0
256.666	1.0
257.666	1.0
258.666	1.0
259.666	1.0
260.666	1.0
261.666	1.0
262.666	1.0
263.666	1.0
264.666	1.0
265.666	1.0
266.666	1.0
267.666	1.0
268.666	1.0
269.666	1.0
270.666	1.0
271.666	1.0
272.666	1.0
273.666	1.0
274.666	1.0
275.666	1.0
276.666	1.0
277.666	1.0
278.666	1.0
279.666	1.0
280.666	1.0
281.666	1.0
282.666	1.0
283.666	1.0
284.666	1.0
285.666	1.0
286.666	1.0
287.666	1.0
288.666	1.0
289.666	1.0
290.666	1.0
291.666	1.0
292.666	1.0
293.666	1.0
294.666	1.0
295.666	1.0
296.666	1.0
297.666	1.0
298.666	1.0
299.666	1.0
300.666	1.0
301.666	1.0
302.666	1.0
303.666	1.0
304.666	1.0
305.666	1.0
306.666	1.0
307.666	1.0
308.666	1.0
309.666	1.0
310.666	1.0
311.666	1.0
312.666	1.0
313.666	1.0
314.666	1.0
315.666	1.0
316.666	1.0
317.666	1.0
318.666	1.0
319.666	1.0
320.666	1.0
321.666	1.0
322.666	1.0
323.666	1.0
324.666	1.0
325.666	1.0
326.666	1.0
327.666	1.0
328.666	1.0
329.666	1.0
330.666	1.0
331.666	1.0
332.666	1.0
333.666	1.0
334.666	1.0
335.666	1.0
336.666	1.0
337.666	1.0
338.666	1.0
339.666	1.0
340.666	1.0
341.666	1.0
342.666	1.0
343.666	1.0
344.666	1.0
345.666	1.0
346.666	1.0
347.666	1.0
348.666	1.0
349.666	1.0
350.666	1.0
351.666	1.0
352.666	1.0
353.666	1.0
354.666	1.0
355.666	1.0
356.666	1.0
357.666	1.0
358.666	1.0
359.666	1.0
360.666	1.0
361.666	1.0
362.666	1.0
363.666	1.0
364.666	1.0
365.666	1.0
366.666	1.0
367.666	1.0
368.666	1.0
369.666	1.0
370.666	1.0
371.666	1.0
372.666	1.0
373.666	1.0
374.666	1.0
375.666	1.0
376.666	1.0
377.666	1.0
378.666	1.0
379.666	1.0
380.666	1.0
381.666	1.0
382.666	1.0
383.666	1.0
384.666	1.0
385.666	1.0
386.666	1.0
387.666	1.0
388.666	1.0
389.666	1.0
390.666	1.0
391.666	1.0
392.666	1.0
393.666	1.0
394.666	1.0
395.666	1.0
396.666	1.0
397.666	1.0
398.666	1.0
399.666	1.0
400.666	1.0
401.666	1.0
402.666	1.0
403.666	1.0
404.666	1.0
405.666	1.0
406.666	1.0
407.666	1.0
408.666	1.0
409.666	1.0
410.666	1.0
411.666	1.0
412.666	1.0
413.666	1.0
414.666	1.0
415.666	1.0
416.666	1.0
417.666	1.0
418.666	1.0
419.666	1.0
420.666	1.0
421.666	1.0
422.666	1.0
423.666	1.0
424.666	1.0
425.666	1.0
426.666	1.0
427.666	1.0
428.666	1.0
429.666	1.0
430.666	1.0
431.666	1.0
432.666	1.0
433.666	1.0
434.666	1.0
435.666	1.0
436.666	1.0
437.666	1.0
438.666	1.0
439.666	1.0
440.666	1.0
441.666	1.0
442.666	1.0
443.666	1.0
444.666	1.0
445.666	1.0
446.666	1.0
447.666	1.0
448.666	1.0
449.666	1.0
450.666	1.0
451.666	1.0
452.666	1.0
453.666	1.0
454.666	1.0
455.666	1.0
456.666	1.0
457.666	1.0
458.666	1.0
459.666	1.0
460.666	1.0
461.666	1.0
462.666	1.0
463.666	1.0
464.666	1.0
465.666	1.0
466.666	1.0
467.666	1.0
468.666	1.0
469.666	1.0
470.666	1.0
471.666	1.0
472.666	1.0
473.666	1.0
474.666	1.0
475.666	1.0
476.666	1.0
477.666	1.0
478.666	1.0
479.666	1.0
480.666	1.0
481.666	1.0
482.666	1.0
483.666	1.0
484.666	1.0
485.666	1.0
486.666	1.0
487.666	1.0
488.666	1.0
489.666	1.0
490.666	1.0
491.666	1.0
492.666	1.0
493.666	1.0
494.666	1.0
495.666	1.0
496.666	1.0
497.666	1.0
498.666	1.0
499.666	1.0
500.666	1.0
501.666	1.0
502.666	1.0
503.666	1.0
504.666	1.0
505.666	1.0
506.666	1.0
507.666	1.0
508.666	1.0
509.666	1.0
510.666	1.0
511.666	1.0
512.666	1.0
513.666	1.0
514.666	1.0
515.666	1.0
516.666	1.0
517.666	1.0
518.666	1.0
519.666	1.0
520.666	1.0
521.666	1.0
522.666	1.0
523.666	1.0
524.666	1.0
525.666	1.0
526.666	1.0
527.666	1.0
528.666	1.0
529.666	1.0
530.666	1.0
531.666	1.0
532.666	1.0
533.666	1.0
534.666	1.0
535.666	1.0
536.666	1.0
537.666	1.0
538.666	1.0
539.666	1.0
540.666	1.0
541.666	1.0
542.666	1.0
543.666	1.0
544.666	1.0
545.666	1.0
546.666	1.0
547.666	1.0
548.666	1.0
549.666	1.0
550.666	1.0
551.666	1.0
552.666	1.0
553.666	1.0
554.666	1.0
555.666	1.0
556.666	1.0
557.666	1.0
558.666	1.0
559.666	1.0
560.666	1.0
561.666	1.0
562.666	1.0
563.666	1.0
564.666	1.0
565.666	1.0
566.666	1.0
567.666	1.0
568.666	1.0
569.666	1.0
570.666	1.0
571.666	1.0
572.666	1.0
573.666	1.0
574.666	1.0
575.666	1.0
576.666	1.0
577.666	1.0
578.666	1.0
579.666	1.0
580.666	1.0
581.666	1.0
582.666	1.0
583.666	1.0
584.666	1.0
585.666	1.0
586.666	1.0
587.666	1.0
588.666	1.0
589.666	1.0
590.666	1.0
591.666	1.0
592.666	1.0
593.666	1.0
594.666	1.0
595.666	1.0
596.666	1.0
597.666	1.0
598.666	1.0
599.666	1.0
600.666	1.0
601.666	1.0
602.666	1.0
603.666	1.0
604.666	1.0
605.666	1.0
606.666	1.0
607.666	1.0
608.666	1.0
609.666	1.0
610.666	1.0
611.666	1.0
612.666	1.0
613.666	1.0
614.666	1.0
615.666	1.0
616.666	1.0
617.666	1.0
618.666	1.0
619.666	1.0
620.666	1.0
621.666	1.0
622.666	1.0
623.666	1.0
624.666	1.0
625.666	1.0
626.666	1.0
627.666	1.0
628.666	1.0
629.666	1.0
630.666	1.0
631.666	1.0
632.666	1.0
633.666	1.0
634.666	1.0
635.666	1.0
636.666	1.0
637.666	1.0
638.666	1.0
639.666	1.0
640.666	1.0
641.666	1.0
642.666	1.0
643.666	1.0
644.666	1.0
645.666	1.0
646.666	1.0
647.666	1.0
648.666	1.0
649.666	1.0
650.666	1.0
651.666	1.0
652.666	1.0
653.666	1.0
654.666	1.0
655.666	1.0
656.666	1.0
657.666	1.0
658.666	1.0
659.666	1.0
660.666	1.0
661.666	1.0
662.666	1.0
663.666	1.0
664.666	1.0
665.666	1.0
666.666	1.0
667.666	1.0
668.666	1.0
669.666	1.0
670.666	1.0
671.666	1.0
672.666	1.0
673.666	1.0
674.666	1.0
675.666	1.0
676.666	1.0
677.666	1.0
678.666	1.0
679.666	1.0
680.666	1.0
681.666	1.0
682.666	1.0
683.666	1.0
684.666	1.0
685.666	1.0
686.666	1.0
687.666	1.0
688.666	1.0
689.666	1.0
690.666	1.0
691.666	1.0
692.666	1.0
693.666	1.0
694.666	1.0
695.666	1.0
696.666	1.0
697.666	1.0
698.666	1.0
699.666	1.0
700.666	1.0
701.666	1.0
702.666	1.0
703.666	1.0
704.666	1.0
705.666	1.0
706.666	1.0
707.666	1.0
708.666	1.0
709.666	1.0
710.666	1.0
711.666	1.0
712.666	1.0
713.666	1.0
714.666	1.0
715.666	1.0
716.666	1.0
717.666	1.0
718.666	1.0
719.666	1.0
720.666	1.0
721.666	1.0
722.666	1.0
723.666	1.0
724.666	1.0
725.666	1.0
726.666	1.0
727.666	1.0
728.666	1.0
729.666	1.0
730.666	1.0
731.666	1.0
732.666	1.0
733.666	1.0
734.666	1.0
735.666	1.0
736.666	1.0
737.666	1.0
738.666	1.0
739.666	1.0
740.666	1.0
741.666	1.0
742.666	1.0
743.666	1.0
744.666	1.0
745.666	1.0
746.666	1.0
747.666	1.0
748.666	1.0
749.666	1.0
750.666	1.0
751.666	1.0
752.666	1.0
753.666	1.0
754.666	1.0
755.666	1.0
756.666	1.0
757.666	1.0
758.666	1.0
759.666	1.0
760.666	1.0
761.666	1.0
762.666	1.0
763.666	1.0
764.666	1.0
765.666	1.0
766.666	1.0
767.666	1.0
768.666	1.0
769.666	1.0
770.666	1.0
771.666	1.0
772.666	1.0
773.666	1.0
774.666	1.0
775.666	1.0
776.666	1.0
777.666	1.0
778.666	1.0
779.666	1.0
780.666	1.0
781.666	1.0
782.666	1.0
783.666	1.0
784.666	1.0
785.666	1.0
786.666	1.0
787.666	1.0
788.666	1.0
789.666	1.0
790.666	1.0
791.666	1.0
792.666	1.0
793.666	1.0
794.666	1.0
795.666	1.0
796.666	1.0
797.666	1.0
798.666	1.0
799.666	1.0
800.666	1.0
801.666	1.0
802.666	1.0
803.666	1.0
804.666	1.0
805.666	1.0
806.666	1.0
807.666	1.0
808.666	1.0
809.666	1.0
810.666	1.0
811.666	1.0
812.666	1.0
813.666	1.0
814.666	1.0
815.666	1.0
816.666	1.0
817.666	1.0
818.666	1.0
819.666	1.0
820.666	1.0
821.666	1.0
822.666	1.0
823.666	1.0
824.666	1.0
825.666	1.0
826.666	1.0
827.666	1.0
828.666	1.0
829.666	1.0
830.666	1.0
831.666	1.0
832.666	1.0
833.666	1.0
834.666	1.0
835.666	1.0
836.666	1.0
837.666	1.0
838.666	1.0
839.666	1.0
840.666	1.0
841.666	1.0
842.666	1.0
843.666	1.0
844.666	1.0
845.666	1.0
846.666	1.0
847.666	1.0
848.666	1.0
849.666	1.0
850.666	1.0
851.666	1.0
852.666	1.0
853.666	1.0
854.666	1.0
855.666	1.0
856.666	1.0
857.666	1.0
858.666	1.0
859.666	1.0
860.666	1.0
861.666	1.0
862.666	1.0
863.666	1.0
864.666	1.0
865.666	1.0
866.666	1.0
867.666	1.0
868.666	1.0
869.666	1.0
870.666	1.0
871.666	1.0
872.666	1.0
873.666	1.0
874.666	1.0
875.666	1.0
876.666	1.0
877.666	1.0
878.666	1.0
879.666	1.0
880.666	1.0
881.666	1.0
882.666	1.0
883.666	1.0
884.666	1.0
885.666	1.0
886.666	1.0
887.666	1.0
888.666	1.0
889.666	1.0
890.666	1.0
891.666	1.0
892.666	1.0
893.666	1.0
894.666	1.0
895.666	1.0
896.666	1.0
897.666	1.0
898.666	1.0
899.666	1.0
900.666	1.0
901.666	1.0
902.666	1.0
903.666	1.0
904.666	1.0
905.666	1.0
906.666	1.0
907.666	1.0
908.666	1.0
909.666	1.0
910.666	1.0
911.666	1.0
912.666	1.0
913.666	1.0
914.666	1.0
915.666	1.0
916.666	1.0
917.666	1.0
918.666	1.0
919.666	1.0
920.666	1.0
921.666	1.0
922.666	1.0
923.666	1.0
924.666	1.0
925.666	1.0
926.666	1.0
927.666	1.0
928.666	1.0
929.666	1.0
930.666	1.0
931.666	1.0
932.666	1.0
933.666	1.0
934.666	1.0
935.666	1.0
936.666	1.0
937.666	1.0
938.666	1.0
939.666	1.0
940.666	1.0
941.666	1.0
942.666	1.0
943.666	1.0
944.666	1.0
945.666	1.0
946.666	1.0
947.666	1.0
948.666	1.0
949.666	1.0
950.666	1.0
951.666	1.0
952.666	1.0
953.666	1.0
954.666	1.0
955.666	1.0
956.666	1.0
957.666	1.0
958.666	1.0
959.666	1.0
960.666	1.0
961.666	1.0
962.666	1.0
963.666	1.0
964.666	1.0
965.666	1.0
966.666	1.0
967.666	1.0
968.666	1.0
969.666	1.0
970.666	1.0
971.666	1.0
972.666	1.0
973.666	1.0
974.666	1.0
975.666	1.0
976.666	1.0
977.666	1.0
978.666	1.0
979.666	1.0
980.666	1.0
981.666	1.0
982.666	1.0
983.666	1.0
984.666	1.0
985.666	1.0
986.666	1.0
987.666	1.0
988.666	1.0
989.666	1.0
990.666	1.0
991.666	1.0
992.666	1.0
993.666	1.0
994.666	1.0
995.666	1.0
