0.74	0.5647237594846275
1.69	0.5744118381690113
2.636	0.5516414292795964
3.583	0.5476770186201287
4.509	0.558368419092307
5.462	0.56011616953483
6.390000000000001	0.5701233320481107
7.321	0.5751617592703134
8.245000000000001	0.5597708652651775
9.166	0.5776702970308557
10.087	0.5974665206538453
11.001	0.5991670948869708
11.922	0.6188062752799737
12.86	0.6246611551724538
13.783	0.6415697045494977
14.713000000000001	0.6960644860487086
15.643	0.6920900583125086
16.582	0.724447918663431
17.518	0.7413918388015606
18.452	0.8018105792412998
19.387	0.8053454899521262
20.311	0.835661060160291
21.257	0.8595944156371215
22.193	0.8749375074410227
23.151	0.8990441599050603
24.099	0.8707096083280327
25.065	0.8154646864537055
26.041	0.9162132731869534
26.998	0.7163033988031903
27.968	0.5706941597202623
28.946	0.26475278034406124
29.929000000000002	0.7444948450464794
30.913	0.8891729048921764
31.888	0.7124077393010289
32.867	0.563300853842556
33.843	0.2694562132246269
34.821	0.20055800412672148
35.800000000000004	0.15990277570498548
36.779	0.3241337053635933
37.762	0.31220982470707814
38.74	0.2158757784556714
39.72	0.3206152227602999
40.703	0.5546895011781897
41.681	0.260699360449522
42.662	0.27820838771739903
43.643	0.5900226957068544
44.626	0.5791324679819853
45.609	0.7147819562503049
46.587	0.24240494151548492
47.57	0.6235939633035537
48.553000000000004	0.839420671918395
49.53	0.32816344884703874
50.514	0.5832347623306245
51.492000000000004	0.45387210509245063
52.474000000000004	0.660402011803956
53.455	0.9151307765717891
54.434000000000005	0.7078694470546414
55.416000000000004	0.7561027774748684
56.398	0.5085041555725851
57.379	0.7939795818938383
58.359	0.8244389255733137
59.34	0.9335724679083439
60.32	0.6757088409355806
61.312000000000005	0.9792769827006754
62.292	0.5866378468860818
63.281	0.8818274539205438
64.271	0.9687590348433208
65.256	0.5862180417601276
66.247	0.911724819103847
67.236	0.5851285296654599
68.227	0.9411807734384768
69.218	0.89232450104116
70.208	0.7117864348240606
71.199	0.9698578201207962
72.19	0.9886451071320508
73.18	0.760575120606086
74.172	0.9589377913253548
75.163	0.9584802637088609
76.158	0.9078931514987215
77.155	0.9534052643449322
78.152	0.8607931303433638
79.15	0.9473134060048003
80.149	0.9539091641857983
81.137	0.7815100807467684
82.137	1.0
83.137	1.0
84.137	1.0
85.137	1.0
86.137	1.0
87.137	1.0
88.137	1.0
89.137	1.0
90.137	1.0
91.137	1.0
92.137	1.0
93.137	1.0
94.137	1.0
95.137	1.0
96.137	1.0
97.137	1.0
98.137	1.0
99.137	1.0
100.137	1.0
101.137	1.0
102.137	1.0
103.137	1.0
104.137	1.0
105.137	1.0
106.137	1.0
107.137	1.0
108.137	1.0
109.137	1.0
110.137	1.0
111.137	1.0
112.137	1.0
113.137	1.0
114.137	1.0
115.137	1.0
116.137	1.0
117.137	1.0
118.137	1.0
119.137	1.0
120.137	1.0
121.137	1.0
122.137	1.0
123.137	1.0
124.137	1.0
125.137	1.0
126.137	1.0
127.137	1.0
128.137	1.0
129.137	1.0
130.137	1.0
131.137	1.0
132.137	1.0
133.137	1.0
134.137	1.0
135.137	1.0
136.137	1.0
137.137	1.0
138.137	1.0
139.137	1.0
140.137	1.0
141.137	1.0
142.137	1.0
143.137	1.0
144.137	1.0
145.137	1.0
146.137	1.0
147.137	1.0
148.137	1.0
149.137	1.0
150.137	1.0
151.137	1.0
152.137	1.0
153.137	1.0
154.137	1.0
155.137	1.0
156.137	1.0
157.137	1.0
158.137	1.0
159.137	1.0
160.137	1.0
161.137	1.0
162.137	1.0
163.137	1.0
164.137	1.0
165.137	1.0
166.137	1.0
167.137	1.0
168.137	1.0
169.137	1.0
170.137	1.0
171.137	1.0
172.137	1.0
173.137	1.0
174.137	1.0
175.137	1.0
176.137	1.0
177.137	1.0
178.137	1.0
179.137	1.0
180.137	1.0
181.137	1.0
182.137	1.0
183.137	1.0
184.137	1.0
185.137	1.0
186.137	1.0
187.137	1.0
188.137	1.0
189.137	1.0
190.137	1.0
191.137	1.0
192.137	1.0
193.137	1.0
194.137	1.0
195.137	1.0
196.137	1.0
197.137	1.0
198.137	1.0
199.137	1.0
200.137	1.0
201.137	1.0
202.137	1.0
203.137	1.0
204.137	1.0
205.137	1.0
206.137	1.0
207.137	1.0
208.137	1.0
209.137	1.0
210.137	1.0
211.137	1.0
212.137	1.0
213.137	1.0
214.137	1.0
215.137	1.0
216.137	1.0
217.137	1.0
218.137	1.0
219.137	1.0
220.137	1.0
221.137	1.0
222.137	1.0
223.137	1.0
224.137	1.0
225.137	1.0
226.137	1.0
227.137	1.0
228.137	1.0
229.137	1.0
230.137	1.0
231.137	1.0
232.137	1.0
233.137	1.0
234.137	1.0
235.137	1.0
236.137	1.0
237.137	1.0
238.137	1.0
239.137	1.0
240.137	1.0
241.137	1.0
242.137	1.0
243.137	1.0
244.137	1.0
245.137	1.0
246.137	1.0
247.137	1.0
248.137	1.0
249.137	1.0
250.137	1.0
251.137	1.0
252.137	1.0
253.137	1.0
254.137	1.0
255.137	1.0
256.137	1.0
257.137	1.0
258.137	1.0
259.137	1.0
260.137	1.0
261.137	1.0
262.137	1.0
263.137	1.0
264.137	1.0
265.137	1.0
266.137	1.0
267.137	1.0
268.137	1.0
269.137	1.0
270.137	1.0
271.137	1.0
272.137	1.0
273.137	1.0
274.137	1.0
275.137	1.0
276.137	1.0
277.137	1.0
278.137	1.0
279.137	1.0
280.137	1.0
281.137	1.0
282.137	1.0
283.137	1.0
284.137	1.0
285.137	1.0
286.137	1.0
287.137	1.0
288.137	1.0
289.137	1.0
290.137	1.0
291.137	1.0
292.137	1.0
293.137	1.0
294.137	1.0
295.137	1.0
296.137	1.0
297.137	1.0
298.137	1.0
299.137	1.0
300.137	1.0
301.137	1.0
302.137	1.0
303.137	1.0
304.137	1.0
305.137	1.0
306.137	1.0
307.137	1.0
308.137	1.0
309.137	1.0
310.137	1.0
311.137	1.0
312.137	1.0
313.137	1.0
314.137	1.0
315.137	1.0
316.137	1.0
317.137	1.0
318.137	1.0
319.137	1.0
320.137	1.0
321.137	1.0
322.137	1.0
323.137	1.0
324.137	1.0
325.137	1.0
326.137	1.0
327.137	1.0
328.137	1.0
329.137	1.0
330.137	1.0
331.137	1.0
332.137	1.0
333.137	1.0
334.137	1.0
335.137	1.0
336.137	1.0
337.137	1.0
338.137	1.0
339.137	1.0
340.137	1.0
341.137	1.0
342.137	1.0
343.137	1.0
344.137	1.0
345.137	1.0
346.137	1.0
347.137	1.0
348.137	1.0
349.137	1.0
350.137	1.0
351.137	1.0
352.137	1.0
353.137	1.0
354.137	1.0
355.137	1.0
356.137	1.0
357.137	1.0
358.137	1.0
359.137	1.0
360.137	1.0
361.137	1.0
362.137	1.0
363.137	1.0
364.137	1.0
365.137	1.0
366.137	1.0
367.137	1.0
368.137	1.0
369.137	1.0
370.137	1.0
371.137	1.0
372.137	1.0
373.137	1.0
374.137	1.0
375.137	1.0
376.137	1.0
377.137	1.0
378.137	1.0
379.137	1.0
380.137	1.0
381.137	1.0
382.137	1.0
383.137	1.0
384.137	1.0
385.137	1.0
386.137	1.0
387.137	1.0
388.137	1.0
389.137	1.0
390.137	1.0
391.137	1.0
392.137	1.0
393.137	1.0
394.137	1.0
395.137	1.0
396.137	1.0
397.137	1.0
398.137	1.0
399.137	1.0
400.137	1.0
401.137	1.0
402.137	1.0
403.137	1.0
404.137	1.0
405.137	1.0
406.137	1.0
407.137	1.0
408.137	1.0
409.137	1.0
410.137	1.0
411.137	1.0
412.137	1.0
413.137	1.0
414.137	1.0
415.137	1.0
416.137	1.0
417.137	1.0
418.137	1.0
419.137	1.0
420.137	1.0
421.137	1.0
422.137	1.0
423.137	1.0
424.137	1.0
425.137	1.0
426.137	1.0
427.137	1.0
428.137	1.0
429.137	1.0
430.137	1.0
431.137	1.0
432.137	1.0
433.137	1.0
434.137	1.0
435.137	1.0
436.137	1.0
437.137	1.0
438.137	1.0
439.137	1.0
440.137	1.0
441.137	1.0
442.137	1.0
443.137	1.0
444.137	1.0
445.137	1.0
446.137	1.0
447.137	1.0
448.137	1.0
449.137	1.0
450.137	1.0
451.137	1.0
452.137	1.0
453.137	1.0
454.137	1.0
455.137	1.0
456.137	1.0
457.137	1.0
458.137	1.0
459.137	1.0
460.137	1.0
461.137	1.0
462.137	1.0
463.137	1.0
464.137	1.0
465.137	1.0
466.137	1.0
467.137	1.0
468.137	1.0
469.137	1.0
470.137	1.0
471.137	1.0
472.137	1.0
473.137	1.0
474.137	1.0
475.137	1.0
476.137	1.0
477.137	1.0
478.137	1.0
479.137	1.0
480.137	1.0
481.137	1.0
482.137	1.0
483.137	1.0
484.137	1.0
485.137	1.0
486.137	1.0
487.137	1.0
488.137	1.0
489.137	1.0
490.137	1.0
491.137	1.0
492.137	1.0
493.137	1.0
494.137	1.0
495.137	1.0
496.137	1.0
497.137	1.0
498.137	1.0
499.137	1.0
500.137	1.0
501.137	1.0
502.137	1.0
503.137	1.0
504.137	1.0
505.137	1.0
506.137	1.0
507.137	1.0
508.137	1.0
509.137	1.0
510.137	1.0
511.137	1.0
512.1370000000001	1.0
513.1370000000001	1.0
514.1370000000001	1.0
515.1370000000001	1.0
516.1370000000001	1.0
517.1370000000001	1.0
518.1370000000001	1.0
519.1370000000001	1.0
520.1370000000001	1.0
521.1370000000001	1.0
522.1370000000001	1.0
523.1370000000001	1.0
524.1370000000001	1.0
525.1370000000001	1.0
526.1370000000001	1.0
527.1370000000001	1.0
528.1370000000001	1.0
529.1370000000001	1.0
530.1370000000001	1.0
531.1370000000001	1.0
532.1370000000001	1.0
533.1370000000001	1.0
534.1370000000001	1.0
535.1370000000001	1.0
536.1370000000001	1.0
537.1370000000001	1.0
538.1370000000001	1.0
539.1370000000001	1.0
540.1370000000001	1.0
541.1370000000001	1.0
542.1370000000001	1.0
543.1370000000001	1.0
544.1370000000001	1.0
545.1370000000001	1.0
546.1370000000001	1.0
547.1370000000001	1.0
548.1370000000001	1.0
549.1370000000001	1.0
550.1370000000001	1.0
551.1370000000001	1.0
552.1370000000001	1.0
553.1370000000001	1.0
554.1370000000001	1.0
555.1370000000001	1.0
556.1370000000001	1.0
557.1370000000001	1.0
558.1370000000001	1.0
559.1370000000001	1.0
560.1370000000001	1.0
561.1370000000001	1.0
562.1370000000001	1.0
563.1370000000001	1.0
564.1370000000001	1.0
565.1370000000001	1.0
566.1370000000001	1.0
567.1370000000001	1.0
568.1370000000001	1.0
569.1370000000001	1.0
570.1370000000001	1.0
571.1370000000001	1.0
572.1370000000001	1.0
573.1370000000001	1.0
574.1370000000001	1.0
575.1370000000001	1.0
576.1370000000001	1.0
577.1370000000001	1.0
578.1370000000001	1.0
579.1370000000001	1.0
580.1370000000001	1.0
581.1370000000001	1.0
582.1370000000001	1.0
583.1370000000001	1.0
584.1370000000001	1.0
585.1370000000001	1.0
586.1370000000001	1.0
587.1370000000001	1.0
588.1370000000001	1.0
589.1370000000001	1.0
590.1370000000001	1.0
591.1370000000001	1.0
592.1370000000001	1.0
593.1370000000001	1.0
594.1370000000001	1.0
595.1370000000001	1.0
596.1370000000001	1.0
597.1370000000001	1.0
598.1370000000001	1.0
599.1370000000001	1.0
600.1370000000001	1.0
601.1370000000001	1.0
602.1370000000001	1.0
603.1370000000001	1.0
604.1370000000001	1.0
605.1370000000001	1.0
606.1370000000001	1.0
607.1370000000001	1.0
608.1370000000001	1.0
609.1370000000001	1.0
610.1370000000001	1.0
611.1370000000001	1.0
612.1370000000001	1.0
613.1370000000001	1.0
614.1370000000001	1.0
615.1370000000001	1.0
616.1370000000001	1.0
617.1370000000001	1.0
618.1370000000001	1.0
619.1370000000001	1.0
620.1370000000001	1.0
621.1370000000001	1.0
622.1370000000001	1.0
623.1370000000001	1.0
624.1370000000001	1.0
625.1370000000001	1.0
626.1370000000001	1.0
627.1370000000001	1.0
628.1370000000001	1.0
629.1370000000001	1.0
630.1370000000001	1.0
631.1370000000001	1.0
632.1370000000001	1.0
633.1370000000001	1.0
634.1370000000001	1.0
635.1370000000001	1.0
636.1370000000001	1.0
637.1370000000001	1.0
638.1370000000001	1.0
639.1370000000001	1.0
640.1370000000001	1.0
641.1370000000001	1.0
642.1370000000001	1.0
643.1370000000001	1.0
644.1370000000001	1.0
645.1370000000001	1.0
646.1370000000001	1.0
647.1370000000001	1.0
648.1370000000001	1.0
649.1370000000001	1.0
650.1370000000001	1.0
651.1370000000001	1.0
652.1370000000001	1.0
653.1370000000001	1.0
654.1370000000001	1.0
655.1370000000001	1.0
656.1370000000001	1.0
657.1370000000001	1.0
658.1370000000001	1.0
659.1370000000001	1.0
660.1370000000001	1.0
661.1370000000001	1.0
662.1370000000001	1.0
663.1370000000001	1.0
664.1370000000001	1.0
665.1370000000001	1.0
666.1370000000001	1.0
667.1370000000001	1.0
668.1370000000001	1.0
669.1370000000001	1.0
670.1370000000001	1.0
671.1370000000001	1.0
672.1370000000001	1.0
673.1370000000001	1.0
674.1370000000001	1.0
675.1370000000001	1.0
676.1370000000001	1.0
677.1370000000001	1.0
678.1370000000001	1.0
679.1370000000001	1.0
680.1370000000001	1.0
681.1370000000001	1.0
682.1370000000001	1.0
683.1370000000001	1.0
684.1370000000001	1.0
685.1370000000001	1.0
686.1370000000001	1.0
687.1370000000001	1.0
688.1370000000001	1.0
689.1370000000001	1.0
690.1370000000001	1.0
691.1370000000001	1.0
692.1370000000001	1.0
693.1370000000001	1.0
694.1370000000001	1.0
695.1370000000001	1.0
696.1370000000001	1.0
697.1370000000001	1.0
698.1370000000001	1.0
699.1370000000001	1.0
700.1370000000001	1.0
701.1370000000001	1.0
702.1370000000001	1.0
703.1370000000001	1.0
704.1370000000001	1.0
705.1370000000001	1.0
706.1370000000001	1.0
707.1370000000001	1.0
708.1370000000001	1.0
709.1370000000001	1.0
710.1370000000001	1.0
711.1370000000001	1.0
712.1370000000001	1.0
713.1370000000001	1.0
714.1370000000001	1.0
715.1370000000001	1.0
716.1370000000001	1.0
717.1370000000001	1.0
718.1370000000001	1.0
719.1370000000001	1.0
720.1370000000001	1.0
721.1370000000001	1.0
722.1370000000001	1.0
723.1370000000001	1.0
724.1370000000001	1.0
725.1370000000001	1.0
726.1370000000001	1.0
727.1370000000001	1.0
728.1370000000001	1.0
729.1370000000001	1.0
730.1370000000001	1.0
731.1370000000001	1.0
732.1370000000001	1.0
733.1370000000001	1.0
734.1370000000001	1.0
735.1370000000001	1.0
736.1370000000001	1.0
737.1370000000001	1.0
738.1370000000001	1.0
739.1370000000001	1.0
740.1370000000001	1.0
741.1370000000001	1.0
742.1370000000001	1.0
743.1370000000001	1.0
744.1370000000001	1.0
745.1370000000001	1.0
746.1370000000001	1.0
747.1370000000001	1.0
748.1370000000001	1.0
749.1370000000001	1.0
750.1370000000001	1.0
751.1370000000001	1.0
752.1370000000001	1.0
753.1370000000001	1.0
754.1370000000001	1.0
755.1370000000001	1.0
756.1370000000001	1.0
757.1370000000001	1.0
758.1370000000001	1.0
759.1370000000001	1.0
760.1370000000001	1.0
761.1370000000001	1.0
762.1370000000001	1.0
763.1370000000001	1.0
764.1370000000001	1.0
765.1370000000001	1.0
766.1370000000001	1.0
767.1370000000001	1.0
768.1370000000001	1.0
769.1370000000001	1.0
770.1370000000001	1.0
771.1370000000001	1.0
772.1370000000001	1.0
773.1370000000001	1.0
774.1370000000001	1.0
775.1370000000001	1.0
776.1370000000001	1.0
777.1370000000001	1.0
778.1370000000001	1.0
779.1370000000001	1.0
780.1370000000001	1.0
781.1370000000001	1.0
782.1370000000001	1.0
783.1370000000001	1.0
784.1370000000001	1.0
785.1370000000001	1.0
786.1370000000001	1.0
787.1370000000001	1.0
788.1370000000001	1.0
789.1370000000001	1.0
790.1370000000001	1.0
791.1370000000001	1.0
792.1370000000001	1.0
793.1370000000001	1.0
794.1370000000001	1.0
795.1370000000001	1.0
796.1370000000001	1.0
797.1370000000001	1.0
798.1370000000001	1.0
799.1370000000001	1.0
800.1370000000001	1.0
801.1370000000001	1.0
802.1370000000001	1.0
803.1370000000001	1.0
804.1370000000001	1.0
805.1370000000001	1.0
806.1370000000001	1.0
807.1370000000001	1.0
808.1370000000001	1.0
809.1370000000001	1.0
810.1370000000001	1.0
811.1370000000001	1.0
812.1370000000001	1.0
813.1370000000001	1.0
814.1370000000001	1.0
815.1370000000001	1.0
816.1370000000001	1.0
817.1370000000001	1.0
818.1370000000001	1.0
819.1370000000001	1.0
820.1370000000001	1.0
821.1370000000001	1.0
822.1370000000001	1.0
823.1370000000001	1.0
824.1370000000001	1.0
825.1370000000001	1.0
826.1370000000001	1.0
827.1370000000001	1.0
828.1370000000001	1.0
829.1370000000001	1.0
830.1370000000001	1.0
831.1370000000001	1.0
832.1370000000001	1.0
833.1370000000001	1.0
834.1370000000001	1.0
835.1370000000001	1.0
836.1370000000001	1.0
837.1370000000001	1.0
838.1370000000001	1.0
839.1370000000001	1.0
840.1370000000001	1.0
841.1370000000001	1.0
842.1370000000001	1.0
843.1370000000001	1.0
844.1370000000001	1.0
845.1370000000001	1.0
846.1370000000001	1.0
847.1370000000001	1.0
848.1370000000001	1.0
849.1370000000001	1.0
850.1370000000001	1.0
851.1370000000001	1.0
852.1370000000001	1.0
853.1370000000001	1.0
854.1370000000001	1.0
855.1370000000001	1.0
856.1370000000001	1.0
857.1370000000001	1.0
858.1370000000001	1.0
859.1370000000001	1.0
860.1370000000001	1.0
861.1370000000001	1.0
862.1370000000001	1.0
863.1370000000001	1.0
864.1370000000001	1.0
865.1370000000001	1.0
866.1370000000001	1.0
867.1370000000001	1.0
868.1370000000001	1.0
869.1370000000001	1.0
870.1370000000001	1.0
871.1370000000001	1.0
872.1370000000001	1.0
873.1370000000001	1.0
874.1370000000001	1.0
875.1370000000001	1.0
876.1370000000001	1.0
877.1370000000001	1.0
878.1370000000001	1.0
879.1370000000001	1.0
880.1370000000001	1.0
881.1370000000001	1.0
882.1370000000001	1.0
883.1370000000001	1.0
884.1370000000001	1.0
885.1370000000001	1.0
886.1370000000001	1.0
887.1370000000001	1.0
888.1370000000001	1.0
889.1370000000001	1.0
890.1370000000001	1.0
891.1370000000001	1.0
892.1370000000001	1.0
893.1370000000001	1.0
894.1370000000001	1.0
895.1370000000001	1.0
896.1370000000001	1.0
897.1370000000001	1.0
898.1370000000001	1.0
899.1370000000001	1.0
900.1370000000001	1.0
901.1370000000001	1.0
902.1370000000001	1.0
903.1370000000001	1.0
904.1370000000001	1.0
905.1370000000001	1.0
906.1370000000001	1.0
907.1370000000001	1.0
908.1370000000001	1.0
909.1370000000001	1.0
910.1370000000001	1.0
911.1370000000001	1.0
912.1370000000001	1.0
913.1370000000001	1.0
914.1370000000001	1.0
915.1370000000001	1.0
916.1370000000001	1.0
917.1370000000001	1.0
918.1370000000001	1.0
919.1370000000001	1.0
920.1370000000001	1.0
921.1370000000001	1.0
922.1370000000001	1.0
923.1370000000001	1.0
924.1370000000001	1.0
925.1370000000001	1.0
926.1370000000001	1.0
927.1370000000001	1.0
928.1370000000001	1.0
929.1370000000001	1.0
930.1370000000001	1.0
931.1370000000001	1.0
932.1370000000001	1.0
933.1370000000001	1.0
934.1370000000001	1.0
935.1370000000001	1.0
936.1370000000001	1.0
937.1370000000001	1.0
938.1370000000001	1.0
939.1370000000001	1.0
940.1370000000001	1.0
941.1370000000001	1.0
942.1370000000001	1.0
943.1370000000001	1.0
944.1370000000001	1.0
945.1370000000001	1.0
946.1370000000001	1.0
947.1370000000001	1.0
948.1370000000001	1.0
949.1370000000001	1.0
950.1370000000001	1.0
951.1370000000001	1.0
952.1370000000001	1.0
953.1370000000001	1.0
954.1370000000001	1.0
955.1370000000001	1.0
956.1370000000001	1.0
957.1370000000001	1.0
958.1370000000001	1.0
959.1370000000001	1.0
960.1370000000001	1.0
961.1370000000001	1.0
962.1370000000001	1.0
963.1370000000001	1.0
964.1370000000001	1.0
965.1370000000001	1.0
966.1370000000001	1.0
967.1370000000001	1.0
968.1370000000001	1.0
969.1370000000001	1.0
970.1370000000001	1.0
971.1370000000001	1.0
972.1370000000001	1.0
973.1370000000001	1.0
974.1370000000001	1.0
975.1370000000001	1.0
976.1370000000001	1.0
977.1370000000001	1.0
978.1370000000001	1.0
979.1370000000001	1.0
980.1370000000001	1.0
981.1370000000001	1.0
982.1370000000001	1.0
983.1370000000001	1.0
984.1370000000001	1.0
985.1370000000001	1.0
986.1370000000001	1.0
987.1370000000001	1.0
988.1370000000001	1.0
989.1370000000001	1.0
990.1370000000001	1.0
991.1370000000001	1.0
992.1370000000001	1.0
993.1370000000001	1.0
994.1370000000001	1.0
995.1370000000001	1.0
996.1370000000001	1.0
997.1370000000001	1.0
