0.47100000000000003	0.5487957107515382
1.364	0.5968991798624583
2.248	0.6031705802397735
3.132	0.5913093565854222
4.015	0.5973952333051159
4.891	0.609739331807707
5.766	0.5978472763076763
6.678	0.5995097680534992
7.549	0.58905347943254
8.405	0.5908980831621651
9.282	0.601834605913134
10.152000000000001	0.6173074756873604
11.017	0.6287118849159543
11.891	0.621183400954519
12.774000000000001	0.6348636987530188
13.64	0.6672835828321219
14.532	0.667922694208809
15.438	0.6663066217408646
16.330000000000002	0.6945034309550542
17.21	0.7257066637943782
18.095	0.7680764322614678
18.993000000000002	0.7827724477010062
19.864	0.8393195185111764
20.747	0.8321066416402154
21.649	0.6821137040682186
22.56	0.7671942537323152
23.472	0.6872448153095383
24.381	0.36431029955476923
25.315	0.6396030144551066
26.254	0.32682013589547504
27.193	0.25559465784602176
28.129	0.34275361923702585
29.072	0.28226925636082795
30.025000000000002	0.353561984336633
30.981	0.3657486514357145
31.952	0.2642195146348877
32.921	0.5655350311794838
33.898	0.239949994399463
34.881	0.5236806310715959
35.857	0.41489942708161776
36.842	0.46144668844647524
37.821	0.32338279049129953
38.806	0.7089241938229003
39.78	0.7280400751612065
40.759	0.4803237852789617
41.745	0.7859982493490798
42.719	0.558234333880767
43.701	0.90330161795138
44.681	0.8435547472171215
45.662	0.8433090163883802
46.65	0.9705535777042374
47.629	0.9588229353023549
48.606	0.62207329585732
49.592	0.9377543714110863
50.572	0.6792021389679037
51.553000000000004	0.6787252844167716
52.541000000000004	0.9348214559348835
53.524	0.7354269720952018
54.509	0.6958945157689485
55.494	0.4463450959042121
56.479	0.4757029433884528
57.465	0.9100772640010684
58.459	0.9865487821195117
59.449	0.9653348871838144
60.434000000000005	0.49801928211689955
61.42	0.49777046374029965
62.407000000000004	0.49691885147169956
63.401	0.9208477842464764
64.39	0.9405859018438596
65.38	0.6013865206696997
66.376	0.9873964647549184
67.369	0.9862744685648659
68.363	0.9850166211327515
69.359	0.9836056577624614
70.356	0.9820415784539955
71.355	1.0
72.355	1.0
73.355	1.0
74.355	1.0
75.355	1.0
76.355	1.0
77.355	1.0
78.355	1.0
79.355	1.0
80.355	1.0
81.355	1.0
82.355	1.0
83.355	1.0
84.355	1.0
85.355	1.0
86.355	1.0
87.355	1.0
88.355	1.0
89.355	1.0
90.355	1.0
91.355	1.0
92.355	1.0
93.355	1.0
94.355	1.0
95.355	1.0
96.355	1.0
97.355	1.0
98.355	1.0
99.355	1.0
100.355	1.0
101.355	1.0
102.355	1.0
103.355	1.0
104.355	1.0
105.355	1.0
106.355	1.0
107.355	1.0
108.355	1.0
109.355	1.0
110.355	1.0
111.355	1.0
112.355	1.0
113.355	1.0
114.355	1.0
115.355	1.0
116.355	1.0
117.355	1.0
118.355	1.0
119.355	1.0
120.355	1.0
121.355	1.0
122.355	1.0
123.355	1.0
124.355	1.0
125.355	1.0
126.355	1.0
127.355	1.0
128.355	1.0
129.355	1.0
130.355	1.0
131.355	1.0
132.355	1.0
133.355	1.0
134.355	1.0
135.355	1.0
136.355	1.0
137.355	1.0
138.355	1.0
139.355	1.0
140.355	1.0
141.355	1.0
142.355	1.0
143.355	1.0
144.355	1.0
145.355	1.0
146.355	1.0
147.355	1.0
148.355	1.0
149.355	1.0
150.355	1.0
151.355	1.0
152.355	1.0
153.355	1.0
154.355	1.0
155.355	1.0
156.355	1.0
157.355	1.0
158.355	1.0
159.355	1.0
160.355	1.0
161.355	1.0
162.355	1.0
163.355	1.0
164.355	1.0
165.355	1.0
166.355	1.0
167.355	1.0
168.355	1.0
169.355	1.0
170.355	1.0
171.355	1.0
172.355	1.0
173.355	1.0
174.355	1.0
175.355	1.0
176.355	1.0
177.355	1.0
178.355	1.0
179.355	1.0
180.355	1.0
181.355	1.0
182.355	1.0
183.355	1.0
184.355	1.0
185.355	1.0
186.355	1.0
187.355	1.0
188.355	1.0
189.355	1.0
190.355	1.0
191.35500000000002	1.0
192.35500000000002	1.0
193.35500000000002	1.0
194.35500000000002	1.0
195.35500000000002	1.0
196.35500000000002	1.0
197.35500000000002	1.0
198.35500000000002	1.0
199.35500000000002	1.0
200.35500000000002	1.0
201.35500000000002	1.0
202.35500000000002	1.0
203.35500000000002	1.0
204.35500000000002	1.0
205.35500000000002	1.0
206.35500000000002	1.0
207.35500000000002	1.0
208.35500000000002	1.0
209.35500000000002	1.0
210.35500000000002	1.0
211.35500000000002	1.0
212.35500000000002	1.0
213.35500000000002	1.0
214.35500000000002	1.0
215.35500000000002	1.0
216.35500000000002	1.0
217.35500000000002	1.0
218.35500000000002	1.0
219.35500000000002	1.0
220.35500000000002	1.0
221.35500000000002	1.0
222.35500000000002	1.0
223.35500000000002	1.0
224.35500000000002	1.0
225.35500000000002	1.0
226.35500000000002	1.0
227.35500000000002	1.0
228.35500000000002	1.0
229.35500000000002	1.0
230.35500000000002	1.0
231.35500000000002	1.0
232.35500000000002	1.0
233.35500000000002	1.0
234.35500000000002	1.0
235.35500000000002	1.0
236.35500000000002	1.0
237.35500000000002	1.0
238.35500000000002	1.0
239.35500000000002	1.0
240.35500000000002	1.0
241.35500000000002	1.0
242.35500000000002	1.0
243.35500000000002	1.0
244.35500000000002	1.0
245.35500000000002	1.0
246.35500000000002	1.0
247.35500000000002	1.0
248.35500000000002	1.0
249.35500000000002	1.0
250.35500000000002	1.0
251.35500000000002	1.0
252.35500000000002	1.0
253.35500000000002	1.0
254.35500000000002	1.0
255.35500000000002	1.0
256.355	1.0
257.355	1.0
258.355	1.0
259.355	1.0
260.355	1.0
261.355	1.0
262.355	1.0
263.355	1.0
264.355	1.0
265.355	1.0
266.355	1.0
267.355	1.0
268.355	1.0
269.355	1.0
270.355	1.0
271.355	1.0
272.355	1.0
273.355	1.0
274.355	1.0
275.355	1.0
276.355	1.0
277.355	1.0
278.355	1.0
279.355	1.0
280.355	1.0
281.355	1.0
282.355	1.0
283.355	1.0
284.355	1.0
285.355	1.0
286.355	1.0
287.355	1.0
288.355	1.0
289.355	1.0
290.355	1.0
291.355	1.0
292.355	1.0
293.355	1.0
294.355	1.0
295.355	1.0
296.355	1.0
297.355	1.0
298.355	1.0
299.355	1.0
300.355	1.0
301.355	1.0
302.355	1.0
303.355	1.0
304.355	1.0
305.355	1.0
306.355	1.0
307.355	1.0
308.355	1.0
309.355	1.0
310.355	1.0
311.355	1.0
312.355	1.0
313.355	1.0
314.355	1.0
315.355	1.0
316.355	1.0
317.355	1.0
318.355	1.0
319.355	1.0
320.355	1.0
321.355	1.0
322.355	1.0
323.355	1.0
324.355	1.0
325.355	1.0
326.355	1.0
327.355	1.0
328.355	1.0
329.355	1.0
330.355	1.0
331.355	1.0
332.355	1.0
333.355	1.0
334.355	1.0
335.355	1.0
336.355	1.0
337.355	1.0
338.355	1.0
339.355	1.0
340.355	1.0
341.355	1.0
342.355	1.0
343.355	1.0
344.355	1.0
345.355	1.0
346.355	1.0
347.355	1.0
348.355	1.0
349.355	1.0
350.355	1.0
351.355	1.0
352.355	1.0
353.355	1.0
354.355	1.0
355.355	1.0
356.355	1.0
357.355	1.0
358.355	1.0
359.355	1.0
360.355	1.0
361.355	1.0
362.355	1.0
363.355	1.0
364.355	1.0
365.355	1.0
366.355	1.0
367.355	1.0
368.355	1.0
369.355	1.0
370.355	1.0
371.355	1.0
372.355	1.0
373.355	1.0
374.355	1.0
375.355	1.0
376.355	1.0
377.355	1.0
378.355	1.0
379.355	1.0
380.355	1.0
381.355	1.0
382.355	1.0
383.355	1.0
384.355	1.0
385.355	1.0
386.355	1.0
387.355	1.0
388.355	1.0
389.355	1.0
390.355	1.0
391.355	1.0
392.355	1.0
393.355	1.0
394.355	1.0
395.355	1.0
396.355	1.0
397.355	1.0
398.355	1.0
399.355	1.0
400.355	1.0
401.355	1.0
402.355	1.0
403.355	1.0
404.355	1.0
405.355	1.0
406.355	1.0
407.355	1.0
408.355	1.0
409.355	1.0
410.355	1.0
411.355	1.0
412.355	1.0
413.355	1.0
414.355	1.0
415.355	1.0
416.355	1.0
417.355	1.0
418.355	1.0
419.355	1.0
420.355	1.0
421.355	1.0
422.355	1.0
423.355	1.0
424.355	1.0
425.355	1.0
426.355	1.0
427.355	1.0
428.355	1.0
429.355	1.0
430.355	1.0
431.355	1.0
432.355	1.0
433.355	1.0
434.355	1.0
435.355	1.0
436.355	1.0
437.355	1.0
438.355	1.0
439.355	1.0
440.355	1.0
441.355	1.0
442.355	1.0
443.355	1.0
444.355	1.0
445.355	1.0
446.355	1.0
447.355	1.0
448.355	1.0
449.355	1.0
450.355	1.0
451.355	1.0
452.355	1.0
453.355	1.0
454.355	1.0
455.355	1.0
456.355	1.0
457.355	1.0
458.355	1.0
459.355	1.0
460.355	1.0
461.355	1.0
462.355	1.0
463.355	1.0
464.355	1.0
465.355	1.0
466.355	1.0
467.355	1.0
468.355	1.0
469.355	1.0
470.355	1.0
471.355	1.0
472.355	1.0
473.355	1.0
474.355	1.0
475.355	1.0
476.355	1.0
477.355	1.0
478.355	1.0
479.355	1.0
480.355	1.0
481.355	1.0
482.355	1.0
483.355	1.0
484.355	1.0
485.355	1.0
486.355	1.0
487.355	1.0
488.355	1.0
489.355	1.0
490.355	1.0
491.355	1.0
492.355	1.0
493.355	1.0
494.355	1.0
495.355	1.0
496.355	1.0
497.355	1.0
498.355	1.0
499.355	1.0
500.355	1.0
501.355	1.0
502.355	1.0
503.355	1.0
504.355	1.0
505.355	1.0
506.355	1.0
507.355	1.0
508.355	1.0
509.355	1.0
510.355	1.0
511.355	1.0
512.355	1.0
513.355	1.0
514.355	1.0
515.355	1.0
516.355	1.0
517.355	1.0
518.355	1.0
519.355	1.0
520.355	1.0
521.355	1.0
522.355	1.0
523.355	1.0
524.355	1.0
525.355	1.0
526.355	1.0
527.355	1.0
528.355	1.0
529.355	1.0
530.355	1.0
531.355	1.0
532.355	1.0
533.355	1.0
534.355	1.0
535.355	1.0
536.355	1.0
537.355	1.0
538.355	1.0
539.355	1.0
540.355	1.0
541.355	1.0
542.355	1.0
543.355	1.0
544.355	1.0
545.355	1.0
546.355	1.0
547.355	1.0
548.355	1.0
549.355	1.0
550.355	1.0
551.355	1.0
552.355	1.0
553.355	1.0
554.355	1.0
555.355	1.0
556.355	1.0
557.355	1.0
558.355	1.0
559.355	1.0
560.355	1.0
561.355	1.0
562.355	1.0
563.355	1.0
564.355	1.0
565.355	1.0
566.355	1.0
567.355	1.0
568.355	1.0
569.355	1.0
570.355	1.0
571.355	1.0
572.355	1.0
573.355	1.0
574.355	1.0
575.355	1.0
576.355	1.0
577.355	1.0
578.355	1.0
579.355	1.0
580.355	1.0
581.355	1.0
582.355	1.0
583.355	1.0
584.355	1.0
585.355	1.0
586.355	1.0
587.355	1.0
588.355	1.0
589.355	1.0
590.355	1.0
591.355	1.0
592.355	1.0
593.355	1.0
594.355	1.0
595.355	1.0
596.355	1.0
597.355	1.0
598.355	1.0
599.355	1.0
600.355	1.0
601.355	1.0
602.355	1.0
603.355	1.0
604.355	1.0
605.355	1.0
606.355	1.0
607.355	1.0
608.355	1.0
609.355	1.0
610.355	1.0
611.355	1.0
612.355	1.0
613.355	1.0
614.355	1.0
615.355	1.0
616.355	1.0
617.355	1.0
618.355	1.0
619.355	1.0
620.355	1.0
621.355	1.0
622.355	1.0
623.355	1.0
624.355	1.0
625.355	1.0
626.355	1.0
627.355	1.0
628.355	1.0
629.355	1.0
630.355	1.0
631.355	1.0
632.355	1.0
633.355	1.0
634.355	1.0
635.355	1.0
636.355	1.0
637.355	1.0
638.355	1.0
639.355	1.0
640.355	1.0
641.355	1.0
642.355	1.0
643.355	1.0
644.355	1.0
645.355	1.0
646.355	1.0
647.355	1.0
648.355	1.0
649.355	1.0
650.355	1.0
651.355	1.0
652.355	1.0
653.355	1.0
654.355	1.0
655.355	1.0
656.355	1.0
657.355	1.0
658.355	1.0
659.355	1.0
660.355	1.0
661.355	1.0
662.355	1.0
663.355	1.0
664.355	1.0
665.355	1.0
666.355	1.0
667.355	1.0
668.355	1.0
669.355	1.0
670.355	1.0
671.355	1.0
672.355	1.0
673.355	1.0
674.355	1.0
675.355	1.0
676.355	1.0
677.355	1.0
678.355	1.0
679.355	1.0
680.355	1.0
681.355	1.0
682.355	1.0
683.355	1.0
684.355	1.0
685.355	1.0
686.355	1.0
687.355	1.0
688.355	1.0
689.355	1.0
690.355	1.0
691.355	1.0
692.355	1.0
693.355	1.0
694.355	1.0
695.355	1.0
696.355	1.0
697.355	1.0
698.355	1.0
699.355	1.0
700.355	1.0
701.355	1.0
702.355	1.0
703.355	1.0
704.355	1.0
705.355	1.0
706.355	1.0
707.355	1.0
708.355	1.0
709.355	1.0
710.355	1.0
711.355	1.0
712.355	1.0
713.355	1.0
714.355	1.0
715.355	1.0
716.355	1.0
717.355	1.0
718.355	1.0
719.355	1.0
720.355	1.0
721.355	1.0
722.355	1.0
723.355	1.0
724.355	1.0
725.355	1.0
726.355	1.0
727.355	1.0
728.355	1.0
729.355	1.0
730.355	1.0
731.355	1.0
732.355	1.0
733.355	1.0
734.355	1.0
735.355	1.0
736.355	1.0
737.355	1.0
738.355	1.0
739.355	1.0
740.355	1.0
741.355	1.0
742.355	1.0
743.355	1.0
744.355	1.0
745.355	1.0
746.355	1.0
747.355	1.0
748.355	1.0
749.355	1.0
750.355	1.0
751.355	1.0
752.355	1.0
753.355	1.0
754.355	1.0
755.355	1.0
756.355	1.0
757.355	1.0
758.355	1.0
759.355	1.0
760.355	1.0
761.355	1.0
762.355	1.0
763.355	1.0
764.355	1.0
765.355	1.0
766.355	1.0
767.355	1.0
768.355	1.0
769.355	1.0
770.355	1.0
771.355	1.0
772.355	1.0
773.355	1.0
774.355	1.0
775.355	1.0
776.355	1.0
777.355	1.0
778.355	1.0
779.355	1.0
780.355	1.0
781.355	1.0
782.355	1.0
783.355	1.0
784.355	1.0
785.355	1.0
786.355	1.0
787.355	1.0
788.355	1.0
789.355	1.0
790.355	1.0
791.355	1.0
792.355	1.0
793.355	1.0
794.355	1.0
795.355	1.0
796.355	1.0
797.355	1.0
798.355	1.0
799.355	1.0
800.355	1.0
801.355	1.0
802.355	1.0
803.355	1.0
804.355	1.0
805.355	1.0
806.355	1.0
807.355	1.0
808.355	1.0
809.355	1.0
810.355	1.0
811.355	1.0
812.355	1.0
813.355	1.0
814.355	1.0
815.355	1.0
816.355	1.0
817.355	1.0
818.355	1.0
819.355	1.0
820.355	1.0
821.355	1.0
822.355	1.0
823.355	1.0
824.355	1.0
825.355	1.0
826.355	1.0
827.355	1.0
828.355	1.0
829.355	1.0
830.355	1.0
831.355	1.0
832.355	1.0
833.355	1.0
834.355	1.0
835.355	1.0
836.355	1.0
837.355	1.0
838.355	1.0
839.355	1.0
840.355	1.0
841.355	1.0
842.355	1.0
843.355	1.0
844.355	1.0
845.355	1.0
846.355	1.0
847.355	1.0
848.355	1.0
849.355	1.0
850.355	1.0
851.355	1.0
852.355	1.0
853.355	1.0
854.355	1.0
855.355	1.0
856.355	1.0
857.355	1.0
858.355	1.0
859.355	1.0
860.355	1.0
861.355	1.0
862.355	1.0
863.355	1.0
864.355	1.0
865.355	1.0
866.355	1.0
867.355	1.0
868.355	1.0
869.355	1.0
870.355	1.0
871.355	1.0
872.355	1.0
873.355	1.0
874.355	1.0
875.355	1.0
876.355	1.0
877.355	1.0
878.355	1.0
879.355	1.0
880.355	1.0
881.355	1.0
882.355	1.0
883.355	1.0
884.355	1.0
885.355	1.0
886.355	1.0
887.355	1.0
888.355	1.0
889.355	1.0
890.355	1.0
891.355	1.0
892.355	1.0
893.355	1.0
894.355	1.0
895.355	1.0
896.355	1.0
897.355	1.0
898.355	1.0
899.355	1.0
900.355	1.0
901.355	1.0
902.355	1.0
903.355	1.0
904.355	1.0
905.355	1.0
906.355	1.0
907.355	1.0
908.355	1.0
909.355	1.0
910.355	1.0
911.355	1.0
912.355	1.0
913.355	1.0
914.355	1.0
915.355	1.0
916.355	1.0
917.355	1.0
918.355	1.0
919.355	1.0
920.355	1.0
921.355	1.0
922.355	1.0
923.355	1.0
924.355	1.0
925.355	1.0
926.355	1.0
927.355	1.0
928.355	1.0
929.355	1.0
930.355	1.0
931.355	1.0
932.355	1.0
933.355	1.0
934.355	1.0
935.355	1.0
936.355	1.0
937.355	1.0
938.355	1.0
939.355	1.0
940.355	1.0
941.355	1.0
942.355	1.0
943.355	1.0
944.355	1.0
945.355	1.0
946.355	1.0
947.355	1.0
948.355	1.0
949.355	1.0
950.355	1.0
951.355	1.0
952.355	1.0
953.355	1.0
954.355	1.0
955.355	1.0
956.355	1.0
957.355	1.0
958.355	1.0
959.355	1.0
960.355	1.0
961.355	1.0
962.355	1.0
963.355	1.0
964.355	1.0
965.355	1.0
966.355	1.0
967.355	1.0
968.355	1.0
969.355	1.0
970.355	1.0
971.355	1.0
972.355	1.0
973.355	1.0
974.355	1.0
975.355	1.0
976.355	1.0
977.355	1.0
978.355	1.0
979.355	1.0
980.355	1.0
981.355	1.0
982.355	1.0
983.355	1.0
984.355	1.0
985.355	1.0
986.355	1.0
987.355	1.0
988.355	1.0
989.355	1.0
990.355	1.0
991.355	1.0
992.355	1.0
993.355	1.0
994.355	1.0
995.355	1.0
