0.254	0.5959622412622726
1.101	0.5939075193148066
1.977	0.5659483850191299
2.832	0.5508216346897847
3.7030000000000003	0.5327406223056136
4.593	0.4961927993493891
5.487	0.3631463868343172
6.41	0.24934106229767758
7.351	0.26188143520882384
8.301	0.33644464564196047
9.254	0.6227788056957794
10.209	0.8747436204513371
11.15	0.5841434515140431
12.102	0.8013065587175444
13.051	0.624888347563068
14.007	0.8320894684194868
14.979000000000001	0.9418491850593308
15.967	0.9305206773364435
16.954	0.8405943214265764
17.943	0.9788904228281429
18.935	0.986733895481533
19.929000000000002	0.9843305864989478
20.925	0.981441831129943
21.925	1.0
22.925	1.0
23.925	1.0
24.925	1.0
25.925	1.0
26.925	1.0
27.925	1.0
28.925	1.0
29.925	1.0
30.925	1.0
31.925	1.0
32.925	1.0
33.925	1.0
34.925000000000004	1.0
35.925000000000004	1.0
36.925000000000004	1.0
37.925000000000004	1.0
38.925000000000004	1.0
39.925000000000004	1.0
40.925000000000004	1.0
41.925000000000004	1.0
42.925000000000004	1.0
43.925000000000004	1.0
44.925000000000004	1.0
45.925000000000004	1.0
46.925000000000004	1.0
47.925000000000004	1.0
48.925000000000004	1.0
49.925000000000004	1.0
50.925000000000004	1.0
51.925000000000004	1.0
52.925000000000004	1.0
53.925000000000004	1.0
54.925000000000004	1.0
55.925000000000004	1.0
56.925000000000004	1.0
57.925000000000004	1.0
58.925000000000004	1.0
59.925000000000004	1.0
60.925000000000004	1.0
61.925000000000004	1.0
62.925000000000004	1.0
63.925000000000004	1.0
64.925	1.0
65.925	1.0
66.925	1.0
67.925	1.0
68.925	1.0
69.925	1.0
70.925	1.0
71.925	1.0
72.925	1.0
73.925	1.0
74.925	1.0
75.925	1.0
76.925	1.0
77.925	1.0
78.925	1.0
79.925	1.0
80.925	1.0
81.925	1.0
82.925	1.0
83.925	1.0
84.925	1.0
85.925	1.0
86.925	1.0
87.925	1.0
88.925	1.0
89.925	1.0
90.925	1.0
91.925	1.0
92.925	1.0
93.925	1.0
94.925	1.0
95.925	1.0
96.925	1.0
97.925	1.0
98.925	1.0
99.925	1.0
100.925	1.0
101.925	1.0
102.925	1.0
103.925	1.0
104.925	1.0
105.925	1.0
106.925	1.0
107.925	1.0
108.925	1.0
109.925	1.0
110.925	1.0
111.925	1.0
112.925	1.0
113.925	1.0
114.925	1.0
115.925	1.0
116.925	1.0
117.925	1.0
118.925	1.0
119.925	1.0
120.925	1.0
121.925	1.0
122.925	1.0
123.925	1.0
124.925	1.0
125.925	1.0
126.925	1.0
127.925	1.0
128.925	1.0
129.925	1.0
130.925	1.0
131.925	1.0
132.925	1.0
133.925	1.0
134.925	1.0
135.925	1.0
136.925	1.0
137.925	1.0
138.925	1.0
139.925	1.0
140.925	1.0
141.925	1.0
142.925	1.0
143.925	1.0
144.925	1.0
145.925	1.0
146.925	1.0
147.925	1.0
148.925	1.0
149.925	1.0
150.925	1.0
151.925	1.0
152.925	1.0
153.925	1.0
154.925	1.0
155.925	1.0
156.925	1.0
157.925	1.0
158.925	1.0
159.925	1.0
160.925	1.0
161.925	1.0
162.925	1.0
163.925	1.0
164.925	1.0
165.925	1.0
166.925	1.0
167.925	1.0
168.925	1.0
169.925	1.0
170.925	1.0
171.925	1.0
172.925	1.0
173.925	1.0
174.925	1.0
175.925	1.0
176.925	1.0
177.925	1.0
178.925	1.0
179.925	1.0
180.925	1.0
181.925	1.0
182.925	1.0
183.925	1.0
184.925	1.0
185.925	1.0
186.925	1.0
187.925	1.0
188.925	1.0
189.925	1.0
190.925	1.0
191.925	1.0
192.925	1.0
193.925	1.0
194.925	1.0
195.925	1.0
196.925	1.0
197.925	1.0
198.925	1.0
199.925	1.0
200.925	1.0
201.925	1.0
202.925	1.0
203.925	1.0
204.925	1.0
205.925	1.0
206.925	1.0
207.925	1.0
208.925	1.0
209.925	1.0
210.925	1.0
211.925	1.0
212.925	1.0
213.925	1.0
214.925	1.0
215.925	1.0
216.925	1.0
217.925	1.0
218.925	1.0
219.925	1.0
220.925	1.0
221.925	1.0
222.925	1.0
223.925	1.0
224.925	1.0
225.925	1.0
226.925	1.0
227.925	1.0
228.925	1.0
229.925	1.0
230.925	1.0
231.925	1.0
232.925	1.0
233.925	1.0
234.925	1.0
235.925	1.0
236.925	1.0
237.925	1.0
238.925	1.0
239.925	1.0
240.925	1.0
241.925	1.0
242.925	1.0
243.925	1.0
244.925	1.0
245.925	1.0
246.925	1.0
247.925	1.0
248.925	1.0
249.925	1.0
250.925	1.0
251.925	1.0
252.925	1.0
253.925	1.0
254.925	1.0
255.925	1.0
256.925	1.0
257.925	1.0
258.925	1.0
259.925	1.0
260.925	1.0
261.925	1.0
262.925	1.0
263.925	1.0
264.925	1.0
265.925	1.0
266.925	1.0
267.925	1.0
268.925	1.0
269.925	1.0
270.925	1.0
271.925	1.0
272.925	1.0
273.925	1.0
274.925	1.0
275.925	1.0
276.925	1.0
277.925	1.0
278.925	1.0
279.925	1.0
280.925	1.0
281.925	1.0
282.925	1.0
283.925	1.0
284.925	1.0
285.925	1.0
286.925	1.0
287.925	1.0
288.925	1.0
289.925	1.0
290.925	1.0
291.925	1.0
292.925	1.0
293.925	1.0
294.925	1.0
295.925	1.0
296.925	1.0
297.925	1.0
298.925	1.0
299.925	1.0
300.925	1.0
301.925	1.0
302.925	1.0
303.925	1.0
304.925	1.0
305.925	1.0
306.925	1.0
307.925	1.0
308.925	1.0
309.925	1.0
310.925	1.0
311.925	1.0
312.925	1.0
313.925	1.0
314.925	1.0
315.925	1.0
316.925	1.0
317.925	1.0
318.925	1.0
319.925	1.0
320.925	1.0
321.925	1.0
322.925	1.0
323.925	1.0
324.925	1.0
325.925	1.0
326.925	1.0
327.925	1.0
328.925	1.0
329.925	1.0
330.925	1.0
331.925	1.0
332.925	1.0
333.925	1.0
334.925	1.0
335.925	1.0
336.925	1.0
337.925	1.0
338.925	1.0
339.925	1.0
340.925	1.0
341.925	1.0
342.925	1.0
343.925	1.0
344.925	1.0
345.925	1.0
346.925	1.0
347.925	1.0
348.925	1.0
349.925	1.0
350.925	1.0
351.925	1.0
352.925	1.0
353.925	1.0
354.925	1.0
355.925	1.0
356.925	1.0
357.925	1.0
358.925	1.0
359.925	1.0
360.925	1.0
361.925	1.0
362.925	1.0
363.925	1.0
364.925	1.0
365.925	1.0
366.925	1.0
367.925	1.0
368.925	1.0
369.925	1.0
370.925	1.0
371.925	1.0
372.925	1.0
373.925	1.0
374.925	1.0
375.925	1.0
376.925	1.0
377.925	1.0
378.925	1.0
379.925	1.0
380.925	1.0
381.925	1.0
382.925	1.0
383.925	1.0
384.925	1.0
385.925	1.0
386.925	1.0
387.925	1.0
388.925	1.0
389.925	1.0
390.925	1.0
391.925	1.0
392.925	1.0
393.925	1.0
394.925	1.0
395.925	1.0
396.925	1.0
397.925	1.0
398.925	1.0
399.925	1.0
400.925	1.0
401.925	1.0
402.925	1.0
403.925	1.0
404.925	1.0
405.925	1.0
406.925	1.0
407.925	1.0
408.925	1.0
409.925	1.0
410.925	1.0
411.925	1.0
412.925	1.0
413.925	1.0
414.925	1.0
415.925	1.0
416.925	1.0
417.925	1.0
418.925	1.0
419.925	1.0
420.925	1.0
421.925	1.0
422.925	1.0
423.925	1.0
424.925	1.0
425.925	1.0
426.925	1.0
427.925	1.0
428.925	1.0
429.925	1.0
430.925	1.0
431.925	1.0
432.925	1.0
433.925	1.0
434.925	1.0
435.925	1.0
436.925	1.0
437.925	1.0
438.925	1.0
439.925	1.0
440.925	1.0
441.925	1.0
442.925	1.0
443.925	1.0
444.925	1.0
445.925	1.0
446.925	1.0
447.925	1.0
448.925	1.0
449.925	1.0
450.925	1.0
451.925	1.0
452.925	1.0
453.925	1.0
454.925	1.0
455.925	1.0
456.925	1.0
457.925	1.0
458.925	1.0
459.925	1.0
460.925	1.0
461.925	1.0
462.925	1.0
463.925	1.0
464.925	1.0
465.925	1.0
466.925	1.0
467.925	1.0
468.925	1.0
469.925	1.0
470.925	1.0
471.925	1.0
472.925	1.0
473.925	1.0
474.925	1.0
475.925	1.0
476.925	1.0
477.925	1.0
478.925	1.0
479.925	1.0
480.925	1.0
481.925	1.0
482.925	1.0
483.925	1.0
484.925	1.0
485.925	1.0
486.925	1.0
487.925	1.0
488.925	1.0
489.925	1.0
490.925	1.0
491.925	1.0
492.925	1.0
493.925	1.0
494.925	1.0
495.925	1.0
496.925	1.0
497.925	1.0
498.925	1.0
499.925	1.0
500.925	1.0
501.925	1.0
502.925	1.0
503.925	1.0
504.925	1.0
505.925	1.0
506.925	1.0
507.925	1.0
508.925	1.0
509.925	1.0
510.925	1.0
511.925	1.0
512.925	1.0
513.925	1.0
514.925	1.0
515.925	1.0
516.925	1.0
517.925	1.0
518.925	1.0
519.925	1.0
520.925	1.0
521.925	1.0
522.925	1.0
523.925	1.0
524.925	1.0
525.925	1.0
526.925	1.0
527.925	1.0
528.925	1.0
529.925	1.0
530.925	1.0
531.925	1.0
532.925	1.0
533.925	1.0
534.925	1.0
535.925	1.0
536.925	1.0
537.925	1.0
538.925	1.0
539.925	1.0
540.925	1.0
541.925	1.0
542.925	1.0
543.925	1.0
544.925	1.0
545.925	1.0
546.9250000000001	1.0
547.9250000000001	1.0
548.9250000000001	1.0
549.9250000000001	1.0
550.9250000000001	1.0
551.9250000000001	1.0
552.9250000000001	1.0
553.9250000000001	1.0
554.9250000000001	1.0
555.9250000000001	1.0
556.9250000000001	1.0
557.9250000000001	1.0
558.9250000000001	1.0
559.9250000000001	1.0
560.9250000000001	1.0
561.9250000000001	1.0
562.9250000000001	1.0
563.9250000000001	1.0
564.9250000000001	1.0
565.9250000000001	1.0
566.9250000000001	1.0
567.9250000000001	1.0
568.9250000000001	1.0
569.9250000000001	1.0
570.9250000000001	1.0
571.9250000000001	1.0
572.9250000000001	1.0
573.9250000000001	1.0
574.9250000000001	1.0
575.9250000000001	1.0
576.9250000000001	1.0
577.9250000000001	1.0
578.9250000000001	1.0
579.9250000000001	1.0
580.9250000000001	1.0
581.9250000000001	1.0
582.9250000000001	1.0
583.9250000000001	1.0
584.9250000000001	1.0
585.9250000000001	1.0
586.9250000000001	1.0
587.9250000000001	1.0
588.9250000000001	1.0
589.9250000000001	1.0
590.9250000000001	1.0
591.9250000000001	1.0
592.9250000000001	1.0
593.9250000000001	1.0
594.9250000000001	1.0
595.9250000000001	1.0
596.9250000000001	1.0
597.9250000000001	1.0
598.9250000000001	1.0
599.9250000000001	1.0
600.9250000000001	1.0
601.9250000000001	1.0
602.9250000000001	1.0
603.9250000000001	1.0
604.9250000000001	1.0
605.9250000000001	1.0
606.9250000000001	1.0
607.9250000000001	1.0
608.9250000000001	1.0
609.9250000000001	1.0
610.9250000000001	1.0
611.9250000000001	1.0
612.9250000000001	1.0
613.9250000000001	1.0
614.9250000000001	1.0
615.9250000000001	1.0
616.9250000000001	1.0
617.9250000000001	1.0
618.9250000000001	1.0
619.9250000000001	1.0
620.9250000000001	1.0
621.9250000000001	1.0
622.9250000000001	1.0
623.9250000000001	1.0
624.9250000000001	1.0
625.9250000000001	1.0
626.9250000000001	1.0
627.9250000000001	1.0
628.9250000000001	1.0
629.9250000000001	1.0
630.9250000000001	1.0
631.9250000000001	1.0
632.9250000000001	1.0
633.9250000000001	1.0
634.9250000000001	1.0
635.9250000000001	1.0
636.9250000000001	1.0
637.9250000000001	1.0
638.9250000000001	1.0
639.9250000000001	1.0
640.9250000000001	1.0
641.9250000000001	1.0
642.9250000000001	1.0
643.9250000000001	1.0
644.9250000000001	1.0
645.9250000000001	1.0
646.9250000000001	1.0
647.9250000000001	1.0
648.9250000000001	1.0
649.9250000000001	1.0
650.9250000000001	1.0
651.9250000000001	1.0
652.9250000000001	1.0
653.9250000000001	1.0
654.9250000000001	1.0
655.9250000000001	1.0
656.9250000000001	1.0
657.9250000000001	1.0
658.9250000000001	1.0
659.9250000000001	1.0
660.9250000000001	1.0
661.9250000000001	1.0
662.9250000000001	1.0
663.9250000000001	1.0
664.9250000000001	1.0
665.9250000000001	1.0
666.9250000000001	1.0
667.9250000000001	1.0
668.9250000000001	1.0
669.9250000000001	1.0
670.9250000000001	1.0
671.9250000000001	1.0
672.9250000000001	1.0
673.9250000000001	1.0
674.9250000000001	1.0
675.9250000000001	1.0
676.9250000000001	1.0
677.9250000000001	1.0
678.9250000000001	1.0
679.9250000000001	1.0
680.9250000000001	1.0
681.9250000000001	1.0
682.9250000000001	1.0
683.9250000000001	1.0
684.9250000000001	1.0
685.9250000000001	1.0
686.9250000000001	1.0
687.9250000000001	1.0
688.9250000000001	1.0
689.9250000000001	1.0
690.9250000000001	1.0
691.9250000000001	1.0
692.9250000000001	1.0
693.9250000000001	1.0
694.9250000000001	1.0
695.9250000000001	1.0
696.9250000000001	1.0
697.9250000000001	1.0
698.9250000000001	1.0
699.9250000000001	1.0
700.9250000000001	1.0
701.9250000000001	1.0
702.9250000000001	1.0
703.9250000000001	1.0
704.9250000000001	1.0
705.9250000000001	1.0
706.9250000000001	1.0
707.9250000000001	1.0
708.9250000000001	1.0
709.9250000000001	1.0
710.9250000000001	1.0
711.9250000000001	1.0
712.9250000000001	1.0
713.9250000000001	1.0
714.9250000000001	1.0
715.9250000000001	1.0
716.9250000000001	1.0
717.9250000000001	1.0
718.9250000000001	1.0
719.9250000000001	1.0
720.9250000000001	1.0
721.9250000000001	1.0
722.9250000000001	1.0
723.9250000000001	1.0
724.9250000000001	1.0
725.9250000000001	1.0
726.9250000000001	1.0
727.9250000000001	1.0
728.9250000000001	1.0
729.9250000000001	1.0
730.9250000000001	1.0
731.9250000000001	1.0
732.9250000000001	1.0
733.9250000000001	1.0
734.9250000000001	1.0
735.9250000000001	1.0
736.9250000000001	1.0
737.9250000000001	1.0
738.9250000000001	1.0
739.9250000000001	1.0
740.9250000000001	1.0
741.9250000000001	1.0
742.9250000000001	1.0
743.9250000000001	1.0
744.9250000000001	1.0
745.9250000000001	1.0
746.9250000000001	1.0
747.9250000000001	1.0
748.9250000000001	1.0
749.9250000000001	1.0
750.9250000000001	1.0
751.9250000000001	1.0
752.9250000000001	1.0
753.9250000000001	1.0
754.9250000000001	1.0
755.9250000000001	1.0
756.9250000000001	1.0
757.9250000000001	1.0
758.9250000000001	1.0
759.9250000000001	1.0
760.9250000000001	1.0
761.9250000000001	1.0
762.9250000000001	1.0
763.9250000000001	1.0
764.9250000000001	1.0
765.9250000000001	1.0
766.9250000000001	1.0
767.9250000000001	1.0
768.9250000000001	1.0
769.9250000000001	1.0
770.9250000000001	1.0
771.9250000000001	1.0
772.9250000000001	1.0
773.9250000000001	1.0
774.9250000000001	1.0
775.9250000000001	1.0
776.9250000000001	1.0
777.9250000000001	1.0
778.9250000000001	1.0
779.9250000000001	1.0
780.9250000000001	1.0
781.9250000000001	1.0
782.9250000000001	1.0
783.9250000000001	1.0
784.9250000000001	1.0
785.9250000000001	1.0
786.9250000000001	1.0
787.9250000000001	1.0
788.9250000000001	1.0
789.9250000000001	1.0
790.9250000000001	1.0
791.9250000000001	1.0
792.9250000000001	1.0
793.9250000000001	1.0
794.9250000000001	1.0
795.9250000000001	1.0
796.9250000000001	1.0
797.9250000000001	1.0
798.9250000000001	1.0
799.9250000000001	1.0
800.9250000000001	1.0
801.9250000000001	1.0
802.9250000000001	1.0
803.9250000000001	1.0
804.9250000000001	1.0
805.9250000000001	1.0
806.9250000000001	1.0
807.9250000000001	1.0
808.9250000000001	1.0
809.9250000000001	1.0
810.9250000000001	1.0
811.9250000000001	1.0
812.9250000000001	1.0
813.9250000000001	1.0
814.9250000000001	1.0
815.9250000000001	1.0
816.9250000000001	1.0
817.9250000000001	1.0
818.9250000000001	1.0
819.9250000000001	1.0
820.9250000000001	1.0
821.9250000000001	1.0
822.9250000000001	1.0
823.9250000000001	1.0
824.9250000000001	1.0
825.9250000000001	1.0
826.9250000000001	1.0
827.9250000000001	1.0
828.9250000000001	1.0
829.9250000000001	1.0
830.9250000000001	1.0
831.9250000000001	1.0
832.9250000000001	1.0
833.9250000000001	1.0
834.9250000000001	1.0
835.9250000000001	1.0
836.9250000000001	1.0
837.9250000000001	1.0
838.9250000000001	1.0
839.9250000000001	1.0
840.9250000000001	1.0
841.9250000000001	1.0
842.9250000000001	1.0
843.9250000000001	1.0
844.9250000000001	1.0
845.9250000000001	1.0
846.9250000000001	1.0
847.9250000000001	1.0
848.9250000000001	1.0
849.9250000000001	1.0
850.9250000000001	1.0
851.9250000000001	1.0
852.9250000000001	1.0
853.9250000000001	1.0
854.9250000000001	1.0
855.9250000000001	1.0
856.9250000000001	1.0
857.9250000000001	1.0
858.9250000000001	1.0
859.9250000000001	1.0
860.9250000000001	1.0
861.9250000000001	1.0
862.9250000000001	1.0
863.9250000000001	1.0
864.9250000000001	1.0
865.9250000000001	1.0
866.9250000000001	1.0
867.9250000000001	1.0
868.9250000000001	1.0
869.9250000000001	1.0
870.9250000000001	1.0
871.9250000000001	1.0
872.9250000000001	1.0
873.9250000000001	1.0
874.9250000000001	1.0
875.9250000000001	1.0
876.9250000000001	1.0
877.9250000000001	1.0
878.9250000000001	1.0
879.9250000000001	1.0
880.9250000000001	1.0
881.9250000000001	1.0
882.9250000000001	1.0
883.9250000000001	1.0
884.9250000000001	1.0
885.9250000000001	1.0
886.9250000000001	1.0
887.9250000000001	1.0
888.9250000000001	1.0
889.9250000000001	1.0
890.9250000000001	1.0
891.9250000000001	1.0
892.9250000000001	1.0
893.9250000000001	1.0
894.9250000000001	1.0
895.9250000000001	1.0
896.9250000000001	1.0
897.9250000000001	1.0
898.9250000000001	1.0
899.9250000000001	1.0
900.9250000000001	1.0
901.9250000000001	1.0
902.9250000000001	1.0
903.9250000000001	1.0
904.9250000000001	1.0
905.9250000000001	1.0
906.9250000000001	1.0
907.9250000000001	1.0
908.9250000000001	1.0
909.9250000000001	1.0
910.9250000000001	1.0
911.9250000000001	1.0
912.9250000000001	1.0
913.9250000000001	1.0
914.9250000000001	1.0
915.9250000000001	1.0
916.9250000000001	1.0
917.9250000000001	1.0
918.9250000000001	1.0
919.9250000000001	1.0
920.9250000000001	1.0
921.9250000000001	1.0
922.9250000000001	1.0
923.9250000000001	1.0
924.9250000000001	1.0
925.9250000000001	1.0
926.9250000000001	1.0
927.9250000000001	1.0
928.9250000000001	1.0
929.9250000000001	1.0
930.9250000000001	1.0
931.9250000000001	1.0
932.9250000000001	1.0
933.9250000000001	1.0
934.9250000000001	1.0
935.9250000000001	1.0
936.9250000000001	1.0
937.9250000000001	1.0
938.9250000000001	1.0
939.9250000000001	1.0
940.9250000000001	1.0
941.9250000000001	1.0
942.9250000000001	1.0
943.9250000000001	1.0
944.9250000000001	1.0
945.9250000000001	1.0
946.9250000000001	1.0
947.9250000000001	1.0
948.9250000000001	1.0
949.9250000000001	1.0
950.9250000000001	1.0
951.9250000000001	1.0
952.9250000000001	1.0
953.9250000000001	1.0
954.9250000000001	1.0
955.9250000000001	1.0
956.9250000000001	1.0
957.9250000000001	1.0
958.9250000000001	1.0
959.9250000000001	1.0
960.9250000000001	1.0
961.9250000000001	1.0
962.9250000000001	1.0
963.9250000000001	1.0
964.9250000000001	1.0
965.9250000000001	1.0
966.9250000000001	1.0
967.9250000000001	1.0
968.9250000000001	1.0
969.9250000000001	1.0
970.9250000000001	1.0
971.9250000000001	1.0
972.9250000000001	1.0
973.9250000000001	1.0
974.9250000000001	1.0
975.9250000000001	1.0
976.9250000000001	1.0
977.9250000000001	1.0
978.9250000000001	1.0
979.9250000000001	1.0
980.9250000000001	1.0
981.9250000000001	1.0
982.9250000000001	1.0
983.9250000000001	1.0
984.9250000000001	1.0
985.9250000000001	1.0
986.9250000000001	1.0
987.9250000000001	1.0
988.9250000000001	1.0
989.9250000000001	1.0
990.9250000000001	1.0
991.9250000000001	1.0
992.9250000000001	1.0
993.9250000000001	1.0
994.9250000000001	1.0
995.9250000000001	1.0
996.9250000000001	1.0
997.9250000000001	1.0
