0.247	0.5930293259417087
1.1400000000000001	0.5991435581227248
2.058	0.5744190602782132
2.959	0.5982862169873218
3.852	0.6597694827245789
4.712	0.6904168594948602
5.599	0.7188327728312882
6.521	0.7957378154675295
7.452	0.8159902155121526
8.384	0.858867287981678
9.328	0.7936879294059311
10.301	0.8767839380663905
11.274000000000001	0.6896950977197841
12.247	0.6498802084784192
13.222	0.4615808781488554
14.204	0.6836878258759562
15.188	0.869464009207512
16.168	0.6717552118089991
17.152	0.9179640185075992
18.135	0.8081815923029342
19.114	0.5308737571799232
20.099	0.9252746855340174
21.079	0.5284714484809282
22.059	0.24235583589805665
23.046	0.8244003034755703
24.033	0.8334482353024683
25.021	0.8716273482468384
26.004	0.2869057215849154
26.993000000000002	0.6416667920275982
27.981	0.9373948324229758
28.971	0.936458381739397
29.96	0.916180735785597
30.95	0.8462247085713999
31.937	0.6468997319653034
32.93	0.941764707196943
33.92	0.970219641272392
34.909	0.5532604277158244
35.9	0.9485647532784357
36.892	0.9769511886259812
37.889	0.9839513719378268
38.886	0.9820561481464084
39.885	1.0
40.885	1.0
41.885	1.0
42.885	1.0
43.885	1.0
44.885	1.0
45.885	1.0
46.885	1.0
47.885	1.0
48.885	1.0
49.885	1.0
50.885	1.0
51.885	1.0
52.885	1.0
53.885	1.0
54.885	1.0
55.885	1.0
56.885	1.0
57.885	1.0
58.885	1.0
59.885	1.0
60.885	1.0
61.885	1.0
62.885	1.0
63.885	1.0
64.885	1.0
65.885	1.0
66.885	1.0
67.885	1.0
68.885	1.0
69.885	1.0
70.885	1.0
71.885	1.0
72.885	1.0
73.885	1.0
74.885	1.0
75.885	1.0
76.885	1.0
77.885	1.0
78.885	1.0
79.885	1.0
80.885	1.0
81.885	1.0
82.885	1.0
83.885	1.0
84.885	1.0
85.885	1.0
86.885	1.0
87.885	1.0
88.885	1.0
89.885	1.0
90.885	1.0
91.885	1.0
92.885	1.0
93.885	1.0
94.885	1.0
95.885	1.0
96.885	1.0
97.885	1.0
98.885	1.0
99.885	1.0
100.885	1.0
101.885	1.0
102.885	1.0
103.885	1.0
104.885	1.0
105.885	1.0
106.885	1.0
107.885	1.0
108.885	1.0
109.885	1.0
110.885	1.0
111.885	1.0
112.885	1.0
113.885	1.0
114.885	1.0
115.885	1.0
116.885	1.0
117.885	1.0
118.885	1.0
119.885	1.0
120.885	1.0
121.885	1.0
122.885	1.0
123.885	1.0
124.885	1.0
125.885	1.0
126.885	1.0
127.885	1.0
128.885	1.0
129.885	1.0
130.885	1.0
131.885	1.0
132.885	1.0
133.885	1.0
134.885	1.0
135.885	1.0
136.885	1.0
137.885	1.0
138.885	1.0
139.885	1.0
140.885	1.0
141.885	1.0
142.885	1.0
143.885	1.0
144.885	1.0
145.885	1.0
146.885	1.0
147.885	1.0
148.885	1.0
149.885	1.0
150.885	1.0
151.885	1.0
152.885	1.0
153.885	1.0
154.885	1.0
155.885	1.0
156.885	1.0
157.885	1.0
158.885	1.0
159.885	1.0
160.885	1.0
161.885	1.0
162.885	1.0
163.885	1.0
164.885	1.0
165.885	1.0
166.885	1.0
167.885	1.0
168.885	1.0
169.885	1.0
170.885	1.0
171.885	1.0
172.885	1.0
173.885	1.0
174.885	1.0
175.885	1.0
176.885	1.0
177.885	1.0
178.885	1.0
179.885	1.0
180.885	1.0
181.885	1.0
182.885	1.0
183.885	1.0
184.885	1.0
185.885	1.0
186.885	1.0
187.885	1.0
188.885	1.0
189.885	1.0
190.885	1.0
191.885	1.0
192.885	1.0
193.885	1.0
194.885	1.0
195.885	1.0
196.885	1.0
197.885	1.0
198.885	1.0
199.885	1.0
200.885	1.0
201.885	1.0
202.885	1.0
203.885	1.0
204.885	1.0
205.885	1.0
206.885	1.0
207.885	1.0
208.885	1.0
209.885	1.0
210.885	1.0
211.885	1.0
212.885	1.0
213.885	1.0
214.885	1.0
215.885	1.0
216.885	1.0
217.885	1.0
218.885	1.0
219.885	1.0
220.885	1.0
221.885	1.0
222.885	1.0
223.885	1.0
224.885	1.0
225.885	1.0
226.885	1.0
227.885	1.0
228.885	1.0
229.885	1.0
230.885	1.0
231.885	1.0
232.885	1.0
233.885	1.0
234.885	1.0
235.885	1.0
236.885	1.0
237.885	1.0
238.885	1.0
239.885	1.0
240.885	1.0
241.885	1.0
242.885	1.0
243.885	1.0
244.885	1.0
245.88500000000002	1.0
246.88500000000002	1.0
247.88500000000002	1.0
248.88500000000002	1.0
249.88500000000002	1.0
250.88500000000002	1.0
251.88500000000002	1.0
252.88500000000002	1.0
253.88500000000002	1.0
254.88500000000002	1.0
255.88500000000002	1.0
256.885	1.0
257.885	1.0
258.885	1.0
259.885	1.0
260.885	1.0
261.885	1.0
262.885	1.0
263.885	1.0
264.885	1.0
265.885	1.0
266.885	1.0
267.885	1.0
268.885	1.0
269.885	1.0
270.885	1.0
271.885	1.0
272.885	1.0
273.885	1.0
274.885	1.0
275.885	1.0
276.885	1.0
277.885	1.0
278.885	1.0
279.885	1.0
280.885	1.0
281.885	1.0
282.885	1.0
283.885	1.0
284.885	1.0
285.885	1.0
286.885	1.0
287.885	1.0
288.885	1.0
289.885	1.0
290.885	1.0
291.885	1.0
292.885	1.0
293.885	1.0
294.885	1.0
295.885	1.0
296.885	1.0
297.885	1.0
298.885	1.0
299.885	1.0
300.885	1.0
301.885	1.0
302.885	1.0
303.885	1.0
304.885	1.0
305.885	1.0
306.885	1.0
307.885	1.0
308.885	1.0
309.885	1.0
310.885	1.0
311.885	1.0
312.885	1.0
313.885	1.0
314.885	1.0
315.885	1.0
316.885	1.0
317.885	1.0
318.885	1.0
319.885	1.0
320.885	1.0
321.885	1.0
322.885	1.0
323.885	1.0
324.885	1.0
325.885	1.0
326.885	1.0
327.885	1.0
328.885	1.0
329.885	1.0
330.885	1.0
331.885	1.0
332.885	1.0
333.885	1.0
334.885	1.0
335.885	1.0
336.885	1.0
337.885	1.0
338.885	1.0
339.885	1.0
340.885	1.0
341.885	1.0
342.885	1.0
343.885	1.0
344.885	1.0
345.885	1.0
346.885	1.0
347.885	1.0
348.885	1.0
349.885	1.0
350.885	1.0
351.885	1.0
352.885	1.0
353.885	1.0
354.885	1.0
355.885	1.0
356.885	1.0
357.885	1.0
358.885	1.0
359.885	1.0
360.885	1.0
361.885	1.0
362.885	1.0
363.885	1.0
364.885	1.0
365.885	1.0
366.885	1.0
367.885	1.0
368.885	1.0
369.885	1.0
370.885	1.0
371.885	1.0
372.885	1.0
373.885	1.0
374.885	1.0
375.885	1.0
376.885	1.0
377.885	1.0
378.885	1.0
379.885	1.0
380.885	1.0
381.885	1.0
382.885	1.0
383.885	1.0
384.885	1.0
385.885	1.0
386.885	1.0
387.885	1.0
388.885	1.0
389.885	1.0
390.885	1.0
391.885	1.0
392.885	1.0
393.885	1.0
394.885	1.0
395.885	1.0
396.885	1.0
397.885	1.0
398.885	1.0
399.885	1.0
400.885	1.0
401.885	1.0
402.885	1.0
403.885	1.0
404.885	1.0
405.885	1.0
406.885	1.0
407.885	1.0
408.885	1.0
409.885	1.0
410.885	1.0
411.885	1.0
412.885	1.0
413.885	1.0
414.885	1.0
415.885	1.0
416.885	1.0
417.885	1.0
418.885	1.0
419.885	1.0
420.885	1.0
421.885	1.0
422.885	1.0
423.885	1.0
424.885	1.0
425.885	1.0
426.885	1.0
427.885	1.0
428.885	1.0
429.885	1.0
430.885	1.0
431.885	1.0
432.885	1.0
433.885	1.0
434.885	1.0
435.885	1.0
436.885	1.0
437.885	1.0
438.885	1.0
439.885	1.0
440.885	1.0
441.885	1.0
442.885	1.0
443.885	1.0
444.885	1.0
445.885	1.0
446.885	1.0
447.885	1.0
448.885	1.0
449.885	1.0
450.885	1.0
451.885	1.0
452.885	1.0
453.885	1.0
454.885	1.0
455.885	1.0
456.885	1.0
457.885	1.0
458.885	1.0
459.885	1.0
460.885	1.0
461.885	1.0
462.885	1.0
463.885	1.0
464.885	1.0
465.885	1.0
466.885	1.0
467.885	1.0
468.885	1.0
469.885	1.0
470.885	1.0
471.885	1.0
472.885	1.0
473.885	1.0
474.885	1.0
475.885	1.0
476.885	1.0
477.885	1.0
478.885	1.0
479.885	1.0
480.885	1.0
481.885	1.0
482.885	1.0
483.885	1.0
484.885	1.0
485.885	1.0
486.885	1.0
487.885	1.0
488.885	1.0
489.885	1.0
490.885	1.0
491.885	1.0
492.885	1.0
493.885	1.0
494.885	1.0
495.885	1.0
496.885	1.0
497.885	1.0
498.885	1.0
499.885	1.0
500.885	1.0
501.885	1.0
502.885	1.0
503.885	1.0
504.885	1.0
505.885	1.0
506.885	1.0
507.885	1.0
508.885	1.0
509.885	1.0
510.885	1.0
511.885	1.0
512.885	1.0
513.885	1.0
514.885	1.0
515.885	1.0
516.885	1.0
517.885	1.0
518.885	1.0
519.885	1.0
520.885	1.0
521.885	1.0
522.885	1.0
523.885	1.0
524.885	1.0
525.885	1.0
526.885	1.0
527.885	1.0
528.885	1.0
529.885	1.0
530.885	1.0
531.885	1.0
532.885	1.0
533.885	1.0
534.885	1.0
535.885	1.0
536.885	1.0
537.885	1.0
538.885	1.0
539.885	1.0
540.885	1.0
541.885	1.0
542.885	1.0
543.885	1.0
544.885	1.0
545.885	1.0
546.885	1.0
547.885	1.0
548.885	1.0
549.885	1.0
550.885	1.0
551.885	1.0
552.885	1.0
553.885	1.0
554.885	1.0
555.885	1.0
556.885	1.0
557.885	1.0
558.885	1.0
559.885	1.0
560.885	1.0
561.885	1.0
562.885	1.0
563.885	1.0
564.885	1.0
565.885	1.0
566.885	1.0
567.885	1.0
568.885	1.0
569.885	1.0
570.885	1.0
571.885	1.0
572.885	1.0
573.885	1.0
574.885	1.0
575.885	1.0
576.885	1.0
577.885	1.0
578.885	1.0
579.885	1.0
580.885	1.0
581.885	1.0
582.885	1.0
583.885	1.0
584.885	1.0
585.885	1.0
586.885	1.0
587.885	1.0
588.885	1.0
589.885	1.0
590.885	1.0
591.885	1.0
592.885	1.0
593.885	1.0
594.885	1.0
595.885	1.0
596.885	1.0
597.885	1.0
598.885	1.0
599.885	1.0
600.885	1.0
601.885	1.0
602.885	1.0
603.885	1.0
604.885	1.0
605.885	1.0
606.885	1.0
607.885	1.0
608.885	1.0
609.885	1.0
610.885	1.0
611.885	1.0
612.885	1.0
613.885	1.0
614.885	1.0
615.885	1.0
616.885	1.0
617.885	1.0
618.885	1.0
619.885	1.0
620.885	1.0
621.885	1.0
622.885	1.0
623.885	1.0
624.885	1.0
625.885	1.0
626.885	1.0
627.885	1.0
628.885	1.0
629.885	1.0
630.885	1.0
631.885	1.0
632.885	1.0
633.885	1.0
634.885	1.0
635.885	1.0
636.885	1.0
637.885	1.0
638.885	1.0
639.885	1.0
640.885	1.0
641.885	1.0
642.885	1.0
643.885	1.0
644.885	1.0
645.885	1.0
646.885	1.0
647.885	1.0
648.885	1.0
649.885	1.0
650.885	1.0
651.885	1.0
652.885	1.0
653.885	1.0
654.885	1.0
655.885	1.0
656.885	1.0
657.885	1.0
658.885	1.0
659.885	1.0
660.885	1.0
661.885	1.0
662.885	1.0
663.885	1.0
664.885	1.0
665.885	1.0
666.885	1.0
667.885	1.0
668.885	1.0
669.885	1.0
670.885	1.0
671.885	1.0
672.885	1.0
673.885	1.0
674.885	1.0
675.885	1.0
676.885	1.0
677.885	1.0
678.885	1.0
679.885	1.0
680.885	1.0
681.885	1.0
682.885	1.0
683.885	1.0
684.885	1.0
685.885	1.0
686.885	1.0
687.885	1.0
688.885	1.0
689.885	1.0
690.885	1.0
691.885	1.0
692.885	1.0
693.885	1.0
694.885	1.0
695.885	1.0
696.885	1.0
697.885	1.0
698.885	1.0
699.885	1.0
700.885	1.0
701.885	1.0
702.885	1.0
703.885	1.0
704.885	1.0
705.885	1.0
706.885	1.0
707.885	1.0
708.885	1.0
709.885	1.0
710.885	1.0
711.885	1.0
712.885	1.0
713.885	1.0
714.885	1.0
715.885	1.0
716.885	1.0
717.885	1.0
718.885	1.0
719.885	1.0
720.885	1.0
721.885	1.0
722.885	1.0
723.885	1.0
724.885	1.0
725.885	1.0
726.885	1.0
727.885	1.0
728.885	1.0
729.885	1.0
730.885	1.0
731.885	1.0
732.885	1.0
733.885	1.0
734.885	1.0
735.885	1.0
736.885	1.0
737.885	1.0
738.885	1.0
739.885	1.0
740.885	1.0
741.885	1.0
742.885	1.0
743.885	1.0
744.885	1.0
745.885	1.0
746.885	1.0
747.885	1.0
748.885	1.0
749.885	1.0
750.885	1.0
751.885	1.0
752.885	1.0
753.885	1.0
754.885	1.0
755.885	1.0
756.885	1.0
757.885	1.0
758.885	1.0
759.885	1.0
760.885	1.0
761.885	1.0
762.885	1.0
763.885	1.0
764.885	1.0
765.885	1.0
766.885	1.0
767.885	1.0
768.885	1.0
769.885	1.0
770.885	1.0
771.885	1.0
772.885	1.0
773.885	1.0
774.885	1.0
775.885	1.0
776.885	1.0
777.885	1.0
778.885	1.0
779.885	1.0
780.885	1.0
781.885	1.0
782.885	1.0
783.885	1.0
784.885	1.0
785.885	1.0
786.885	1.0
787.885	1.0
788.885	1.0
789.885	1.0
790.885	1.0
791.885	1.0
792.885	1.0
793.885	1.0
794.885	1.0
795.885	1.0
796.885	1.0
797.885	1.0
798.885	1.0
799.885	1.0
800.885	1.0
801.885	1.0
802.885	1.0
803.885	1.0
804.885	1.0
805.885	1.0
806.885	1.0
807.885	1.0
808.885	1.0
809.885	1.0
810.885	1.0
811.885	1.0
812.885	1.0
813.885	1.0
814.885	1.0
815.885	1.0
816.885	1.0
817.885	1.0
818.885	1.0
819.885	1.0
820.885	1.0
821.885	1.0
822.885	1.0
823.885	1.0
824.885	1.0
825.885	1.0
826.885	1.0
827.885	1.0
828.885	1.0
829.885	1.0
830.885	1.0
831.885	1.0
832.885	1.0
833.885	1.0
834.885	1.0
835.885	1.0
836.885	1.0
837.885	1.0
838.885	1.0
839.885	1.0
840.885	1.0
841.885	1.0
842.885	1.0
843.885	1.0
844.885	1.0
845.885	1.0
846.885	1.0
847.885	1.0
848.885	1.0
849.885	1.0
850.885	1.0
851.885	1.0
852.885	1.0
853.885	1.0
854.885	1.0
855.885	1.0
856.885	1.0
857.885	1.0
858.885	1.0
859.885	1.0
860.885	1.0
861.885	1.0
862.885	1.0
863.885	1.0
864.885	1.0
865.885	1.0
866.885	1.0
867.885	1.0
868.885	1.0
869.885	1.0
870.885	1.0
871.885	1.0
872.885	1.0
873.885	1.0
874.885	1.0
875.885	1.0
876.885	1.0
877.885	1.0
878.885	1.0
879.885	1.0
880.885	1.0
881.885	1.0
882.885	1.0
883.885	1.0
884.885	1.0
885.885	1.0
886.885	1.0
887.885	1.0
888.885	1.0
889.885	1.0
890.885	1.0
891.885	1.0
892.885	1.0
893.885	1.0
894.885	1.0
895.885	1.0
896.885	1.0
897.885	1.0
898.885	1.0
899.885	1.0
900.885	1.0
901.885	1.0
902.885	1.0
903.885	1.0
904.885	1.0
905.885	1.0
906.885	1.0
907.885	1.0
908.885	1.0
909.885	1.0
910.885	1.0
911.885	1.0
912.885	1.0
913.885	1.0
914.885	1.0
915.885	1.0
916.885	1.0
917.885	1.0
918.885	1.0
919.885	1.0
920.885	1.0
921.885	1.0
922.885	1.0
923.885	1.0
924.885	1.0
925.885	1.0
926.885	1.0
927.885	1.0
928.885	1.0
929.885	1.0
930.885	1.0
931.885	1.0
932.885	1.0
933.885	1.0
934.885	1.0
935.885	1.0
936.885	1.0
937.885	1.0
938.885	1.0
939.885	1.0
940.885	1.0
941.885	1.0
942.885	1.0
943.885	1.0
944.885	1.0
945.885	1.0
946.885	1.0
947.885	1.0
948.885	1.0
949.885	1.0
950.885	1.0
951.885	1.0
952.885	1.0
953.885	1.0
954.885	1.0
955.885	1.0
956.885	1.0
957.885	1.0
958.885	1.0
959.885	1.0
960.885	1.0
961.885	1.0
962.885	1.0
963.885	1.0
964.885	1.0
965.885	1.0
966.885	1.0
967.885	1.0
968.885	1.0
969.885	1.0
970.885	1.0
971.885	1.0
972.885	1.0
973.885	1.0
974.885	1.0
975.885	1.0
976.885	1.0
977.885	1.0
978.885	1.0
979.885	1.0
980.885	1.0
981.885	1.0
982.885	1.0
983.885	1.0
984.885	1.0
985.885	1.0
986.885	1.0
987.885	1.0
988.885	1.0
989.885	1.0
990.885	1.0
991.885	1.0
992.885	1.0
993.885	1.0
994.885	1.0
995.885	1.0
996.885	1.0
997.885	1.0
