0.131	0.6042039556293822
0.855	0.6548962894926574
1.596	0.7021585879555883
2.376	0.7285736810989093
3.172	0.7162985645036357
4.001	0.703727237058045
4.872	0.6524166355962145
5.759	0.7445415695044689
6.6610000000000005	0.8767566550262791
7.567	0.9121709098450694
8.482	0.7574696012902177
9.407	0.8520263913420929
10.334	0.8892117393158162
11.275	0.8813391056367391
12.216000000000001	0.48590733139578374
13.165000000000001	0.8990238544322317
14.122	0.9317060025824572
15.077	0.9163170610747109
16.03	0.8852708108664685
16.994	0.9244248930695736
17.963	0.9207965897348627
18.93	0.9077049459544918
19.904	0.87430416610089
20.887	0.882478704237114
21.875	0.9109548861292281
22.865000000000002	0.7061788591641446
23.863	1.0
24.863	1.0
25.863	1.0
26.863	1.0
27.863	1.0
28.863	1.0
29.863	1.0
30.863	1.0
31.863	1.0
32.863	1.0
33.863	1.0
34.863	1.0
35.863	1.0
36.863	1.0
37.863	1.0
38.863	1.0
39.863	1.0
40.863	1.0
41.863	1.0
42.863	1.0
43.863	1.0
44.863	1.0
45.863	1.0
46.863	1.0
47.863	1.0
48.863	1.0
49.863	1.0
50.863	1.0
51.863	1.0
52.863	1.0
53.863	1.0
54.863	1.0
55.863	1.0
56.863	1.0
57.863	1.0
58.863	1.0
59.863	1.0
60.863	1.0
61.863	1.0
62.863	1.0
63.863	1.0
64.863	1.0
65.863	1.0
66.863	1.0
67.863	1.0
68.863	1.0
69.863	1.0
70.863	1.0
71.863	1.0
72.863	1.0
73.863	1.0
74.863	1.0
75.863	1.0
76.863	1.0
77.863	1.0
78.863	1.0
79.863	1.0
80.863	1.0
81.863	1.0
82.863	1.0
83.863	1.0
84.863	1.0
85.863	1.0
86.863	1.0
87.863	1.0
88.863	1.0
89.863	1.0
90.863	1.0
91.863	1.0
92.863	1.0
93.863	1.0
94.863	1.0
95.863	1.0
96.863	1.0
97.863	1.0
98.863	1.0
99.863	1.0
100.863	1.0
101.863	1.0
102.863	1.0
103.863	1.0
104.863	1.0
105.863	1.0
106.863	1.0
107.863	1.0
108.863	1.0
109.863	1.0
110.863	1.0
111.863	1.0
112.863	1.0
113.863	1.0
114.863	1.0
115.863	1.0
116.863	1.0
117.863	1.0
118.863	1.0
119.863	1.0
120.863	1.0
121.863	1.0
122.863	1.0
123.863	1.0
124.863	1.0
125.863	1.0
126.863	1.0
127.863	1.0
128.863	1.0
129.863	1.0
130.863	1.0
131.863	1.0
132.863	1.0
133.863	1.0
134.863	1.0
135.863	1.0
136.863	1.0
137.863	1.0
138.863	1.0
139.863	1.0
140.863	1.0
141.863	1.0
142.863	1.0
143.863	1.0
144.863	1.0
145.863	1.0
146.863	1.0
147.863	1.0
148.863	1.0
149.863	1.0
150.863	1.0
151.863	1.0
152.863	1.0
153.863	1.0
154.863	1.0
155.863	1.0
156.863	1.0
157.863	1.0
158.863	1.0
159.863	1.0
160.863	1.0
161.863	1.0
162.863	1.0
163.863	1.0
164.863	1.0
165.863	1.0
166.863	1.0
167.863	1.0
168.863	1.0
169.863	1.0
170.863	1.0
171.863	1.0
172.863	1.0
173.863	1.0
174.863	1.0
175.863	1.0
176.863	1.0
177.863	1.0
178.863	1.0
179.863	1.0
180.863	1.0
181.863	1.0
182.863	1.0
183.863	1.0
184.863	1.0
185.863	1.0
186.863	1.0
187.863	1.0
188.863	1.0
189.863	1.0
190.863	1.0
191.863	1.0
192.863	1.0
193.863	1.0
194.863	1.0
195.863	1.0
196.863	1.0
197.863	1.0
198.863	1.0
199.863	1.0
200.863	1.0
201.863	1.0
202.863	1.0
203.863	1.0
204.863	1.0
205.863	1.0
206.863	1.0
207.863	1.0
208.863	1.0
209.863	1.0
210.863	1.0
211.863	1.0
212.863	1.0
213.863	1.0
214.863	1.0
215.863	1.0
216.863	1.0
217.863	1.0
218.863	1.0
219.863	1.0
220.863	1.0
221.863	1.0
222.863	1.0
223.863	1.0
224.863	1.0
225.863	1.0
226.863	1.0
227.863	1.0
228.863	1.0
229.863	1.0
230.863	1.0
231.863	1.0
232.863	1.0
233.863	1.0
234.863	1.0
235.863	1.0
236.863	1.0
237.863	1.0
238.863	1.0
239.863	1.0
240.863	1.0
241.863	1.0
242.863	1.0
243.863	1.0
244.863	1.0
245.863	1.0
246.863	1.0
247.863	1.0
248.863	1.0
249.863	1.0
250.863	1.0
251.863	1.0
252.863	1.0
253.863	1.0
254.863	1.0
255.863	1.0
256.863	1.0
257.863	1.0
258.863	1.0
259.863	1.0
260.863	1.0
261.863	1.0
262.863	1.0
263.863	1.0
264.863	1.0
265.863	1.0
266.863	1.0
267.863	1.0
268.863	1.0
269.863	1.0
270.863	1.0
271.863	1.0
272.863	1.0
273.863	1.0
274.863	1.0
275.863	1.0
276.863	1.0
277.863	1.0
278.863	1.0
279.863	1.0
280.863	1.0
281.863	1.0
282.863	1.0
283.863	1.0
284.863	1.0
285.863	1.0
286.863	1.0
287.863	1.0
288.863	1.0
289.863	1.0
290.863	1.0
291.863	1.0
292.863	1.0
293.863	1.0
294.863	1.0
295.863	1.0
296.863	1.0
297.863	1.0
298.863	1.0
299.863	1.0
300.863	1.0
301.863	1.0
302.863	1.0
303.863	1.0
304.863	1.0
305.863	1.0
306.863	1.0
307.863	1.0
308.863	1.0
309.863	1.0
310.863	1.0
311.863	1.0
312.863	1.0
313.863	1.0
314.863	1.0
315.863	1.0
316.863	1.0
317.863	1.0
318.863	1.0
319.863	1.0
320.863	1.0
321.863	1.0
322.863	1.0
323.863	1.0
324.863	1.0
325.863	1.0
326.863	1.0
327.863	1.0
328.863	1.0
329.863	1.0
330.863	1.0
331.863	1.0
332.863	1.0
333.863	1.0
334.863	1.0
335.863	1.0
336.863	1.0
337.863	1.0
338.863	1.0
339.863	1.0
340.863	1.0
341.863	1.0
342.863	1.0
343.863	1.0
344.863	1.0
345.863	1.0
346.863	1.0
347.863	1.0
348.863	1.0
349.863	1.0
350.863	1.0
351.863	1.0
352.863	1.0
353.863	1.0
354.863	1.0
355.863	1.0
356.863	1.0
357.863	1.0
358.863	1.0
359.863	1.0
360.863	1.0
361.863	1.0
362.863	1.0
363.863	1.0
364.863	1.0
365.863	1.0
366.863	1.0
367.863	1.0
368.863	1.0
369.863	1.0
370.863	1.0
371.863	1.0
372.863	1.0
373.863	1.0
374.863	1.0
375.863	1.0
376.863	1.0
377.863	1.0
378.863	1.0
379.863	1.0
380.863	1.0
381.863	1.0
382.863	1.0
383.863	1.0
384.863	1.0
385.863	1.0
386.863	1.0
387.863	1.0
388.863	1.0
389.863	1.0
390.863	1.0
391.863	1.0
392.863	1.0
393.863	1.0
394.863	1.0
395.863	1.0
396.863	1.0
397.863	1.0
398.863	1.0
399.863	1.0
400.863	1.0
401.863	1.0
402.863	1.0
403.863	1.0
404.863	1.0
405.863	1.0
406.863	1.0
407.863	1.0
408.863	1.0
409.863	1.0
410.863	1.0
411.863	1.0
412.863	1.0
413.863	1.0
414.863	1.0
415.863	1.0
416.863	1.0
417.863	1.0
418.863	1.0
419.863	1.0
420.863	1.0
421.863	1.0
422.863	1.0
423.863	1.0
424.863	1.0
425.863	1.0
426.863	1.0
427.863	1.0
428.863	1.0
429.863	1.0
430.863	1.0
431.863	1.0
432.863	1.0
433.863	1.0
434.863	1.0
435.863	1.0
436.863	1.0
437.863	1.0
438.863	1.0
439.863	1.0
440.863	1.0
441.863	1.0
442.863	1.0
443.863	1.0
444.863	1.0
445.863	1.0
446.863	1.0
447.863	1.0
448.863	1.0
449.863	1.0
450.863	1.0
451.863	1.0
452.863	1.0
453.863	1.0
454.863	1.0
455.863	1.0
456.863	1.0
457.863	1.0
458.863	1.0
459.863	1.0
460.863	1.0
461.863	1.0
462.863	1.0
463.863	1.0
464.863	1.0
465.863	1.0
466.863	1.0
467.863	1.0
468.863	1.0
469.863	1.0
470.863	1.0
471.863	1.0
472.863	1.0
473.863	1.0
474.863	1.0
475.863	1.0
476.863	1.0
477.863	1.0
478.863	1.0
479.863	1.0
480.863	1.0
481.863	1.0
482.863	1.0
483.863	1.0
484.863	1.0
485.863	1.0
486.863	1.0
487.863	1.0
488.863	1.0
489.863	1.0
490.863	1.0
491.863	1.0
492.863	1.0
493.863	1.0
494.863	1.0
495.863	1.0
496.863	1.0
497.863	1.0
498.863	1.0
499.863	1.0
500.863	1.0
501.863	1.0
502.863	1.0
503.863	1.0
504.863	1.0
505.863	1.0
506.863	1.0
507.863	1.0
508.863	1.0
509.863	1.0
510.863	1.0
511.863	1.0
512.863	1.0
513.863	1.0
514.863	1.0
515.863	1.0
516.863	1.0
517.863	1.0
518.863	1.0
519.863	1.0
520.863	1.0
521.863	1.0
522.863	1.0
523.863	1.0
524.863	1.0
525.863	1.0
526.863	1.0
527.863	1.0
528.863	1.0
529.863	1.0
530.863	1.0
531.863	1.0
532.863	1.0
533.863	1.0
534.863	1.0
535.863	1.0
536.863	1.0
537.863	1.0
538.863	1.0
539.863	1.0
540.863	1.0
541.863	1.0
542.863	1.0
543.863	1.0
544.863	1.0
545.863	1.0
546.863	1.0
547.863	1.0
548.863	1.0
549.863	1.0
550.863	1.0
551.863	1.0
552.863	1.0
553.863	1.0
554.863	1.0
555.863	1.0
556.863	1.0
557.863	1.0
558.863	1.0
559.863	1.0
560.863	1.0
561.863	1.0
562.863	1.0
563.863	1.0
564.863	1.0
565.863	1.0
566.863	1.0
567.863	1.0
568.863	1.0
569.863	1.0
570.863	1.0
571.863	1.0
572.863	1.0
573.863	1.0
574.863	1.0
575.863	1.0
576.863	1.0
577.863	1.0
578.863	1.0
579.863	1.0
580.863	1.0
581.863	1.0
582.863	1.0
583.863	1.0
584.863	1.0
585.863	1.0
586.863	1.0
587.863	1.0
588.863	1.0
589.863	1.0
590.863	1.0
591.863	1.0
592.863	1.0
593.863	1.0
594.863	1.0
595.863	1.0
596.863	1.0
597.863	1.0
598.863	1.0
599.863	1.0
600.863	1.0
601.863	1.0
602.863	1.0
603.863	1.0
604.863	1.0
605.863	1.0
606.863	1.0
607.863	1.0
608.863	1.0
609.863	1.0
610.863	1.0
611.863	1.0
612.863	1.0
613.863	1.0
614.863	1.0
615.863	1.0
616.863	1.0
617.863	1.0
618.863	1.0
619.863	1.0
620.863	1.0
621.863	1.0
622.863	1.0
623.863	1.0
624.863	1.0
625.863	1.0
626.863	1.0
627.863	1.0
628.863	1.0
629.863	1.0
630.863	1.0
631.863	1.0
632.863	1.0
633.863	1.0
634.863	1.0
635.863	1.0
636.863	1.0
637.863	1.0
638.863	1.0
639.863	1.0
640.863	1.0
641.863	1.0
642.863	1.0
643.863	1.0
644.863	1.0
645.863	1.0
646.863	1.0
647.863	1.0
648.863	1.0
649.863	1.0
650.863	1.0
651.863	1.0
652.863	1.0
653.863	1.0
654.863	1.0
655.863	1.0
656.863	1.0
657.863	1.0
658.863	1.0
659.863	1.0
660.863	1.0
661.863	1.0
662.863	1.0
663.863	1.0
664.863	1.0
665.863	1.0
666.863	1.0
667.863	1.0
668.863	1.0
669.863	1.0
670.863	1.0
671.863	1.0
672.863	1.0
673.863	1.0
674.863	1.0
675.863	1.0
676.863	1.0
677.863	1.0
678.863	1.0
679.863	1.0
680.863	1.0
681.863	1.0
682.863	1.0
683.863	1.0
684.863	1.0
685.863	1.0
686.863	1.0
687.863	1.0
688.863	1.0
689.863	1.0
690.863	1.0
691.863	1.0
692.863	1.0
693.863	1.0
694.863	1.0
695.863	1.0
696.863	1.0
697.863	1.0
698.863	1.0
699.863	1.0
700.863	1.0
701.863	1.0
702.863	1.0
703.863	1.0
704.863	1.0
705.863	1.0
706.863	1.0
707.863	1.0
708.863	1.0
709.863	1.0
710.863	1.0
711.863	1.0
712.863	1.0
713.863	1.0
714.863	1.0
715.863	1.0
716.863	1.0
717.863	1.0
718.863	1.0
719.863	1.0
720.863	1.0
721.863	1.0
722.863	1.0
723.863	1.0
724.863	1.0
725.863	1.0
726.863	1.0
727.863	1.0
728.863	1.0
729.863	1.0
730.863	1.0
731.863	1.0
732.863	1.0
733.863	1.0
734.863	1.0
735.863	1.0
736.863	1.0
737.863	1.0
738.863	1.0
739.863	1.0
740.863	1.0
741.863	1.0
742.863	1.0
743.863	1.0
744.863	1.0
745.863	1.0
746.863	1.0
747.863	1.0
748.863	1.0
749.863	1.0
750.863	1.0
751.863	1.0
752.863	1.0
753.863	1.0
754.863	1.0
755.863	1.0
756.863	1.0
757.863	1.0
758.863	1.0
759.863	1.0
760.863	1.0
761.863	1.0
762.863	1.0
763.863	1.0
764.863	1.0
765.863	1.0
766.863	1.0
767.863	1.0
768.863	1.0
769.863	1.0
770.863	1.0
771.863	1.0
772.863	1.0
773.863	1.0
774.863	1.0
775.863	1.0
776.863	1.0
777.863	1.0
778.863	1.0
779.863	1.0
780.863	1.0
781.863	1.0
782.863	1.0
783.863	1.0
784.863	1.0
785.863	1.0
786.863	1.0
787.863	1.0
788.863	1.0
789.863	1.0
790.863	1.0
791.863	1.0
792.863	1.0
793.863	1.0
794.863	1.0
795.863	1.0
796.863	1.0
797.863	1.0
798.863	1.0
799.863	1.0
800.863	1.0
801.863	1.0
802.863	1.0
803.863	1.0
804.863	1.0
805.863	1.0
806.863	1.0
807.863	1.0
808.863	1.0
809.863	1.0
810.863	1.0
811.863	1.0
812.863	1.0
813.863	1.0
814.863	1.0
815.863	1.0
816.863	1.0
817.863	1.0
818.863	1.0
819.863	1.0
820.863	1.0
821.863	1.0
822.863	1.0
823.863	1.0
824.863	1.0
825.863	1.0
826.863	1.0
827.863	1.0
828.863	1.0
829.863	1.0
830.863	1.0
831.863	1.0
832.863	1.0
833.863	1.0
834.863	1.0
835.863	1.0
836.863	1.0
837.863	1.0
838.863	1.0
839.863	1.0
840.863	1.0
841.863	1.0
842.863	1.0
843.863	1.0
844.863	1.0
845.863	1.0
846.863	1.0
847.863	1.0
848.863	1.0
849.863	1.0
850.863	1.0
851.863	1.0
852.863	1.0
853.863	1.0
854.863	1.0
855.863	1.0
856.863	1.0
857.863	1.0
858.863	1.0
859.863	1.0
860.863	1.0
861.863	1.0
862.863	1.0
863.863	1.0
864.863	1.0
865.863	1.0
866.863	1.0
867.863	1.0
868.863	1.0
869.863	1.0
870.863	1.0
871.863	1.0
872.863	1.0
873.863	1.0
874.863	1.0
875.863	1.0
876.863	1.0
877.863	1.0
878.863	1.0
879.863	1.0
880.863	1.0
881.863	1.0
882.863	1.0
883.863	1.0
884.863	1.0
885.863	1.0
886.863	1.0
887.863	1.0
888.863	1.0
889.863	1.0
890.863	1.0
891.863	1.0
892.863	1.0
893.863	1.0
894.863	1.0
895.863	1.0
896.863	1.0
897.863	1.0
898.863	1.0
899.863	1.0
900.863	1.0
901.863	1.0
902.863	1.0
903.863	1.0
904.863	1.0
905.863	1.0
906.863	1.0
907.863	1.0
908.863	1.0
909.863	1.0
910.863	1.0
911.863	1.0
912.863	1.0
913.863	1.0
914.863	1.0
915.863	1.0
916.863	1.0
917.863	1.0
918.863	1.0
919.863	1.0
920.863	1.0
921.863	1.0
922.863	1.0
923.863	1.0
924.863	1.0
925.863	1.0
926.863	1.0
927.863	1.0
928.863	1.0
929.863	1.0
930.863	1.0
931.863	1.0
932.863	1.0
933.863	1.0
934.863	1.0
935.863	1.0
936.863	1.0
937.863	1.0
938.863	1.0
939.863	1.0
940.863	1.0
941.863	1.0
942.863	1.0
943.863	1.0
944.863	1.0
945.863	1.0
946.863	1.0
947.863	1.0
948.863	1.0
949.863	1.0
950.863	1.0
951.863	1.0
952.863	1.0
953.863	1.0
954.863	1.0
955.863	1.0
956.863	1.0
957.863	1.0
958.863	1.0
959.863	1.0
960.863	1.0
961.863	1.0
962.863	1.0
963.863	1.0
964.863	1.0
965.863	1.0
966.863	1.0
967.863	1.0
968.863	1.0
969.863	1.0
970.863	1.0
971.863	1.0
972.863	1.0
973.863	1.0
974.863	1.0
975.863	1.0
976.863	1.0
977.863	1.0
978.863	1.0
979.863	1.0
980.863	1.0
981.863	1.0
982.863	1.0
983.863	1.0
984.863	1.0
985.863	1.0
986.863	1.0
987.863	1.0
988.863	1.0
989.863	1.0
990.863	1.0
991.863	1.0
992.863	1.0
993.863	1.0
994.863	1.0
995.863	1.0
996.863	1.0
