0.217	0.5603061741587115
1.067	0.5378322545429777
1.949	0.5375525628638405
2.82	0.49991079273221367
3.709	0.5256456021369519
4.593	0.5192205873520872
5.5	0.6498288660968118
6.402	0.6814778573863624
7.319	0.5580834000098174
8.259	0.48557275216020257
9.217	0.5823557096857775
10.168000000000001	0.6402669657509383
11.125	0.4314171746217972
12.088000000000001	0.7908021070898075
13.043000000000001	0.7097625596220584
14.008000000000001	0.49373814051857723
14.978	0.5903160329955063
15.954	0.8751372200589911
16.931	0.8340542964188
17.908	0.6946208153793216
18.893	0.5947717055756285
19.882	0.8314832949197627
20.873	0.9776298236471395
21.866	0.9853738402725442
22.861	0.9934981686717625
23.858	0.9900751636755395
24.858	1.0
25.858	1.0
26.858	1.0
27.858	1.0
28.858	1.0
29.858	1.0
30.858	1.0
31.858	1.0
32.858000000000004	1.0
33.858000000000004	1.0
34.858000000000004	1.0
35.858000000000004	1.0
36.858000000000004	1.0
37.858000000000004	1.0
38.858000000000004	1.0
39.858000000000004	1.0
40.858000000000004	1.0
41.858000000000004	1.0
42.858000000000004	1.0
43.858000000000004	1.0
44.858000000000004	1.0
45.858000000000004	1.0
46.858000000000004	1.0
47.858000000000004	1.0
48.858000000000004	1.0
49.858000000000004	1.0
50.858000000000004	1.0
51.858000000000004	1.0
52.858000000000004	1.0
53.858000000000004	1.0
54.858000000000004	1.0
55.858000000000004	1.0
56.858000000000004	1.0
57.858000000000004	1.0
58.858000000000004	1.0
59.858000000000004	1.0
60.858000000000004	1.0
61.858000000000004	1.0
62.858000000000004	1.0
63.858000000000004	1.0
64.858	1.0
65.858	1.0
66.858	1.0
67.858	1.0
68.858	1.0
69.858	1.0
70.858	1.0
71.858	1.0
72.858	1.0
73.858	1.0
74.858	1.0
75.858	1.0
76.858	1.0
77.858	1.0
78.858	1.0
79.858	1.0
80.858	1.0
81.858	1.0
82.858	1.0
83.858	1.0
84.858	1.0
85.858	1.0
86.858	1.0
87.858	1.0
88.858	1.0
89.858	1.0
90.858	1.0
91.858	1.0
92.858	1.0
93.858	1.0
94.858	1.0
95.858	1.0
96.858	1.0
97.858	1.0
98.858	1.0
99.858	1.0
100.858	1.0
101.858	1.0
102.858	1.0
103.858	1.0
104.858	1.0
105.858	1.0
106.858	1.0
107.858	1.0
108.858	1.0
109.858	1.0
110.858	1.0
111.858	1.0
112.858	1.0
113.858	1.0
114.858	1.0
115.858	1.0
116.858	1.0
117.858	1.0
118.858	1.0
119.858	1.0
120.858	1.0
121.858	1.0
122.858	1.0
123.858	1.0
124.858	1.0
125.858	1.0
126.858	1.0
127.858	1.0
128.858	1.0
129.858	1.0
130.858	1.0
131.858	1.0
132.858	1.0
133.858	1.0
134.858	1.0
135.858	1.0
136.858	1.0
137.858	1.0
138.858	1.0
139.858	1.0
140.858	1.0
141.858	1.0
142.858	1.0
143.858	1.0
144.858	1.0
145.858	1.0
146.858	1.0
147.858	1.0
148.858	1.0
149.858	1.0
150.858	1.0
151.858	1.0
152.858	1.0
153.858	1.0
154.858	1.0
155.858	1.0
156.858	1.0
157.858	1.0
158.858	1.0
159.858	1.0
160.858	1.0
161.858	1.0
162.858	1.0
163.858	1.0
164.858	1.0
165.858	1.0
166.858	1.0
167.858	1.0
168.858	1.0
169.858	1.0
170.858	1.0
171.858	1.0
172.858	1.0
173.858	1.0
174.858	1.0
175.858	1.0
176.858	1.0
177.858	1.0
178.858	1.0
179.858	1.0
180.858	1.0
181.858	1.0
182.858	1.0
183.858	1.0
184.858	1.0
185.858	1.0
186.858	1.0
187.858	1.0
188.858	1.0
189.858	1.0
190.858	1.0
191.858	1.0
192.858	1.0
193.858	1.0
194.858	1.0
195.858	1.0
196.858	1.0
197.858	1.0
198.858	1.0
199.858	1.0
200.858	1.0
201.858	1.0
202.858	1.0
203.858	1.0
204.858	1.0
205.858	1.0
206.858	1.0
207.858	1.0
208.858	1.0
209.858	1.0
210.858	1.0
211.858	1.0
212.858	1.0
213.858	1.0
214.858	1.0
215.858	1.0
216.858	1.0
217.858	1.0
218.858	1.0
219.858	1.0
220.858	1.0
221.858	1.0
222.858	1.0
223.858	1.0
224.858	1.0
225.858	1.0
226.858	1.0
227.858	1.0
228.858	1.0
229.858	1.0
230.858	1.0
231.858	1.0
232.858	1.0
233.858	1.0
234.858	1.0
235.858	1.0
236.858	1.0
237.858	1.0
238.858	1.0
239.858	1.0
240.858	1.0
241.858	1.0
242.858	1.0
243.858	1.0
244.858	1.0
245.858	1.0
246.858	1.0
247.858	1.0
248.858	1.0
249.858	1.0
250.858	1.0
251.858	1.0
252.858	1.0
253.858	1.0
254.858	1.0
255.858	1.0
256.858	1.0
257.858	1.0
258.858	1.0
259.858	1.0
260.858	1.0
261.858	1.0
262.858	1.0
263.858	1.0
264.858	1.0
265.858	1.0
266.858	1.0
267.858	1.0
268.858	1.0
269.858	1.0
270.858	1.0
271.858	1.0
272.858	1.0
273.858	1.0
274.858	1.0
275.858	1.0
276.858	1.0
277.858	1.0
278.858	1.0
279.858	1.0
280.858	1.0
281.858	1.0
282.858	1.0
283.858	1.0
284.858	1.0
285.858	1.0
286.858	1.0
287.858	1.0
288.858	1.0
289.858	1.0
290.858	1.0
291.858	1.0
292.858	1.0
293.858	1.0
294.858	1.0
295.858	1.0
296.858	1.0
297.858	1.0
298.858	1.0
299.858	1.0
300.858	1.0
301.858	1.0
302.858	1.0
303.858	1.0
304.858	1.0
305.858	1.0
306.858	1.0
307.858	1.0
308.858	1.0
309.858	1.0
310.858	1.0
311.858	1.0
312.858	1.0
313.858	1.0
314.858	1.0
315.858	1.0
316.858	1.0
317.858	1.0
318.858	1.0
319.858	1.0
320.858	1.0
321.858	1.0
322.858	1.0
323.858	1.0
324.858	1.0
325.858	1.0
326.858	1.0
327.858	1.0
328.858	1.0
329.858	1.0
330.858	1.0
331.858	1.0
332.858	1.0
333.858	1.0
334.858	1.0
335.858	1.0
336.858	1.0
337.858	1.0
338.858	1.0
339.858	1.0
340.858	1.0
341.858	1.0
342.858	1.0
343.858	1.0
344.858	1.0
345.858	1.0
346.858	1.0
347.858	1.0
348.858	1.0
349.858	1.0
350.858	1.0
351.858	1.0
352.858	1.0
353.858	1.0
354.858	1.0
355.858	1.0
356.858	1.0
357.858	1.0
358.858	1.0
359.858	1.0
360.858	1.0
361.858	1.0
362.858	1.0
363.858	1.0
364.858	1.0
365.858	1.0
366.858	1.0
367.858	1.0
368.858	1.0
369.858	1.0
370.858	1.0
371.858	1.0
372.858	1.0
373.858	1.0
374.858	1.0
375.858	1.0
376.858	1.0
377.858	1.0
378.858	1.0
379.858	1.0
380.858	1.0
381.858	1.0
382.858	1.0
383.858	1.0
384.858	1.0
385.858	1.0
386.858	1.0
387.858	1.0
388.858	1.0
389.858	1.0
390.858	1.0
391.858	1.0
392.858	1.0
393.858	1.0
394.858	1.0
395.858	1.0
396.858	1.0
397.858	1.0
398.858	1.0
399.858	1.0
400.858	1.0
401.858	1.0
402.858	1.0
403.858	1.0
404.858	1.0
405.858	1.0
406.858	1.0
407.858	1.0
408.858	1.0
409.858	1.0
410.858	1.0
411.858	1.0
412.858	1.0
413.858	1.0
414.858	1.0
415.858	1.0
416.858	1.0
417.858	1.0
418.858	1.0
419.858	1.0
420.858	1.0
421.858	1.0
422.858	1.0
423.858	1.0
424.858	1.0
425.858	1.0
426.858	1.0
427.858	1.0
428.858	1.0
429.858	1.0
430.858	1.0
431.858	1.0
432.858	1.0
433.858	1.0
434.858	1.0
435.858	1.0
436.858	1.0
437.858	1.0
438.858	1.0
439.858	1.0
440.858	1.0
441.858	1.0
442.858	1.0
443.858	1.0
444.858	1.0
445.858	1.0
446.858	1.0
447.858	1.0
448.858	1.0
449.858	1.0
450.858	1.0
451.858	1.0
452.858	1.0
453.858	1.0
454.858	1.0
455.858	1.0
456.858	1.0
457.858	1.0
458.858	1.0
459.858	1.0
460.858	1.0
461.858	1.0
462.858	1.0
463.858	1.0
464.858	1.0
465.858	1.0
466.858	1.0
467.858	1.0
468.858	1.0
469.858	1.0
470.858	1.0
471.858	1.0
472.858	1.0
473.858	1.0
474.858	1.0
475.858	1.0
476.858	1.0
477.858	1.0
478.858	1.0
479.858	1.0
480.858	1.0
481.858	1.0
482.858	1.0
483.858	1.0
484.858	1.0
485.858	1.0
486.858	1.0
487.858	1.0
488.858	1.0
489.858	1.0
490.858	1.0
491.858	1.0
492.858	1.0
493.858	1.0
494.858	1.0
495.858	1.0
496.858	1.0
497.858	1.0
498.858	1.0
499.858	1.0
500.858	1.0
501.858	1.0
502.858	1.0
503.858	1.0
504.858	1.0
505.858	1.0
506.858	1.0
507.858	1.0
508.858	1.0
509.858	1.0
510.858	1.0
511.858	1.0
512.8580000000001	1.0
513.8580000000001	1.0
514.8580000000001	1.0
515.8580000000001	1.0
516.8580000000001	1.0
517.8580000000001	1.0
518.8580000000001	1.0
519.8580000000001	1.0
520.8580000000001	1.0
521.8580000000001	1.0
522.8580000000001	1.0
523.8580000000001	1.0
524.8580000000001	1.0
525.8580000000001	1.0
526.8580000000001	1.0
527.8580000000001	1.0
528.8580000000001	1.0
529.8580000000001	1.0
530.8580000000001	1.0
531.8580000000001	1.0
532.8580000000001	1.0
533.8580000000001	1.0
534.8580000000001	1.0
535.8580000000001	1.0
536.8580000000001	1.0
537.8580000000001	1.0
538.8580000000001	1.0
539.8580000000001	1.0
540.8580000000001	1.0
541.8580000000001	1.0
542.8580000000001	1.0
543.8580000000001	1.0
544.8580000000001	1.0
545.8580000000001	1.0
546.8580000000001	1.0
547.8580000000001	1.0
548.8580000000001	1.0
549.8580000000001	1.0
550.8580000000001	1.0
551.8580000000001	1.0
552.8580000000001	1.0
553.8580000000001	1.0
554.8580000000001	1.0
555.8580000000001	1.0
556.8580000000001	1.0
557.8580000000001	1.0
558.8580000000001	1.0
559.8580000000001	1.0
560.8580000000001	1.0
561.8580000000001	1.0
562.8580000000001	1.0
563.8580000000001	1.0
564.8580000000001	1.0
565.8580000000001	1.0
566.8580000000001	1.0
567.8580000000001	1.0
568.8580000000001	1.0
569.8580000000001	1.0
570.8580000000001	1.0
571.8580000000001	1.0
572.8580000000001	1.0
573.8580000000001	1.0
574.8580000000001	1.0
575.8580000000001	1.0
576.8580000000001	1.0
577.8580000000001	1.0
578.8580000000001	1.0
579.8580000000001	1.0
580.8580000000001	1.0
581.8580000000001	1.0
582.8580000000001	1.0
583.8580000000001	1.0
584.8580000000001	1.0
585.8580000000001	1.0
586.8580000000001	1.0
587.8580000000001	1.0
588.8580000000001	1.0
589.8580000000001	1.0
590.8580000000001	1.0
591.8580000000001	1.0
592.8580000000001	1.0
593.8580000000001	1.0
594.8580000000001	1.0
595.8580000000001	1.0
596.8580000000001	1.0
597.8580000000001	1.0
598.8580000000001	1.0
599.8580000000001	1.0
600.8580000000001	1.0
601.8580000000001	1.0
602.8580000000001	1.0
603.8580000000001	1.0
604.8580000000001	1.0
605.8580000000001	1.0
606.8580000000001	1.0
607.8580000000001	1.0
608.8580000000001	1.0
609.8580000000001	1.0
610.8580000000001	1.0
611.8580000000001	1.0
612.8580000000001	1.0
613.8580000000001	1.0
614.8580000000001	1.0
615.8580000000001	1.0
616.8580000000001	1.0
617.8580000000001	1.0
618.8580000000001	1.0
619.8580000000001	1.0
620.8580000000001	1.0
621.8580000000001	1.0
622.8580000000001	1.0
623.8580000000001	1.0
624.8580000000001	1.0
625.8580000000001	1.0
626.8580000000001	1.0
627.8580000000001	1.0
628.8580000000001	1.0
629.8580000000001	1.0
630.8580000000001	1.0
631.8580000000001	1.0
632.8580000000001	1.0
633.8580000000001	1.0
634.8580000000001	1.0
635.8580000000001	1.0
636.8580000000001	1.0
637.8580000000001	1.0
638.8580000000001	1.0
639.8580000000001	1.0
640.8580000000001	1.0
641.8580000000001	1.0
642.8580000000001	1.0
643.8580000000001	1.0
644.8580000000001	1.0
645.8580000000001	1.0
646.8580000000001	1.0
647.8580000000001	1.0
648.8580000000001	1.0
649.8580000000001	1.0
650.8580000000001	1.0
651.8580000000001	1.0
652.8580000000001	1.0
653.8580000000001	1.0
654.8580000000001	1.0
655.8580000000001	1.0
656.8580000000001	1.0
657.8580000000001	1.0
658.8580000000001	1.0
659.8580000000001	1.0
660.8580000000001	1.0
661.8580000000001	1.0
662.8580000000001	1.0
663.8580000000001	1.0
664.8580000000001	1.0
665.8580000000001	1.0
666.8580000000001	1.0
667.8580000000001	1.0
668.8580000000001	1.0
669.8580000000001	1.0
670.8580000000001	1.0
671.8580000000001	1.0
672.8580000000001	1.0
673.8580000000001	1.0
674.8580000000001	1.0
675.8580000000001	1.0
676.8580000000001	1.0
677.8580000000001	1.0
678.8580000000001	1.0
679.8580000000001	1.0
680.8580000000001	1.0
681.8580000000001	1.0
682.8580000000001	1.0
683.8580000000001	1.0
684.8580000000001	1.0
685.8580000000001	1.0
686.8580000000001	1.0
687.8580000000001	1.0
688.8580000000001	1.0
689.8580000000001	1.0
690.8580000000001	1.0
691.8580000000001	1.0
692.8580000000001	1.0
693.8580000000001	1.0
694.8580000000001	1.0
695.8580000000001	1.0
696.8580000000001	1.0
697.8580000000001	1.0
698.8580000000001	1.0
699.8580000000001	1.0
700.8580000000001	1.0
701.8580000000001	1.0
702.8580000000001	1.0
703.8580000000001	1.0
704.8580000000001	1.0
705.8580000000001	1.0
706.8580000000001	1.0
707.8580000000001	1.0
708.8580000000001	1.0
709.8580000000001	1.0
710.8580000000001	1.0
711.8580000000001	1.0
712.8580000000001	1.0
713.8580000000001	1.0
714.8580000000001	1.0
715.8580000000001	1.0
716.8580000000001	1.0
717.8580000000001	1.0
718.8580000000001	1.0
719.8580000000001	1.0
720.8580000000001	1.0
721.8580000000001	1.0
722.8580000000001	1.0
723.8580000000001	1.0
724.8580000000001	1.0
725.8580000000001	1.0
726.8580000000001	1.0
727.8580000000001	1.0
728.8580000000001	1.0
729.8580000000001	1.0
730.8580000000001	1.0
731.8580000000001	1.0
732.8580000000001	1.0
733.8580000000001	1.0
734.8580000000001	1.0
735.8580000000001	1.0
736.8580000000001	1.0
737.8580000000001	1.0
738.8580000000001	1.0
739.8580000000001	1.0
740.8580000000001	1.0
741.8580000000001	1.0
742.8580000000001	1.0
743.8580000000001	1.0
744.8580000000001	1.0
745.8580000000001	1.0
746.8580000000001	1.0
747.8580000000001	1.0
748.8580000000001	1.0
749.8580000000001	1.0
750.8580000000001	1.0
751.8580000000001	1.0
752.8580000000001	1.0
753.8580000000001	1.0
754.8580000000001	1.0
755.8580000000001	1.0
756.8580000000001	1.0
757.8580000000001	1.0
758.8580000000001	1.0
759.8580000000001	1.0
760.8580000000001	1.0
761.8580000000001	1.0
762.8580000000001	1.0
763.8580000000001	1.0
764.8580000000001	1.0
765.8580000000001	1.0
766.8580000000001	1.0
767.8580000000001	1.0
768.8580000000001	1.0
769.8580000000001	1.0
770.8580000000001	1.0
771.8580000000001	1.0
772.8580000000001	1.0
773.8580000000001	1.0
774.8580000000001	1.0
775.8580000000001	1.0
776.8580000000001	1.0
777.8580000000001	1.0
778.8580000000001	1.0
779.8580000000001	1.0
780.8580000000001	1.0
781.8580000000001	1.0
782.8580000000001	1.0
783.8580000000001	1.0
784.8580000000001	1.0
785.8580000000001	1.0
786.8580000000001	1.0
787.8580000000001	1.0
788.8580000000001	1.0
789.8580000000001	1.0
790.8580000000001	1.0
791.8580000000001	1.0
792.8580000000001	1.0
793.8580000000001	1.0
794.8580000000001	1.0
795.8580000000001	1.0
796.8580000000001	1.0
797.8580000000001	1.0
798.8580000000001	1.0
799.8580000000001	1.0
800.8580000000001	1.0
801.8580000000001	1.0
802.8580000000001	1.0
803.8580000000001	1.0
804.8580000000001	1.0
805.8580000000001	1.0
806.8580000000001	1.0
807.8580000000001	1.0
808.8580000000001	1.0
809.8580000000001	1.0
810.8580000000001	1.0
811.8580000000001	1.0
812.8580000000001	1.0
813.8580000000001	1.0
814.8580000000001	1.0
815.8580000000001	1.0
816.8580000000001	1.0
817.8580000000001	1.0
818.8580000000001	1.0
819.8580000000001	1.0
820.8580000000001	1.0
821.8580000000001	1.0
822.8580000000001	1.0
823.8580000000001	1.0
824.8580000000001	1.0
825.8580000000001	1.0
826.8580000000001	1.0
827.8580000000001	1.0
828.8580000000001	1.0
829.8580000000001	1.0
830.8580000000001	1.0
831.8580000000001	1.0
832.8580000000001	1.0
833.8580000000001	1.0
834.8580000000001	1.0
835.8580000000001	1.0
836.8580000000001	1.0
837.8580000000001	1.0
838.8580000000001	1.0
839.8580000000001	1.0
840.8580000000001	1.0
841.8580000000001	1.0
842.8580000000001	1.0
843.8580000000001	1.0
844.8580000000001	1.0
845.8580000000001	1.0
846.8580000000001	1.0
847.8580000000001	1.0
848.8580000000001	1.0
849.8580000000001	1.0
850.8580000000001	1.0
851.8580000000001	1.0
852.8580000000001	1.0
853.8580000000001	1.0
854.8580000000001	1.0
855.8580000000001	1.0
856.8580000000001	1.0
857.8580000000001	1.0
858.8580000000001	1.0
859.8580000000001	1.0
860.8580000000001	1.0
861.8580000000001	1.0
862.8580000000001	1.0
863.8580000000001	1.0
864.8580000000001	1.0
865.8580000000001	1.0
866.8580000000001	1.0
867.8580000000001	1.0
868.8580000000001	1.0
869.8580000000001	1.0
870.8580000000001	1.0
871.8580000000001	1.0
872.8580000000001	1.0
873.8580000000001	1.0
874.8580000000001	1.0
875.8580000000001	1.0
876.8580000000001	1.0
877.8580000000001	1.0
878.8580000000001	1.0
879.8580000000001	1.0
880.8580000000001	1.0
881.8580000000001	1.0
882.8580000000001	1.0
883.8580000000001	1.0
884.8580000000001	1.0
885.8580000000001	1.0
886.8580000000001	1.0
887.8580000000001	1.0
888.8580000000001	1.0
889.8580000000001	1.0
890.8580000000001	1.0
891.8580000000001	1.0
892.8580000000001	1.0
893.8580000000001	1.0
894.8580000000001	1.0
895.8580000000001	1.0
896.8580000000001	1.0
897.8580000000001	1.0
898.8580000000001	1.0
899.8580000000001	1.0
900.8580000000001	1.0
901.8580000000001	1.0
902.8580000000001	1.0
903.8580000000001	1.0
904.8580000000001	1.0
905.8580000000001	1.0
906.8580000000001	1.0
907.8580000000001	1.0
908.8580000000001	1.0
909.8580000000001	1.0
910.8580000000001	1.0
911.8580000000001	1.0
912.8580000000001	1.0
913.8580000000001	1.0
914.8580000000001	1.0
915.8580000000001	1.0
916.8580000000001	1.0
917.8580000000001	1.0
918.8580000000001	1.0
919.8580000000001	1.0
920.8580000000001	1.0
921.8580000000001	1.0
922.8580000000001	1.0
923.8580000000001	1.0
924.8580000000001	1.0
925.8580000000001	1.0
926.8580000000001	1.0
927.8580000000001	1.0
928.8580000000001	1.0
929.8580000000001	1.0
930.8580000000001	1.0
931.8580000000001	1.0
932.8580000000001	1.0
933.8580000000001	1.0
934.8580000000001	1.0
935.8580000000001	1.0
936.8580000000001	1.0
937.8580000000001	1.0
938.8580000000001	1.0
939.8580000000001	1.0
940.8580000000001	1.0
941.8580000000001	1.0
942.8580000000001	1.0
943.8580000000001	1.0
944.8580000000001	1.0
945.8580000000001	1.0
946.8580000000001	1.0
947.8580000000001	1.0
948.8580000000001	1.0
949.8580000000001	1.0
950.8580000000001	1.0
951.8580000000001	1.0
952.8580000000001	1.0
953.8580000000001	1.0
954.8580000000001	1.0
955.8580000000001	1.0
956.8580000000001	1.0
957.8580000000001	1.0
958.8580000000001	1.0
959.8580000000001	1.0
960.8580000000001	1.0
961.8580000000001	1.0
962.8580000000001	1.0
963.8580000000001	1.0
964.8580000000001	1.0
965.8580000000001	1.0
966.8580000000001	1.0
967.8580000000001	1.0
968.8580000000001	1.0
969.8580000000001	1.0
970.8580000000001	1.0
971.8580000000001	1.0
972.8580000000001	1.0
973.8580000000001	1.0
974.8580000000001	1.0
975.8580000000001	1.0
976.8580000000001	1.0
977.8580000000001	1.0
978.8580000000001	1.0
979.8580000000001	1.0
980.8580000000001	1.0
981.8580000000001	1.0
982.8580000000001	1.0
983.8580000000001	1.0
984.8580000000001	1.0
985.8580000000001	1.0
986.8580000000001	1.0
987.8580000000001	1.0
988.8580000000001	1.0
989.8580000000001	1.0
990.8580000000001	1.0
991.8580000000001	1.0
992.8580000000001	1.0
993.8580000000001	1.0
994.8580000000001	1.0
995.8580000000001	1.0
996.8580000000001	1.0
997.8580000000001	1.0
