0.64	0.5740939281505415
1.5130000000000001	0.5840898263476528
2.366	0.6037399836215651
3.27	0.6192895449630061
4.154	0.6220668173659565
5.0280000000000005	0.6256603576001369
5.888	0.6366028874761427
6.773000000000001	0.6280360354654468
7.658	0.6543310212755479
8.519	0.6737699032938067
9.381	0.7031788321551447
10.261000000000001	0.7107991545160867
11.173	0.7060779400480426
12.077	0.7294823374013955
13.013	0.7714474150893418
13.968	0.6624442389122888
14.935	0.7581110555421137
15.902000000000001	0.19746586738498814
16.874	0.784284341238331
17.849	0.2490654496991259
18.830000000000002	0.47340851890607455
19.814	0.8750539247683065
20.795	0.18233108344876672
21.783	0.8712609766575682
22.764	0.19781083275345387
23.748	0.20551808561857537
24.739	0.8660085540263437
25.726	0.6456947241462467
26.714000000000002	0.49546245398981026
27.708000000000002	0.8908350462587807
28.698	0.9692480286048196
29.694	0.9863257360454384
30.688000000000002	0.9847874158258797
31.684	0.9830122759195006
32.682	1.0
33.682	1.0
34.682	1.0
35.682	1.0
36.682	1.0
37.682	1.0
38.682	1.0
39.682	1.0
40.682	1.0
41.682	1.0
42.682	1.0
43.682	1.0
44.682	1.0
45.682	1.0
46.682	1.0
47.682	1.0
48.682	1.0
49.682	1.0
50.682	1.0
51.682	1.0
52.682	1.0
53.682	1.0
54.682	1.0
55.682	1.0
56.682	1.0
57.682	1.0
58.682	1.0
59.682	1.0
60.682	1.0
61.682	1.0
62.682	1.0
63.682	1.0
64.682	1.0
65.682	1.0
66.682	1.0
67.682	1.0
68.682	1.0
69.682	1.0
70.682	1.0
71.682	1.0
72.682	1.0
73.682	1.0
74.682	1.0
75.682	1.0
76.682	1.0
77.682	1.0
78.682	1.0
79.682	1.0
80.682	1.0
81.682	1.0
82.682	1.0
83.682	1.0
84.682	1.0
85.682	1.0
86.682	1.0
87.682	1.0
88.682	1.0
89.682	1.0
90.682	1.0
91.682	1.0
92.682	1.0
93.682	1.0
94.682	1.0
95.682	1.0
96.682	1.0
97.682	1.0
98.682	1.0
99.682	1.0
100.682	1.0
101.682	1.0
102.682	1.0
103.682	1.0
104.682	1.0
105.682	1.0
106.682	1.0
107.682	1.0
108.682	1.0
109.682	1.0
110.682	1.0
111.682	1.0
112.682	1.0
113.682	1.0
114.682	1.0
115.682	1.0
116.682	1.0
117.682	1.0
118.682	1.0
119.682	1.0
120.682	1.0
121.682	1.0
122.682	1.0
123.682	1.0
124.682	1.0
125.682	1.0
126.682	1.0
127.682	1.0
128.68200000000002	1.0
129.68200000000002	1.0
130.68200000000002	1.0
131.68200000000002	1.0
132.68200000000002	1.0
133.68200000000002	1.0
134.68200000000002	1.0
135.68200000000002	1.0
136.68200000000002	1.0
137.68200000000002	1.0
138.68200000000002	1.0
139.68200000000002	1.0
140.68200000000002	1.0
141.68200000000002	1.0
142.68200000000002	1.0
143.68200000000002	1.0
144.68200000000002	1.0
145.68200000000002	1.0
146.68200000000002	1.0
147.68200000000002	1.0
148.68200000000002	1.0
149.68200000000002	1.0
150.68200000000002	1.0
151.68200000000002	1.0
152.68200000000002	1.0
153.68200000000002	1.0
154.68200000000002	1.0
155.68200000000002	1.0
156.68200000000002	1.0
157.68200000000002	1.0
158.68200000000002	1.0
159.68200000000002	1.0
160.68200000000002	1.0
161.68200000000002	1.0
162.68200000000002	1.0
163.68200000000002	1.0
164.68200000000002	1.0
165.68200000000002	1.0
166.68200000000002	1.0
167.68200000000002	1.0
168.68200000000002	1.0
169.68200000000002	1.0
170.68200000000002	1.0
171.68200000000002	1.0
172.68200000000002	1.0
173.68200000000002	1.0
174.68200000000002	1.0
175.68200000000002	1.0
176.68200000000002	1.0
177.68200000000002	1.0
178.68200000000002	1.0
179.68200000000002	1.0
180.68200000000002	1.0
181.68200000000002	1.0
182.68200000000002	1.0
183.68200000000002	1.0
184.68200000000002	1.0
185.68200000000002	1.0
186.68200000000002	1.0
187.68200000000002	1.0
188.68200000000002	1.0
189.68200000000002	1.0
190.68200000000002	1.0
191.68200000000002	1.0
192.68200000000002	1.0
193.68200000000002	1.0
194.68200000000002	1.0
195.68200000000002	1.0
196.68200000000002	1.0
197.68200000000002	1.0
198.68200000000002	1.0
199.68200000000002	1.0
200.68200000000002	1.0
201.68200000000002	1.0
202.68200000000002	1.0
203.68200000000002	1.0
204.68200000000002	1.0
205.68200000000002	1.0
206.68200000000002	1.0
207.68200000000002	1.0
208.68200000000002	1.0
209.68200000000002	1.0
210.68200000000002	1.0
211.68200000000002	1.0
212.68200000000002	1.0
213.68200000000002	1.0
214.68200000000002	1.0
215.68200000000002	1.0
216.68200000000002	1.0
217.68200000000002	1.0
218.68200000000002	1.0
219.68200000000002	1.0
220.68200000000002	1.0
221.68200000000002	1.0
222.68200000000002	1.0
223.68200000000002	1.0
224.68200000000002	1.0
225.68200000000002	1.0
226.68200000000002	1.0
227.68200000000002	1.0
228.68200000000002	1.0
229.68200000000002	1.0
230.68200000000002	1.0
231.68200000000002	1.0
232.68200000000002	1.0
233.68200000000002	1.0
234.68200000000002	1.0
235.68200000000002	1.0
236.68200000000002	1.0
237.68200000000002	1.0
238.68200000000002	1.0
239.68200000000002	1.0
240.68200000000002	1.0
241.68200000000002	1.0
242.68200000000002	1.0
243.68200000000002	1.0
244.68200000000002	1.0
245.68200000000002	1.0
246.68200000000002	1.0
247.68200000000002	1.0
248.68200000000002	1.0
249.68200000000002	1.0
250.68200000000002	1.0
251.68200000000002	1.0
252.68200000000002	1.0
253.68200000000002	1.0
254.68200000000002	1.0
255.68200000000002	1.0
256.682	1.0
257.682	1.0
258.682	1.0
259.682	1.0
260.682	1.0
261.682	1.0
262.682	1.0
263.682	1.0
264.682	1.0
265.682	1.0
266.682	1.0
267.682	1.0
268.682	1.0
269.682	1.0
270.682	1.0
271.682	1.0
272.682	1.0
273.682	1.0
274.682	1.0
275.682	1.0
276.682	1.0
277.682	1.0
278.682	1.0
279.682	1.0
280.682	1.0
281.682	1.0
282.682	1.0
283.682	1.0
284.682	1.0
285.682	1.0
286.682	1.0
287.682	1.0
288.682	1.0
289.682	1.0
290.682	1.0
291.682	1.0
292.682	1.0
293.682	1.0
294.682	1.0
295.682	1.0
296.682	1.0
297.682	1.0
298.682	1.0
299.682	1.0
300.682	1.0
301.682	1.0
302.682	1.0
303.682	1.0
304.682	1.0
305.682	1.0
306.682	1.0
307.682	1.0
308.682	1.0
309.682	1.0
310.682	1.0
311.682	1.0
312.682	1.0
313.682	1.0
314.682	1.0
315.682	1.0
316.682	1.0
317.682	1.0
318.682	1.0
319.682	1.0
320.682	1.0
321.682	1.0
322.682	1.0
323.682	1.0
324.682	1.0
325.682	1.0
326.682	1.0
327.682	1.0
328.682	1.0
329.682	1.0
330.682	1.0
331.682	1.0
332.682	1.0
333.682	1.0
334.682	1.0
335.682	1.0
336.682	1.0
337.682	1.0
338.682	1.0
339.682	1.0
340.682	1.0
341.682	1.0
342.682	1.0
343.682	1.0
344.682	1.0
345.682	1.0
346.682	1.0
347.682	1.0
348.682	1.0
349.682	1.0
350.682	1.0
351.682	1.0
352.682	1.0
353.682	1.0
354.682	1.0
355.682	1.0
356.682	1.0
357.682	1.0
358.682	1.0
359.682	1.0
360.682	1.0
361.682	1.0
362.682	1.0
363.682	1.0
364.682	1.0
365.682	1.0
366.682	1.0
367.682	1.0
368.682	1.0
369.682	1.0
370.682	1.0
371.682	1.0
372.682	1.0
373.682	1.0
374.682	1.0
375.682	1.0
376.682	1.0
377.682	1.0
378.682	1.0
379.682	1.0
380.682	1.0
381.682	1.0
382.682	1.0
383.682	1.0
384.682	1.0
385.682	1.0
386.682	1.0
387.682	1.0
388.682	1.0
389.682	1.0
390.682	1.0
391.682	1.0
392.682	1.0
393.682	1.0
394.682	1.0
395.682	1.0
396.682	1.0
397.682	1.0
398.682	1.0
399.682	1.0
400.682	1.0
401.682	1.0
402.682	1.0
403.682	1.0
404.682	1.0
405.682	1.0
406.682	1.0
407.682	1.0
408.682	1.0
409.682	1.0
410.682	1.0
411.682	1.0
412.682	1.0
413.682	1.0
414.682	1.0
415.682	1.0
416.682	1.0
417.682	1.0
418.682	1.0
419.682	1.0
420.682	1.0
421.682	1.0
422.682	1.0
423.682	1.0
424.682	1.0
425.682	1.0
426.682	1.0
427.682	1.0
428.682	1.0
429.682	1.0
430.682	1.0
431.682	1.0
432.682	1.0
433.682	1.0
434.682	1.0
435.682	1.0
436.682	1.0
437.682	1.0
438.682	1.0
439.682	1.0
440.682	1.0
441.682	1.0
442.682	1.0
443.682	1.0
444.682	1.0
445.682	1.0
446.682	1.0
447.682	1.0
448.682	1.0
449.682	1.0
450.682	1.0
451.682	1.0
452.682	1.0
453.682	1.0
454.682	1.0
455.682	1.0
456.682	1.0
457.682	1.0
458.682	1.0
459.682	1.0
460.682	1.0
461.682	1.0
462.682	1.0
463.682	1.0
464.682	1.0
465.682	1.0
466.682	1.0
467.682	1.0
468.682	1.0
469.682	1.0
470.682	1.0
471.682	1.0
472.682	1.0
473.682	1.0
474.682	1.0
475.682	1.0
476.682	1.0
477.682	1.0
478.682	1.0
479.682	1.0
480.682	1.0
481.682	1.0
482.682	1.0
483.682	1.0
484.682	1.0
485.682	1.0
486.682	1.0
487.682	1.0
488.682	1.0
489.682	1.0
490.682	1.0
491.682	1.0
492.682	1.0
493.682	1.0
494.682	1.0
495.682	1.0
496.682	1.0
497.682	1.0
498.682	1.0
499.682	1.0
500.682	1.0
501.682	1.0
502.682	1.0
503.682	1.0
504.682	1.0
505.682	1.0
506.682	1.0
507.682	1.0
508.682	1.0
509.682	1.0
510.682	1.0
511.682	1.0
512.682	1.0
513.682	1.0
514.682	1.0
515.682	1.0
516.682	1.0
517.682	1.0
518.682	1.0
519.682	1.0
520.682	1.0
521.682	1.0
522.682	1.0
523.682	1.0
524.682	1.0
525.682	1.0
526.682	1.0
527.682	1.0
528.682	1.0
529.682	1.0
530.682	1.0
531.682	1.0
532.682	1.0
533.682	1.0
534.682	1.0
535.682	1.0
536.682	1.0
537.682	1.0
538.682	1.0
539.682	1.0
540.682	1.0
541.682	1.0
542.682	1.0
543.682	1.0
544.682	1.0
545.682	1.0
546.682	1.0
547.682	1.0
548.682	1.0
549.682	1.0
550.682	1.0
551.682	1.0
552.682	1.0
553.682	1.0
554.682	1.0
555.682	1.0
556.682	1.0
557.682	1.0
558.682	1.0
559.682	1.0
560.682	1.0
561.682	1.0
562.682	1.0
563.682	1.0
564.682	1.0
565.682	1.0
566.682	1.0
567.682	1.0
568.682	1.0
569.682	1.0
570.682	1.0
571.682	1.0
572.682	1.0
573.682	1.0
574.682	1.0
575.682	1.0
576.682	1.0
577.682	1.0
578.682	1.0
579.682	1.0
580.682	1.0
581.682	1.0
582.682	1.0
583.682	1.0
584.682	1.0
585.682	1.0
586.682	1.0
587.682	1.0
588.682	1.0
589.682	1.0
590.682	1.0
591.682	1.0
592.682	1.0
593.682	1.0
594.682	1.0
595.682	1.0
596.682	1.0
597.682	1.0
598.682	1.0
599.682	1.0
600.682	1.0
601.682	1.0
602.682	1.0
603.682	1.0
604.682	1.0
605.682	1.0
606.682	1.0
607.682	1.0
608.682	1.0
609.682	1.0
610.682	1.0
611.682	1.0
612.682	1.0
613.682	1.0
614.682	1.0
615.682	1.0
616.682	1.0
617.682	1.0
618.682	1.0
619.682	1.0
620.682	1.0
621.682	1.0
622.682	1.0
623.682	1.0
624.682	1.0
625.682	1.0
626.682	1.0
627.682	1.0
628.682	1.0
629.682	1.0
630.682	1.0
631.682	1.0
632.682	1.0
633.682	1.0
634.682	1.0
635.682	1.0
636.682	1.0
637.682	1.0
638.682	1.0
639.682	1.0
640.682	1.0
641.682	1.0
642.682	1.0
643.682	1.0
644.682	1.0
645.682	1.0
646.682	1.0
647.682	1.0
648.682	1.0
649.682	1.0
650.682	1.0
651.682	1.0
652.682	1.0
653.682	1.0
654.682	1.0
655.682	1.0
656.682	1.0
657.682	1.0
658.682	1.0
659.682	1.0
660.682	1.0
661.682	1.0
662.682	1.0
663.682	1.0
664.682	1.0
665.682	1.0
666.682	1.0
667.682	1.0
668.682	1.0
669.682	1.0
670.682	1.0
671.682	1.0
672.682	1.0
673.682	1.0
674.682	1.0
675.682	1.0
676.682	1.0
677.682	1.0
678.682	1.0
679.682	1.0
680.682	1.0
681.682	1.0
682.682	1.0
683.682	1.0
684.682	1.0
685.682	1.0
686.682	1.0
687.682	1.0
688.682	1.0
689.682	1.0
690.682	1.0
691.682	1.0
692.682	1.0
693.682	1.0
694.682	1.0
695.682	1.0
696.682	1.0
697.682	1.0
698.682	1.0
699.682	1.0
700.682	1.0
701.682	1.0
702.682	1.0
703.682	1.0
704.682	1.0
705.682	1.0
706.682	1.0
707.682	1.0
708.682	1.0
709.682	1.0
710.682	1.0
711.682	1.0
712.682	1.0
713.682	1.0
714.682	1.0
715.682	1.0
716.682	1.0
717.682	1.0
718.682	1.0
719.682	1.0
720.682	1.0
721.682	1.0
722.682	1.0
723.682	1.0
724.682	1.0
725.682	1.0
726.682	1.0
727.682	1.0
728.682	1.0
729.682	1.0
730.682	1.0
731.682	1.0
732.682	1.0
733.682	1.0
734.682	1.0
735.682	1.0
736.682	1.0
737.682	1.0
738.682	1.0
739.682	1.0
740.682	1.0
741.682	1.0
742.682	1.0
743.682	1.0
744.682	1.0
745.682	1.0
746.682	1.0
747.682	1.0
748.682	1.0
749.682	1.0
750.682	1.0
751.682	1.0
752.682	1.0
753.682	1.0
754.682	1.0
755.682	1.0
756.682	1.0
757.682	1.0
758.682	1.0
759.682	1.0
760.682	1.0
761.682	1.0
762.682	1.0
763.682	1.0
764.682	1.0
765.682	1.0
766.682	1.0
767.682	1.0
768.682	1.0
769.682	1.0
770.682	1.0
771.682	1.0
772.682	1.0
773.682	1.0
774.682	1.0
775.682	1.0
776.682	1.0
777.682	1.0
778.682	1.0
779.682	1.0
780.682	1.0
781.682	1.0
782.682	1.0
783.682	1.0
784.682	1.0
785.682	1.0
786.682	1.0
787.682	1.0
788.682	1.0
789.682	1.0
790.682	1.0
791.682	1.0
792.682	1.0
793.682	1.0
794.682	1.0
795.682	1.0
796.682	1.0
797.682	1.0
798.682	1.0
799.682	1.0
800.682	1.0
801.682	1.0
802.682	1.0
803.682	1.0
804.682	1.0
805.682	1.0
806.682	1.0
807.682	1.0
808.682	1.0
809.682	1.0
810.682	1.0
811.682	1.0
812.682	1.0
813.682	1.0
814.682	1.0
815.682	1.0
816.682	1.0
817.682	1.0
818.682	1.0
819.682	1.0
820.682	1.0
821.682	1.0
822.682	1.0
823.682	1.0
824.682	1.0
825.682	1.0
826.682	1.0
827.682	1.0
828.682	1.0
829.682	1.0
830.682	1.0
831.682	1.0
832.682	1.0
833.682	1.0
834.682	1.0
835.682	1.0
836.682	1.0
837.682	1.0
838.682	1.0
839.682	1.0
840.682	1.0
841.682	1.0
842.682	1.0
843.682	1.0
844.682	1.0
845.682	1.0
846.682	1.0
847.682	1.0
848.682	1.0
849.682	1.0
850.682	1.0
851.682	1.0
852.682	1.0
853.682	1.0
854.682	1.0
855.682	1.0
856.682	1.0
857.682	1.0
858.682	1.0
859.682	1.0
860.682	1.0
861.682	1.0
862.682	1.0
863.682	1.0
864.682	1.0
865.682	1.0
866.682	1.0
867.682	1.0
868.682	1.0
869.682	1.0
870.682	1.0
871.682	1.0
872.682	1.0
873.682	1.0
874.682	1.0
875.682	1.0
876.682	1.0
877.682	1.0
878.682	1.0
879.682	1.0
880.682	1.0
881.682	1.0
882.682	1.0
883.682	1.0
884.682	1.0
885.682	1.0
886.682	1.0
887.682	1.0
888.682	1.0
889.682	1.0
890.682	1.0
891.682	1.0
892.682	1.0
893.682	1.0
894.682	1.0
895.682	1.0
896.682	1.0
897.682	1.0
898.682	1.0
899.682	1.0
900.682	1.0
901.682	1.0
902.682	1.0
903.682	1.0
904.682	1.0
905.682	1.0
906.682	1.0
907.682	1.0
908.682	1.0
909.682	1.0
910.682	1.0
911.682	1.0
912.682	1.0
913.682	1.0
914.682	1.0
915.682	1.0
916.682	1.0
917.682	1.0
918.682	1.0
919.682	1.0
920.682	1.0
921.682	1.0
922.682	1.0
923.682	1.0
924.682	1.0
925.682	1.0
926.682	1.0
927.682	1.0
928.682	1.0
929.682	1.0
930.682	1.0
931.682	1.0
932.682	1.0
933.682	1.0
934.682	1.0
935.682	1.0
936.682	1.0
937.682	1.0
938.682	1.0
939.682	1.0
940.682	1.0
941.682	1.0
942.682	1.0
943.682	1.0
944.682	1.0
945.682	1.0
946.682	1.0
947.682	1.0
948.682	1.0
949.682	1.0
950.682	1.0
951.682	1.0
952.682	1.0
953.682	1.0
954.682	1.0
955.682	1.0
956.682	1.0
957.682	1.0
958.682	1.0
959.682	1.0
960.682	1.0
961.682	1.0
962.682	1.0
963.682	1.0
964.682	1.0
965.682	1.0
966.682	1.0
967.682	1.0
968.682	1.0
969.682	1.0
970.682	1.0
971.682	1.0
972.682	1.0
973.682	1.0
974.682	1.0
975.682	1.0
976.682	1.0
977.682	1.0
978.682	1.0
979.682	1.0
980.682	1.0
981.682	1.0
982.682	1.0
983.682	1.0
984.682	1.0
985.682	1.0
986.682	1.0
987.682	1.0
988.682	1.0
989.682	1.0
990.682	1.0
991.682	1.0
992.682	1.0
993.682	1.0
994.682	1.0
995.682	1.0
996.682	1.0
997.682	1.0
