0.154	0.5320403189451635
1.002	0.5224996815651676
1.885	0.5080753139846939
2.751	0.5311399583762852
3.602	0.5440841780316941
4.46	0.5427593852468432
5.329	0.526488318123747
6.199	0.5133203943736604
7.078	0.5217134462936739
7.966	0.5034295252246094
8.846	0.4575904882282787
9.74	0.6162935083749527
10.638	0.5606326669303103
11.555	0.49027040242429804
12.489	0.5304839472279405
13.433	0.6244845281532855
14.374	0.48310661671968513
15.331	0.5319109704142405
16.293	0.6650892514825898
17.245	0.6194244130555215
18.211000000000002	0.5292705616560022
19.184	0.7950243296753403
20.149	0.8430004509380659
21.122	0.5646562857752643
22.095	0.78005446916352
23.07	0.897209237474879
24.048000000000002	0.7968520939484185
25.028000000000002	0.9048595923293266
26.011	0.9130514824259021
26.990000000000002	0.9125957856839629
27.974	0.8321848558187186
28.959	0.8396132912515338
29.943	0.8093904620995653
30.929000000000002	0.9147972325315291
31.914	0.6669115906847892
32.903	0.8919943566732915
33.893	0.9591802757593976
34.884	0.9474029433101984
35.878	0.9944912080266469
36.874	0.9911972456158538
37.873	1.0
38.873	1.0
39.873	1.0
40.873	1.0
41.873	1.0
42.873	1.0
43.873	1.0
44.873	1.0
45.873	1.0
46.873	1.0
47.873	1.0
48.873	1.0
49.873	1.0
50.873	1.0
51.873	1.0
52.873	1.0
53.873000000000005	1.0
54.873000000000005	1.0
55.873000000000005	1.0
56.873000000000005	1.0
57.873000000000005	1.0
58.873000000000005	1.0
59.873000000000005	1.0
60.873000000000005	1.0
61.873000000000005	1.0
62.873000000000005	1.0
63.873000000000005	1.0
64.873	1.0
65.873	1.0
66.873	1.0
67.873	1.0
68.873	1.0
69.873	1.0
70.873	1.0
71.873	1.0
72.873	1.0
73.873	1.0
74.873	1.0
75.873	1.0
76.873	1.0
77.873	1.0
78.873	1.0
79.873	1.0
80.873	1.0
81.873	1.0
82.873	1.0
83.873	1.0
84.873	1.0
85.873	1.0
86.873	1.0
87.873	1.0
88.873	1.0
89.873	1.0
90.873	1.0
91.873	1.0
92.873	1.0
93.873	1.0
94.873	1.0
95.873	1.0
96.873	1.0
97.873	1.0
98.873	1.0
99.873	1.0
100.873	1.0
101.873	1.0
102.873	1.0
103.873	1.0
104.873	1.0
105.873	1.0
106.873	1.0
107.873	1.0
108.873	1.0
109.873	1.0
110.873	1.0
111.873	1.0
112.873	1.0
113.873	1.0
114.873	1.0
115.873	1.0
116.873	1.0
117.873	1.0
118.873	1.0
119.873	1.0
120.873	1.0
121.873	1.0
122.873	1.0
123.873	1.0
124.873	1.0
125.873	1.0
126.873	1.0
127.873	1.0
128.873	1.0
129.873	1.0
130.873	1.0
131.873	1.0
132.873	1.0
133.873	1.0
134.873	1.0
135.873	1.0
136.873	1.0
137.873	1.0
138.873	1.0
139.873	1.0
140.873	1.0
141.873	1.0
142.873	1.0
143.873	1.0
144.873	1.0
145.873	1.0
146.873	1.0
147.873	1.0
148.873	1.0
149.873	1.0
150.873	1.0
151.873	1.0
152.873	1.0
153.873	1.0
154.873	1.0
155.873	1.0
156.873	1.0
157.873	1.0
158.873	1.0
159.873	1.0
160.873	1.0
161.873	1.0
162.873	1.0
163.873	1.0
164.873	1.0
165.873	1.0
166.873	1.0
167.873	1.0
168.873	1.0
169.873	1.0
170.873	1.0
171.873	1.0
172.873	1.0
173.873	1.0
174.873	1.0
175.873	1.0
176.873	1.0
177.873	1.0
178.873	1.0
179.873	1.0
180.873	1.0
181.873	1.0
182.873	1.0
183.873	1.0
184.873	1.0
185.873	1.0
186.873	1.0
187.873	1.0
188.873	1.0
189.873	1.0
190.873	1.0
191.873	1.0
192.873	1.0
193.873	1.0
194.873	1.0
195.873	1.0
196.873	1.0
197.873	1.0
198.873	1.0
199.873	1.0
200.873	1.0
201.873	1.0
202.873	1.0
203.873	1.0
204.873	1.0
205.873	1.0
206.873	1.0
207.873	1.0
208.873	1.0
209.873	1.0
210.873	1.0
211.873	1.0
212.873	1.0
213.873	1.0
214.873	1.0
215.873	1.0
216.873	1.0
217.873	1.0
218.873	1.0
219.873	1.0
220.873	1.0
221.873	1.0
222.873	1.0
223.873	1.0
224.87300000000002	1.0
225.87300000000002	1.0
226.87300000000002	1.0
227.87300000000002	1.0
228.87300000000002	1.0
229.87300000000002	1.0
230.87300000000002	1.0
231.87300000000002	1.0
232.87300000000002	1.0
233.87300000000002	1.0
234.87300000000002	1.0
235.87300000000002	1.0
236.87300000000002	1.0
237.87300000000002	1.0
238.87300000000002	1.0
239.87300000000002	1.0
240.87300000000002	1.0
241.87300000000002	1.0
242.87300000000002	1.0
243.87300000000002	1.0
244.87300000000002	1.0
245.87300000000002	1.0
246.87300000000002	1.0
247.87300000000002	1.0
248.87300000000002	1.0
249.87300000000002	1.0
250.87300000000002	1.0
251.87300000000002	1.0
252.87300000000002	1.0
253.87300000000002	1.0
254.87300000000002	1.0
255.87300000000002	1.0
256.873	1.0
257.873	1.0
258.873	1.0
259.873	1.0
260.873	1.0
261.873	1.0
262.873	1.0
263.873	1.0
264.873	1.0
265.873	1.0
266.873	1.0
267.873	1.0
268.873	1.0
269.873	1.0
270.873	1.0
271.873	1.0
272.873	1.0
273.873	1.0
274.873	1.0
275.873	1.0
276.873	1.0
277.873	1.0
278.873	1.0
279.873	1.0
280.873	1.0
281.873	1.0
282.873	1.0
283.873	1.0
284.873	1.0
285.873	1.0
286.873	1.0
287.873	1.0
288.873	1.0
289.873	1.0
290.873	1.0
291.873	1.0
292.873	1.0
293.873	1.0
294.873	1.0
295.873	1.0
296.873	1.0
297.873	1.0
298.873	1.0
299.873	1.0
300.873	1.0
301.873	1.0
302.873	1.0
303.873	1.0
304.873	1.0
305.873	1.0
306.873	1.0
307.873	1.0
308.873	1.0
309.873	1.0
310.873	1.0
311.873	1.0
312.873	1.0
313.873	1.0
314.873	1.0
315.873	1.0
316.873	1.0
317.873	1.0
318.873	1.0
319.873	1.0
320.873	1.0
321.873	1.0
322.873	1.0
323.873	1.0
324.873	1.0
325.873	1.0
326.873	1.0
327.873	1.0
328.873	1.0
329.873	1.0
330.873	1.0
331.873	1.0
332.873	1.0
333.873	1.0
334.873	1.0
335.873	1.0
336.873	1.0
337.873	1.0
338.873	1.0
339.873	1.0
340.873	1.0
341.873	1.0
342.873	1.0
343.873	1.0
344.873	1.0
345.873	1.0
346.873	1.0
347.873	1.0
348.873	1.0
349.873	1.0
350.873	1.0
351.873	1.0
352.873	1.0
353.873	1.0
354.873	1.0
355.873	1.0
356.873	1.0
357.873	1.0
358.873	1.0
359.873	1.0
360.873	1.0
361.873	1.0
362.873	1.0
363.873	1.0
364.873	1.0
365.873	1.0
366.873	1.0
367.873	1.0
368.873	1.0
369.873	1.0
370.873	1.0
371.873	1.0
372.873	1.0
373.873	1.0
374.873	1.0
375.873	1.0
376.873	1.0
377.873	1.0
378.873	1.0
379.873	1.0
380.873	1.0
381.873	1.0
382.873	1.0
383.873	1.0
384.873	1.0
385.873	1.0
386.873	1.0
387.873	1.0
388.873	1.0
389.873	1.0
390.873	1.0
391.873	1.0
392.873	1.0
393.873	1.0
394.873	1.0
395.873	1.0
396.873	1.0
397.873	1.0
398.873	1.0
399.873	1.0
400.873	1.0
401.873	1.0
402.873	1.0
403.873	1.0
404.873	1.0
405.873	1.0
406.873	1.0
407.873	1.0
408.873	1.0
409.873	1.0
410.873	1.0
411.873	1.0
412.873	1.0
413.873	1.0
414.873	1.0
415.873	1.0
416.873	1.0
417.873	1.0
418.873	1.0
419.873	1.0
420.873	1.0
421.873	1.0
422.873	1.0
423.873	1.0
424.873	1.0
425.873	1.0
426.873	1.0
427.873	1.0
428.873	1.0
429.873	1.0
430.873	1.0
431.873	1.0
432.873	1.0
433.873	1.0
434.873	1.0
435.873	1.0
436.873	1.0
437.873	1.0
438.873	1.0
439.873	1.0
440.873	1.0
441.873	1.0
442.873	1.0
443.873	1.0
444.873	1.0
445.873	1.0
446.873	1.0
447.873	1.0
448.873	1.0
449.873	1.0
450.873	1.0
451.873	1.0
452.873	1.0
453.873	1.0
454.873	1.0
455.873	1.0
456.873	1.0
457.873	1.0
458.873	1.0
459.873	1.0
460.873	1.0
461.873	1.0
462.873	1.0
463.873	1.0
464.873	1.0
465.873	1.0
466.873	1.0
467.873	1.0
468.873	1.0
469.873	1.0
470.873	1.0
471.873	1.0
472.873	1.0
473.873	1.0
474.873	1.0
475.873	1.0
476.873	1.0
477.873	1.0
478.873	1.0
479.873	1.0
480.873	1.0
481.873	1.0
482.873	1.0
483.873	1.0
484.873	1.0
485.873	1.0
486.873	1.0
487.873	1.0
488.873	1.0
489.873	1.0
490.873	1.0
491.873	1.0
492.873	1.0
493.873	1.0
494.873	1.0
495.873	1.0
496.873	1.0
497.873	1.0
498.873	1.0
499.873	1.0
500.873	1.0
501.873	1.0
502.873	1.0
503.873	1.0
504.873	1.0
505.873	1.0
506.873	1.0
507.873	1.0
508.873	1.0
509.873	1.0
510.873	1.0
511.873	1.0
512.873	1.0
513.873	1.0
514.873	1.0
515.873	1.0
516.873	1.0
517.873	1.0
518.873	1.0
519.873	1.0
520.873	1.0
521.873	1.0
522.873	1.0
523.873	1.0
524.873	1.0
525.873	1.0
526.873	1.0
527.873	1.0
528.873	1.0
529.873	1.0
530.873	1.0
531.873	1.0
532.873	1.0
533.873	1.0
534.873	1.0
535.873	1.0
536.873	1.0
537.873	1.0
538.873	1.0
539.873	1.0
540.873	1.0
541.873	1.0
542.873	1.0
543.873	1.0
544.873	1.0
545.873	1.0
546.873	1.0
547.873	1.0
548.873	1.0
549.873	1.0
550.873	1.0
551.873	1.0
552.873	1.0
553.873	1.0
554.873	1.0
555.873	1.0
556.873	1.0
557.873	1.0
558.873	1.0
559.873	1.0
560.873	1.0
561.873	1.0
562.873	1.0
563.873	1.0
564.873	1.0
565.873	1.0
566.873	1.0
567.873	1.0
568.873	1.0
569.873	1.0
570.873	1.0
571.873	1.0
572.873	1.0
573.873	1.0
574.873	1.0
575.873	1.0
576.873	1.0
577.873	1.0
578.873	1.0
579.873	1.0
580.873	1.0
581.873	1.0
582.873	1.0
583.873	1.0
584.873	1.0
585.873	1.0
586.873	1.0
587.873	1.0
588.873	1.0
589.873	1.0
590.873	1.0
591.873	1.0
592.873	1.0
593.873	1.0
594.873	1.0
595.873	1.0
596.873	1.0
597.873	1.0
598.873	1.0
599.873	1.0
600.873	1.0
601.873	1.0
602.873	1.0
603.873	1.0
604.873	1.0
605.873	1.0
606.873	1.0
607.873	1.0
608.873	1.0
609.873	1.0
610.873	1.0
611.873	1.0
612.873	1.0
613.873	1.0
614.873	1.0
615.873	1.0
616.873	1.0
617.873	1.0
618.873	1.0
619.873	1.0
620.873	1.0
621.873	1.0
622.873	1.0
623.873	1.0
624.873	1.0
625.873	1.0
626.873	1.0
627.873	1.0
628.873	1.0
629.873	1.0
630.873	1.0
631.873	1.0
632.873	1.0
633.873	1.0
634.873	1.0
635.873	1.0
636.873	1.0
637.873	1.0
638.873	1.0
639.873	1.0
640.873	1.0
641.873	1.0
642.873	1.0
643.873	1.0
644.873	1.0
645.873	1.0
646.873	1.0
647.873	1.0
648.873	1.0
649.873	1.0
650.873	1.0
651.873	1.0
652.873	1.0
653.873	1.0
654.873	1.0
655.873	1.0
656.873	1.0
657.873	1.0
658.873	1.0
659.873	1.0
660.873	1.0
661.873	1.0
662.873	1.0
663.873	1.0
664.873	1.0
665.873	1.0
666.873	1.0
667.873	1.0
668.873	1.0
669.873	1.0
670.873	1.0
671.873	1.0
672.873	1.0
673.873	1.0
674.873	1.0
675.873	1.0
676.873	1.0
677.873	1.0
678.873	1.0
679.873	1.0
680.873	1.0
681.873	1.0
682.873	1.0
683.873	1.0
684.873	1.0
685.873	1.0
686.873	1.0
687.873	1.0
688.873	1.0
689.873	1.0
690.873	1.0
691.873	1.0
692.873	1.0
693.873	1.0
694.873	1.0
695.873	1.0
696.873	1.0
697.873	1.0
698.873	1.0
699.873	1.0
700.873	1.0
701.873	1.0
702.873	1.0
703.873	1.0
704.873	1.0
705.873	1.0
706.873	1.0
707.873	1.0
708.873	1.0
709.873	1.0
710.873	1.0
711.873	1.0
712.873	1.0
713.873	1.0
714.873	1.0
715.873	1.0
716.873	1.0
717.873	1.0
718.873	1.0
719.873	1.0
720.873	1.0
721.873	1.0
722.873	1.0
723.873	1.0
724.873	1.0
725.873	1.0
726.873	1.0
727.873	1.0
728.873	1.0
729.873	1.0
730.873	1.0
731.873	1.0
732.873	1.0
733.873	1.0
734.873	1.0
735.873	1.0
736.873	1.0
737.873	1.0
738.873	1.0
739.873	1.0
740.873	1.0
741.873	1.0
742.873	1.0
743.873	1.0
744.873	1.0
745.873	1.0
746.873	1.0
747.873	1.0
748.873	1.0
749.873	1.0
750.873	1.0
751.873	1.0
752.873	1.0
753.873	1.0
754.873	1.0
755.873	1.0
756.873	1.0
757.873	1.0
758.873	1.0
759.873	1.0
760.873	1.0
761.873	1.0
762.873	1.0
763.873	1.0
764.873	1.0
765.873	1.0
766.873	1.0
767.873	1.0
768.873	1.0
769.873	1.0
770.873	1.0
771.873	1.0
772.873	1.0
773.873	1.0
774.873	1.0
775.873	1.0
776.873	1.0
777.873	1.0
778.873	1.0
779.873	1.0
780.873	1.0
781.873	1.0
782.873	1.0
783.873	1.0
784.873	1.0
785.873	1.0
786.873	1.0
787.873	1.0
788.873	1.0
789.873	1.0
790.873	1.0
791.873	1.0
792.873	1.0
793.873	1.0
794.873	1.0
795.873	1.0
796.873	1.0
797.873	1.0
798.873	1.0
799.873	1.0
800.873	1.0
801.873	1.0
802.873	1.0
803.873	1.0
804.873	1.0
805.873	1.0
806.873	1.0
807.873	1.0
808.873	1.0
809.873	1.0
810.873	1.0
811.873	1.0
812.873	1.0
813.873	1.0
814.873	1.0
815.873	1.0
816.873	1.0
817.873	1.0
818.873	1.0
819.873	1.0
820.873	1.0
821.873	1.0
822.873	1.0
823.873	1.0
824.873	1.0
825.873	1.0
826.873	1.0
827.873	1.0
828.873	1.0
829.873	1.0
830.873	1.0
831.873	1.0
832.873	1.0
833.873	1.0
834.873	1.0
835.873	1.0
836.873	1.0
837.873	1.0
838.873	1.0
839.873	1.0
840.873	1.0
841.873	1.0
842.873	1.0
843.873	1.0
844.873	1.0
845.873	1.0
846.873	1.0
847.873	1.0
848.873	1.0
849.873	1.0
850.873	1.0
851.873	1.0
852.873	1.0
853.873	1.0
854.873	1.0
855.873	1.0
856.873	1.0
857.873	1.0
858.873	1.0
859.873	1.0
860.873	1.0
861.873	1.0
862.873	1.0
863.873	1.0
864.873	1.0
865.873	1.0
866.873	1.0
867.873	1.0
868.873	1.0
869.873	1.0
870.873	1.0
871.873	1.0
872.873	1.0
873.873	1.0
874.873	1.0
875.873	1.0
876.873	1.0
877.873	1.0
878.873	1.0
879.873	1.0
880.873	1.0
881.873	1.0
882.873	1.0
883.873	1.0
884.873	1.0
885.873	1.0
886.873	1.0
887.873	1.0
888.873	1.0
889.873	1.0
890.873	1.0
891.873	1.0
892.873	1.0
893.873	1.0
894.873	1.0
895.873	1.0
896.873	1.0
897.873	1.0
898.873	1.0
899.873	1.0
900.873	1.0
901.873	1.0
902.873	1.0
903.873	1.0
904.873	1.0
905.873	1.0
906.873	1.0
907.873	1.0
908.873	1.0
909.873	1.0
910.873	1.0
911.873	1.0
912.873	1.0
913.873	1.0
914.873	1.0
915.873	1.0
916.873	1.0
917.873	1.0
918.873	1.0
919.873	1.0
920.873	1.0
921.873	1.0
922.873	1.0
923.873	1.0
924.873	1.0
925.873	1.0
926.873	1.0
927.873	1.0
928.873	1.0
929.873	1.0
930.873	1.0
931.873	1.0
932.873	1.0
933.873	1.0
934.873	1.0
935.873	1.0
936.873	1.0
937.873	1.0
938.873	1.0
939.873	1.0
940.873	1.0
941.873	1.0
942.873	1.0
943.873	1.0
944.873	1.0
945.873	1.0
946.873	1.0
947.873	1.0
948.873	1.0
949.873	1.0
950.873	1.0
951.873	1.0
952.873	1.0
953.873	1.0
954.873	1.0
955.873	1.0
956.873	1.0
957.873	1.0
958.873	1.0
959.873	1.0
960.873	1.0
961.873	1.0
962.873	1.0
963.873	1.0
964.873	1.0
965.873	1.0
966.873	1.0
967.873	1.0
968.873	1.0
969.873	1.0
970.873	1.0
971.873	1.0
972.873	1.0
973.873	1.0
974.873	1.0
975.873	1.0
976.873	1.0
977.873	1.0
978.873	1.0
979.873	1.0
980.873	1.0
981.873	1.0
982.873	1.0
983.873	1.0
984.873	1.0
985.873	1.0
986.873	1.0
987.873	1.0
988.873	1.0
989.873	1.0
990.873	1.0
991.873	1.0
992.873	1.0
993.873	1.0
994.873	1.0
995.873	1.0
996.873	1.0
