0.382	0.556318496826882
1.2610000000000001	0.5515826367112502
2.149	0.5857512654682571
3.019	0.6054498431679296
3.894	0.6215196348011396
4.765	0.6338415498513943
5.646	0.6442828957952668
6.516	0.6673913644620926
7.393	0.6809835765991505
8.223	0.7034820829024032
9.088000000000001	0.7339827326243157
9.972	0.7472822680801755
10.86	0.7203454298240607
11.729000000000001	0.7234796161049799
12.644	0.7455767244930033
13.541	0.7565377587446886
14.463000000000001	0.77821946856664
15.376	0.8148454988498085
16.3	0.8086246926012747
17.252	0.8778849079141893
18.214	0.8526312879692977
19.189	0.606796390096756
20.164	0.891891733003559
21.137	0.9097434673064435
22.114	0.9079597388878432
23.094	0.9382245712883598
24.074	0.9641622376850577
25.05	0.8765546186504071
26.039	0.9640181212627458
27.022000000000002	0.8751274468755984
28.003	0.942726139140931
28.987000000000002	0.9615593543734591
29.975	0.9665290211714282
30.963	0.9437729236883547
31.954	0.9502832509811218
32.945	0.9506148224935047
33.938	0.9569985598581167
34.934	0.951857539959236
35.928	1.0
36.928	1.0
37.928	1.0
38.928	1.0
39.928000000000004	1.0
40.928000000000004	1.0
41.928000000000004	1.0
42.928000000000004	1.0
43.928000000000004	1.0
44.928000000000004	1.0
45.928000000000004	1.0
46.928000000000004	1.0
47.928000000000004	1.0
48.928000000000004	1.0
49.928000000000004	1.0
50.928000000000004	1.0
51.928000000000004	1.0
52.928000000000004	1.0
53.928000000000004	1.0
54.928000000000004	1.0
55.928000000000004	1.0
56.928000000000004	1.0
57.928000000000004	1.0
58.928000000000004	1.0
59.928000000000004	1.0
60.928000000000004	1.0
61.928000000000004	1.0
62.928000000000004	1.0
63.928000000000004	1.0
64.928	1.0
65.928	1.0
66.928	1.0
67.928	1.0
68.928	1.0
69.928	1.0
70.928	1.0
71.928	1.0
72.928	1.0
73.928	1.0
74.928	1.0
75.928	1.0
76.928	1.0
77.928	1.0
78.928	1.0
79.928	1.0
80.928	1.0
81.928	1.0
82.928	1.0
83.928	1.0
84.928	1.0
85.928	1.0
86.928	1.0
87.928	1.0
88.928	1.0
89.928	1.0
90.928	1.0
91.928	1.0
92.928	1.0
93.928	1.0
94.928	1.0
95.928	1.0
96.928	1.0
97.928	1.0
98.928	1.0
99.928	1.0
100.928	1.0
101.928	1.0
102.928	1.0
103.928	1.0
104.928	1.0
105.928	1.0
106.928	1.0
107.928	1.0
108.928	1.0
109.928	1.0
110.928	1.0
111.928	1.0
112.928	1.0
113.928	1.0
114.928	1.0
115.928	1.0
116.928	1.0
117.928	1.0
118.928	1.0
119.928	1.0
120.928	1.0
121.928	1.0
122.928	1.0
123.928	1.0
124.928	1.0
125.928	1.0
126.928	1.0
127.928	1.0
128.928	1.0
129.928	1.0
130.928	1.0
131.928	1.0
132.928	1.0
133.928	1.0
134.928	1.0
135.928	1.0
136.928	1.0
137.928	1.0
138.928	1.0
139.928	1.0
140.928	1.0
141.928	1.0
142.928	1.0
143.928	1.0
144.928	1.0
145.928	1.0
146.928	1.0
147.928	1.0
148.928	1.0
149.928	1.0
150.928	1.0
151.928	1.0
152.928	1.0
153.928	1.0
154.928	1.0
155.928	1.0
156.928	1.0
157.928	1.0
158.928	1.0
159.928	1.0
160.928	1.0
161.928	1.0
162.928	1.0
163.928	1.0
164.928	1.0
165.928	1.0
166.928	1.0
167.928	1.0
168.928	1.0
169.928	1.0
170.928	1.0
171.928	1.0
172.928	1.0
173.928	1.0
174.928	1.0
175.928	1.0
176.928	1.0
177.928	1.0
178.928	1.0
179.928	1.0
180.928	1.0
181.928	1.0
182.928	1.0
183.928	1.0
184.928	1.0
185.928	1.0
186.928	1.0
187.928	1.0
188.928	1.0
189.928	1.0
190.928	1.0
191.928	1.0
192.928	1.0
193.928	1.0
194.928	1.0
195.928	1.0
196.928	1.0
197.928	1.0
198.928	1.0
199.928	1.0
200.928	1.0
201.928	1.0
202.928	1.0
203.928	1.0
204.928	1.0
205.928	1.0
206.928	1.0
207.928	1.0
208.928	1.0
209.928	1.0
210.928	1.0
211.928	1.0
212.928	1.0
213.928	1.0
214.928	1.0
215.928	1.0
216.928	1.0
217.928	1.0
218.928	1.0
219.928	1.0
220.928	1.0
221.928	1.0
222.928	1.0
223.928	1.0
224.928	1.0
225.928	1.0
226.928	1.0
227.928	1.0
228.928	1.0
229.928	1.0
230.928	1.0
231.928	1.0
232.928	1.0
233.928	1.0
234.928	1.0
235.928	1.0
236.928	1.0
237.928	1.0
238.928	1.0
239.928	1.0
240.928	1.0
241.928	1.0
242.928	1.0
243.928	1.0
244.928	1.0
245.928	1.0
246.928	1.0
247.928	1.0
248.928	1.0
249.928	1.0
250.928	1.0
251.928	1.0
252.928	1.0
253.928	1.0
254.928	1.0
255.928	1.0
256.928	1.0
257.928	1.0
258.928	1.0
259.928	1.0
260.928	1.0
261.928	1.0
262.928	1.0
263.928	1.0
264.928	1.0
265.928	1.0
266.928	1.0
267.928	1.0
268.928	1.0
269.928	1.0
270.928	1.0
271.928	1.0
272.928	1.0
273.928	1.0
274.928	1.0
275.928	1.0
276.928	1.0
277.928	1.0
278.928	1.0
279.928	1.0
280.928	1.0
281.928	1.0
282.928	1.0
283.928	1.0
284.928	1.0
285.928	1.0
286.928	1.0
287.928	1.0
288.928	1.0
289.928	1.0
290.928	1.0
291.928	1.0
292.928	1.0
293.928	1.0
294.928	1.0
295.928	1.0
296.928	1.0
297.928	1.0
298.928	1.0
299.928	1.0
300.928	1.0
301.928	1.0
302.928	1.0
303.928	1.0
304.928	1.0
305.928	1.0
306.928	1.0
307.928	1.0
308.928	1.0
309.928	1.0
310.928	1.0
311.928	1.0
312.928	1.0
313.928	1.0
314.928	1.0
315.928	1.0
316.928	1.0
317.928	1.0
318.928	1.0
319.928	1.0
320.928	1.0
321.928	1.0
322.928	1.0
323.928	1.0
324.928	1.0
325.928	1.0
326.928	1.0
327.928	1.0
328.928	1.0
329.928	1.0
330.928	1.0
331.928	1.0
332.928	1.0
333.928	1.0
334.928	1.0
335.928	1.0
336.928	1.0
337.928	1.0
338.928	1.0
339.928	1.0
340.928	1.0
341.928	1.0
342.928	1.0
343.928	1.0
344.928	1.0
345.928	1.0
346.928	1.0
347.928	1.0
348.928	1.0
349.928	1.0
350.928	1.0
351.928	1.0
352.928	1.0
353.928	1.0
354.928	1.0
355.928	1.0
356.928	1.0
357.928	1.0
358.928	1.0
359.928	1.0
360.928	1.0
361.928	1.0
362.928	1.0
363.928	1.0
364.928	1.0
365.928	1.0
366.928	1.0
367.928	1.0
368.928	1.0
369.928	1.0
370.928	1.0
371.928	1.0
372.928	1.0
373.928	1.0
374.928	1.0
375.928	1.0
376.928	1.0
377.928	1.0
378.928	1.0
379.928	1.0
380.928	1.0
381.928	1.0
382.928	1.0
383.928	1.0
384.928	1.0
385.928	1.0
386.928	1.0
387.928	1.0
388.928	1.0
389.928	1.0
390.928	1.0
391.928	1.0
392.928	1.0
393.928	1.0
394.928	1.0
395.928	1.0
396.928	1.0
397.928	1.0
398.928	1.0
399.928	1.0
400.928	1.0
401.928	1.0
402.928	1.0
403.928	1.0
404.928	1.0
405.928	1.0
406.928	1.0
407.928	1.0
408.928	1.0
409.928	1.0
410.928	1.0
411.928	1.0
412.928	1.0
413.928	1.0
414.928	1.0
415.928	1.0
416.928	1.0
417.928	1.0
418.928	1.0
419.928	1.0
420.928	1.0
421.928	1.0
422.928	1.0
423.928	1.0
424.928	1.0
425.928	1.0
426.928	1.0
427.928	1.0
428.928	1.0
429.928	1.0
430.928	1.0
431.928	1.0
432.928	1.0
433.928	1.0
434.928	1.0
435.928	1.0
436.928	1.0
437.928	1.0
438.928	1.0
439.928	1.0
440.928	1.0
441.928	1.0
442.928	1.0
443.928	1.0
444.928	1.0
445.928	1.0
446.928	1.0
447.928	1.0
448.928	1.0
449.928	1.0
450.928	1.0
451.928	1.0
452.928	1.0
453.928	1.0
454.928	1.0
455.928	1.0
456.928	1.0
457.928	1.0
458.928	1.0
459.928	1.0
460.928	1.0
461.928	1.0
462.928	1.0
463.928	1.0
464.928	1.0
465.928	1.0
466.928	1.0
467.928	1.0
468.928	1.0
469.928	1.0
470.928	1.0
471.928	1.0
472.928	1.0
473.928	1.0
474.928	1.0
475.928	1.0
476.928	1.0
477.928	1.0
478.928	1.0
479.928	1.0
480.928	1.0
481.928	1.0
482.928	1.0
483.928	1.0
484.928	1.0
485.928	1.0
486.928	1.0
487.928	1.0
488.928	1.0
489.928	1.0
490.928	1.0
491.928	1.0
492.928	1.0
493.928	1.0
494.928	1.0
495.928	1.0
496.928	1.0
497.928	1.0
498.928	1.0
499.928	1.0
500.928	1.0
501.928	1.0
502.928	1.0
503.928	1.0
504.928	1.0
505.928	1.0
506.928	1.0
507.928	1.0
508.928	1.0
509.928	1.0
510.928	1.0
511.928	1.0
512.928	1.0
513.928	1.0
514.928	1.0
515.928	1.0
516.928	1.0
517.928	1.0
518.928	1.0
519.928	1.0
520.928	1.0
521.928	1.0
522.928	1.0
523.928	1.0
524.928	1.0
525.928	1.0
526.928	1.0
527.928	1.0
528.928	1.0
529.928	1.0
530.928	1.0
531.928	1.0
532.928	1.0
533.928	1.0
534.928	1.0
535.928	1.0
536.928	1.0
537.928	1.0
538.928	1.0
539.928	1.0
540.928	1.0
541.928	1.0
542.928	1.0
543.928	1.0
544.928	1.0
545.928	1.0
546.928	1.0
547.928	1.0
548.928	1.0
549.928	1.0
550.928	1.0
551.928	1.0
552.928	1.0
553.928	1.0
554.928	1.0
555.928	1.0
556.928	1.0
557.928	1.0
558.928	1.0
559.928	1.0
560.928	1.0
561.928	1.0
562.928	1.0
563.928	1.0
564.928	1.0
565.928	1.0
566.928	1.0
567.928	1.0
568.928	1.0
569.928	1.0
570.928	1.0
571.928	1.0
572.928	1.0
573.928	1.0
574.928	1.0
575.928	1.0
576.928	1.0
577.928	1.0
578.928	1.0
579.928	1.0
580.928	1.0
581.928	1.0
582.928	1.0
583.928	1.0
584.928	1.0
585.928	1.0
586.928	1.0
587.928	1.0
588.928	1.0
589.928	1.0
590.928	1.0
591.928	1.0
592.928	1.0
593.928	1.0
594.928	1.0
595.928	1.0
596.928	1.0
597.928	1.0
598.928	1.0
599.928	1.0
600.928	1.0
601.928	1.0
602.928	1.0
603.928	1.0
604.928	1.0
605.928	1.0
606.928	1.0
607.928	1.0
608.928	1.0
609.928	1.0
610.928	1.0
611.928	1.0
612.928	1.0
613.928	1.0
614.928	1.0
615.928	1.0
616.928	1.0
617.928	1.0
618.928	1.0
619.928	1.0
620.928	1.0
621.928	1.0
622.928	1.0
623.928	1.0
624.928	1.0
625.928	1.0
626.928	1.0
627.928	1.0
628.928	1.0
629.928	1.0
630.928	1.0
631.928	1.0
632.928	1.0
633.928	1.0
634.928	1.0
635.928	1.0
636.928	1.0
637.928	1.0
638.928	1.0
639.928	1.0
640.928	1.0
641.928	1.0
642.928	1.0
643.928	1.0
644.928	1.0
645.928	1.0
646.928	1.0
647.928	1.0
648.928	1.0
649.928	1.0
650.928	1.0
651.928	1.0
652.928	1.0
653.928	1.0
654.928	1.0
655.928	1.0
656.928	1.0
657.928	1.0
658.928	1.0
659.928	1.0
660.928	1.0
661.928	1.0
662.928	1.0
663.928	1.0
664.928	1.0
665.928	1.0
666.928	1.0
667.928	1.0
668.928	1.0
669.928	1.0
670.928	1.0
671.928	1.0
672.928	1.0
673.928	1.0
674.928	1.0
675.928	1.0
676.928	1.0
677.928	1.0
678.928	1.0
679.928	1.0
680.928	1.0
681.928	1.0
682.928	1.0
683.928	1.0
684.928	1.0
685.928	1.0
686.928	1.0
687.928	1.0
688.928	1.0
689.928	1.0
690.928	1.0
691.928	1.0
692.928	1.0
693.928	1.0
694.928	1.0
695.928	1.0
696.928	1.0
697.928	1.0
698.928	1.0
699.928	1.0
700.928	1.0
701.928	1.0
702.928	1.0
703.928	1.0
704.928	1.0
705.928	1.0
706.928	1.0
707.928	1.0
708.928	1.0
709.928	1.0
710.928	1.0
711.928	1.0
712.928	1.0
713.928	1.0
714.928	1.0
715.928	1.0
716.928	1.0
717.928	1.0
718.928	1.0
719.928	1.0
720.928	1.0
721.928	1.0
722.928	1.0
723.928	1.0
724.928	1.0
725.928	1.0
726.928	1.0
727.928	1.0
728.928	1.0
729.928	1.0
730.928	1.0
731.928	1.0
732.928	1.0
733.928	1.0
734.928	1.0
735.928	1.0
736.928	1.0
737.928	1.0
738.928	1.0
739.928	1.0
740.928	1.0
741.928	1.0
742.928	1.0
743.928	1.0
744.928	1.0
745.928	1.0
746.928	1.0
747.928	1.0
748.928	1.0
749.928	1.0
750.928	1.0
751.928	1.0
752.928	1.0
753.928	1.0
754.928	1.0
755.928	1.0
756.928	1.0
757.928	1.0
758.928	1.0
759.928	1.0
760.928	1.0
761.928	1.0
762.928	1.0
763.928	1.0
764.928	1.0
765.928	1.0
766.928	1.0
767.928	1.0
768.928	1.0
769.928	1.0
770.928	1.0
771.928	1.0
772.928	1.0
773.928	1.0
774.928	1.0
775.928	1.0
776.928	1.0
777.928	1.0
778.928	1.0
779.928	1.0
780.928	1.0
781.928	1.0
782.928	1.0
783.928	1.0
784.928	1.0
785.928	1.0
786.928	1.0
787.928	1.0
788.928	1.0
789.928	1.0
790.928	1.0
791.928	1.0
792.928	1.0
793.928	1.0
794.928	1.0
795.928	1.0
796.928	1.0
797.928	1.0
798.928	1.0
799.928	1.0
800.928	1.0
801.928	1.0
802.928	1.0
803.928	1.0
804.928	1.0
805.928	1.0
806.928	1.0
807.928	1.0
808.928	1.0
809.928	1.0
810.928	1.0
811.928	1.0
812.928	1.0
813.928	1.0
814.928	1.0
815.928	1.0
816.928	1.0
817.928	1.0
818.928	1.0
819.928	1.0
820.928	1.0
821.928	1.0
822.928	1.0
823.928	1.0
824.928	1.0
825.928	1.0
826.928	1.0
827.928	1.0
828.928	1.0
829.928	1.0
830.928	1.0
831.928	1.0
832.928	1.0
833.928	1.0
834.928	1.0
835.928	1.0
836.928	1.0
837.928	1.0
838.928	1.0
839.928	1.0
840.928	1.0
841.928	1.0
842.928	1.0
843.928	1.0
844.928	1.0
845.928	1.0
846.928	1.0
847.928	1.0
848.928	1.0
849.928	1.0
850.928	1.0
851.928	1.0
852.928	1.0
853.928	1.0
854.928	1.0
855.928	1.0
856.928	1.0
857.928	1.0
858.928	1.0
859.928	1.0
860.928	1.0
861.928	1.0
862.928	1.0
863.928	1.0
864.928	1.0
865.928	1.0
866.928	1.0
867.928	1.0
868.928	1.0
869.928	1.0
870.928	1.0
871.928	1.0
872.928	1.0
873.928	1.0
874.928	1.0
875.928	1.0
876.928	1.0
877.928	1.0
878.928	1.0
879.928	1.0
880.928	1.0
881.928	1.0
882.928	1.0
883.928	1.0
884.928	1.0
885.928	1.0
886.928	1.0
887.928	1.0
888.928	1.0
889.928	1.0
890.928	1.0
891.928	1.0
892.928	1.0
893.928	1.0
894.928	1.0
895.928	1.0
896.928	1.0
897.928	1.0
898.928	1.0
899.928	1.0
900.928	1.0
901.928	1.0
902.928	1.0
903.928	1.0
904.928	1.0
905.928	1.0
906.928	1.0
907.928	1.0
908.928	1.0
909.928	1.0
910.928	1.0
911.928	1.0
912.928	1.0
913.928	1.0
914.928	1.0
915.928	1.0
916.928	1.0
917.928	1.0
918.928	1.0
919.928	1.0
920.928	1.0
921.928	1.0
922.928	1.0
923.928	1.0
924.928	1.0
925.928	1.0
926.928	1.0
927.928	1.0
928.928	1.0
929.928	1.0
930.928	1.0
931.928	1.0
932.928	1.0
933.928	1.0
934.928	1.0
935.928	1.0
936.928	1.0
937.928	1.0
938.928	1.0
939.928	1.0
940.928	1.0
941.928	1.0
942.928	1.0
943.928	1.0
944.928	1.0
945.928	1.0
946.928	1.0
947.928	1.0
948.928	1.0
949.928	1.0
950.928	1.0
951.928	1.0
952.928	1.0
953.928	1.0
954.928	1.0
955.928	1.0
956.928	1.0
957.928	1.0
958.928	1.0
959.928	1.0
960.928	1.0
961.928	1.0
962.928	1.0
963.928	1.0
964.928	1.0
965.928	1.0
966.928	1.0
967.928	1.0
968.928	1.0
969.928	1.0
970.928	1.0
971.928	1.0
972.928	1.0
973.928	1.0
974.928	1.0
975.928	1.0
976.928	1.0
977.928	1.0
978.928	1.0
979.928	1.0
980.928	1.0
981.928	1.0
982.928	1.0
983.928	1.0
984.928	1.0
985.928	1.0
986.928	1.0
987.928	1.0
988.928	1.0
989.928	1.0
990.928	1.0
991.928	1.0
992.928	1.0
993.928	1.0
994.928	1.0
995.928	1.0
996.928	1.0
