0.09	0.5556292225270076
0.848	0.5394514778574362
1.607	0.5187940280235513
2.354	0.5768068523854446
3.106	0.5598414382030568
3.903	0.6464333883254828
4.705	0.7030395839944792
5.545	0.7810900415287422
6.406	0.8511196742153827
7.279	0.46558374516996937
8.166	0.8988080770818712
9.06	0.7829993574417643
9.968	0.7660639826059428
10.862	0.9194751846607443
11.761000000000001	0.7892776223203732
12.667	0.906975291212941
13.568	0.8648476572815038
14.472	0.6936095975387631
15.374	0.8797160314977331
16.281	0.8541963373876996
17.2	0.8126068558862553
18.115000000000002	0.8193129722682786
19.049	0.763768843481121
19.979	0.7283976712350325
20.913	0.7020701838736517
21.854	0.4739683914268404
22.814	0.9382640844713708
23.772000000000002	0.3510672401860158
24.733	0.8840076453781055
25.689	0.8511054695134319
26.64	0.18907600016050305
27.597	0.7721574351098865
28.556	0.7123173376723906
29.531000000000002	0.34004380266387646
30.51	0.9488173320683603
31.489	0.08818554181688754
32.472	0.5569836651286609
33.453	0.5622724531392191
34.436	0.7358734980075868
35.427	0.9811121975187755
36.417	0.35441767474589186
37.408	0.3607743993705263
38.403	0.3681379635944923
39.402	1.0
40.402	1.0
41.402	1.0
42.402	1.0
43.402	1.0
44.402	1.0
45.402	1.0
46.402	1.0
47.402	1.0
48.402	1.0
49.402	1.0
50.402	1.0
51.402	1.0
52.402	1.0
53.402	1.0
54.402	1.0
55.402	1.0
56.402	1.0
57.402	1.0
58.402	1.0
59.402	1.0
60.402	1.0
61.402	1.0
62.402	1.0
63.402	1.0
64.402	1.0
65.402	1.0
66.402	1.0
67.402	1.0
68.402	1.0
69.402	1.0
70.402	1.0
71.402	1.0
72.402	1.0
73.402	1.0
74.402	1.0
75.402	1.0
76.402	1.0
77.402	1.0
78.402	1.0
79.402	1.0
80.402	1.0
81.402	1.0
82.402	1.0
83.402	1.0
84.402	1.0
85.402	1.0
86.402	1.0
87.402	1.0
88.402	1.0
89.402	1.0
90.402	1.0
91.402	1.0
92.402	1.0
93.402	1.0
94.402	1.0
95.402	1.0
96.402	1.0
97.402	1.0
98.402	1.0
99.402	1.0
100.402	1.0
101.402	1.0
102.402	1.0
103.402	1.0
104.402	1.0
105.402	1.0
106.402	1.0
107.402	1.0
108.402	1.0
109.402	1.0
110.402	1.0
111.402	1.0
112.402	1.0
113.402	1.0
114.402	1.0
115.402	1.0
116.402	1.0
117.402	1.0
118.402	1.0
119.402	1.0
120.402	1.0
121.402	1.0
122.402	1.0
123.402	1.0
124.402	1.0
125.402	1.0
126.402	1.0
127.402	1.0
128.40200000000002	1.0
129.40200000000002	1.0
130.40200000000002	1.0
131.40200000000002	1.0
132.40200000000002	1.0
133.40200000000002	1.0
134.40200000000002	1.0
135.40200000000002	1.0
136.40200000000002	1.0
137.40200000000002	1.0
138.40200000000002	1.0
139.40200000000002	1.0
140.40200000000002	1.0
141.40200000000002	1.0
142.40200000000002	1.0
143.40200000000002	1.0
144.40200000000002	1.0
145.40200000000002	1.0
146.40200000000002	1.0
147.40200000000002	1.0
148.40200000000002	1.0
149.40200000000002	1.0
150.40200000000002	1.0
151.40200000000002	1.0
152.40200000000002	1.0
153.40200000000002	1.0
154.40200000000002	1.0
155.40200000000002	1.0
156.40200000000002	1.0
157.40200000000002	1.0
158.40200000000002	1.0
159.40200000000002	1.0
160.40200000000002	1.0
161.40200000000002	1.0
162.40200000000002	1.0
163.40200000000002	1.0
164.40200000000002	1.0
165.40200000000002	1.0
166.40200000000002	1.0
167.40200000000002	1.0
168.40200000000002	1.0
169.40200000000002	1.0
170.40200000000002	1.0
171.40200000000002	1.0
172.40200000000002	1.0
173.40200000000002	1.0
174.40200000000002	1.0
175.40200000000002	1.0
176.40200000000002	1.0
177.40200000000002	1.0
178.40200000000002	1.0
179.40200000000002	1.0
180.40200000000002	1.0
181.40200000000002	1.0
182.40200000000002	1.0
183.40200000000002	1.0
184.40200000000002	1.0
185.40200000000002	1.0
186.40200000000002	1.0
187.40200000000002	1.0
188.40200000000002	1.0
189.40200000000002	1.0
190.40200000000002	1.0
191.40200000000002	1.0
192.40200000000002	1.0
193.40200000000002	1.0
194.40200000000002	1.0
195.40200000000002	1.0
196.40200000000002	1.0
197.40200000000002	1.0
198.40200000000002	1.0
199.40200000000002	1.0
200.40200000000002	1.0
201.40200000000002	1.0
202.40200000000002	1.0
203.40200000000002	1.0
204.40200000000002	1.0
205.40200000000002	1.0
206.40200000000002	1.0
207.40200000000002	1.0
208.40200000000002	1.0
209.40200000000002	1.0
210.40200000000002	1.0
211.40200000000002	1.0
212.40200000000002	1.0
213.40200000000002	1.0
214.40200000000002	1.0
215.40200000000002	1.0
216.40200000000002	1.0
217.40200000000002	1.0
218.40200000000002	1.0
219.40200000000002	1.0
220.40200000000002	1.0
221.40200000000002	1.0
222.40200000000002	1.0
223.40200000000002	1.0
224.40200000000002	1.0
225.40200000000002	1.0
226.40200000000002	1.0
227.40200000000002	1.0
228.40200000000002	1.0
229.40200000000002	1.0
230.40200000000002	1.0
231.40200000000002	1.0
232.40200000000002	1.0
233.40200000000002	1.0
234.40200000000002	1.0
235.40200000000002	1.0
236.40200000000002	1.0
237.40200000000002	1.0
238.40200000000002	1.0
239.40200000000002	1.0
240.40200000000002	1.0
241.40200000000002	1.0
242.40200000000002	1.0
243.40200000000002	1.0
244.40200000000002	1.0
245.40200000000002	1.0
246.40200000000002	1.0
247.40200000000002	1.0
248.40200000000002	1.0
249.40200000000002	1.0
250.40200000000002	1.0
251.40200000000002	1.0
252.40200000000002	1.0
253.40200000000002	1.0
254.40200000000002	1.0
255.40200000000002	1.0
256.402	1.0
257.402	1.0
258.402	1.0
259.402	1.0
260.402	1.0
261.402	1.0
262.402	1.0
263.402	1.0
264.402	1.0
265.402	1.0
266.402	1.0
267.402	1.0
268.402	1.0
269.402	1.0
270.402	1.0
271.402	1.0
272.402	1.0
273.402	1.0
274.402	1.0
275.402	1.0
276.402	1.0
277.402	1.0
278.402	1.0
279.402	1.0
280.402	1.0
281.402	1.0
282.402	1.0
283.402	1.0
284.402	1.0
285.402	1.0
286.402	1.0
287.402	1.0
288.402	1.0
289.402	1.0
290.402	1.0
291.402	1.0
292.402	1.0
293.402	1.0
294.402	1.0
295.402	1.0
296.402	1.0
297.402	1.0
298.402	1.0
299.402	1.0
300.402	1.0
301.402	1.0
302.402	1.0
303.402	1.0
304.402	1.0
305.402	1.0
306.402	1.0
307.402	1.0
308.402	1.0
309.402	1.0
310.402	1.0
311.402	1.0
312.402	1.0
313.402	1.0
314.402	1.0
315.402	1.0
316.402	1.0
317.402	1.0
318.402	1.0
319.402	1.0
320.402	1.0
321.402	1.0
322.402	1.0
323.402	1.0
324.402	1.0
325.402	1.0
326.402	1.0
327.402	1.0
328.402	1.0
329.402	1.0
330.402	1.0
331.402	1.0
332.402	1.0
333.402	1.0
334.402	1.0
335.402	1.0
336.402	1.0
337.402	1.0
338.402	1.0
339.402	1.0
340.402	1.0
341.402	1.0
342.402	1.0
343.402	1.0
344.402	1.0
345.402	1.0
346.402	1.0
347.402	1.0
348.402	1.0
349.402	1.0
350.402	1.0
351.402	1.0
352.402	1.0
353.402	1.0
354.402	1.0
355.402	1.0
356.402	1.0
357.402	1.0
358.402	1.0
359.402	1.0
360.402	1.0
361.402	1.0
362.402	1.0
363.402	1.0
364.402	1.0
365.402	1.0
366.402	1.0
367.402	1.0
368.402	1.0
369.402	1.0
370.402	1.0
371.402	1.0
372.402	1.0
373.402	1.0
374.402	1.0
375.402	1.0
376.402	1.0
377.402	1.0
378.402	1.0
379.402	1.0
380.402	1.0
381.402	1.0
382.402	1.0
383.402	1.0
384.402	1.0
385.402	1.0
386.402	1.0
387.402	1.0
388.402	1.0
389.402	1.0
390.402	1.0
391.402	1.0
392.402	1.0
393.402	1.0
394.402	1.0
395.402	1.0
396.402	1.0
397.402	1.0
398.402	1.0
399.402	1.0
400.402	1.0
401.402	1.0
402.402	1.0
403.402	1.0
404.402	1.0
405.402	1.0
406.402	1.0
407.402	1.0
408.402	1.0
409.402	1.0
410.402	1.0
411.402	1.0
412.402	1.0
413.402	1.0
414.402	1.0
415.402	1.0
416.402	1.0
417.402	1.0
418.402	1.0
419.402	1.0
420.402	1.0
421.402	1.0
422.402	1.0
423.402	1.0
424.402	1.0
425.402	1.0
426.402	1.0
427.402	1.0
428.402	1.0
429.402	1.0
430.402	1.0
431.402	1.0
432.402	1.0
433.402	1.0
434.402	1.0
435.402	1.0
436.402	1.0
437.402	1.0
438.402	1.0
439.402	1.0
440.402	1.0
441.402	1.0
442.402	1.0
443.402	1.0
444.402	1.0
445.402	1.0
446.402	1.0
447.402	1.0
448.402	1.0
449.402	1.0
450.402	1.0
451.402	1.0
452.402	1.0
453.402	1.0
454.402	1.0
455.402	1.0
456.402	1.0
457.402	1.0
458.402	1.0
459.402	1.0
460.402	1.0
461.402	1.0
462.402	1.0
463.402	1.0
464.402	1.0
465.402	1.0
466.402	1.0
467.402	1.0
468.402	1.0
469.402	1.0
470.402	1.0
471.402	1.0
472.402	1.0
473.402	1.0
474.402	1.0
475.402	1.0
476.402	1.0
477.402	1.0
478.402	1.0
479.402	1.0
480.402	1.0
481.402	1.0
482.402	1.0
483.402	1.0
484.402	1.0
485.402	1.0
486.402	1.0
487.402	1.0
488.402	1.0
489.402	1.0
490.402	1.0
491.402	1.0
492.402	1.0
493.402	1.0
494.402	1.0
495.402	1.0
496.402	1.0
497.402	1.0
498.402	1.0
499.402	1.0
500.402	1.0
501.402	1.0
502.402	1.0
503.402	1.0
504.402	1.0
505.402	1.0
506.402	1.0
507.402	1.0
508.402	1.0
509.402	1.0
510.402	1.0
511.402	1.0
512.402	1.0
513.402	1.0
514.402	1.0
515.402	1.0
516.402	1.0
517.402	1.0
518.402	1.0
519.402	1.0
520.402	1.0
521.402	1.0
522.402	1.0
523.402	1.0
524.402	1.0
525.402	1.0
526.402	1.0
527.402	1.0
528.402	1.0
529.402	1.0
530.402	1.0
531.402	1.0
532.402	1.0
533.402	1.0
534.402	1.0
535.402	1.0
536.402	1.0
537.402	1.0
538.402	1.0
539.402	1.0
540.402	1.0
541.402	1.0
542.402	1.0
543.402	1.0
544.402	1.0
545.402	1.0
546.402	1.0
547.402	1.0
548.402	1.0
549.402	1.0
550.402	1.0
551.402	1.0
552.402	1.0
553.402	1.0
554.402	1.0
555.402	1.0
556.402	1.0
557.402	1.0
558.402	1.0
559.402	1.0
560.402	1.0
561.402	1.0
562.402	1.0
563.402	1.0
564.402	1.0
565.402	1.0
566.402	1.0
567.402	1.0
568.402	1.0
569.402	1.0
570.402	1.0
571.402	1.0
572.402	1.0
573.402	1.0
574.402	1.0
575.402	1.0
576.402	1.0
577.402	1.0
578.402	1.0
579.402	1.0
580.402	1.0
581.402	1.0
582.402	1.0
583.402	1.0
584.402	1.0
585.402	1.0
586.402	1.0
587.402	1.0
588.402	1.0
589.402	1.0
590.402	1.0
591.402	1.0
592.402	1.0
593.402	1.0
594.402	1.0
595.402	1.0
596.402	1.0
597.402	1.0
598.402	1.0
599.402	1.0
600.402	1.0
601.402	1.0
602.402	1.0
603.402	1.0
604.402	1.0
605.402	1.0
606.402	1.0
607.402	1.0
608.402	1.0
609.402	1.0
610.402	1.0
611.402	1.0
612.402	1.0
613.402	1.0
614.402	1.0
615.402	1.0
616.402	1.0
617.402	1.0
618.402	1.0
619.402	1.0
620.402	1.0
621.402	1.0
622.402	1.0
623.402	1.0
624.402	1.0
625.402	1.0
626.402	1.0
627.402	1.0
628.402	1.0
629.402	1.0
630.402	1.0
631.402	1.0
632.402	1.0
633.402	1.0
634.402	1.0
635.402	1.0
636.402	1.0
637.402	1.0
638.402	1.0
639.402	1.0
640.402	1.0
641.402	1.0
642.402	1.0
643.402	1.0
644.402	1.0
645.402	1.0
646.402	1.0
647.402	1.0
648.402	1.0
649.402	1.0
650.402	1.0
651.402	1.0
652.402	1.0
653.402	1.0
654.402	1.0
655.402	1.0
656.402	1.0
657.402	1.0
658.402	1.0
659.402	1.0
660.402	1.0
661.402	1.0
662.402	1.0
663.402	1.0
664.402	1.0
665.402	1.0
666.402	1.0
667.402	1.0
668.402	1.0
669.402	1.0
670.402	1.0
671.402	1.0
672.402	1.0
673.402	1.0
674.402	1.0
675.402	1.0
676.402	1.0
677.402	1.0
678.402	1.0
679.402	1.0
680.402	1.0
681.402	1.0
682.402	1.0
683.402	1.0
684.402	1.0
685.402	1.0
686.402	1.0
687.402	1.0
688.402	1.0
689.402	1.0
690.402	1.0
691.402	1.0
692.402	1.0
693.402	1.0
694.402	1.0
695.402	1.0
696.402	1.0
697.402	1.0
698.402	1.0
699.402	1.0
700.402	1.0
701.402	1.0
702.402	1.0
703.402	1.0
704.402	1.0
705.402	1.0
706.402	1.0
707.402	1.0
708.402	1.0
709.402	1.0
710.402	1.0
711.402	1.0
712.402	1.0
713.402	1.0
714.402	1.0
715.402	1.0
716.402	1.0
717.402	1.0
718.402	1.0
719.402	1.0
720.402	1.0
721.402	1.0
722.402	1.0
723.402	1.0
724.402	1.0
725.402	1.0
726.402	1.0
727.402	1.0
728.402	1.0
729.402	1.0
730.402	1.0
731.402	1.0
732.402	1.0
733.402	1.0
734.402	1.0
735.402	1.0
736.402	1.0
737.402	1.0
738.402	1.0
739.402	1.0
740.402	1.0
741.402	1.0
742.402	1.0
743.402	1.0
744.402	1.0
745.402	1.0
746.402	1.0
747.402	1.0
748.402	1.0
749.402	1.0
750.402	1.0
751.402	1.0
752.402	1.0
753.402	1.0
754.402	1.0
755.402	1.0
756.402	1.0
757.402	1.0
758.402	1.0
759.402	1.0
760.402	1.0
761.402	1.0
762.402	1.0
763.402	1.0
764.402	1.0
765.402	1.0
766.402	1.0
767.402	1.0
768.402	1.0
769.402	1.0
770.402	1.0
771.402	1.0
772.402	1.0
773.402	1.0
774.402	1.0
775.402	1.0
776.402	1.0
777.402	1.0
778.402	1.0
779.402	1.0
780.402	1.0
781.402	1.0
782.402	1.0
783.402	1.0
784.402	1.0
785.402	1.0
786.402	1.0
787.402	1.0
788.402	1.0
789.402	1.0
790.402	1.0
791.402	1.0
792.402	1.0
793.402	1.0
794.402	1.0
795.402	1.0
796.402	1.0
797.402	1.0
798.402	1.0
799.402	1.0
800.402	1.0
801.402	1.0
802.402	1.0
803.402	1.0
804.402	1.0
805.402	1.0
806.402	1.0
807.402	1.0
808.402	1.0
809.402	1.0
810.402	1.0
811.402	1.0
812.402	1.0
813.402	1.0
814.402	1.0
815.402	1.0
816.402	1.0
817.402	1.0
818.402	1.0
819.402	1.0
820.402	1.0
821.402	1.0
822.402	1.0
823.402	1.0
824.402	1.0
825.402	1.0
826.402	1.0
827.402	1.0
828.402	1.0
829.402	1.0
830.402	1.0
831.402	1.0
832.402	1.0
833.402	1.0
834.402	1.0
835.402	1.0
836.402	1.0
837.402	1.0
838.402	1.0
839.402	1.0
840.402	1.0
841.402	1.0
842.402	1.0
843.402	1.0
844.402	1.0
845.402	1.0
846.402	1.0
847.402	1.0
848.402	1.0
849.402	1.0
850.402	1.0
851.402	1.0
852.402	1.0
853.402	1.0
854.402	1.0
855.402	1.0
856.402	1.0
857.402	1.0
858.402	1.0
859.402	1.0
860.402	1.0
861.402	1.0
862.402	1.0
863.402	1.0
864.402	1.0
865.402	1.0
866.402	1.0
867.402	1.0
868.402	1.0
869.402	1.0
870.402	1.0
871.402	1.0
872.402	1.0
873.402	1.0
874.402	1.0
875.402	1.0
876.402	1.0
877.402	1.0
878.402	1.0
879.402	1.0
880.402	1.0
881.402	1.0
882.402	1.0
883.402	1.0
884.402	1.0
885.402	1.0
886.402	1.0
887.402	1.0
888.402	1.0
889.402	1.0
890.402	1.0
891.402	1.0
892.402	1.0
893.402	1.0
894.402	1.0
895.402	1.0
896.402	1.0
897.402	1.0
898.402	1.0
899.402	1.0
900.402	1.0
901.402	1.0
902.402	1.0
903.402	1.0
904.402	1.0
905.402	1.0
906.402	1.0
907.402	1.0
908.402	1.0
909.402	1.0
910.402	1.0
911.402	1.0
912.402	1.0
913.402	1.0
914.402	1.0
915.402	1.0
916.402	1.0
917.402	1.0
918.402	1.0
919.402	1.0
920.402	1.0
921.402	1.0
922.402	1.0
923.402	1.0
924.402	1.0
925.402	1.0
926.402	1.0
927.402	1.0
928.402	1.0
929.402	1.0
930.402	1.0
931.402	1.0
932.402	1.0
933.402	1.0
934.402	1.0
935.402	1.0
936.402	1.0
937.402	1.0
938.402	1.0
939.402	1.0
940.402	1.0
941.402	1.0
942.402	1.0
943.402	1.0
944.402	1.0
945.402	1.0
946.402	1.0
947.402	1.0
948.402	1.0
949.402	1.0
950.402	1.0
951.402	1.0
952.402	1.0
953.402	1.0
954.402	1.0
955.402	1.0
956.402	1.0
957.402	1.0
958.402	1.0
959.402	1.0
960.402	1.0
961.402	1.0
962.402	1.0
963.402	1.0
964.402	1.0
965.402	1.0
966.402	1.0
967.402	1.0
968.402	1.0
969.402	1.0
970.402	1.0
971.402	1.0
972.402	1.0
973.402	1.0
974.402	1.0
975.402	1.0
976.402	1.0
977.402	1.0
978.402	1.0
979.402	1.0
980.402	1.0
981.402	1.0
982.402	1.0
983.402	1.0
984.402	1.0
985.402	1.0
986.402	1.0
987.402	1.0
988.402	1.0
989.402	1.0
990.402	1.0
991.402	1.0
992.402	1.0
993.402	1.0
994.402	1.0
995.402	1.0
