0.65	0.5774380052299601
1.545	0.5797562997511008
2.454	0.5572813882007598
3.359	0.5856235126849239
4.232	0.6188087724224564
5.126	0.664952951231323
6.019	0.660504172208965
6.917	0.6784662261212796
7.822	0.7142043364572214
8.735	0.6976757832080911
9.665000000000001	0.6736029632038136
10.595	0.6730889020083894
11.539	0.6702099545629087
12.497	0.6665685926691538
13.46	0.6618110575396233
14.418000000000001	0.6602757641728603
15.367	0.6749594078906169
16.323	0.6693375190236004
17.298000000000002	0.6609870175013828
18.272000000000002	0.6609199636564589
19.266000000000002	0.6452894015657284
20.26	0.6315065017486572
21.254	0.6185573726291731
22.248	0.6053102835904668
23.248	0.5861441854501965
24.231	0.5876380824376225
25.208000000000002	0.5953822144599568
26.203	0.5816776859616756
27.192	0.5746262998352836
28.175	0.5769598183174196
29.158	0.5871278330717792
30.123	0.60731372221951
31.112000000000002	0.6003654962992133
32.089	0.6057209910127199
33.065	0.6160162344362475
34.015	0.6524531329811551
34.996	0.6586226540300508
35.99	0.6523271878828184
36.984	0.6466979311293961
37.972	0.6411790642871987
38.966	0.6357414880489486
39.954	0.6363460973311206
40.936	0.637381937723127
41.918	0.6379941809059974
42.9	0.6392100924066015
43.881	0.6417103905881689
44.875	0.6316317930671137
45.857	0.6339973442361608
46.839	0.6365208374906853
47.82	0.6409433129442011
48.801	0.6452975028008907
49.762	0.6787960973553788
50.742000000000004	0.6863826589249062
51.722	0.6953544004711987
52.702	0.7044063637329445
53.681000000000004	0.7145651511940586
54.660000000000004	0.7254677651956223
55.631	0.7440919781517963
56.602000000000004	0.7635225874838945
57.548	0.8083173723221647
58.464	0.8837727946053394
59.353	0.987337397097231
60.342	0.9917244805710762
61.341	1.0
62.341	1.0
63.341	1.0
64.34100000000001	1.0
65.34100000000001	1.0
66.34100000000001	1.0
67.34100000000001	1.0
68.34100000000001	1.0
69.34100000000001	1.0
70.34100000000001	1.0
71.34100000000001	1.0
72.34100000000001	1.0
73.34100000000001	1.0
74.34100000000001	1.0
75.34100000000001	1.0
76.34100000000001	1.0
77.34100000000001	1.0
78.34100000000001	1.0
79.34100000000001	1.0
80.34100000000001	1.0
81.34100000000001	1.0
82.34100000000001	1.0
83.34100000000001	1.0
84.34100000000001	1.0
85.34100000000001	1.0
86.34100000000001	1.0
87.34100000000001	1.0
88.34100000000001	1.0
89.34100000000001	1.0
90.34100000000001	1.0
91.34100000000001	1.0
92.34100000000001	1.0
93.34100000000001	1.0
94.34100000000001	1.0
95.34100000000001	1.0
96.34100000000001	1.0
97.34100000000001	1.0
98.34100000000001	1.0
99.34100000000001	1.0
100.34100000000001	1.0
101.34100000000001	1.0
102.34100000000001	1.0
103.34100000000001	1.0
104.34100000000001	1.0
105.34100000000001	1.0
106.34100000000001	1.0
107.34100000000001	1.0
108.34100000000001	1.0
109.34100000000001	1.0
110.34100000000001	1.0
111.34100000000001	1.0
112.34100000000001	1.0
113.34100000000001	1.0
114.34100000000001	1.0
115.34100000000001	1.0
116.34100000000001	1.0
117.34100000000001	1.0
118.34100000000001	1.0
119.34100000000001	1.0
120.34100000000001	1.0
121.34100000000001	1.0
122.34100000000001	1.0
123.34100000000001	1.0
124.34100000000001	1.0
125.34100000000001	1.0
126.34100000000001	1.0
127.34100000000001	1.0
128.341	1.0
129.341	1.0
130.341	1.0
131.341	1.0
132.341	1.0
133.341	1.0
134.341	1.0
135.341	1.0
136.341	1.0
137.341	1.0
138.341	1.0
139.341	1.0
140.341	1.0
141.341	1.0
142.341	1.0
143.341	1.0
144.341	1.0
145.341	1.0
146.341	1.0
147.341	1.0
148.341	1.0
149.341	1.0
150.341	1.0
151.341	1.0
152.341	1.0
153.341	1.0
154.341	1.0
155.341	1.0
156.341	1.0
157.341	1.0
158.341	1.0
159.341	1.0
160.341	1.0
161.341	1.0
162.341	1.0
163.341	1.0
164.341	1.0
165.341	1.0
166.341	1.0
167.341	1.0
168.341	1.0
169.341	1.0
170.341	1.0
171.341	1.0
172.341	1.0
173.341	1.0
174.341	1.0
175.341	1.0
176.341	1.0
177.341	1.0
178.341	1.0
179.341	1.0
180.341	1.0
181.341	1.0
182.341	1.0
183.341	1.0
184.341	1.0
185.341	1.0
186.341	1.0
187.341	1.0
188.341	1.0
189.341	1.0
190.341	1.0
191.341	1.0
192.341	1.0
193.341	1.0
194.341	1.0
195.341	1.0
196.341	1.0
197.341	1.0
198.341	1.0
199.341	1.0
200.341	1.0
201.341	1.0
202.341	1.0
203.341	1.0
204.341	1.0
205.341	1.0
206.341	1.0
207.341	1.0
208.341	1.0
209.341	1.0
210.341	1.0
211.341	1.0
212.341	1.0
213.341	1.0
214.341	1.0
215.341	1.0
216.341	1.0
217.341	1.0
218.341	1.0
219.341	1.0
220.341	1.0
221.341	1.0
222.341	1.0
223.341	1.0
224.341	1.0
225.341	1.0
226.341	1.0
227.341	1.0
228.341	1.0
229.341	1.0
230.341	1.0
231.341	1.0
232.341	1.0
233.341	1.0
234.341	1.0
235.341	1.0
236.341	1.0
237.341	1.0
238.341	1.0
239.341	1.0
240.341	1.0
241.341	1.0
242.341	1.0
243.341	1.0
244.341	1.0
245.341	1.0
246.341	1.0
247.341	1.0
248.341	1.0
249.341	1.0
250.341	1.0
251.341	1.0
252.341	1.0
253.341	1.0
254.341	1.0
255.341	1.0
256.341	1.0
257.341	1.0
258.341	1.0
259.341	1.0
260.341	1.0
261.341	1.0
262.341	1.0
263.341	1.0
264.341	1.0
265.341	1.0
266.341	1.0
267.341	1.0
268.341	1.0
269.341	1.0
270.341	1.0
271.341	1.0
272.341	1.0
273.341	1.0
274.341	1.0
275.341	1.0
276.341	1.0
277.341	1.0
278.341	1.0
279.341	1.0
280.341	1.0
281.341	1.0
282.341	1.0
283.341	1.0
284.341	1.0
285.341	1.0
286.341	1.0
287.341	1.0
288.341	1.0
289.341	1.0
290.341	1.0
291.341	1.0
292.341	1.0
293.341	1.0
294.341	1.0
295.341	1.0
296.341	1.0
297.341	1.0
298.341	1.0
299.341	1.0
300.341	1.0
301.341	1.0
302.341	1.0
303.341	1.0
304.341	1.0
305.341	1.0
306.341	1.0
307.341	1.0
308.341	1.0
309.341	1.0
310.341	1.0
311.341	1.0
312.341	1.0
313.341	1.0
314.341	1.0
315.341	1.0
316.341	1.0
317.341	1.0
318.341	1.0
319.341	1.0
320.341	1.0
321.341	1.0
322.341	1.0
323.341	1.0
324.341	1.0
325.341	1.0
326.341	1.0
327.341	1.0
328.341	1.0
329.341	1.0
330.341	1.0
331.341	1.0
332.341	1.0
333.341	1.0
334.341	1.0
335.341	1.0
336.341	1.0
337.341	1.0
338.341	1.0
339.341	1.0
340.341	1.0
341.341	1.0
342.341	1.0
343.341	1.0
344.341	1.0
345.341	1.0
346.341	1.0
347.341	1.0
348.341	1.0
349.341	1.0
350.341	1.0
351.341	1.0
352.341	1.0
353.341	1.0
354.341	1.0
355.341	1.0
356.341	1.0
357.341	1.0
358.341	1.0
359.341	1.0
360.341	1.0
361.341	1.0
362.341	1.0
363.341	1.0
364.341	1.0
365.341	1.0
366.341	1.0
367.341	1.0
368.341	1.0
369.341	1.0
370.341	1.0
371.341	1.0
372.341	1.0
373.341	1.0
374.341	1.0
375.341	1.0
376.341	1.0
377.341	1.0
378.341	1.0
379.341	1.0
380.341	1.0
381.341	1.0
382.341	1.0
383.341	1.0
384.341	1.0
385.341	1.0
386.341	1.0
387.341	1.0
388.341	1.0
389.341	1.0
390.341	1.0
391.341	1.0
392.341	1.0
393.341	1.0
394.341	1.0
395.341	1.0
396.341	1.0
397.341	1.0
398.341	1.0
399.341	1.0
400.341	1.0
401.341	1.0
402.341	1.0
403.341	1.0
404.341	1.0
405.341	1.0
406.341	1.0
407.341	1.0
408.341	1.0
409.341	1.0
410.341	1.0
411.341	1.0
412.341	1.0
413.341	1.0
414.341	1.0
415.341	1.0
416.341	1.0
417.341	1.0
418.341	1.0
419.341	1.0
420.341	1.0
421.341	1.0
422.341	1.0
423.341	1.0
424.341	1.0
425.341	1.0
426.341	1.0
427.341	1.0
428.341	1.0
429.341	1.0
430.341	1.0
431.341	1.0
432.341	1.0
433.341	1.0
434.341	1.0
435.341	1.0
436.341	1.0
437.341	1.0
438.341	1.0
439.341	1.0
440.341	1.0
441.341	1.0
442.341	1.0
443.341	1.0
444.341	1.0
445.341	1.0
446.341	1.0
447.341	1.0
448.341	1.0
449.341	1.0
450.341	1.0
451.341	1.0
452.341	1.0
453.341	1.0
454.341	1.0
455.341	1.0
456.341	1.0
457.341	1.0
458.341	1.0
459.341	1.0
460.341	1.0
461.341	1.0
462.341	1.0
463.341	1.0
464.341	1.0
465.341	1.0
466.341	1.0
467.341	1.0
468.341	1.0
469.341	1.0
470.341	1.0
471.341	1.0
472.341	1.0
473.341	1.0
474.341	1.0
475.341	1.0
476.341	1.0
477.341	1.0
478.341	1.0
479.341	1.0
480.341	1.0
481.341	1.0
482.341	1.0
483.341	1.0
484.341	1.0
485.341	1.0
486.341	1.0
487.341	1.0
488.341	1.0
489.341	1.0
490.341	1.0
491.341	1.0
492.341	1.0
493.341	1.0
494.341	1.0
495.341	1.0
496.341	1.0
497.341	1.0
498.341	1.0
499.341	1.0
500.341	1.0
501.341	1.0
502.341	1.0
503.341	1.0
504.341	1.0
505.341	1.0
506.341	1.0
507.341	1.0
508.341	1.0
509.341	1.0
510.341	1.0
511.341	1.0
512.341	1.0
513.341	1.0
514.341	1.0
515.341	1.0
516.341	1.0
517.341	1.0
518.341	1.0
519.341	1.0
520.341	1.0
521.341	1.0
522.341	1.0
523.341	1.0
524.341	1.0
525.341	1.0
526.341	1.0
527.341	1.0
528.341	1.0
529.341	1.0
530.341	1.0
531.341	1.0
532.341	1.0
533.341	1.0
534.341	1.0
535.341	1.0
536.341	1.0
537.341	1.0
538.341	1.0
539.341	1.0
540.341	1.0
541.341	1.0
542.341	1.0
543.341	1.0
544.341	1.0
545.341	1.0
546.341	1.0
547.341	1.0
548.341	1.0
549.341	1.0
550.341	1.0
551.341	1.0
552.341	1.0
553.341	1.0
554.341	1.0
555.341	1.0
556.341	1.0
557.341	1.0
558.341	1.0
559.341	1.0
560.341	1.0
561.341	1.0
562.341	1.0
563.341	1.0
564.341	1.0
565.341	1.0
566.341	1.0
567.341	1.0
568.341	1.0
569.341	1.0
570.341	1.0
571.341	1.0
572.341	1.0
573.341	1.0
574.341	1.0
575.341	1.0
576.341	1.0
577.341	1.0
578.341	1.0
579.341	1.0
580.341	1.0
581.341	1.0
582.341	1.0
583.341	1.0
584.341	1.0
585.341	1.0
586.341	1.0
587.341	1.0
588.341	1.0
589.341	1.0
590.341	1.0
591.341	1.0
592.341	1.0
593.341	1.0
594.341	1.0
595.341	1.0
596.341	1.0
597.341	1.0
598.341	1.0
599.341	1.0
600.341	1.0
601.341	1.0
602.341	1.0
603.341	1.0
604.341	1.0
605.341	1.0
606.341	1.0
607.341	1.0
608.341	1.0
609.341	1.0
610.341	1.0
611.341	1.0
612.341	1.0
613.341	1.0
614.341	1.0
615.341	1.0
616.341	1.0
617.341	1.0
618.341	1.0
619.341	1.0
620.341	1.0
621.341	1.0
622.341	1.0
623.341	1.0
624.341	1.0
625.341	1.0
626.341	1.0
627.341	1.0
628.341	1.0
629.341	1.0
630.341	1.0
631.341	1.0
632.341	1.0
633.341	1.0
634.341	1.0
635.341	1.0
636.341	1.0
637.341	1.0
638.341	1.0
639.341	1.0
640.341	1.0
641.341	1.0
642.341	1.0
643.341	1.0
644.341	1.0
645.341	1.0
646.341	1.0
647.341	1.0
648.341	1.0
649.341	1.0
650.341	1.0
651.341	1.0
652.341	1.0
653.341	1.0
654.341	1.0
655.341	1.0
656.341	1.0
657.341	1.0
658.341	1.0
659.341	1.0
660.341	1.0
661.341	1.0
662.341	1.0
663.341	1.0
664.341	1.0
665.341	1.0
666.341	1.0
667.341	1.0
668.341	1.0
669.341	1.0
670.341	1.0
671.341	1.0
672.341	1.0
673.341	1.0
674.341	1.0
675.341	1.0
676.341	1.0
677.341	1.0
678.341	1.0
679.341	1.0
680.341	1.0
681.341	1.0
682.341	1.0
683.341	1.0
684.341	1.0
685.341	1.0
686.341	1.0
687.341	1.0
688.341	1.0
689.341	1.0
690.341	1.0
691.341	1.0
692.341	1.0
693.341	1.0
694.341	1.0
695.341	1.0
696.341	1.0
697.341	1.0
698.341	1.0
699.341	1.0
700.341	1.0
701.341	1.0
702.341	1.0
703.341	1.0
704.341	1.0
705.341	1.0
706.341	1.0
707.341	1.0
708.341	1.0
709.341	1.0
710.341	1.0
711.341	1.0
712.341	1.0
713.341	1.0
714.341	1.0
715.341	1.0
716.341	1.0
717.341	1.0
718.341	1.0
719.341	1.0
720.341	1.0
721.341	1.0
722.341	1.0
723.341	1.0
724.341	1.0
725.341	1.0
726.341	1.0
727.341	1.0
728.341	1.0
729.341	1.0
730.341	1.0
731.341	1.0
732.341	1.0
733.341	1.0
734.341	1.0
735.341	1.0
736.341	1.0
737.341	1.0
738.341	1.0
739.341	1.0
740.341	1.0
741.341	1.0
742.341	1.0
743.341	1.0
744.341	1.0
745.341	1.0
746.341	1.0
747.341	1.0
748.341	1.0
749.341	1.0
750.341	1.0
751.341	1.0
752.341	1.0
753.341	1.0
754.341	1.0
755.341	1.0
756.341	1.0
757.341	1.0
758.341	1.0
759.341	1.0
760.341	1.0
761.341	1.0
762.341	1.0
763.341	1.0
764.341	1.0
765.341	1.0
766.341	1.0
767.341	1.0
768.341	1.0
769.341	1.0
770.341	1.0
771.341	1.0
772.341	1.0
773.341	1.0
774.341	1.0
775.341	1.0
776.341	1.0
777.341	1.0
778.341	1.0
779.341	1.0
780.341	1.0
781.341	1.0
782.341	1.0
783.341	1.0
784.341	1.0
785.341	1.0
786.341	1.0
787.341	1.0
788.341	1.0
789.341	1.0
790.341	1.0
791.341	1.0
792.341	1.0
793.341	1.0
794.341	1.0
795.341	1.0
796.341	1.0
797.341	1.0
798.341	1.0
799.341	1.0
800.341	1.0
801.341	1.0
802.341	1.0
803.341	1.0
804.341	1.0
805.341	1.0
806.341	1.0
807.341	1.0
808.341	1.0
809.341	1.0
810.341	1.0
811.341	1.0
812.341	1.0
813.341	1.0
814.341	1.0
815.341	1.0
816.341	1.0
817.341	1.0
818.341	1.0
819.341	1.0
820.341	1.0
821.341	1.0
822.341	1.0
823.341	1.0
824.341	1.0
825.341	1.0
826.341	1.0
827.341	1.0
828.341	1.0
829.341	1.0
830.341	1.0
831.341	1.0
832.341	1.0
833.341	1.0
834.341	1.0
835.341	1.0
836.341	1.0
837.341	1.0
838.341	1.0
839.341	1.0
840.341	1.0
841.341	1.0
842.341	1.0
843.341	1.0
844.341	1.0
845.341	1.0
846.341	1.0
847.341	1.0
848.341	1.0
849.341	1.0
850.341	1.0
851.341	1.0
852.341	1.0
853.341	1.0
854.341	1.0
855.341	1.0
856.341	1.0
857.341	1.0
858.341	1.0
859.341	1.0
860.341	1.0
861.341	1.0
862.341	1.0
863.341	1.0
864.341	1.0
865.341	1.0
866.341	1.0
867.341	1.0
868.341	1.0
869.341	1.0
870.341	1.0
871.341	1.0
872.341	1.0
873.341	1.0
874.341	1.0
875.341	1.0
876.341	1.0
877.341	1.0
878.341	1.0
879.341	1.0
880.341	1.0
881.341	1.0
882.341	1.0
883.341	1.0
884.341	1.0
885.341	1.0
886.341	1.0
887.341	1.0
888.341	1.0
889.341	1.0
890.341	1.0
891.341	1.0
892.341	1.0
893.341	1.0
894.341	1.0
895.341	1.0
896.341	1.0
897.341	1.0
898.341	1.0
899.341	1.0
900.341	1.0
901.341	1.0
902.341	1.0
903.341	1.0
904.341	1.0
905.341	1.0
906.341	1.0
907.341	1.0
908.341	1.0
909.341	1.0
910.341	1.0
911.341	1.0
912.341	1.0
913.341	1.0
914.341	1.0
915.341	1.0
916.341	1.0
917.341	1.0
918.341	1.0
919.341	1.0
920.341	1.0
921.341	1.0
922.341	1.0
923.341	1.0
924.341	1.0
925.341	1.0
926.341	1.0
927.341	1.0
928.341	1.0
929.341	1.0
930.341	1.0
931.341	1.0
932.341	1.0
933.341	1.0
934.341	1.0
935.341	1.0
936.341	1.0
937.341	1.0
938.341	1.0
939.341	1.0
940.341	1.0
941.341	1.0
942.341	1.0
943.341	1.0
944.341	1.0
945.341	1.0
946.341	1.0
947.341	1.0
948.341	1.0
949.341	1.0
950.341	1.0
951.341	1.0
952.341	1.0
953.341	1.0
954.341	1.0
955.341	1.0
956.341	1.0
957.341	1.0
958.341	1.0
959.341	1.0
960.341	1.0
961.341	1.0
962.341	1.0
963.341	1.0
964.341	1.0
965.341	1.0
966.341	1.0
967.341	1.0
968.341	1.0
969.341	1.0
970.341	1.0
971.341	1.0
972.341	1.0
973.341	1.0
974.341	1.0
975.341	1.0
976.341	1.0
977.341	1.0
978.341	1.0
979.341	1.0
980.341	1.0
981.341	1.0
982.341	1.0
983.341	1.0
984.341	1.0
985.341	1.0
986.341	1.0
987.341	1.0
988.341	1.0
989.341	1.0
990.341	1.0
991.341	1.0
992.341	1.0
993.341	1.0
994.341	1.0
995.341	1.0
996.341	1.0
997.341	1.0
