0.136	0.5532999802624828
0.975	0.5599998040158687
1.839	0.5570323506625896
2.719	0.5470643005788806
3.588	0.5552807557011082
4.4430000000000005	0.6509221338488916
5.305	0.665694323742439
6.183	0.6505567013034579
7.062	0.6167762738090792
7.952	0.5975361294987662
8.852	0.5325178779868006
9.766	0.6175480259279631
10.667	0.5693314561231219
11.581	0.6846377680776102
12.503	0.7470696143061523
13.413	0.6440413646446491
14.319	0.581048116114578
15.228	0.3857812872895805
16.163	0.42722367825521135
17.125	0.8465525284308769
18.085	0.6031120418492287
19.055	0.5416383975162113
20.022000000000002	0.4993882530134978
20.992	0.8399315775141188
21.957	0.34392909216845186
22.926000000000002	0.37176989001262817
23.899	0.5240870083102502
24.871000000000002	0.3654296671006832
25.844	0.4319564369910664
26.809	0.3945384739777505
27.773	0.30621531184887507
28.752	0.8063202551871385
29.732	0.9036079863756593
30.71	0.8156035721688528
31.691	0.9531842268764196
32.673	0.9612561068806944
33.666000000000004	0.9594769073326331
34.64	0.9473578570234672
35.622	0.7800988925610413
36.607	0.8885496754780715
37.594	0.9464984908957352
38.58	0.7773431330455238
39.568	0.963915922703396
40.556	0.8047218765847998
41.545	0.9129121005273864
42.534	0.8826594689783489
43.524	0.9304561111466453
44.512	0.6526920214520977
45.505	0.8885898268105659
46.496	0.5609662621047115
47.489000000000004	0.7185275824392998
48.484	0.9944893516253714
49.480000000000004	0.992627266433129
50.478	0.9900933104723032
51.478	1.0
52.478	1.0
53.478	1.0
54.478	1.0
55.478	1.0
56.478	1.0
57.478	1.0
58.478	1.0
59.478	1.0
60.478	1.0
61.478	1.0
62.478	1.0
63.478	1.0
64.478	1.0
65.478	1.0
66.478	1.0
67.478	1.0
68.478	1.0
69.478	1.0
70.478	1.0
71.478	1.0
72.478	1.0
73.478	1.0
74.47800000000001	1.0
75.47800000000001	1.0
76.47800000000001	1.0
77.47800000000001	1.0
78.47800000000001	1.0
79.47800000000001	1.0
80.47800000000001	1.0
81.47800000000001	1.0
82.47800000000001	1.0
83.47800000000001	1.0
84.47800000000001	1.0
85.47800000000001	1.0
86.47800000000001	1.0
87.47800000000001	1.0
88.47800000000001	1.0
89.47800000000001	1.0
90.47800000000001	1.0
91.47800000000001	1.0
92.47800000000001	1.0
93.47800000000001	1.0
94.47800000000001	1.0
95.47800000000001	1.0
96.47800000000001	1.0
97.47800000000001	1.0
98.47800000000001	1.0
99.47800000000001	1.0
100.47800000000001	1.0
101.47800000000001	1.0
102.47800000000001	1.0
103.47800000000001	1.0
104.47800000000001	1.0
105.47800000000001	1.0
106.47800000000001	1.0
107.47800000000001	1.0
108.47800000000001	1.0
109.47800000000001	1.0
110.47800000000001	1.0
111.47800000000001	1.0
112.47800000000001	1.0
113.47800000000001	1.0
114.47800000000001	1.0
115.47800000000001	1.0
116.47800000000001	1.0
117.47800000000001	1.0
118.47800000000001	1.0
119.47800000000001	1.0
120.47800000000001	1.0
121.47800000000001	1.0
122.47800000000001	1.0
123.47800000000001	1.0
124.47800000000001	1.0
125.47800000000001	1.0
126.47800000000001	1.0
127.47800000000001	1.0
128.478	1.0
129.478	1.0
130.478	1.0
131.478	1.0
132.478	1.0
133.478	1.0
134.478	1.0
135.478	1.0
136.478	1.0
137.478	1.0
138.478	1.0
139.478	1.0
140.478	1.0
141.478	1.0
142.478	1.0
143.478	1.0
144.478	1.0
145.478	1.0
146.478	1.0
147.478	1.0
148.478	1.0
149.478	1.0
150.478	1.0
151.478	1.0
152.478	1.0
153.478	1.0
154.478	1.0
155.478	1.0
156.478	1.0
157.478	1.0
158.478	1.0
159.478	1.0
160.478	1.0
161.478	1.0
162.478	1.0
163.478	1.0
164.478	1.0
165.478	1.0
166.478	1.0
167.478	1.0
168.478	1.0
169.478	1.0
170.478	1.0
171.478	1.0
172.478	1.0
173.478	1.0
174.478	1.0
175.478	1.0
176.478	1.0
177.478	1.0
178.478	1.0
179.478	1.0
180.478	1.0
181.478	1.0
182.478	1.0
183.478	1.0
184.478	1.0
185.478	1.0
186.478	1.0
187.478	1.0
188.478	1.0
189.478	1.0
190.478	1.0
191.478	1.0
192.478	1.0
193.478	1.0
194.478	1.0
195.478	1.0
196.478	1.0
197.478	1.0
198.478	1.0
199.478	1.0
200.478	1.0
201.478	1.0
202.478	1.0
203.478	1.0
204.478	1.0
205.478	1.0
206.478	1.0
207.478	1.0
208.478	1.0
209.478	1.0
210.478	1.0
211.478	1.0
212.478	1.0
213.478	1.0
214.478	1.0
215.478	1.0
216.478	1.0
217.478	1.0
218.478	1.0
219.478	1.0
220.478	1.0
221.478	1.0
222.478	1.0
223.478	1.0
224.478	1.0
225.478	1.0
226.478	1.0
227.478	1.0
228.478	1.0
229.478	1.0
230.478	1.0
231.478	1.0
232.478	1.0
233.478	1.0
234.478	1.0
235.478	1.0
236.478	1.0
237.478	1.0
238.478	1.0
239.478	1.0
240.478	1.0
241.478	1.0
242.478	1.0
243.478	1.0
244.478	1.0
245.478	1.0
246.478	1.0
247.478	1.0
248.478	1.0
249.478	1.0
250.478	1.0
251.478	1.0
252.478	1.0
253.478	1.0
254.478	1.0
255.478	1.0
256.478	1.0
257.478	1.0
258.478	1.0
259.478	1.0
260.478	1.0
261.478	1.0
262.478	1.0
263.478	1.0
264.478	1.0
265.478	1.0
266.478	1.0
267.478	1.0
268.478	1.0
269.478	1.0
270.478	1.0
271.478	1.0
272.478	1.0
273.478	1.0
274.478	1.0
275.478	1.0
276.478	1.0
277.478	1.0
278.478	1.0
279.478	1.0
280.478	1.0
281.478	1.0
282.478	1.0
283.478	1.0
284.478	1.0
285.478	1.0
286.478	1.0
287.478	1.0
288.478	1.0
289.478	1.0
290.478	1.0
291.478	1.0
292.478	1.0
293.478	1.0
294.478	1.0
295.478	1.0
296.478	1.0
297.478	1.0
298.478	1.0
299.478	1.0
300.478	1.0
301.478	1.0
302.478	1.0
303.478	1.0
304.478	1.0
305.478	1.0
306.478	1.0
307.478	1.0
308.478	1.0
309.478	1.0
310.478	1.0
311.478	1.0
312.478	1.0
313.478	1.0
314.478	1.0
315.478	1.0
316.478	1.0
317.478	1.0
318.478	1.0
319.478	1.0
320.478	1.0
321.478	1.0
322.478	1.0
323.478	1.0
324.478	1.0
325.478	1.0
326.478	1.0
327.478	1.0
328.478	1.0
329.478	1.0
330.478	1.0
331.478	1.0
332.478	1.0
333.478	1.0
334.478	1.0
335.478	1.0
336.478	1.0
337.478	1.0
338.478	1.0
339.478	1.0
340.478	1.0
341.478	1.0
342.478	1.0
343.478	1.0
344.478	1.0
345.478	1.0
346.478	1.0
347.478	1.0
348.478	1.0
349.478	1.0
350.478	1.0
351.478	1.0
352.478	1.0
353.478	1.0
354.478	1.0
355.478	1.0
356.478	1.0
357.478	1.0
358.478	1.0
359.478	1.0
360.478	1.0
361.478	1.0
362.478	1.0
363.478	1.0
364.478	1.0
365.478	1.0
366.478	1.0
367.478	1.0
368.478	1.0
369.478	1.0
370.478	1.0
371.478	1.0
372.478	1.0
373.478	1.0
374.478	1.0
375.478	1.0
376.478	1.0
377.478	1.0
378.478	1.0
379.478	1.0
380.478	1.0
381.478	1.0
382.478	1.0
383.478	1.0
384.478	1.0
385.478	1.0
386.478	1.0
387.478	1.0
388.478	1.0
389.478	1.0
390.478	1.0
391.478	1.0
392.478	1.0
393.478	1.0
394.478	1.0
395.478	1.0
396.478	1.0
397.478	1.0
398.478	1.0
399.478	1.0
400.478	1.0
401.478	1.0
402.478	1.0
403.478	1.0
404.478	1.0
405.478	1.0
406.478	1.0
407.478	1.0
408.478	1.0
409.478	1.0
410.478	1.0
411.478	1.0
412.478	1.0
413.478	1.0
414.478	1.0
415.478	1.0
416.478	1.0
417.478	1.0
418.478	1.0
419.478	1.0
420.478	1.0
421.478	1.0
422.478	1.0
423.478	1.0
424.478	1.0
425.478	1.0
426.478	1.0
427.478	1.0
428.478	1.0
429.478	1.0
430.478	1.0
431.478	1.0
432.478	1.0
433.478	1.0
434.478	1.0
435.478	1.0
436.478	1.0
437.478	1.0
438.478	1.0
439.478	1.0
440.478	1.0
441.478	1.0
442.478	1.0
443.478	1.0
444.478	1.0
445.478	1.0
446.478	1.0
447.478	1.0
448.478	1.0
449.478	1.0
450.478	1.0
451.478	1.0
452.478	1.0
453.478	1.0
454.478	1.0
455.478	1.0
456.478	1.0
457.478	1.0
458.478	1.0
459.478	1.0
460.478	1.0
461.478	1.0
462.478	1.0
463.478	1.0
464.478	1.0
465.478	1.0
466.478	1.0
467.478	1.0
468.478	1.0
469.478	1.0
470.478	1.0
471.478	1.0
472.478	1.0
473.478	1.0
474.478	1.0
475.478	1.0
476.478	1.0
477.478	1.0
478.478	1.0
479.478	1.0
480.478	1.0
481.478	1.0
482.478	1.0
483.478	1.0
484.478	1.0
485.478	1.0
486.478	1.0
487.478	1.0
488.478	1.0
489.478	1.0
490.478	1.0
491.478	1.0
492.478	1.0
493.478	1.0
494.478	1.0
495.478	1.0
496.478	1.0
497.478	1.0
498.478	1.0
499.478	1.0
500.478	1.0
501.478	1.0
502.478	1.0
503.478	1.0
504.478	1.0
505.478	1.0
506.478	1.0
507.478	1.0
508.478	1.0
509.478	1.0
510.478	1.0
511.478	1.0
512.4780000000001	1.0
513.4780000000001	1.0
514.4780000000001	1.0
515.4780000000001	1.0
516.4780000000001	1.0
517.4780000000001	1.0
518.4780000000001	1.0
519.4780000000001	1.0
520.4780000000001	1.0
521.4780000000001	1.0
522.4780000000001	1.0
523.4780000000001	1.0
524.4780000000001	1.0
525.4780000000001	1.0
526.4780000000001	1.0
527.4780000000001	1.0
528.4780000000001	1.0
529.4780000000001	1.0
530.4780000000001	1.0
531.4780000000001	1.0
532.4780000000001	1.0
533.4780000000001	1.0
534.4780000000001	1.0
535.4780000000001	1.0
536.4780000000001	1.0
537.4780000000001	1.0
538.4780000000001	1.0
539.4780000000001	1.0
540.4780000000001	1.0
541.4780000000001	1.0
542.4780000000001	1.0
543.4780000000001	1.0
544.4780000000001	1.0
545.4780000000001	1.0
546.4780000000001	1.0
547.4780000000001	1.0
548.4780000000001	1.0
549.4780000000001	1.0
550.4780000000001	1.0
551.4780000000001	1.0
552.4780000000001	1.0
553.4780000000001	1.0
554.4780000000001	1.0
555.4780000000001	1.0
556.4780000000001	1.0
557.4780000000001	1.0
558.4780000000001	1.0
559.4780000000001	1.0
560.4780000000001	1.0
561.4780000000001	1.0
562.4780000000001	1.0
563.4780000000001	1.0
564.4780000000001	1.0
565.4780000000001	1.0
566.4780000000001	1.0
567.4780000000001	1.0
568.4780000000001	1.0
569.4780000000001	1.0
570.4780000000001	1.0
571.4780000000001	1.0
572.4780000000001	1.0
573.4780000000001	1.0
574.4780000000001	1.0
575.4780000000001	1.0
576.4780000000001	1.0
577.4780000000001	1.0
578.4780000000001	1.0
579.4780000000001	1.0
580.4780000000001	1.0
581.4780000000001	1.0
582.4780000000001	1.0
583.4780000000001	1.0
584.4780000000001	1.0
585.4780000000001	1.0
586.4780000000001	1.0
587.4780000000001	1.0
588.4780000000001	1.0
589.4780000000001	1.0
590.4780000000001	1.0
591.4780000000001	1.0
592.4780000000001	1.0
593.4780000000001	1.0
594.4780000000001	1.0
595.4780000000001	1.0
596.4780000000001	1.0
597.4780000000001	1.0
598.4780000000001	1.0
599.4780000000001	1.0
600.4780000000001	1.0
601.4780000000001	1.0
602.4780000000001	1.0
603.4780000000001	1.0
604.4780000000001	1.0
605.4780000000001	1.0
606.4780000000001	1.0
607.4780000000001	1.0
608.4780000000001	1.0
609.4780000000001	1.0
610.4780000000001	1.0
611.4780000000001	1.0
612.4780000000001	1.0
613.4780000000001	1.0
614.4780000000001	1.0
615.4780000000001	1.0
616.4780000000001	1.0
617.4780000000001	1.0
618.4780000000001	1.0
619.4780000000001	1.0
620.4780000000001	1.0
621.4780000000001	1.0
622.4780000000001	1.0
623.4780000000001	1.0
624.4780000000001	1.0
625.4780000000001	1.0
626.4780000000001	1.0
627.4780000000001	1.0
628.4780000000001	1.0
629.4780000000001	1.0
630.4780000000001	1.0
631.4780000000001	1.0
632.4780000000001	1.0
633.4780000000001	1.0
634.4780000000001	1.0
635.4780000000001	1.0
636.4780000000001	1.0
637.4780000000001	1.0
638.4780000000001	1.0
639.4780000000001	1.0
640.4780000000001	1.0
641.4780000000001	1.0
642.4780000000001	1.0
643.4780000000001	1.0
644.4780000000001	1.0
645.4780000000001	1.0
646.4780000000001	1.0
647.4780000000001	1.0
648.4780000000001	1.0
649.4780000000001	1.0
650.4780000000001	1.0
651.4780000000001	1.0
652.4780000000001	1.0
653.4780000000001	1.0
654.4780000000001	1.0
655.4780000000001	1.0
656.4780000000001	1.0
657.4780000000001	1.0
658.4780000000001	1.0
659.4780000000001	1.0
660.4780000000001	1.0
661.4780000000001	1.0
662.4780000000001	1.0
663.4780000000001	1.0
664.4780000000001	1.0
665.4780000000001	1.0
666.4780000000001	1.0
667.4780000000001	1.0
668.4780000000001	1.0
669.4780000000001	1.0
670.4780000000001	1.0
671.4780000000001	1.0
672.4780000000001	1.0
673.4780000000001	1.0
674.4780000000001	1.0
675.4780000000001	1.0
676.4780000000001	1.0
677.4780000000001	1.0
678.4780000000001	1.0
679.4780000000001	1.0
680.4780000000001	1.0
681.4780000000001	1.0
682.4780000000001	1.0
683.4780000000001	1.0
684.4780000000001	1.0
685.4780000000001	1.0
686.4780000000001	1.0
687.4780000000001	1.0
688.4780000000001	1.0
689.4780000000001	1.0
690.4780000000001	1.0
691.4780000000001	1.0
692.4780000000001	1.0
693.4780000000001	1.0
694.4780000000001	1.0
695.4780000000001	1.0
696.4780000000001	1.0
697.4780000000001	1.0
698.4780000000001	1.0
699.4780000000001	1.0
700.4780000000001	1.0
701.4780000000001	1.0
702.4780000000001	1.0
703.4780000000001	1.0
704.4780000000001	1.0
705.4780000000001	1.0
706.4780000000001	1.0
707.4780000000001	1.0
708.4780000000001	1.0
709.4780000000001	1.0
710.4780000000001	1.0
711.4780000000001	1.0
712.4780000000001	1.0
713.4780000000001	1.0
714.4780000000001	1.0
715.4780000000001	1.0
716.4780000000001	1.0
717.4780000000001	1.0
718.4780000000001	1.0
719.4780000000001	1.0
720.4780000000001	1.0
721.4780000000001	1.0
722.4780000000001	1.0
723.4780000000001	1.0
724.4780000000001	1.0
725.4780000000001	1.0
726.4780000000001	1.0
727.4780000000001	1.0
728.4780000000001	1.0
729.4780000000001	1.0
730.4780000000001	1.0
731.4780000000001	1.0
732.4780000000001	1.0
733.4780000000001	1.0
734.4780000000001	1.0
735.4780000000001	1.0
736.4780000000001	1.0
737.4780000000001	1.0
738.4780000000001	1.0
739.4780000000001	1.0
740.4780000000001	1.0
741.4780000000001	1.0
742.4780000000001	1.0
743.4780000000001	1.0
744.4780000000001	1.0
745.4780000000001	1.0
746.4780000000001	1.0
747.4780000000001	1.0
748.4780000000001	1.0
749.4780000000001	1.0
750.4780000000001	1.0
751.4780000000001	1.0
752.4780000000001	1.0
753.4780000000001	1.0
754.4780000000001	1.0
755.4780000000001	1.0
756.4780000000001	1.0
757.4780000000001	1.0
758.4780000000001	1.0
759.4780000000001	1.0
760.4780000000001	1.0
761.4780000000001	1.0
762.4780000000001	1.0
763.4780000000001	1.0
764.4780000000001	1.0
765.4780000000001	1.0
766.4780000000001	1.0
767.4780000000001	1.0
768.4780000000001	1.0
769.4780000000001	1.0
770.4780000000001	1.0
771.4780000000001	1.0
772.4780000000001	1.0
773.4780000000001	1.0
774.4780000000001	1.0
775.4780000000001	1.0
776.4780000000001	1.0
777.4780000000001	1.0
778.4780000000001	1.0
779.4780000000001	1.0
780.4780000000001	1.0
781.4780000000001	1.0
782.4780000000001	1.0
783.4780000000001	1.0
784.4780000000001	1.0
785.4780000000001	1.0
786.4780000000001	1.0
787.4780000000001	1.0
788.4780000000001	1.0
789.4780000000001	1.0
790.4780000000001	1.0
791.4780000000001	1.0
792.4780000000001	1.0
793.4780000000001	1.0
794.4780000000001	1.0
795.4780000000001	1.0
796.4780000000001	1.0
797.4780000000001	1.0
798.4780000000001	1.0
799.4780000000001	1.0
800.4780000000001	1.0
801.4780000000001	1.0
802.4780000000001	1.0
803.4780000000001	1.0
804.4780000000001	1.0
805.4780000000001	1.0
806.4780000000001	1.0
807.4780000000001	1.0
808.4780000000001	1.0
809.4780000000001	1.0
810.4780000000001	1.0
811.4780000000001	1.0
812.4780000000001	1.0
813.4780000000001	1.0
814.4780000000001	1.0
815.4780000000001	1.0
816.4780000000001	1.0
817.4780000000001	1.0
818.4780000000001	1.0
819.4780000000001	1.0
820.4780000000001	1.0
821.4780000000001	1.0
822.4780000000001	1.0
823.4780000000001	1.0
824.4780000000001	1.0
825.4780000000001	1.0
826.4780000000001	1.0
827.4780000000001	1.0
828.4780000000001	1.0
829.4780000000001	1.0
830.4780000000001	1.0
831.4780000000001	1.0
832.4780000000001	1.0
833.4780000000001	1.0
834.4780000000001	1.0
835.4780000000001	1.0
836.4780000000001	1.0
837.4780000000001	1.0
838.4780000000001	1.0
839.4780000000001	1.0
840.4780000000001	1.0
841.4780000000001	1.0
842.4780000000001	1.0
843.4780000000001	1.0
844.4780000000001	1.0
845.4780000000001	1.0
846.4780000000001	1.0
847.4780000000001	1.0
848.4780000000001	1.0
849.4780000000001	1.0
850.4780000000001	1.0
851.4780000000001	1.0
852.4780000000001	1.0
853.4780000000001	1.0
854.4780000000001	1.0
855.4780000000001	1.0
856.4780000000001	1.0
857.4780000000001	1.0
858.4780000000001	1.0
859.4780000000001	1.0
860.4780000000001	1.0
861.4780000000001	1.0
862.4780000000001	1.0
863.4780000000001	1.0
864.4780000000001	1.0
865.4780000000001	1.0
866.4780000000001	1.0
867.4780000000001	1.0
868.4780000000001	1.0
869.4780000000001	1.0
870.4780000000001	1.0
871.4780000000001	1.0
872.4780000000001	1.0
873.4780000000001	1.0
874.4780000000001	1.0
875.4780000000001	1.0
876.4780000000001	1.0
877.4780000000001	1.0
878.4780000000001	1.0
879.4780000000001	1.0
880.4780000000001	1.0
881.4780000000001	1.0
882.4780000000001	1.0
883.4780000000001	1.0
884.4780000000001	1.0
885.4780000000001	1.0
886.4780000000001	1.0
887.4780000000001	1.0
888.4780000000001	1.0
889.4780000000001	1.0
890.4780000000001	1.0
891.4780000000001	1.0
892.4780000000001	1.0
893.4780000000001	1.0
894.4780000000001	1.0
895.4780000000001	1.0
896.4780000000001	1.0
897.4780000000001	1.0
898.4780000000001	1.0
899.4780000000001	1.0
900.4780000000001	1.0
901.4780000000001	1.0
902.4780000000001	1.0
903.4780000000001	1.0
904.4780000000001	1.0
905.4780000000001	1.0
906.4780000000001	1.0
907.4780000000001	1.0
908.4780000000001	1.0
909.4780000000001	1.0
910.4780000000001	1.0
911.4780000000001	1.0
912.4780000000001	1.0
913.4780000000001	1.0
914.4780000000001	1.0
915.4780000000001	1.0
916.4780000000001	1.0
917.4780000000001	1.0
918.4780000000001	1.0
919.4780000000001	1.0
920.4780000000001	1.0
921.4780000000001	1.0
922.4780000000001	1.0
923.4780000000001	1.0
924.4780000000001	1.0
925.4780000000001	1.0
926.4780000000001	1.0
927.4780000000001	1.0
928.4780000000001	1.0
929.4780000000001	1.0
930.4780000000001	1.0
931.4780000000001	1.0
932.4780000000001	1.0
933.4780000000001	1.0
934.4780000000001	1.0
935.4780000000001	1.0
936.4780000000001	1.0
937.4780000000001	1.0
938.4780000000001	1.0
939.4780000000001	1.0
940.4780000000001	1.0
941.4780000000001	1.0
942.4780000000001	1.0
943.4780000000001	1.0
944.4780000000001	1.0
945.4780000000001	1.0
946.4780000000001	1.0
947.4780000000001	1.0
948.4780000000001	1.0
949.4780000000001	1.0
950.4780000000001	1.0
951.4780000000001	1.0
952.4780000000001	1.0
953.4780000000001	1.0
954.4780000000001	1.0
955.4780000000001	1.0
956.4780000000001	1.0
957.4780000000001	1.0
958.4780000000001	1.0
959.4780000000001	1.0
960.4780000000001	1.0
961.4780000000001	1.0
962.4780000000001	1.0
963.4780000000001	1.0
964.4780000000001	1.0
965.4780000000001	1.0
966.4780000000001	1.0
967.4780000000001	1.0
968.4780000000001	1.0
969.4780000000001	1.0
970.4780000000001	1.0
971.4780000000001	1.0
972.4780000000001	1.0
973.4780000000001	1.0
974.4780000000001	1.0
975.4780000000001	1.0
976.4780000000001	1.0
977.4780000000001	1.0
978.4780000000001	1.0
979.4780000000001	1.0
980.4780000000001	1.0
981.4780000000001	1.0
982.4780000000001	1.0
983.4780000000001	1.0
984.4780000000001	1.0
985.4780000000001	1.0
986.4780000000001	1.0
987.4780000000001	1.0
988.4780000000001	1.0
989.4780000000001	1.0
990.4780000000001	1.0
991.4780000000001	1.0
992.4780000000001	1.0
993.4780000000001	1.0
994.4780000000001	1.0
995.4780000000001	1.0
996.4780000000001	1.0
