0.131	0.5274169402681076
0.981	0.5039656168700337
1.854	0.48461686711967267
2.747	0.48119047434895335
3.618	0.488373543741007
4.513	0.45419962517116014
5.389	0.42589279044047496
6.296	0.40234526208579396
7.219	0.3795026832376633
8.139	0.43639556285662784
9.05	0.4318929522973513
9.968	0.4921024786959911
10.889	0.477379464936188
11.823	0.5162460419836389
12.776	0.4453403648527957
13.727	0.24509935818682038
14.682	0.7871039093790404
15.637	0.6483299253953265
16.597	0.39392770896420537
17.557	0.4241190213408301
18.517	0.2880292642907731
19.477	0.28883872996158894
20.435	0.29636650490463606
21.394000000000002	0.4998096132649593
22.36	0.33266055587406645
23.324	0.27289213217731834
24.301000000000002	0.5432511852496645
25.271	0.15268092372173903
26.245	0.15175840122290765
27.22	0.15047546298829279
28.194	0.8248690654214489
29.172	0.9222958164784533
30.146	0.16301859549818865
31.127	0.7814099081016715
32.101	0.6330566113835061
33.078	0.5522861824958181
34.059	0.4618162699419518
35.039	0.3323558760373272
36.024	0.785921997632598
37.01	0.9114243010824606
37.991	0.792356926509313
38.975	0.8109871564021938
39.959	0.40262890040782845
40.945	0.5901936751995867
41.933	0.607440007825652
42.923	0.949552627049653
43.913000000000004	0.8789184919416699
44.905	0.9863586147744025
45.899	0.9950282665455235
46.894	0.992452829255588
47.892	1.0
48.892	1.0
49.892	1.0
50.892	1.0
51.892	1.0
52.892	1.0
53.892	1.0
54.892	1.0
55.892	1.0
56.892	1.0
57.892	1.0
58.892	1.0
59.892	1.0
60.892	1.0
61.892	1.0
62.892	1.0
63.892	1.0
64.892	1.0
65.892	1.0
66.892	1.0
67.892	1.0
68.892	1.0
69.892	1.0
70.892	1.0
71.892	1.0
72.892	1.0
73.892	1.0
74.892	1.0
75.892	1.0
76.892	1.0
77.892	1.0
78.892	1.0
79.892	1.0
80.892	1.0
81.892	1.0
82.892	1.0
83.892	1.0
84.892	1.0
85.892	1.0
86.892	1.0
87.892	1.0
88.892	1.0
89.892	1.0
90.892	1.0
91.892	1.0
92.892	1.0
93.892	1.0
94.892	1.0
95.892	1.0
96.892	1.0
97.892	1.0
98.892	1.0
99.892	1.0
100.892	1.0
101.892	1.0
102.892	1.0
103.892	1.0
104.892	1.0
105.892	1.0
106.892	1.0
107.892	1.0
108.892	1.0
109.892	1.0
110.892	1.0
111.892	1.0
112.892	1.0
113.892	1.0
114.892	1.0
115.892	1.0
116.892	1.0
117.892	1.0
118.892	1.0
119.892	1.0
120.892	1.0
121.892	1.0
122.892	1.0
123.892	1.0
124.892	1.0
125.892	1.0
126.892	1.0
127.892	1.0
128.892	1.0
129.892	1.0
130.892	1.0
131.892	1.0
132.892	1.0
133.892	1.0
134.892	1.0
135.892	1.0
136.892	1.0
137.892	1.0
138.892	1.0
139.892	1.0
140.892	1.0
141.892	1.0
142.892	1.0
143.892	1.0
144.892	1.0
145.892	1.0
146.892	1.0
147.892	1.0
148.892	1.0
149.892	1.0
150.892	1.0
151.892	1.0
152.892	1.0
153.892	1.0
154.892	1.0
155.892	1.0
156.892	1.0
157.892	1.0
158.892	1.0
159.892	1.0
160.892	1.0
161.892	1.0
162.892	1.0
163.892	1.0
164.892	1.0
165.892	1.0
166.892	1.0
167.892	1.0
168.892	1.0
169.892	1.0
170.892	1.0
171.892	1.0
172.892	1.0
173.892	1.0
174.892	1.0
175.892	1.0
176.892	1.0
177.892	1.0
178.892	1.0
179.892	1.0
180.892	1.0
181.892	1.0
182.892	1.0
183.892	1.0
184.892	1.0
185.892	1.0
186.892	1.0
187.892	1.0
188.892	1.0
189.892	1.0
190.892	1.0
191.892	1.0
192.892	1.0
193.892	1.0
194.892	1.0
195.892	1.0
196.892	1.0
197.892	1.0
198.892	1.0
199.892	1.0
200.892	1.0
201.892	1.0
202.892	1.0
203.892	1.0
204.892	1.0
205.892	1.0
206.892	1.0
207.892	1.0
208.892	1.0
209.892	1.0
210.892	1.0
211.892	1.0
212.892	1.0
213.892	1.0
214.892	1.0
215.892	1.0
216.892	1.0
217.892	1.0
218.892	1.0
219.892	1.0
220.892	1.0
221.892	1.0
222.892	1.0
223.892	1.0
224.892	1.0
225.892	1.0
226.892	1.0
227.892	1.0
228.892	1.0
229.892	1.0
230.892	1.0
231.892	1.0
232.892	1.0
233.892	1.0
234.892	1.0
235.892	1.0
236.892	1.0
237.892	1.0
238.892	1.0
239.892	1.0
240.892	1.0
241.892	1.0
242.892	1.0
243.892	1.0
244.892	1.0
245.892	1.0
246.892	1.0
247.892	1.0
248.892	1.0
249.892	1.0
250.892	1.0
251.892	1.0
252.892	1.0
253.892	1.0
254.892	1.0
255.892	1.0
256.892	1.0
257.892	1.0
258.892	1.0
259.892	1.0
260.892	1.0
261.892	1.0
262.892	1.0
263.892	1.0
264.892	1.0
265.892	1.0
266.892	1.0
267.892	1.0
268.892	1.0
269.892	1.0
270.892	1.0
271.892	1.0
272.892	1.0
273.892	1.0
274.892	1.0
275.892	1.0
276.892	1.0
277.892	1.0
278.892	1.0
279.892	1.0
280.892	1.0
281.892	1.0
282.892	1.0
283.892	1.0
284.892	1.0
285.892	1.0
286.892	1.0
287.892	1.0
288.892	1.0
289.892	1.0
290.892	1.0
291.892	1.0
292.892	1.0
293.892	1.0
294.892	1.0
295.892	1.0
296.892	1.0
297.892	1.0
298.892	1.0
299.892	1.0
300.892	1.0
301.892	1.0
302.892	1.0
303.892	1.0
304.892	1.0
305.892	1.0
306.892	1.0
307.892	1.0
308.892	1.0
309.892	1.0
310.892	1.0
311.892	1.0
312.892	1.0
313.892	1.0
314.892	1.0
315.892	1.0
316.892	1.0
317.892	1.0
318.892	1.0
319.892	1.0
320.892	1.0
321.892	1.0
322.892	1.0
323.892	1.0
324.892	1.0
325.892	1.0
326.892	1.0
327.892	1.0
328.892	1.0
329.892	1.0
330.892	1.0
331.892	1.0
332.892	1.0
333.892	1.0
334.892	1.0
335.892	1.0
336.892	1.0
337.892	1.0
338.892	1.0
339.892	1.0
340.892	1.0
341.892	1.0
342.892	1.0
343.892	1.0
344.892	1.0
345.892	1.0
346.892	1.0
347.892	1.0
348.892	1.0
349.892	1.0
350.892	1.0
351.892	1.0
352.892	1.0
353.892	1.0
354.892	1.0
355.892	1.0
356.892	1.0
357.892	1.0
358.892	1.0
359.892	1.0
360.892	1.0
361.892	1.0
362.892	1.0
363.892	1.0
364.892	1.0
365.892	1.0
366.892	1.0
367.892	1.0
368.892	1.0
369.892	1.0
370.892	1.0
371.892	1.0
372.892	1.0
373.892	1.0
374.892	1.0
375.892	1.0
376.892	1.0
377.892	1.0
378.892	1.0
379.892	1.0
380.892	1.0
381.892	1.0
382.892	1.0
383.892	1.0
384.892	1.0
385.892	1.0
386.892	1.0
387.892	1.0
388.892	1.0
389.892	1.0
390.892	1.0
391.892	1.0
392.892	1.0
393.892	1.0
394.892	1.0
395.892	1.0
396.892	1.0
397.892	1.0
398.892	1.0
399.892	1.0
400.892	1.0
401.892	1.0
402.892	1.0
403.892	1.0
404.892	1.0
405.892	1.0
406.892	1.0
407.892	1.0
408.892	1.0
409.892	1.0
410.892	1.0
411.892	1.0
412.892	1.0
413.892	1.0
414.892	1.0
415.892	1.0
416.892	1.0
417.892	1.0
418.892	1.0
419.892	1.0
420.892	1.0
421.892	1.0
422.892	1.0
423.892	1.0
424.892	1.0
425.892	1.0
426.892	1.0
427.892	1.0
428.892	1.0
429.892	1.0
430.892	1.0
431.892	1.0
432.892	1.0
433.892	1.0
434.892	1.0
435.892	1.0
436.892	1.0
437.892	1.0
438.892	1.0
439.892	1.0
440.892	1.0
441.892	1.0
442.892	1.0
443.892	1.0
444.892	1.0
445.892	1.0
446.892	1.0
447.892	1.0
448.892	1.0
449.892	1.0
450.892	1.0
451.892	1.0
452.892	1.0
453.892	1.0
454.892	1.0
455.892	1.0
456.892	1.0
457.892	1.0
458.892	1.0
459.892	1.0
460.892	1.0
461.892	1.0
462.892	1.0
463.892	1.0
464.892	1.0
465.892	1.0
466.892	1.0
467.892	1.0
468.892	1.0
469.892	1.0
470.892	1.0
471.892	1.0
472.892	1.0
473.892	1.0
474.892	1.0
475.892	1.0
476.892	1.0
477.892	1.0
478.892	1.0
479.892	1.0
480.892	1.0
481.892	1.0
482.892	1.0
483.892	1.0
484.892	1.0
485.892	1.0
486.892	1.0
487.892	1.0
488.892	1.0
489.892	1.0
490.892	1.0
491.892	1.0
492.892	1.0
493.892	1.0
494.892	1.0
495.892	1.0
496.892	1.0
497.892	1.0
498.892	1.0
499.892	1.0
500.892	1.0
501.892	1.0
502.892	1.0
503.892	1.0
504.892	1.0
505.892	1.0
506.892	1.0
507.892	1.0
508.892	1.0
509.892	1.0
510.892	1.0
511.892	1.0
512.892	1.0
513.892	1.0
514.892	1.0
515.892	1.0
516.892	1.0
517.892	1.0
518.892	1.0
519.892	1.0
520.892	1.0
521.892	1.0
522.892	1.0
523.892	1.0
524.892	1.0
525.892	1.0
526.892	1.0
527.892	1.0
528.892	1.0
529.892	1.0
530.892	1.0
531.892	1.0
532.892	1.0
533.892	1.0
534.892	1.0
535.892	1.0
536.892	1.0
537.892	1.0
538.892	1.0
539.892	1.0
540.892	1.0
541.892	1.0
542.892	1.0
543.892	1.0
544.892	1.0
545.892	1.0
546.892	1.0
547.892	1.0
548.892	1.0
549.892	1.0
550.892	1.0
551.892	1.0
552.892	1.0
553.892	1.0
554.892	1.0
555.892	1.0
556.892	1.0
557.892	1.0
558.892	1.0
559.892	1.0
560.892	1.0
561.892	1.0
562.892	1.0
563.892	1.0
564.892	1.0
565.892	1.0
566.892	1.0
567.892	1.0
568.892	1.0
569.892	1.0
570.892	1.0
571.892	1.0
572.892	1.0
573.892	1.0
574.892	1.0
575.892	1.0
576.892	1.0
577.892	1.0
578.892	1.0
579.892	1.0
580.892	1.0
581.892	1.0
582.892	1.0
583.892	1.0
584.892	1.0
585.892	1.0
586.892	1.0
587.892	1.0
588.892	1.0
589.892	1.0
590.892	1.0
591.892	1.0
592.892	1.0
593.892	1.0
594.892	1.0
595.892	1.0
596.892	1.0
597.892	1.0
598.892	1.0
599.892	1.0
600.892	1.0
601.892	1.0
602.892	1.0
603.892	1.0
604.892	1.0
605.892	1.0
606.892	1.0
607.892	1.0
608.892	1.0
609.892	1.0
610.892	1.0
611.892	1.0
612.892	1.0
613.892	1.0
614.892	1.0
615.892	1.0
616.892	1.0
617.892	1.0
618.892	1.0
619.892	1.0
620.892	1.0
621.892	1.0
622.892	1.0
623.892	1.0
624.892	1.0
625.892	1.0
626.892	1.0
627.892	1.0
628.892	1.0
629.892	1.0
630.892	1.0
631.892	1.0
632.892	1.0
633.892	1.0
634.892	1.0
635.892	1.0
636.892	1.0
637.892	1.0
638.892	1.0
639.892	1.0
640.892	1.0
641.892	1.0
642.892	1.0
643.892	1.0
644.892	1.0
645.892	1.0
646.892	1.0
647.892	1.0
648.892	1.0
649.892	1.0
650.892	1.0
651.892	1.0
652.892	1.0
653.892	1.0
654.892	1.0
655.892	1.0
656.892	1.0
657.892	1.0
658.892	1.0
659.892	1.0
660.892	1.0
661.892	1.0
662.892	1.0
663.892	1.0
664.892	1.0
665.892	1.0
666.892	1.0
667.892	1.0
668.892	1.0
669.892	1.0
670.892	1.0
671.892	1.0
672.892	1.0
673.892	1.0
674.892	1.0
675.892	1.0
676.892	1.0
677.892	1.0
678.892	1.0
679.892	1.0
680.892	1.0
681.892	1.0
682.892	1.0
683.892	1.0
684.892	1.0
685.892	1.0
686.892	1.0
687.892	1.0
688.892	1.0
689.892	1.0
690.892	1.0
691.892	1.0
692.892	1.0
693.892	1.0
694.892	1.0
695.892	1.0
696.892	1.0
697.892	1.0
698.892	1.0
699.892	1.0
700.892	1.0
701.892	1.0
702.892	1.0
703.892	1.0
704.892	1.0
705.892	1.0
706.892	1.0
707.892	1.0
708.892	1.0
709.892	1.0
710.892	1.0
711.892	1.0
712.892	1.0
713.892	1.0
714.892	1.0
715.892	1.0
716.892	1.0
717.892	1.0
718.892	1.0
719.892	1.0
720.892	1.0
721.892	1.0
722.892	1.0
723.892	1.0
724.892	1.0
725.892	1.0
726.892	1.0
727.892	1.0
728.892	1.0
729.892	1.0
730.892	1.0
731.892	1.0
732.892	1.0
733.892	1.0
734.892	1.0
735.892	1.0
736.892	1.0
737.892	1.0
738.892	1.0
739.892	1.0
740.892	1.0
741.892	1.0
742.892	1.0
743.892	1.0
744.892	1.0
745.892	1.0
746.892	1.0
747.892	1.0
748.892	1.0
749.892	1.0
750.892	1.0
751.892	1.0
752.892	1.0
753.892	1.0
754.892	1.0
755.892	1.0
756.892	1.0
757.892	1.0
758.892	1.0
759.892	1.0
760.892	1.0
761.892	1.0
762.892	1.0
763.892	1.0
764.892	1.0
765.892	1.0
766.892	1.0
767.892	1.0
768.892	1.0
769.892	1.0
770.892	1.0
771.892	1.0
772.892	1.0
773.892	1.0
774.892	1.0
775.892	1.0
776.892	1.0
777.892	1.0
778.892	1.0
779.892	1.0
780.892	1.0
781.892	1.0
782.892	1.0
783.892	1.0
784.892	1.0
785.892	1.0
786.892	1.0
787.892	1.0
788.892	1.0
789.892	1.0
790.892	1.0
791.892	1.0
792.892	1.0
793.892	1.0
794.892	1.0
795.892	1.0
796.892	1.0
797.892	1.0
798.892	1.0
799.892	1.0
800.892	1.0
801.892	1.0
802.892	1.0
803.892	1.0
804.892	1.0
805.892	1.0
806.892	1.0
807.892	1.0
808.892	1.0
809.892	1.0
810.892	1.0
811.892	1.0
812.892	1.0
813.892	1.0
814.892	1.0
815.892	1.0
816.892	1.0
817.892	1.0
818.892	1.0
819.892	1.0
820.892	1.0
821.892	1.0
822.892	1.0
823.892	1.0
824.892	1.0
825.892	1.0
826.892	1.0
827.892	1.0
828.892	1.0
829.892	1.0
830.892	1.0
831.892	1.0
832.892	1.0
833.892	1.0
834.892	1.0
835.892	1.0
836.892	1.0
837.892	1.0
838.892	1.0
839.892	1.0
840.892	1.0
841.892	1.0
842.892	1.0
843.892	1.0
844.892	1.0
845.892	1.0
846.892	1.0
847.892	1.0
848.892	1.0
849.892	1.0
850.892	1.0
851.892	1.0
852.892	1.0
853.892	1.0
854.892	1.0
855.892	1.0
856.892	1.0
857.892	1.0
858.892	1.0
859.892	1.0
860.892	1.0
861.892	1.0
862.892	1.0
863.892	1.0
864.892	1.0
865.892	1.0
866.892	1.0
867.892	1.0
868.892	1.0
869.892	1.0
870.892	1.0
871.892	1.0
872.892	1.0
873.892	1.0
874.892	1.0
875.892	1.0
876.892	1.0
877.892	1.0
878.892	1.0
879.892	1.0
880.892	1.0
881.892	1.0
882.892	1.0
883.892	1.0
884.892	1.0
885.892	1.0
886.892	1.0
887.892	1.0
888.892	1.0
889.892	1.0
890.892	1.0
891.892	1.0
892.892	1.0
893.892	1.0
894.892	1.0
895.892	1.0
896.892	1.0
897.892	1.0
898.892	1.0
899.892	1.0
900.892	1.0
901.892	1.0
902.892	1.0
903.892	1.0
904.892	1.0
905.892	1.0
906.892	1.0
907.892	1.0
908.892	1.0
909.892	1.0
910.892	1.0
911.892	1.0
912.892	1.0
913.892	1.0
914.892	1.0
915.892	1.0
916.892	1.0
917.892	1.0
918.892	1.0
919.892	1.0
920.892	1.0
921.892	1.0
922.892	1.0
923.892	1.0
924.892	1.0
925.892	1.0
926.892	1.0
927.892	1.0
928.892	1.0
929.892	1.0
930.892	1.0
931.892	1.0
932.892	1.0
933.892	1.0
934.892	1.0
935.892	1.0
936.892	1.0
937.892	1.0
938.892	1.0
939.892	1.0
940.892	1.0
941.892	1.0
942.892	1.0
943.892	1.0
944.892	1.0
945.892	1.0
946.892	1.0
947.892	1.0
948.892	1.0
949.892	1.0
950.892	1.0
951.892	1.0
952.892	1.0
953.892	1.0
954.892	1.0
955.892	1.0
956.892	1.0
957.892	1.0
958.892	1.0
959.892	1.0
960.892	1.0
961.892	1.0
962.892	1.0
963.892	1.0
964.892	1.0
965.892	1.0
966.892	1.0
967.892	1.0
968.892	1.0
969.892	1.0
970.892	1.0
971.892	1.0
972.892	1.0
973.892	1.0
974.892	1.0
975.892	1.0
976.892	1.0
977.892	1.0
978.892	1.0
979.892	1.0
980.892	1.0
981.892	1.0
982.892	1.0
983.892	1.0
984.892	1.0
985.892	1.0
986.892	1.0
987.892	1.0
988.892	1.0
989.892	1.0
990.892	1.0
991.892	1.0
992.892	1.0
993.892	1.0
994.892	1.0
995.892	1.0
996.892	1.0
