0.133	0.540095233587603
1.006	0.5789155329144655
1.877	0.5325715399957915
2.743	0.5533480173380076
3.615	0.5547704856224638
4.469	0.5335540041679462
5.36	0.5098488933691688
6.261	0.5001191311452975
7.139	0.6236647759005725
8.029	0.6895493768312825
8.919	0.729692976871124
9.815	0.6324984307502125
10.725	0.5967860999193774
11.657	0.6587500022752468
12.6	0.4834254698566346
13.55	0.8643858195708684
14.507	0.9434062892708307
15.466000000000001	0.845386876118762
16.416	0.2577653804147846
17.383	0.8745950552559119
18.341	0.6007518409819036
19.303	0.8867536069127795
20.256	0.226464139298714
21.216	0.9205709696577611
22.178	0.6073190103547782
23.144000000000002	0.8154973497781017
24.108	0.8852221501343926
25.079	0.9249996064748
26.041	0.8879522116169352
27.004	0.8318541798679747
27.976	0.9900938493570558
28.946	0.8932486065565706
29.908	0.9466852536783062
30.882	0.8309673073057112
31.881	1.0
32.881	1.0
33.881	1.0
34.881	1.0
35.881	1.0
36.881	1.0
37.881	1.0
38.881	1.0
39.881	1.0
40.881	1.0
41.881	1.0
42.881	1.0
43.881	1.0
44.881	1.0
45.881	1.0
46.881	1.0
47.881	1.0
48.881	1.0
49.881	1.0
50.881	1.0
51.881	1.0
52.881	1.0
53.881	1.0
54.881	1.0
55.881	1.0
56.881	1.0
57.881	1.0
58.881	1.0
59.881	1.0
60.881	1.0
61.881	1.0
62.881	1.0
63.881	1.0
64.881	1.0
65.881	1.0
66.881	1.0
67.881	1.0
68.881	1.0
69.881	1.0
70.881	1.0
71.881	1.0
72.881	1.0
73.881	1.0
74.881	1.0
75.881	1.0
76.881	1.0
77.881	1.0
78.881	1.0
79.881	1.0
80.881	1.0
81.881	1.0
82.881	1.0
83.881	1.0
84.881	1.0
85.881	1.0
86.881	1.0
87.881	1.0
88.881	1.0
89.881	1.0
90.881	1.0
91.881	1.0
92.881	1.0
93.881	1.0
94.881	1.0
95.881	1.0
96.881	1.0
97.881	1.0
98.881	1.0
99.881	1.0
100.881	1.0
101.881	1.0
102.881	1.0
103.881	1.0
104.881	1.0
105.881	1.0
106.881	1.0
107.881	1.0
108.881	1.0
109.881	1.0
110.881	1.0
111.881	1.0
112.881	1.0
113.881	1.0
114.881	1.0
115.881	1.0
116.881	1.0
117.881	1.0
118.881	1.0
119.881	1.0
120.881	1.0
121.881	1.0
122.881	1.0
123.881	1.0
124.881	1.0
125.881	1.0
126.881	1.0
127.881	1.0
128.881	1.0
129.881	1.0
130.881	1.0
131.881	1.0
132.881	1.0
133.881	1.0
134.881	1.0
135.881	1.0
136.881	1.0
137.881	1.0
138.881	1.0
139.881	1.0
140.881	1.0
141.881	1.0
142.881	1.0
143.881	1.0
144.881	1.0
145.881	1.0
146.881	1.0
147.881	1.0
148.881	1.0
149.881	1.0
150.881	1.0
151.881	1.0
152.881	1.0
153.881	1.0
154.881	1.0
155.881	1.0
156.881	1.0
157.881	1.0
158.881	1.0
159.881	1.0
160.881	1.0
161.881	1.0
162.881	1.0
163.881	1.0
164.881	1.0
165.881	1.0
166.881	1.0
167.881	1.0
168.881	1.0
169.881	1.0
170.881	1.0
171.881	1.0
172.881	1.0
173.881	1.0
174.881	1.0
175.881	1.0
176.881	1.0
177.881	1.0
178.881	1.0
179.881	1.0
180.881	1.0
181.881	1.0
182.881	1.0
183.881	1.0
184.881	1.0
185.881	1.0
186.881	1.0
187.881	1.0
188.881	1.0
189.881	1.0
190.881	1.0
191.881	1.0
192.881	1.0
193.881	1.0
194.881	1.0
195.881	1.0
196.881	1.0
197.881	1.0
198.881	1.0
199.881	1.0
200.881	1.0
201.881	1.0
202.881	1.0
203.881	1.0
204.881	1.0
205.881	1.0
206.881	1.0
207.881	1.0
208.881	1.0
209.881	1.0
210.881	1.0
211.881	1.0
212.881	1.0
213.881	1.0
214.881	1.0
215.881	1.0
216.881	1.0
217.881	1.0
218.881	1.0
219.881	1.0
220.881	1.0
221.881	1.0
222.881	1.0
223.881	1.0
224.881	1.0
225.881	1.0
226.881	1.0
227.881	1.0
228.881	1.0
229.881	1.0
230.881	1.0
231.881	1.0
232.881	1.0
233.881	1.0
234.881	1.0
235.881	1.0
236.881	1.0
237.881	1.0
238.881	1.0
239.881	1.0
240.881	1.0
241.881	1.0
242.881	1.0
243.881	1.0
244.881	1.0
245.881	1.0
246.881	1.0
247.881	1.0
248.881	1.0
249.881	1.0
250.881	1.0
251.881	1.0
252.881	1.0
253.881	1.0
254.881	1.0
255.881	1.0
256.88100000000003	1.0
257.88100000000003	1.0
258.88100000000003	1.0
259.88100000000003	1.0
260.88100000000003	1.0
261.88100000000003	1.0
262.88100000000003	1.0
263.88100000000003	1.0
264.88100000000003	1.0
265.88100000000003	1.0
266.88100000000003	1.0
267.88100000000003	1.0
268.88100000000003	1.0
269.88100000000003	1.0
270.88100000000003	1.0
271.88100000000003	1.0
272.88100000000003	1.0
273.88100000000003	1.0
274.88100000000003	1.0
275.88100000000003	1.0
276.88100000000003	1.0
277.88100000000003	1.0
278.88100000000003	1.0
279.88100000000003	1.0
280.88100000000003	1.0
281.88100000000003	1.0
282.88100000000003	1.0
283.88100000000003	1.0
284.88100000000003	1.0
285.88100000000003	1.0
286.88100000000003	1.0
287.88100000000003	1.0
288.88100000000003	1.0
289.88100000000003	1.0
290.88100000000003	1.0
291.88100000000003	1.0
292.88100000000003	1.0
293.88100000000003	1.0
294.88100000000003	1.0
295.88100000000003	1.0
296.88100000000003	1.0
297.88100000000003	1.0
298.88100000000003	1.0
299.88100000000003	1.0
300.88100000000003	1.0
301.88100000000003	1.0
302.88100000000003	1.0
303.88100000000003	1.0
304.88100000000003	1.0
305.88100000000003	1.0
306.88100000000003	1.0
307.88100000000003	1.0
308.88100000000003	1.0
309.88100000000003	1.0
310.88100000000003	1.0
311.88100000000003	1.0
312.88100000000003	1.0
313.88100000000003	1.0
314.88100000000003	1.0
315.88100000000003	1.0
316.88100000000003	1.0
317.88100000000003	1.0
318.88100000000003	1.0
319.88100000000003	1.0
320.88100000000003	1.0
321.88100000000003	1.0
322.88100000000003	1.0
323.88100000000003	1.0
324.88100000000003	1.0
325.88100000000003	1.0
326.88100000000003	1.0
327.88100000000003	1.0
328.88100000000003	1.0
329.88100000000003	1.0
330.88100000000003	1.0
331.88100000000003	1.0
332.88100000000003	1.0
333.88100000000003	1.0
334.88100000000003	1.0
335.88100000000003	1.0
336.88100000000003	1.0
337.88100000000003	1.0
338.88100000000003	1.0
339.88100000000003	1.0
340.88100000000003	1.0
341.88100000000003	1.0
342.88100000000003	1.0
343.88100000000003	1.0
344.88100000000003	1.0
345.88100000000003	1.0
346.88100000000003	1.0
347.88100000000003	1.0
348.88100000000003	1.0
349.88100000000003	1.0
350.88100000000003	1.0
351.88100000000003	1.0
352.88100000000003	1.0
353.88100000000003	1.0
354.88100000000003	1.0
355.88100000000003	1.0
356.88100000000003	1.0
357.88100000000003	1.0
358.88100000000003	1.0
359.88100000000003	1.0
360.88100000000003	1.0
361.88100000000003	1.0
362.88100000000003	1.0
363.88100000000003	1.0
364.88100000000003	1.0
365.88100000000003	1.0
366.88100000000003	1.0
367.88100000000003	1.0
368.88100000000003	1.0
369.88100000000003	1.0
370.88100000000003	1.0
371.88100000000003	1.0
372.88100000000003	1.0
373.88100000000003	1.0
374.88100000000003	1.0
375.88100000000003	1.0
376.88100000000003	1.0
377.88100000000003	1.0
378.88100000000003	1.0
379.88100000000003	1.0
380.88100000000003	1.0
381.88100000000003	1.0
382.88100000000003	1.0
383.88100000000003	1.0
384.88100000000003	1.0
385.88100000000003	1.0
386.88100000000003	1.0
387.88100000000003	1.0
388.88100000000003	1.0
389.88100000000003	1.0
390.88100000000003	1.0
391.88100000000003	1.0
392.88100000000003	1.0
393.88100000000003	1.0
394.88100000000003	1.0
395.88100000000003	1.0
396.88100000000003	1.0
397.88100000000003	1.0
398.88100000000003	1.0
399.88100000000003	1.0
400.88100000000003	1.0
401.88100000000003	1.0
402.88100000000003	1.0
403.88100000000003	1.0
404.88100000000003	1.0
405.88100000000003	1.0
406.88100000000003	1.0
407.88100000000003	1.0
408.88100000000003	1.0
409.88100000000003	1.0
410.88100000000003	1.0
411.88100000000003	1.0
412.88100000000003	1.0
413.88100000000003	1.0
414.88100000000003	1.0
415.88100000000003	1.0
416.88100000000003	1.0
417.88100000000003	1.0
418.88100000000003	1.0
419.88100000000003	1.0
420.88100000000003	1.0
421.88100000000003	1.0
422.88100000000003	1.0
423.88100000000003	1.0
424.88100000000003	1.0
425.88100000000003	1.0
426.88100000000003	1.0
427.88100000000003	1.0
428.88100000000003	1.0
429.88100000000003	1.0
430.88100000000003	1.0
431.88100000000003	1.0
432.88100000000003	1.0
433.88100000000003	1.0
434.88100000000003	1.0
435.88100000000003	1.0
436.88100000000003	1.0
437.88100000000003	1.0
438.88100000000003	1.0
439.88100000000003	1.0
440.88100000000003	1.0
441.88100000000003	1.0
442.88100000000003	1.0
443.88100000000003	1.0
444.88100000000003	1.0
445.88100000000003	1.0
446.88100000000003	1.0
447.88100000000003	1.0
448.88100000000003	1.0
449.88100000000003	1.0
450.88100000000003	1.0
451.88100000000003	1.0
452.88100000000003	1.0
453.88100000000003	1.0
454.88100000000003	1.0
455.88100000000003	1.0
456.88100000000003	1.0
457.88100000000003	1.0
458.88100000000003	1.0
459.88100000000003	1.0
460.88100000000003	1.0
461.88100000000003	1.0
462.88100000000003	1.0
463.88100000000003	1.0
464.88100000000003	1.0
465.88100000000003	1.0
466.88100000000003	1.0
467.88100000000003	1.0
468.88100000000003	1.0
469.88100000000003	1.0
470.88100000000003	1.0
471.88100000000003	1.0
472.88100000000003	1.0
473.88100000000003	1.0
474.88100000000003	1.0
475.88100000000003	1.0
476.88100000000003	1.0
477.88100000000003	1.0
478.88100000000003	1.0
479.88100000000003	1.0
480.88100000000003	1.0
481.88100000000003	1.0
482.88100000000003	1.0
483.88100000000003	1.0
484.88100000000003	1.0
485.88100000000003	1.0
486.88100000000003	1.0
487.88100000000003	1.0
488.88100000000003	1.0
489.88100000000003	1.0
490.88100000000003	1.0
491.88100000000003	1.0
492.88100000000003	1.0
493.88100000000003	1.0
494.88100000000003	1.0
495.88100000000003	1.0
496.88100000000003	1.0
497.88100000000003	1.0
498.88100000000003	1.0
499.88100000000003	1.0
500.88100000000003	1.0
501.88100000000003	1.0
502.88100000000003	1.0
503.88100000000003	1.0
504.88100000000003	1.0
505.88100000000003	1.0
506.88100000000003	1.0
507.88100000000003	1.0
508.88100000000003	1.0
509.88100000000003	1.0
510.88100000000003	1.0
511.88100000000003	1.0
512.881	1.0
513.881	1.0
514.881	1.0
515.881	1.0
516.881	1.0
517.881	1.0
518.881	1.0
519.881	1.0
520.881	1.0
521.881	1.0
522.881	1.0
523.881	1.0
524.881	1.0
525.881	1.0
526.881	1.0
527.881	1.0
528.881	1.0
529.881	1.0
530.881	1.0
531.881	1.0
532.881	1.0
533.881	1.0
534.881	1.0
535.881	1.0
536.881	1.0
537.881	1.0
538.881	1.0
539.881	1.0
540.881	1.0
541.881	1.0
542.881	1.0
543.881	1.0
544.881	1.0
545.881	1.0
546.881	1.0
547.881	1.0
548.881	1.0
549.881	1.0
550.881	1.0
551.881	1.0
552.881	1.0
553.881	1.0
554.881	1.0
555.881	1.0
556.881	1.0
557.881	1.0
558.881	1.0
559.881	1.0
560.881	1.0
561.881	1.0
562.881	1.0
563.881	1.0
564.881	1.0
565.881	1.0
566.881	1.0
567.881	1.0
568.881	1.0
569.881	1.0
570.881	1.0
571.881	1.0
572.881	1.0
573.881	1.0
574.881	1.0
575.881	1.0
576.881	1.0
577.881	1.0
578.881	1.0
579.881	1.0
580.881	1.0
581.881	1.0
582.881	1.0
583.881	1.0
584.881	1.0
585.881	1.0
586.881	1.0
587.881	1.0
588.881	1.0
589.881	1.0
590.881	1.0
591.881	1.0
592.881	1.0
593.881	1.0
594.881	1.0
595.881	1.0
596.881	1.0
597.881	1.0
598.881	1.0
599.881	1.0
600.881	1.0
601.881	1.0
602.881	1.0
603.881	1.0
604.881	1.0
605.881	1.0
606.881	1.0
607.881	1.0
608.881	1.0
609.881	1.0
610.881	1.0
611.881	1.0
612.881	1.0
613.881	1.0
614.881	1.0
615.881	1.0
616.881	1.0
617.881	1.0
618.881	1.0
619.881	1.0
620.881	1.0
621.881	1.0
622.881	1.0
623.881	1.0
624.881	1.0
625.881	1.0
626.881	1.0
627.881	1.0
628.881	1.0
629.881	1.0
630.881	1.0
631.881	1.0
632.881	1.0
633.881	1.0
634.881	1.0
635.881	1.0
636.881	1.0
637.881	1.0
638.881	1.0
639.881	1.0
640.881	1.0
641.881	1.0
642.881	1.0
643.881	1.0
644.881	1.0
645.881	1.0
646.881	1.0
647.881	1.0
648.881	1.0
649.881	1.0
650.881	1.0
651.881	1.0
652.881	1.0
653.881	1.0
654.881	1.0
655.881	1.0
656.881	1.0
657.881	1.0
658.881	1.0
659.881	1.0
660.881	1.0
661.881	1.0
662.881	1.0
663.881	1.0
664.881	1.0
665.881	1.0
666.881	1.0
667.881	1.0
668.881	1.0
669.881	1.0
670.881	1.0
671.881	1.0
672.881	1.0
673.881	1.0
674.881	1.0
675.881	1.0
676.881	1.0
677.881	1.0
678.881	1.0
679.881	1.0
680.881	1.0
681.881	1.0
682.881	1.0
683.881	1.0
684.881	1.0
685.881	1.0
686.881	1.0
687.881	1.0
688.881	1.0
689.881	1.0
690.881	1.0
691.881	1.0
692.881	1.0
693.881	1.0
694.881	1.0
695.881	1.0
696.881	1.0
697.881	1.0
698.881	1.0
699.881	1.0
700.881	1.0
701.881	1.0
702.881	1.0
703.881	1.0
704.881	1.0
705.881	1.0
706.881	1.0
707.881	1.0
708.881	1.0
709.881	1.0
710.881	1.0
711.881	1.0
712.881	1.0
713.881	1.0
714.881	1.0
715.881	1.0
716.881	1.0
717.881	1.0
718.881	1.0
719.881	1.0
720.881	1.0
721.881	1.0
722.881	1.0
723.881	1.0
724.881	1.0
725.881	1.0
726.881	1.0
727.881	1.0
728.881	1.0
729.881	1.0
730.881	1.0
731.881	1.0
732.881	1.0
733.881	1.0
734.881	1.0
735.881	1.0
736.881	1.0
737.881	1.0
738.881	1.0
739.881	1.0
740.881	1.0
741.881	1.0
742.881	1.0
743.881	1.0
744.881	1.0
745.881	1.0
746.881	1.0
747.881	1.0
748.881	1.0
749.881	1.0
750.881	1.0
751.881	1.0
752.881	1.0
753.881	1.0
754.881	1.0
755.881	1.0
756.881	1.0
757.881	1.0
758.881	1.0
759.881	1.0
760.881	1.0
761.881	1.0
762.881	1.0
763.881	1.0
764.881	1.0
765.881	1.0
766.881	1.0
767.881	1.0
768.881	1.0
769.881	1.0
770.881	1.0
771.881	1.0
772.881	1.0
773.881	1.0
774.881	1.0
775.881	1.0
776.881	1.0
777.881	1.0
778.881	1.0
779.881	1.0
780.881	1.0
781.881	1.0
782.881	1.0
783.881	1.0
784.881	1.0
785.881	1.0
786.881	1.0
787.881	1.0
788.881	1.0
789.881	1.0
790.881	1.0
791.881	1.0
792.881	1.0
793.881	1.0
794.881	1.0
795.881	1.0
796.881	1.0
797.881	1.0
798.881	1.0
799.881	1.0
800.881	1.0
801.881	1.0
802.881	1.0
803.881	1.0
804.881	1.0
805.881	1.0
806.881	1.0
807.881	1.0
808.881	1.0
809.881	1.0
810.881	1.0
811.881	1.0
812.881	1.0
813.881	1.0
814.881	1.0
815.881	1.0
816.881	1.0
817.881	1.0
818.881	1.0
819.881	1.0
820.881	1.0
821.881	1.0
822.881	1.0
823.881	1.0
824.881	1.0
825.881	1.0
826.881	1.0
827.881	1.0
828.881	1.0
829.881	1.0
830.881	1.0
831.881	1.0
832.881	1.0
833.881	1.0
834.881	1.0
835.881	1.0
836.881	1.0
837.881	1.0
838.881	1.0
839.881	1.0
840.881	1.0
841.881	1.0
842.881	1.0
843.881	1.0
844.881	1.0
845.881	1.0
846.881	1.0
847.881	1.0
848.881	1.0
849.881	1.0
850.881	1.0
851.881	1.0
852.881	1.0
853.881	1.0
854.881	1.0
855.881	1.0
856.881	1.0
857.881	1.0
858.881	1.0
859.881	1.0
860.881	1.0
861.881	1.0
862.881	1.0
863.881	1.0
864.881	1.0
865.881	1.0
866.881	1.0
867.881	1.0
868.881	1.0
869.881	1.0
870.881	1.0
871.881	1.0
872.881	1.0
873.881	1.0
874.881	1.0
875.881	1.0
876.881	1.0
877.881	1.0
878.881	1.0
879.881	1.0
880.881	1.0
881.881	1.0
882.881	1.0
883.881	1.0
884.881	1.0
885.881	1.0
886.881	1.0
887.881	1.0
888.881	1.0
889.881	1.0
890.881	1.0
891.881	1.0
892.881	1.0
893.881	1.0
894.881	1.0
895.881	1.0
896.881	1.0
897.881	1.0
898.881	1.0
899.881	1.0
900.881	1.0
901.881	1.0
902.881	1.0
903.881	1.0
904.881	1.0
905.881	1.0
906.881	1.0
907.881	1.0
908.881	1.0
909.881	1.0
910.881	1.0
911.881	1.0
912.881	1.0
913.881	1.0
914.881	1.0
915.881	1.0
916.881	1.0
917.881	1.0
918.881	1.0
919.881	1.0
920.881	1.0
921.881	1.0
922.881	1.0
923.881	1.0
924.881	1.0
925.881	1.0
926.881	1.0
927.881	1.0
928.881	1.0
929.881	1.0
930.881	1.0
931.881	1.0
932.881	1.0
933.881	1.0
934.881	1.0
935.881	1.0
936.881	1.0
937.881	1.0
938.881	1.0
939.881	1.0
940.881	1.0
941.881	1.0
942.881	1.0
943.881	1.0
944.881	1.0
945.881	1.0
946.881	1.0
947.881	1.0
948.881	1.0
949.881	1.0
950.881	1.0
951.881	1.0
952.881	1.0
953.881	1.0
954.881	1.0
955.881	1.0
956.881	1.0
957.881	1.0
958.881	1.0
959.881	1.0
960.881	1.0
961.881	1.0
962.881	1.0
963.881	1.0
964.881	1.0
965.881	1.0
966.881	1.0
967.881	1.0
968.881	1.0
969.881	1.0
970.881	1.0
971.881	1.0
972.881	1.0
973.881	1.0
974.881	1.0
975.881	1.0
976.881	1.0
977.881	1.0
978.881	1.0
979.881	1.0
980.881	1.0
981.881	1.0
982.881	1.0
983.881	1.0
984.881	1.0
985.881	1.0
986.881	1.0
987.881	1.0
988.881	1.0
989.881	1.0
990.881	1.0
991.881	1.0
992.881	1.0
993.881	1.0
994.881	1.0
995.881	1.0
996.881	1.0
