0.131	0.5419818497787288
0.988	0.5070101094007343
1.865	0.5494461840775692
2.739	0.5846702170304277
3.608	0.5763835644713072
4.481	0.6028409886777739
5.383	0.6065138530138166
6.259	0.6227041052755957
7.136	0.6573238307262015
8.031	0.720420809005074
8.918000000000001	0.8135300839311427
9.81	0.8358077900866492
10.719	0.8352102228725669
11.653	0.887271894018032
12.557	0.7995671400522671
13.49	0.9227076470739184
14.424	0.8535095936087335
15.370000000000001	0.8567692495751177
16.338	0.9356266553791178
17.313	0.89612286290521
18.293	0.8577837928479296
19.277	0.9155715857069449
20.261	0.8862926973467654
21.247	0.9741657577372951
22.232	0.7452283314386051
23.222	0.9729487381421849
24.209	0.8930470872977024
25.199	0.7918091523549335
26.19	0.9688158078611332
27.181	0.9768105033239991
28.172	0.9748330316602987
29.163	0.9728555599965983
30.144000000000002	0.9774292162369754
31.135	0.9775598621199777
32.126	0.977317373078868
33.117	0.6298743098938997
34.111000000000004	0.6288970091002998
35.106	0.6277618441960996
36.104	0.9723222727364912
37.102000000000004	0.960825357472653
38.102000000000004	1.0
39.102000000000004	1.0
40.102000000000004	1.0
41.102000000000004	1.0
42.102000000000004	1.0
43.102000000000004	1.0
44.102000000000004	1.0
45.102000000000004	1.0
46.102000000000004	1.0
47.102000000000004	1.0
48.102000000000004	1.0
49.102000000000004	1.0
50.102000000000004	1.0
51.102000000000004	1.0
52.102000000000004	1.0
53.102000000000004	1.0
54.102000000000004	1.0
55.102000000000004	1.0
56.102000000000004	1.0
57.102000000000004	1.0
58.102000000000004	1.0
59.102000000000004	1.0
60.102000000000004	1.0
61.102000000000004	1.0
62.102000000000004	1.0
63.102000000000004	1.0
64.102	1.0
65.102	1.0
66.102	1.0
67.102	1.0
68.102	1.0
69.102	1.0
70.102	1.0
71.102	1.0
72.102	1.0
73.102	1.0
74.102	1.0
75.102	1.0
76.102	1.0
77.102	1.0
78.102	1.0
79.102	1.0
80.102	1.0
81.102	1.0
82.102	1.0
83.102	1.0
84.102	1.0
85.102	1.0
86.102	1.0
87.102	1.0
88.102	1.0
89.102	1.0
90.102	1.0
91.102	1.0
92.102	1.0
93.102	1.0
94.102	1.0
95.102	1.0
96.102	1.0
97.102	1.0
98.102	1.0
99.102	1.0
100.102	1.0
101.102	1.0
102.102	1.0
103.102	1.0
104.102	1.0
105.102	1.0
106.102	1.0
107.102	1.0
108.102	1.0
109.102	1.0
110.102	1.0
111.102	1.0
112.102	1.0
113.102	1.0
114.102	1.0
115.102	1.0
116.102	1.0
117.102	1.0
118.102	1.0
119.102	1.0
120.102	1.0
121.102	1.0
122.102	1.0
123.102	1.0
124.102	1.0
125.102	1.0
126.102	1.0
127.102	1.0
128.102	1.0
129.102	1.0
130.102	1.0
131.102	1.0
132.102	1.0
133.102	1.0
134.102	1.0
135.102	1.0
136.102	1.0
137.102	1.0
138.102	1.0
139.102	1.0
140.102	1.0
141.102	1.0
142.102	1.0
143.102	1.0
144.102	1.0
145.102	1.0
146.102	1.0
147.102	1.0
148.102	1.0
149.102	1.0
150.102	1.0
151.102	1.0
152.102	1.0
153.102	1.0
154.102	1.0
155.102	1.0
156.102	1.0
157.102	1.0
158.102	1.0
159.102	1.0
160.102	1.0
161.102	1.0
162.102	1.0
163.102	1.0
164.102	1.0
165.102	1.0
166.102	1.0
167.102	1.0
168.102	1.0
169.102	1.0
170.102	1.0
171.102	1.0
172.102	1.0
173.102	1.0
174.102	1.0
175.102	1.0
176.102	1.0
177.102	1.0
178.102	1.0
179.102	1.0
180.102	1.0
181.102	1.0
182.102	1.0
183.102	1.0
184.102	1.0
185.102	1.0
186.102	1.0
187.102	1.0
188.102	1.0
189.102	1.0
190.102	1.0
191.102	1.0
192.102	1.0
193.102	1.0
194.102	1.0
195.102	1.0
196.102	1.0
197.102	1.0
198.102	1.0
199.102	1.0
200.102	1.0
201.102	1.0
202.102	1.0
203.102	1.0
204.102	1.0
205.102	1.0
206.102	1.0
207.102	1.0
208.102	1.0
209.102	1.0
210.102	1.0
211.102	1.0
212.102	1.0
213.102	1.0
214.102	1.0
215.102	1.0
216.102	1.0
217.102	1.0
218.102	1.0
219.102	1.0
220.102	1.0
221.102	1.0
222.102	1.0
223.102	1.0
224.102	1.0
225.102	1.0
226.102	1.0
227.102	1.0
228.102	1.0
229.102	1.0
230.102	1.0
231.102	1.0
232.102	1.0
233.102	1.0
234.102	1.0
235.102	1.0
236.102	1.0
237.102	1.0
238.102	1.0
239.102	1.0
240.102	1.0
241.102	1.0
242.102	1.0
243.102	1.0
244.102	1.0
245.102	1.0
246.102	1.0
247.102	1.0
248.102	1.0
249.102	1.0
250.102	1.0
251.102	1.0
252.102	1.0
253.102	1.0
254.102	1.0
255.102	1.0
256.10200000000003	1.0
257.10200000000003	1.0
258.10200000000003	1.0
259.10200000000003	1.0
260.10200000000003	1.0
261.10200000000003	1.0
262.10200000000003	1.0
263.10200000000003	1.0
264.10200000000003	1.0
265.10200000000003	1.0
266.10200000000003	1.0
267.10200000000003	1.0
268.10200000000003	1.0
269.10200000000003	1.0
270.10200000000003	1.0
271.10200000000003	1.0
272.10200000000003	1.0
273.10200000000003	1.0
274.10200000000003	1.0
275.10200000000003	1.0
276.10200000000003	1.0
277.10200000000003	1.0
278.10200000000003	1.0
279.10200000000003	1.0
280.10200000000003	1.0
281.10200000000003	1.0
282.10200000000003	1.0
283.10200000000003	1.0
284.10200000000003	1.0
285.10200000000003	1.0
286.10200000000003	1.0
287.10200000000003	1.0
288.10200000000003	1.0
289.10200000000003	1.0
290.10200000000003	1.0
291.10200000000003	1.0
292.10200000000003	1.0
293.10200000000003	1.0
294.10200000000003	1.0
295.10200000000003	1.0
296.10200000000003	1.0
297.10200000000003	1.0
298.10200000000003	1.0
299.10200000000003	1.0
300.10200000000003	1.0
301.10200000000003	1.0
302.10200000000003	1.0
303.10200000000003	1.0
304.10200000000003	1.0
305.10200000000003	1.0
306.10200000000003	1.0
307.10200000000003	1.0
308.10200000000003	1.0
309.10200000000003	1.0
310.10200000000003	1.0
311.10200000000003	1.0
312.10200000000003	1.0
313.10200000000003	1.0
314.10200000000003	1.0
315.10200000000003	1.0
316.10200000000003	1.0
317.10200000000003	1.0
318.10200000000003	1.0
319.10200000000003	1.0
320.10200000000003	1.0
321.10200000000003	1.0
322.10200000000003	1.0
323.10200000000003	1.0
324.10200000000003	1.0
325.10200000000003	1.0
326.10200000000003	1.0
327.10200000000003	1.0
328.10200000000003	1.0
329.10200000000003	1.0
330.10200000000003	1.0
331.10200000000003	1.0
332.10200000000003	1.0
333.10200000000003	1.0
334.10200000000003	1.0
335.10200000000003	1.0
336.10200000000003	1.0
337.10200000000003	1.0
338.10200000000003	1.0
339.10200000000003	1.0
340.10200000000003	1.0
341.10200000000003	1.0
342.10200000000003	1.0
343.10200000000003	1.0
344.10200000000003	1.0
345.10200000000003	1.0
346.10200000000003	1.0
347.10200000000003	1.0
348.10200000000003	1.0
349.10200000000003	1.0
350.10200000000003	1.0
351.10200000000003	1.0
352.10200000000003	1.0
353.10200000000003	1.0
354.10200000000003	1.0
355.10200000000003	1.0
356.10200000000003	1.0
357.10200000000003	1.0
358.10200000000003	1.0
359.10200000000003	1.0
360.10200000000003	1.0
361.10200000000003	1.0
362.10200000000003	1.0
363.10200000000003	1.0
364.10200000000003	1.0
365.10200000000003	1.0
366.10200000000003	1.0
367.10200000000003	1.0
368.10200000000003	1.0
369.10200000000003	1.0
370.10200000000003	1.0
371.10200000000003	1.0
372.10200000000003	1.0
373.10200000000003	1.0
374.10200000000003	1.0
375.10200000000003	1.0
376.10200000000003	1.0
377.10200000000003	1.0
378.10200000000003	1.0
379.10200000000003	1.0
380.10200000000003	1.0
381.10200000000003	1.0
382.10200000000003	1.0
383.10200000000003	1.0
384.10200000000003	1.0
385.10200000000003	1.0
386.10200000000003	1.0
387.10200000000003	1.0
388.10200000000003	1.0
389.10200000000003	1.0
390.10200000000003	1.0
391.10200000000003	1.0
392.10200000000003	1.0
393.10200000000003	1.0
394.10200000000003	1.0
395.10200000000003	1.0
396.10200000000003	1.0
397.10200000000003	1.0
398.10200000000003	1.0
399.10200000000003	1.0
400.10200000000003	1.0
401.10200000000003	1.0
402.10200000000003	1.0
403.10200000000003	1.0
404.10200000000003	1.0
405.10200000000003	1.0
406.10200000000003	1.0
407.10200000000003	1.0
408.10200000000003	1.0
409.10200000000003	1.0
410.10200000000003	1.0
411.10200000000003	1.0
412.10200000000003	1.0
413.10200000000003	1.0
414.10200000000003	1.0
415.10200000000003	1.0
416.10200000000003	1.0
417.10200000000003	1.0
418.10200000000003	1.0
419.10200000000003	1.0
420.10200000000003	1.0
421.10200000000003	1.0
422.10200000000003	1.0
423.10200000000003	1.0
424.10200000000003	1.0
425.10200000000003	1.0
426.10200000000003	1.0
427.10200000000003	1.0
428.10200000000003	1.0
429.10200000000003	1.0
430.10200000000003	1.0
431.10200000000003	1.0
432.10200000000003	1.0
433.10200000000003	1.0
434.10200000000003	1.0
435.10200000000003	1.0
436.10200000000003	1.0
437.10200000000003	1.0
438.10200000000003	1.0
439.10200000000003	1.0
440.10200000000003	1.0
441.10200000000003	1.0
442.10200000000003	1.0
443.10200000000003	1.0
444.10200000000003	1.0
445.10200000000003	1.0
446.10200000000003	1.0
447.10200000000003	1.0
448.10200000000003	1.0
449.10200000000003	1.0
450.10200000000003	1.0
451.10200000000003	1.0
452.10200000000003	1.0
453.10200000000003	1.0
454.10200000000003	1.0
455.10200000000003	1.0
456.10200000000003	1.0
457.10200000000003	1.0
458.10200000000003	1.0
459.10200000000003	1.0
460.10200000000003	1.0
461.10200000000003	1.0
462.10200000000003	1.0
463.10200000000003	1.0
464.10200000000003	1.0
465.10200000000003	1.0
466.10200000000003	1.0
467.10200000000003	1.0
468.10200000000003	1.0
469.10200000000003	1.0
470.10200000000003	1.0
471.10200000000003	1.0
472.10200000000003	1.0
473.10200000000003	1.0
474.10200000000003	1.0
475.10200000000003	1.0
476.10200000000003	1.0
477.10200000000003	1.0
478.10200000000003	1.0
479.10200000000003	1.0
480.10200000000003	1.0
481.10200000000003	1.0
482.10200000000003	1.0
483.10200000000003	1.0
484.10200000000003	1.0
485.10200000000003	1.0
486.10200000000003	1.0
487.10200000000003	1.0
488.10200000000003	1.0
489.10200000000003	1.0
490.10200000000003	1.0
491.10200000000003	1.0
492.10200000000003	1.0
493.10200000000003	1.0
494.10200000000003	1.0
495.10200000000003	1.0
496.10200000000003	1.0
497.10200000000003	1.0
498.10200000000003	1.0
499.10200000000003	1.0
500.10200000000003	1.0
501.10200000000003	1.0
502.10200000000003	1.0
503.10200000000003	1.0
504.10200000000003	1.0
505.10200000000003	1.0
506.10200000000003	1.0
507.10200000000003	1.0
508.10200000000003	1.0
509.10200000000003	1.0
510.10200000000003	1.0
511.10200000000003	1.0
512.102	1.0
513.102	1.0
514.102	1.0
515.102	1.0
516.102	1.0
517.102	1.0
518.102	1.0
519.102	1.0
520.102	1.0
521.102	1.0
522.102	1.0
523.102	1.0
524.102	1.0
525.102	1.0
526.102	1.0
527.102	1.0
528.102	1.0
529.102	1.0
530.102	1.0
531.102	1.0
532.102	1.0
533.102	1.0
534.102	1.0
535.102	1.0
536.102	1.0
537.102	1.0
538.102	1.0
539.102	1.0
540.102	1.0
541.102	1.0
542.102	1.0
543.102	1.0
544.102	1.0
545.102	1.0
546.102	1.0
547.102	1.0
548.102	1.0
549.102	1.0
550.102	1.0
551.102	1.0
552.102	1.0
553.102	1.0
554.102	1.0
555.102	1.0
556.102	1.0
557.102	1.0
558.102	1.0
559.102	1.0
560.102	1.0
561.102	1.0
562.102	1.0
563.102	1.0
564.102	1.0
565.102	1.0
566.102	1.0
567.102	1.0
568.102	1.0
569.102	1.0
570.102	1.0
571.102	1.0
572.102	1.0
573.102	1.0
574.102	1.0
575.102	1.0
576.102	1.0
577.102	1.0
578.102	1.0
579.102	1.0
580.102	1.0
581.102	1.0
582.102	1.0
583.102	1.0
584.102	1.0
585.102	1.0
586.102	1.0
587.102	1.0
588.102	1.0
589.102	1.0
590.102	1.0
591.102	1.0
592.102	1.0
593.102	1.0
594.102	1.0
595.102	1.0
596.102	1.0
597.102	1.0
598.102	1.0
599.102	1.0
600.102	1.0
601.102	1.0
602.102	1.0
603.102	1.0
604.102	1.0
605.102	1.0
606.102	1.0
607.102	1.0
608.102	1.0
609.102	1.0
610.102	1.0
611.102	1.0
612.102	1.0
613.102	1.0
614.102	1.0
615.102	1.0
616.102	1.0
617.102	1.0
618.102	1.0
619.102	1.0
620.102	1.0
621.102	1.0
622.102	1.0
623.102	1.0
624.102	1.0
625.102	1.0
626.102	1.0
627.102	1.0
628.102	1.0
629.102	1.0
630.102	1.0
631.102	1.0
632.102	1.0
633.102	1.0
634.102	1.0
635.102	1.0
636.102	1.0
637.102	1.0
638.102	1.0
639.102	1.0
640.102	1.0
641.102	1.0
642.102	1.0
643.102	1.0
644.102	1.0
645.102	1.0
646.102	1.0
647.102	1.0
648.102	1.0
649.102	1.0
650.102	1.0
651.102	1.0
652.102	1.0
653.102	1.0
654.102	1.0
655.102	1.0
656.102	1.0
657.102	1.0
658.102	1.0
659.102	1.0
660.102	1.0
661.102	1.0
662.102	1.0
663.102	1.0
664.102	1.0
665.102	1.0
666.102	1.0
667.102	1.0
668.102	1.0
669.102	1.0
670.102	1.0
671.102	1.0
672.102	1.0
673.102	1.0
674.102	1.0
675.102	1.0
676.102	1.0
677.102	1.0
678.102	1.0
679.102	1.0
680.102	1.0
681.102	1.0
682.102	1.0
683.102	1.0
684.102	1.0
685.102	1.0
686.102	1.0
687.102	1.0
688.102	1.0
689.102	1.0
690.102	1.0
691.102	1.0
692.102	1.0
693.102	1.0
694.102	1.0
695.102	1.0
696.102	1.0
697.102	1.0
698.102	1.0
699.102	1.0
700.102	1.0
701.102	1.0
702.102	1.0
703.102	1.0
704.102	1.0
705.102	1.0
706.102	1.0
707.102	1.0
708.102	1.0
709.102	1.0
710.102	1.0
711.102	1.0
712.102	1.0
713.102	1.0
714.102	1.0
715.102	1.0
716.102	1.0
717.102	1.0
718.102	1.0
719.102	1.0
720.102	1.0
721.102	1.0
722.102	1.0
723.102	1.0
724.102	1.0
725.102	1.0
726.102	1.0
727.102	1.0
728.102	1.0
729.102	1.0
730.102	1.0
731.102	1.0
732.102	1.0
733.102	1.0
734.102	1.0
735.102	1.0
736.102	1.0
737.102	1.0
738.102	1.0
739.102	1.0
740.102	1.0
741.102	1.0
742.102	1.0
743.102	1.0
744.102	1.0
745.102	1.0
746.102	1.0
747.102	1.0
748.102	1.0
749.102	1.0
750.102	1.0
751.102	1.0
752.102	1.0
753.102	1.0
754.102	1.0
755.102	1.0
756.102	1.0
757.102	1.0
758.102	1.0
759.102	1.0
760.102	1.0
761.102	1.0
762.102	1.0
763.102	1.0
764.102	1.0
765.102	1.0
766.102	1.0
767.102	1.0
768.102	1.0
769.102	1.0
770.102	1.0
771.102	1.0
772.102	1.0
773.102	1.0
774.102	1.0
775.102	1.0
776.102	1.0
777.102	1.0
778.102	1.0
779.102	1.0
780.102	1.0
781.102	1.0
782.102	1.0
783.102	1.0
784.102	1.0
785.102	1.0
786.102	1.0
787.102	1.0
788.102	1.0
789.102	1.0
790.102	1.0
791.102	1.0
792.102	1.0
793.102	1.0
794.102	1.0
795.102	1.0
796.102	1.0
797.102	1.0
798.102	1.0
799.102	1.0
800.102	1.0
801.102	1.0
802.102	1.0
803.102	1.0
804.102	1.0
805.102	1.0
806.102	1.0
807.102	1.0
808.102	1.0
809.102	1.0
810.102	1.0
811.102	1.0
812.102	1.0
813.102	1.0
814.102	1.0
815.102	1.0
816.102	1.0
817.102	1.0
818.102	1.0
819.102	1.0
820.102	1.0
821.102	1.0
822.102	1.0
823.102	1.0
824.102	1.0
825.102	1.0
826.102	1.0
827.102	1.0
828.102	1.0
829.102	1.0
830.102	1.0
831.102	1.0
832.102	1.0
833.102	1.0
834.102	1.0
835.102	1.0
836.102	1.0
837.102	1.0
838.102	1.0
839.102	1.0
840.102	1.0
841.102	1.0
842.102	1.0
843.102	1.0
844.102	1.0
845.102	1.0
846.102	1.0
847.102	1.0
848.102	1.0
849.102	1.0
850.102	1.0
851.102	1.0
852.102	1.0
853.102	1.0
854.102	1.0
855.102	1.0
856.102	1.0
857.102	1.0
858.102	1.0
859.102	1.0
860.102	1.0
861.102	1.0
862.102	1.0
863.102	1.0
864.102	1.0
865.102	1.0
866.102	1.0
867.102	1.0
868.102	1.0
869.102	1.0
870.102	1.0
871.102	1.0
872.102	1.0
873.102	1.0
874.102	1.0
875.102	1.0
876.102	1.0
877.102	1.0
878.102	1.0
879.102	1.0
880.102	1.0
881.102	1.0
882.102	1.0
883.102	1.0
884.102	1.0
885.102	1.0
886.102	1.0
887.102	1.0
888.102	1.0
889.102	1.0
890.102	1.0
891.102	1.0
892.102	1.0
893.102	1.0
894.102	1.0
895.102	1.0
896.102	1.0
897.102	1.0
898.102	1.0
899.102	1.0
900.102	1.0
901.102	1.0
902.102	1.0
903.102	1.0
904.102	1.0
905.102	1.0
906.102	1.0
907.102	1.0
908.102	1.0
909.102	1.0
910.102	1.0
911.102	1.0
912.102	1.0
913.102	1.0
914.102	1.0
915.102	1.0
916.102	1.0
917.102	1.0
918.102	1.0
919.102	1.0
920.102	1.0
921.102	1.0
922.102	1.0
923.102	1.0
924.102	1.0
925.102	1.0
926.102	1.0
927.102	1.0
928.102	1.0
929.102	1.0
930.102	1.0
931.102	1.0
932.102	1.0
933.102	1.0
934.102	1.0
935.102	1.0
936.102	1.0
937.102	1.0
938.102	1.0
939.102	1.0
940.102	1.0
941.102	1.0
942.102	1.0
943.102	1.0
944.102	1.0
945.102	1.0
946.102	1.0
947.102	1.0
948.102	1.0
949.102	1.0
950.102	1.0
951.102	1.0
952.102	1.0
953.102	1.0
954.102	1.0
955.102	1.0
956.102	1.0
957.102	1.0
958.102	1.0
959.102	1.0
960.102	1.0
961.102	1.0
962.102	1.0
963.102	1.0
964.102	1.0
965.102	1.0
966.102	1.0
967.102	1.0
968.102	1.0
969.102	1.0
970.102	1.0
971.102	1.0
972.102	1.0
973.102	1.0
974.102	1.0
975.102	1.0
976.102	1.0
977.102	1.0
978.102	1.0
979.102	1.0
980.102	1.0
981.102	1.0
982.102	1.0
983.102	1.0
984.102	1.0
985.102	1.0
986.102	1.0
987.102	1.0
988.102	1.0
989.102	1.0
990.102	1.0
991.102	1.0
992.102	1.0
993.102	1.0
994.102	1.0
995.102	1.0
996.102	1.0
997.102	1.0
