0.706	0.5199557228767439
1.6440000000000001	0.5306835952958903
2.577	0.5366299741916648
3.523	0.5396792011062153
4.472	0.5466733931570611
5.406	0.5464420628668769
6.349	0.5543275850350804
7.2780000000000005	0.5610283625279758
8.214	0.5686736161877793
9.163	0.5700563205768057
10.102	0.5587769002335864
11.047	0.5663003067747906
11.979000000000001	0.5731098492647729
12.925	0.5586709995504862
13.869	0.562625353414299
14.81	0.563865680835446
15.759	0.5772053242008398
16.705000000000002	0.6061726238095323
17.644000000000002	0.6066104361150055
18.586000000000002	0.6030595345249672
19.537	0.5958078625450925
20.486	0.6018534886653163
21.421	0.6036170289541954
22.353	0.6119791149077455
23.31	0.6227479967600749
24.243000000000002	0.6303891314578534
25.183	0.6217556523952249
26.134	0.6349484553860159
27.077	0.6512665773721696
28.017	0.6399183193741164
28.951	0.6323584558981872
29.888	0.6444975265492539
30.829	0.650344229282711
31.777	0.669328110226449
32.713	0.6634038680144511
33.667	0.6521010132831461
34.619	0.6595720555800817
35.562	0.6635688792451078
36.513	0.6777570392078377
37.457	0.6908268472047678
38.410000000000004	0.6923586485498304
39.373	0.6903071606189574
40.332	0.6967385573207645
41.295	0.7320236972385021
42.258	0.6941709483441926
43.22	0.6000707320170691
44.187	0.6812239248970409
45.148	0.3795155224137839
46.126	0.7319523940715317
47.09	0.4761116674355902
48.065	0.7340446427638511
49.035000000000004	0.6545388952575045
50.0	0.5852073749624418
50.974000000000004	0.4745032810373511
51.949	0.7374517661553557
52.916000000000004	0.4959132729698364
53.889	0.46115612391433397
54.864000000000004	0.6071695338579032
55.835	0.611177729322897
56.806000000000004	0.4942045674287861
57.78	0.408003916532666
58.764	0.7964185275721138
59.734	0.6655881800718998
60.709	0.6457893821948575
61.681000000000004	0.5634425541587078
62.652	0.48441520803630783
63.624	0.26603458927493606
64.601	0.26715609890803854
65.584	0.5587457264602693
66.555	0.3857622091886197
67.528	0.24330621715643147
68.51	0.4886193703916995
69.492	0.6631635835046384
70.471	0.6950465775750085
71.44500000000001	0.34515713897851724
72.427	0.5804028118800052
73.41	0.8067704944623334
74.384	0.5835854072758868
75.365	0.7684149494600492
76.34100000000001	0.6939175509783777
77.31700000000001	0.5477303887586682
78.296	0.47830254877484596
79.278	0.6315193889700421
80.259	0.7524736470460199
81.239	0.635928848796684
82.218	0.5091823023325434
83.202	0.5738369838312439
84.19200000000001	0.8683331859952561
85.172	0.8701371809193719
86.153	0.9154447233605706
87.131	0.8299354075819996
88.113	0.2827116694069453
89.102	0.48784089680282744
90.092	0.8347341844317765
91.077	0.7862007314325693
92.062	0.4900667010818572
93.052	0.6249217820184821
94.04	0.7192739493405966
95.03	0.7614693424287204
96.02	0.7475979845425632
97.01	0.7336558511784066
97.999	0.6997038362962384
98.989	0.8441600523186666
99.976	0.7420498399832196
100.95700000000001	0.1618885551523236
101.947	0.3258911979732256
102.931	0.14529891850006774
103.926	0.8565851918037536
104.912	0.5670165508221396
105.893	0.17433709004733414
106.883	0.325325495034837
107.874	0.7586838576896091
108.855	0.2428593411094435
109.848	0.7669468480781299
110.83800000000001	0.9190624026438996
111.825	0.16934869497158403
112.816	0.3911171691674886
113.799	0.6035554772078824
114.789	0.8757327286220381
115.776	0.2428701096556609
116.767	0.5411285566359614
117.757	0.6005549339523952
118.747	0.6720724307696968
119.73100000000001	0.41788709303173055
120.721	0.3086703823523697
121.712	0.6771612643125907
122.69800000000001	0.2503798953100939
123.68900000000001	0.6008207815374899
124.676	0.35183301518850846
125.666	0.650729478416818
126.655	0.5982489894169277
127.646	0.8982347889831921
128.637	0.8595688499187424
129.63400000000001	0.5431793470179354
130.633	0.8907220462271271
131.633	0.9904711831206167
132.624	0.7254583507057215
133.622	0.9806556051590517
134.619	0.8314475915370046
135.617	0.6881416892072103
136.617	0.9897491639803448
137.616	0.9926561139543321
138.613	0.9901031801421001
139.613	1.0
140.613	1.0
141.613	1.0
142.613	1.0
143.613	1.0
144.613	1.0
145.613	1.0
146.613	1.0
147.613	1.0
148.613	1.0
149.613	1.0
150.613	1.0
151.613	1.0
152.613	1.0
153.613	1.0
154.613	1.0
155.613	1.0
156.613	1.0
157.613	1.0
158.613	1.0
159.613	1.0
160.613	1.0
161.613	1.0
162.613	1.0
163.613	1.0
164.613	1.0
165.613	1.0
166.613	1.0
167.613	1.0
168.613	1.0
169.613	1.0
170.613	1.0
171.613	1.0
172.613	1.0
173.613	1.0
174.613	1.0
175.613	1.0
176.613	1.0
177.613	1.0
178.613	1.0
179.613	1.0
180.613	1.0
181.613	1.0
182.613	1.0
183.613	1.0
184.613	1.0
185.613	1.0
186.613	1.0
187.613	1.0
188.613	1.0
189.613	1.0
190.613	1.0
191.613	1.0
192.613	1.0
193.613	1.0
194.613	1.0
195.613	1.0
196.613	1.0
197.613	1.0
198.613	1.0
199.613	1.0
200.613	1.0
201.613	1.0
202.613	1.0
203.613	1.0
204.613	1.0
205.613	1.0
206.613	1.0
207.613	1.0
208.613	1.0
209.613	1.0
210.613	1.0
211.613	1.0
212.613	1.0
213.613	1.0
214.613	1.0
215.613	1.0
216.613	1.0
217.613	1.0
218.613	1.0
219.613	1.0
220.613	1.0
221.613	1.0
222.613	1.0
223.613	1.0
224.613	1.0
225.613	1.0
226.613	1.0
227.613	1.0
228.613	1.0
229.613	1.0
230.613	1.0
231.613	1.0
232.613	1.0
233.613	1.0
234.613	1.0
235.613	1.0
236.613	1.0
237.613	1.0
238.613	1.0
239.613	1.0
240.613	1.0
241.613	1.0
242.613	1.0
243.613	1.0
244.613	1.0
245.613	1.0
246.613	1.0
247.613	1.0
248.613	1.0
249.613	1.0
250.613	1.0
251.613	1.0
252.613	1.0
253.613	1.0
254.613	1.0
255.613	1.0
256.613	1.0
257.613	1.0
258.613	1.0
259.613	1.0
260.613	1.0
261.613	1.0
262.613	1.0
263.613	1.0
264.613	1.0
265.613	1.0
266.613	1.0
267.613	1.0
268.613	1.0
269.613	1.0
270.613	1.0
271.613	1.0
272.613	1.0
273.613	1.0
274.613	1.0
275.613	1.0
276.613	1.0
277.613	1.0
278.613	1.0
279.613	1.0
280.613	1.0
281.613	1.0
282.613	1.0
283.613	1.0
284.613	1.0
285.613	1.0
286.613	1.0
287.613	1.0
288.613	1.0
289.613	1.0
290.613	1.0
291.613	1.0
292.613	1.0
293.613	1.0
294.613	1.0
295.613	1.0
296.613	1.0
297.613	1.0
298.613	1.0
299.613	1.0
300.613	1.0
301.613	1.0
302.613	1.0
303.613	1.0
304.613	1.0
305.613	1.0
306.613	1.0
307.613	1.0
308.613	1.0
309.613	1.0
310.613	1.0
311.613	1.0
312.613	1.0
313.613	1.0
314.613	1.0
315.613	1.0
316.613	1.0
317.613	1.0
318.613	1.0
319.613	1.0
320.613	1.0
321.613	1.0
322.613	1.0
323.613	1.0
324.613	1.0
325.613	1.0
326.613	1.0
327.613	1.0
328.613	1.0
329.613	1.0
330.613	1.0
331.613	1.0
332.613	1.0
333.613	1.0
334.613	1.0
335.613	1.0
336.613	1.0
337.613	1.0
338.613	1.0
339.613	1.0
340.613	1.0
341.613	1.0
342.613	1.0
343.613	1.0
344.613	1.0
345.613	1.0
346.613	1.0
347.613	1.0
348.613	1.0
349.613	1.0
350.613	1.0
351.613	1.0
352.613	1.0
353.613	1.0
354.613	1.0
355.613	1.0
356.613	1.0
357.613	1.0
358.613	1.0
359.613	1.0
360.613	1.0
361.613	1.0
362.613	1.0
363.613	1.0
364.613	1.0
365.613	1.0
366.613	1.0
367.613	1.0
368.613	1.0
369.613	1.0
370.613	1.0
371.613	1.0
372.613	1.0
373.613	1.0
374.613	1.0
375.613	1.0
376.613	1.0
377.613	1.0
378.613	1.0
379.613	1.0
380.613	1.0
381.613	1.0
382.613	1.0
383.613	1.0
384.613	1.0
385.613	1.0
386.613	1.0
387.613	1.0
388.613	1.0
389.613	1.0
390.613	1.0
391.613	1.0
392.613	1.0
393.613	1.0
394.613	1.0
395.613	1.0
396.613	1.0
397.613	1.0
398.613	1.0
399.613	1.0
400.613	1.0
401.613	1.0
402.613	1.0
403.613	1.0
404.613	1.0
405.613	1.0
406.613	1.0
407.613	1.0
408.613	1.0
409.613	1.0
410.613	1.0
411.613	1.0
412.613	1.0
413.613	1.0
414.613	1.0
415.613	1.0
416.613	1.0
417.613	1.0
418.613	1.0
419.613	1.0
420.613	1.0
421.613	1.0
422.613	1.0
423.613	1.0
424.613	1.0
425.613	1.0
426.613	1.0
427.613	1.0
428.613	1.0
429.613	1.0
430.613	1.0
431.613	1.0
432.613	1.0
433.613	1.0
434.613	1.0
435.613	1.0
436.613	1.0
437.613	1.0
438.613	1.0
439.613	1.0
440.613	1.0
441.613	1.0
442.613	1.0
443.613	1.0
444.613	1.0
445.613	1.0
446.613	1.0
447.613	1.0
448.613	1.0
449.613	1.0
450.613	1.0
451.613	1.0
452.613	1.0
453.613	1.0
454.613	1.0
455.613	1.0
456.613	1.0
457.613	1.0
458.613	1.0
459.613	1.0
460.613	1.0
461.613	1.0
462.613	1.0
463.613	1.0
464.613	1.0
465.613	1.0
466.613	1.0
467.613	1.0
468.613	1.0
469.613	1.0
470.613	1.0
471.613	1.0
472.613	1.0
473.613	1.0
474.613	1.0
475.613	1.0
476.613	1.0
477.613	1.0
478.613	1.0
479.613	1.0
480.613	1.0
481.613	1.0
482.613	1.0
483.613	1.0
484.613	1.0
485.613	1.0
486.613	1.0
487.613	1.0
488.613	1.0
489.613	1.0
490.613	1.0
491.613	1.0
492.613	1.0
493.613	1.0
494.613	1.0
495.613	1.0
496.613	1.0
497.613	1.0
498.613	1.0
499.613	1.0
500.613	1.0
501.613	1.0
502.613	1.0
503.613	1.0
504.613	1.0
505.613	1.0
506.613	1.0
507.613	1.0
508.613	1.0
509.613	1.0
510.613	1.0
511.613	1.0
512.613	1.0
513.613	1.0
514.613	1.0
515.613	1.0
516.613	1.0
517.613	1.0
518.613	1.0
519.613	1.0
520.613	1.0
521.613	1.0
522.613	1.0
523.613	1.0
524.613	1.0
525.613	1.0
526.613	1.0
527.613	1.0
528.613	1.0
529.613	1.0
530.613	1.0
531.613	1.0
532.613	1.0
533.613	1.0
534.613	1.0
535.613	1.0
536.613	1.0
537.613	1.0
538.613	1.0
539.613	1.0
540.613	1.0
541.613	1.0
542.613	1.0
543.613	1.0
544.613	1.0
545.613	1.0
546.613	1.0
547.613	1.0
548.613	1.0
549.613	1.0
550.613	1.0
551.613	1.0
552.613	1.0
553.613	1.0
554.613	1.0
555.613	1.0
556.613	1.0
557.613	1.0
558.613	1.0
559.613	1.0
560.613	1.0
561.613	1.0
562.613	1.0
563.613	1.0
564.613	1.0
565.613	1.0
566.613	1.0
567.613	1.0
568.613	1.0
569.613	1.0
570.613	1.0
571.613	1.0
572.613	1.0
573.613	1.0
574.613	1.0
575.613	1.0
576.613	1.0
577.613	1.0
578.613	1.0
579.613	1.0
580.613	1.0
581.613	1.0
582.613	1.0
583.613	1.0
584.613	1.0
585.613	1.0
586.613	1.0
587.613	1.0
588.613	1.0
589.613	1.0
590.613	1.0
591.613	1.0
592.613	1.0
593.613	1.0
594.613	1.0
595.613	1.0
596.613	1.0
597.613	1.0
598.613	1.0
599.613	1.0
600.613	1.0
601.613	1.0
602.613	1.0
603.613	1.0
604.613	1.0
605.613	1.0
606.613	1.0
607.613	1.0
608.613	1.0
609.613	1.0
610.613	1.0
611.613	1.0
612.613	1.0
613.613	1.0
614.613	1.0
615.613	1.0
616.613	1.0
617.613	1.0
618.613	1.0
619.613	1.0
620.613	1.0
621.613	1.0
622.613	1.0
623.613	1.0
624.613	1.0
625.613	1.0
626.613	1.0
627.613	1.0
628.613	1.0
629.613	1.0
630.613	1.0
631.613	1.0
632.613	1.0
633.613	1.0
634.613	1.0
635.613	1.0
636.613	1.0
637.613	1.0
638.613	1.0
639.613	1.0
640.613	1.0
641.613	1.0
642.613	1.0
643.613	1.0
644.613	1.0
645.613	1.0
646.613	1.0
647.613	1.0
648.613	1.0
649.613	1.0
650.613	1.0
651.613	1.0
652.613	1.0
653.613	1.0
654.613	1.0
655.613	1.0
656.613	1.0
657.613	1.0
658.613	1.0
659.613	1.0
660.613	1.0
661.613	1.0
662.613	1.0
663.613	1.0
664.613	1.0
665.613	1.0
666.613	1.0
667.613	1.0
668.613	1.0
669.613	1.0
670.613	1.0
671.613	1.0
672.613	1.0
673.613	1.0
674.613	1.0
675.613	1.0
676.613	1.0
677.613	1.0
678.613	1.0
679.613	1.0
680.613	1.0
681.613	1.0
682.613	1.0
683.613	1.0
684.613	1.0
685.613	1.0
686.613	1.0
687.613	1.0
688.613	1.0
689.613	1.0
690.613	1.0
691.613	1.0
692.613	1.0
693.613	1.0
694.613	1.0
695.613	1.0
696.613	1.0
697.613	1.0
698.613	1.0
699.613	1.0
700.613	1.0
701.613	1.0
702.613	1.0
703.613	1.0
704.613	1.0
705.613	1.0
706.613	1.0
707.613	1.0
708.613	1.0
709.613	1.0
710.613	1.0
711.613	1.0
712.613	1.0
713.613	1.0
714.613	1.0
715.613	1.0
716.613	1.0
717.613	1.0
718.613	1.0
719.613	1.0
720.613	1.0
721.613	1.0
722.613	1.0
723.613	1.0
724.613	1.0
725.613	1.0
726.613	1.0
727.613	1.0
728.613	1.0
729.613	1.0
730.613	1.0
731.613	1.0
732.613	1.0
733.613	1.0
734.613	1.0
735.613	1.0
736.613	1.0
737.613	1.0
738.613	1.0
739.613	1.0
740.613	1.0
741.613	1.0
742.613	1.0
743.613	1.0
744.613	1.0
745.613	1.0
746.613	1.0
747.613	1.0
748.613	1.0
749.613	1.0
750.613	1.0
751.613	1.0
752.613	1.0
753.613	1.0
754.613	1.0
755.613	1.0
756.613	1.0
757.613	1.0
758.613	1.0
759.613	1.0
760.613	1.0
761.613	1.0
762.613	1.0
763.613	1.0
764.613	1.0
765.613	1.0
766.613	1.0
767.613	1.0
768.613	1.0
769.613	1.0
770.613	1.0
771.613	1.0
772.613	1.0
773.613	1.0
774.613	1.0
775.613	1.0
776.613	1.0
777.613	1.0
778.613	1.0
779.613	1.0
780.613	1.0
781.613	1.0
782.613	1.0
783.613	1.0
784.613	1.0
785.613	1.0
786.613	1.0
787.613	1.0
788.613	1.0
789.613	1.0
790.613	1.0
791.613	1.0
792.613	1.0
793.613	1.0
794.613	1.0
795.613	1.0
796.613	1.0
797.613	1.0
798.613	1.0
799.613	1.0
800.613	1.0
801.613	1.0
802.613	1.0
803.613	1.0
804.613	1.0
805.613	1.0
806.613	1.0
807.613	1.0
808.613	1.0
809.613	1.0
810.613	1.0
811.613	1.0
812.613	1.0
813.613	1.0
814.613	1.0
815.613	1.0
816.613	1.0
817.613	1.0
818.613	1.0
819.613	1.0
820.613	1.0
821.613	1.0
822.613	1.0
823.613	1.0
824.613	1.0
825.613	1.0
826.613	1.0
827.613	1.0
828.613	1.0
829.613	1.0
830.613	1.0
831.613	1.0
832.613	1.0
833.613	1.0
834.613	1.0
835.613	1.0
836.613	1.0
837.613	1.0
838.613	1.0
839.613	1.0
840.613	1.0
841.613	1.0
842.613	1.0
843.613	1.0
844.613	1.0
845.613	1.0
846.613	1.0
847.613	1.0
848.613	1.0
849.613	1.0
850.613	1.0
851.613	1.0
852.613	1.0
853.613	1.0
854.613	1.0
855.613	1.0
856.613	1.0
857.613	1.0
858.613	1.0
859.613	1.0
860.613	1.0
861.613	1.0
862.613	1.0
863.613	1.0
864.613	1.0
865.613	1.0
866.613	1.0
867.613	1.0
868.613	1.0
869.613	1.0
870.613	1.0
871.613	1.0
872.613	1.0
873.613	1.0
874.613	1.0
875.613	1.0
876.613	1.0
877.613	1.0
878.613	1.0
879.613	1.0
880.613	1.0
881.613	1.0
882.613	1.0
883.613	1.0
884.613	1.0
885.613	1.0
886.613	1.0
887.613	1.0
888.613	1.0
889.613	1.0
890.613	1.0
891.613	1.0
892.613	1.0
893.613	1.0
894.613	1.0
895.613	1.0
896.613	1.0
897.613	1.0
898.613	1.0
899.613	1.0
900.613	1.0
901.613	1.0
902.613	1.0
903.613	1.0
904.613	1.0
905.613	1.0
906.613	1.0
907.613	1.0
908.613	1.0
909.613	1.0
910.613	1.0
911.613	1.0
912.613	1.0
913.613	1.0
914.613	1.0
915.613	1.0
916.613	1.0
917.613	1.0
918.613	1.0
919.613	1.0
920.613	1.0
921.613	1.0
922.613	1.0
923.613	1.0
924.613	1.0
925.613	1.0
926.613	1.0
927.613	1.0
928.613	1.0
929.613	1.0
930.613	1.0
931.613	1.0
932.613	1.0
933.613	1.0
934.613	1.0
935.613	1.0
936.613	1.0
937.613	1.0
938.613	1.0
939.613	1.0
940.613	1.0
941.613	1.0
942.613	1.0
943.613	1.0
944.613	1.0
945.613	1.0
946.613	1.0
947.613	1.0
948.613	1.0
949.613	1.0
950.613	1.0
951.613	1.0
952.613	1.0
953.613	1.0
954.613	1.0
955.613	1.0
956.613	1.0
957.613	1.0
958.613	1.0
959.613	1.0
960.613	1.0
961.613	1.0
962.613	1.0
963.613	1.0
964.613	1.0
965.613	1.0
966.613	1.0
967.613	1.0
968.613	1.0
969.613	1.0
970.613	1.0
971.613	1.0
972.613	1.0
973.613	1.0
974.613	1.0
975.613	1.0
976.613	1.0
977.613	1.0
978.613	1.0
979.613	1.0
980.613	1.0
981.613	1.0
982.613	1.0
983.613	1.0
984.613	1.0
985.613	1.0
986.613	1.0
987.613	1.0
988.613	1.0
989.613	1.0
990.613	1.0
991.613	1.0
992.613	1.0
993.613	1.0
994.613	1.0
995.613	1.0
