0.253	0.5008413301911603
1.194	0.5073514828810526
2.15	0.5110543718042057
3.084	0.48879636710877283
4.0120000000000005	0.49133146157440916
4.9510000000000005	0.49645694782204286
5.892	0.5019146041262459
6.829	0.5124866935173662
7.766	0.5058483219057316
8.721	0.5003504138936329
9.654	0.5168778450043354
10.588000000000001	0.5155738952927076
11.532	0.5045034370439083
12.483	0.49014473001789044
13.435	0.4894220203496146
14.39	0.48875297809644963
15.366	0.5006534984522856
16.319	0.49680632476344927
17.263	0.49902427855457443
18.219	0.5169237993476486
19.178	0.5320168288372554
20.131	0.5945122316488637
21.064	0.5600883636632736
22.015	0.5973631448028047
22.965	0.6379694345482646
23.926000000000002	0.6746792166959562
24.861	0.6565018380175331
25.807000000000002	0.6547940901837243
26.746000000000002	0.5766161892319388
27.69	0.49915770581809993
28.651	0.5325452721325802
29.612000000000002	0.565239185384075
30.572	0.6779071371943611
31.527	0.6567482859961511
32.480000000000004	0.4462528401918351
33.435	0.3829690573556475
34.391	0.36470777328910564
35.355000000000004	0.4051965762799528
36.308	0.3521950743318675
37.271	0.35303042077773344
38.241	0.489764099306393
39.204	0.42378916657333743
40.176	0.6265670228609249
41.132	0.394422480329207
42.114000000000004	0.7756450810234777
43.081	0.7644178214016103
44.052	0.7842971629295831
45.017	0.592017377422134
45.989000000000004	0.5885532916456394
46.965	0.6671578726499924
47.946	0.7803328660270901
48.919000000000004	0.6880645497325392
49.894	0.5135273505080119
50.866	0.4604356483119969
51.847	0.6748762129735979
52.82	0.5326375038706094
53.802	0.7890863915786213
54.773	0.5855509485112319
55.751	0.6404088822971957
56.732	0.7899080097252339
57.71	0.5905835717636674
58.691	0.6198428175652783
59.672000000000004	0.6624788791041124
60.651	0.28034372704680016
61.632	0.32651810441206786
62.623000000000005	0.8115697427758035
63.604	0.8444685134347213
64.578	0.435900339763863
65.56	0.6409581194157518
66.541	0.7856231747252042
67.522	0.4479079280525755
68.511	0.8415589009538761
69.492	0.7630435208455459
70.47500000000001	0.750092470262832
71.456	0.5898814459397607
72.437	0.5056775134460694
73.42	0.44931263924192877
74.409	0.7909726695852083
75.386	0.5746825077857695
76.368	0.4263060201455919
77.358	0.8491089605291697
78.34400000000001	0.8206421656718028
79.321	0.3596369658267865
80.313	0.7943410276309768
81.296	0.7647924864543431
82.277	0.2538602834955758
83.258	0.13441978633115848
84.248	0.39597045679420895
85.237	0.6863143111133119
86.217	0.7526786022223616
87.19800000000001	0.7731707507048184
88.179	0.5734394894594953
89.16	0.5807702396632494
90.146	0.4999075484336574
91.137	0.8717080696212118
92.118	0.40761388184434366
93.108	0.6822535380599644
94.09400000000001	0.4945608557267197
95.084	0.8090051669843507
96.07000000000001	0.49715884773354474
97.06	0.585253715436049
98.051	0.9027089912637225
99.042	0.9818311864322453
100.031	0.8331075503324427
101.021	0.730206666752294
102.012	0.9659903896454485
103.002	0.8492994396059081
103.99300000000001	0.9831921310566435
104.974	0.9368841165804607
105.964	0.8471291756222217
106.955	0.953296540638027
107.946	0.9666359230097904
108.937	0.9536543546252574
109.928	0.9539530454260365
110.919	0.9542449358934825
111.91	0.9545404358832803
112.901	0.9548359358730786
113.892	0.9551350453852285
114.882	0.8727862341190998
115.882	0.9728523209400748
116.882	0.9773797579894403
117.87700000000001	0.9872800515699999
118.87700000000001	0.9968608445698334
119.87700000000001	0.9967359720886333
120.87700000000001	1.0
121.87700000000001	1.0
122.87700000000001	1.0
123.87700000000001	1.0
124.87700000000001	1.0
125.87700000000001	1.0
126.87700000000001	1.0
127.87700000000001	1.0
128.877	1.0
129.877	1.0
130.877	1.0
131.877	1.0
132.877	1.0
133.877	1.0
134.877	1.0
135.877	1.0
136.877	1.0
137.877	1.0
138.877	1.0
139.877	1.0
140.877	1.0
141.877	1.0
142.877	1.0
143.877	1.0
144.877	1.0
145.877	1.0
146.877	1.0
147.877	1.0
148.877	1.0
149.877	1.0
150.877	1.0
151.877	1.0
152.877	1.0
153.877	1.0
154.877	1.0
155.877	1.0
156.877	1.0
157.877	1.0
158.877	1.0
159.877	1.0
160.877	1.0
161.877	1.0
162.877	1.0
163.877	1.0
164.877	1.0
165.877	1.0
166.877	1.0
167.877	1.0
168.877	1.0
169.877	1.0
170.877	1.0
171.877	1.0
172.877	1.0
173.877	1.0
174.877	1.0
175.877	1.0
176.877	1.0
177.877	1.0
178.877	1.0
179.877	1.0
180.877	1.0
181.877	1.0
182.877	1.0
183.877	1.0
184.877	1.0
185.877	1.0
186.877	1.0
187.877	1.0
188.877	1.0
189.877	1.0
190.877	1.0
191.877	1.0
192.877	1.0
193.877	1.0
194.877	1.0
195.877	1.0
196.877	1.0
197.877	1.0
198.877	1.0
199.877	1.0
200.877	1.0
201.877	1.0
202.877	1.0
203.877	1.0
204.877	1.0
205.877	1.0
206.877	1.0
207.877	1.0
208.877	1.0
209.877	1.0
210.877	1.0
211.877	1.0
212.877	1.0
213.877	1.0
214.877	1.0
215.877	1.0
216.877	1.0
217.877	1.0
218.877	1.0
219.877	1.0
220.877	1.0
221.877	1.0
222.877	1.0
223.877	1.0
224.877	1.0
225.877	1.0
226.877	1.0
227.877	1.0
228.877	1.0
229.877	1.0
230.877	1.0
231.877	1.0
232.877	1.0
233.877	1.0
234.877	1.0
235.877	1.0
236.877	1.0
237.877	1.0
238.877	1.0
239.877	1.0
240.877	1.0
241.877	1.0
242.877	1.0
243.877	1.0
244.877	1.0
245.877	1.0
246.877	1.0
247.877	1.0
248.877	1.0
249.877	1.0
250.877	1.0
251.877	1.0
252.877	1.0
253.877	1.0
254.877	1.0
255.877	1.0
256.877	1.0
257.877	1.0
258.877	1.0
259.877	1.0
260.877	1.0
261.877	1.0
262.877	1.0
263.877	1.0
264.877	1.0
265.877	1.0
266.877	1.0
267.877	1.0
268.877	1.0
269.877	1.0
270.877	1.0
271.877	1.0
272.877	1.0
273.877	1.0
274.877	1.0
275.877	1.0
276.877	1.0
277.877	1.0
278.877	1.0
279.877	1.0
280.877	1.0
281.877	1.0
282.877	1.0
283.877	1.0
284.877	1.0
285.877	1.0
286.877	1.0
287.877	1.0
288.877	1.0
289.877	1.0
290.877	1.0
291.877	1.0
292.877	1.0
293.877	1.0
294.877	1.0
295.877	1.0
296.877	1.0
297.877	1.0
298.877	1.0
299.877	1.0
300.877	1.0
301.877	1.0
302.877	1.0
303.877	1.0
304.877	1.0
305.877	1.0
306.877	1.0
307.877	1.0
308.877	1.0
309.877	1.0
310.877	1.0
311.877	1.0
312.877	1.0
313.877	1.0
314.877	1.0
315.877	1.0
316.877	1.0
317.877	1.0
318.877	1.0
319.877	1.0
320.877	1.0
321.877	1.0
322.877	1.0
323.877	1.0
324.877	1.0
325.877	1.0
326.877	1.0
327.877	1.0
328.877	1.0
329.877	1.0
330.877	1.0
331.877	1.0
332.877	1.0
333.877	1.0
334.877	1.0
335.877	1.0
336.877	1.0
337.877	1.0
338.877	1.0
339.877	1.0
340.877	1.0
341.877	1.0
342.877	1.0
343.877	1.0
344.877	1.0
345.877	1.0
346.877	1.0
347.877	1.0
348.877	1.0
349.877	1.0
350.877	1.0
351.877	1.0
352.877	1.0
353.877	1.0
354.877	1.0
355.877	1.0
356.877	1.0
357.877	1.0
358.877	1.0
359.877	1.0
360.877	1.0
361.877	1.0
362.877	1.0
363.877	1.0
364.877	1.0
365.877	1.0
366.877	1.0
367.877	1.0
368.877	1.0
369.877	1.0
370.877	1.0
371.877	1.0
372.877	1.0
373.877	1.0
374.877	1.0
375.877	1.0
376.877	1.0
377.877	1.0
378.877	1.0
379.877	1.0
380.877	1.0
381.877	1.0
382.877	1.0
383.877	1.0
384.877	1.0
385.877	1.0
386.877	1.0
387.877	1.0
388.877	1.0
389.877	1.0
390.877	1.0
391.877	1.0
392.877	1.0
393.877	1.0
394.877	1.0
395.877	1.0
396.877	1.0
397.877	1.0
398.877	1.0
399.877	1.0
400.877	1.0
401.877	1.0
402.877	1.0
403.877	1.0
404.877	1.0
405.877	1.0
406.877	1.0
407.877	1.0
408.877	1.0
409.877	1.0
410.877	1.0
411.877	1.0
412.877	1.0
413.877	1.0
414.877	1.0
415.877	1.0
416.877	1.0
417.877	1.0
418.877	1.0
419.877	1.0
420.877	1.0
421.877	1.0
422.877	1.0
423.877	1.0
424.877	1.0
425.877	1.0
426.877	1.0
427.877	1.0
428.877	1.0
429.877	1.0
430.877	1.0
431.877	1.0
432.877	1.0
433.877	1.0
434.877	1.0
435.877	1.0
436.877	1.0
437.877	1.0
438.877	1.0
439.877	1.0
440.877	1.0
441.877	1.0
442.877	1.0
443.877	1.0
444.877	1.0
445.877	1.0
446.877	1.0
447.877	1.0
448.877	1.0
449.877	1.0
450.877	1.0
451.877	1.0
452.877	1.0
453.877	1.0
454.877	1.0
455.877	1.0
456.877	1.0
457.877	1.0
458.877	1.0
459.877	1.0
460.877	1.0
461.877	1.0
462.877	1.0
463.877	1.0
464.877	1.0
465.877	1.0
466.877	1.0
467.877	1.0
468.877	1.0
469.877	1.0
470.877	1.0
471.877	1.0
472.877	1.0
473.877	1.0
474.877	1.0
475.877	1.0
476.877	1.0
477.877	1.0
478.877	1.0
479.877	1.0
480.877	1.0
481.877	1.0
482.877	1.0
483.877	1.0
484.877	1.0
485.877	1.0
486.877	1.0
487.877	1.0
488.877	1.0
489.877	1.0
490.877	1.0
491.877	1.0
492.877	1.0
493.877	1.0
494.877	1.0
495.877	1.0
496.877	1.0
497.877	1.0
498.877	1.0
499.877	1.0
500.877	1.0
501.877	1.0
502.877	1.0
503.877	1.0
504.877	1.0
505.877	1.0
506.877	1.0
507.877	1.0
508.877	1.0
509.877	1.0
510.877	1.0
511.877	1.0
512.8770000000001	1.0
513.8770000000001	1.0
514.8770000000001	1.0
515.8770000000001	1.0
516.8770000000001	1.0
517.8770000000001	1.0
518.8770000000001	1.0
519.8770000000001	1.0
520.8770000000001	1.0
521.8770000000001	1.0
522.8770000000001	1.0
523.8770000000001	1.0
524.8770000000001	1.0
525.8770000000001	1.0
526.8770000000001	1.0
527.8770000000001	1.0
528.8770000000001	1.0
529.8770000000001	1.0
530.8770000000001	1.0
531.8770000000001	1.0
532.8770000000001	1.0
533.8770000000001	1.0
534.8770000000001	1.0
535.8770000000001	1.0
536.8770000000001	1.0
537.8770000000001	1.0
538.8770000000001	1.0
539.8770000000001	1.0
540.8770000000001	1.0
541.8770000000001	1.0
542.8770000000001	1.0
543.8770000000001	1.0
544.8770000000001	1.0
545.8770000000001	1.0
546.8770000000001	1.0
547.8770000000001	1.0
548.8770000000001	1.0
549.8770000000001	1.0
550.8770000000001	1.0
551.8770000000001	1.0
552.8770000000001	1.0
553.8770000000001	1.0
554.8770000000001	1.0
555.8770000000001	1.0
556.8770000000001	1.0
557.8770000000001	1.0
558.8770000000001	1.0
559.8770000000001	1.0
560.8770000000001	1.0
561.8770000000001	1.0
562.8770000000001	1.0
563.8770000000001	1.0
564.8770000000001	1.0
565.8770000000001	1.0
566.8770000000001	1.0
567.8770000000001	1.0
568.8770000000001	1.0
569.8770000000001	1.0
570.8770000000001	1.0
571.8770000000001	1.0
572.8770000000001	1.0
573.8770000000001	1.0
574.8770000000001	1.0
575.8770000000001	1.0
576.8770000000001	1.0
577.8770000000001	1.0
578.8770000000001	1.0
579.8770000000001	1.0
580.8770000000001	1.0
581.8770000000001	1.0
582.8770000000001	1.0
583.8770000000001	1.0
584.8770000000001	1.0
585.8770000000001	1.0
586.8770000000001	1.0
587.8770000000001	1.0
588.8770000000001	1.0
589.8770000000001	1.0
590.8770000000001	1.0
591.8770000000001	1.0
592.8770000000001	1.0
593.8770000000001	1.0
594.8770000000001	1.0
595.8770000000001	1.0
596.8770000000001	1.0
597.8770000000001	1.0
598.8770000000001	1.0
599.8770000000001	1.0
600.8770000000001	1.0
601.8770000000001	1.0
602.8770000000001	1.0
603.8770000000001	1.0
604.8770000000001	1.0
605.8770000000001	1.0
606.8770000000001	1.0
607.8770000000001	1.0
608.8770000000001	1.0
609.8770000000001	1.0
610.8770000000001	1.0
611.8770000000001	1.0
612.8770000000001	1.0
613.8770000000001	1.0
614.8770000000001	1.0
615.8770000000001	1.0
616.8770000000001	1.0
617.8770000000001	1.0
618.8770000000001	1.0
619.8770000000001	1.0
620.8770000000001	1.0
621.8770000000001	1.0
622.8770000000001	1.0
623.8770000000001	1.0
624.8770000000001	1.0
625.8770000000001	1.0
626.8770000000001	1.0
627.8770000000001	1.0
628.8770000000001	1.0
629.8770000000001	1.0
630.8770000000001	1.0
631.8770000000001	1.0
632.8770000000001	1.0
633.8770000000001	1.0
634.8770000000001	1.0
635.8770000000001	1.0
636.8770000000001	1.0
637.8770000000001	1.0
638.8770000000001	1.0
639.8770000000001	1.0
640.8770000000001	1.0
641.8770000000001	1.0
642.8770000000001	1.0
643.8770000000001	1.0
644.8770000000001	1.0
645.8770000000001	1.0
646.8770000000001	1.0
647.8770000000001	1.0
648.8770000000001	1.0
649.8770000000001	1.0
650.8770000000001	1.0
651.8770000000001	1.0
652.8770000000001	1.0
653.8770000000001	1.0
654.8770000000001	1.0
655.8770000000001	1.0
656.8770000000001	1.0
657.8770000000001	1.0
658.8770000000001	1.0
659.8770000000001	1.0
660.8770000000001	1.0
661.8770000000001	1.0
662.8770000000001	1.0
663.8770000000001	1.0
664.8770000000001	1.0
665.8770000000001	1.0
666.8770000000001	1.0
667.8770000000001	1.0
668.8770000000001	1.0
669.8770000000001	1.0
670.8770000000001	1.0
671.8770000000001	1.0
672.8770000000001	1.0
673.8770000000001	1.0
674.8770000000001	1.0
675.8770000000001	1.0
676.8770000000001	1.0
677.8770000000001	1.0
678.8770000000001	1.0
679.8770000000001	1.0
680.8770000000001	1.0
681.8770000000001	1.0
682.8770000000001	1.0
683.8770000000001	1.0
684.8770000000001	1.0
685.8770000000001	1.0
686.8770000000001	1.0
687.8770000000001	1.0
688.8770000000001	1.0
689.8770000000001	1.0
690.8770000000001	1.0
691.8770000000001	1.0
692.8770000000001	1.0
693.8770000000001	1.0
694.8770000000001	1.0
695.8770000000001	1.0
696.8770000000001	1.0
697.8770000000001	1.0
698.8770000000001	1.0
699.8770000000001	1.0
700.8770000000001	1.0
701.8770000000001	1.0
702.8770000000001	1.0
703.8770000000001	1.0
704.8770000000001	1.0
705.8770000000001	1.0
706.8770000000001	1.0
707.8770000000001	1.0
708.8770000000001	1.0
709.8770000000001	1.0
710.8770000000001	1.0
711.8770000000001	1.0
712.8770000000001	1.0
713.8770000000001	1.0
714.8770000000001	1.0
715.8770000000001	1.0
716.8770000000001	1.0
717.8770000000001	1.0
718.8770000000001	1.0
719.8770000000001	1.0
720.8770000000001	1.0
721.8770000000001	1.0
722.8770000000001	1.0
723.8770000000001	1.0
724.8770000000001	1.0
725.8770000000001	1.0
726.8770000000001	1.0
727.8770000000001	1.0
728.8770000000001	1.0
729.8770000000001	1.0
730.8770000000001	1.0
731.8770000000001	1.0
732.8770000000001	1.0
733.8770000000001	1.0
734.8770000000001	1.0
735.8770000000001	1.0
736.8770000000001	1.0
737.8770000000001	1.0
738.8770000000001	1.0
739.8770000000001	1.0
740.8770000000001	1.0
741.8770000000001	1.0
742.8770000000001	1.0
743.8770000000001	1.0
744.8770000000001	1.0
745.8770000000001	1.0
746.8770000000001	1.0
747.8770000000001	1.0
748.8770000000001	1.0
749.8770000000001	1.0
750.8770000000001	1.0
751.8770000000001	1.0
752.8770000000001	1.0
753.8770000000001	1.0
754.8770000000001	1.0
755.8770000000001	1.0
756.8770000000001	1.0
757.8770000000001	1.0
758.8770000000001	1.0
759.8770000000001	1.0
760.8770000000001	1.0
761.8770000000001	1.0
762.8770000000001	1.0
763.8770000000001	1.0
764.8770000000001	1.0
765.8770000000001	1.0
766.8770000000001	1.0
767.8770000000001	1.0
768.8770000000001	1.0
769.8770000000001	1.0
770.8770000000001	1.0
771.8770000000001	1.0
772.8770000000001	1.0
773.8770000000001	1.0
774.8770000000001	1.0
775.8770000000001	1.0
776.8770000000001	1.0
777.8770000000001	1.0
778.8770000000001	1.0
779.8770000000001	1.0
780.8770000000001	1.0
781.8770000000001	1.0
782.8770000000001	1.0
783.8770000000001	1.0
784.8770000000001	1.0
785.8770000000001	1.0
786.8770000000001	1.0
787.8770000000001	1.0
788.8770000000001	1.0
789.8770000000001	1.0
790.8770000000001	1.0
791.8770000000001	1.0
792.8770000000001	1.0
793.8770000000001	1.0
794.8770000000001	1.0
795.8770000000001	1.0
796.8770000000001	1.0
797.8770000000001	1.0
798.8770000000001	1.0
799.8770000000001	1.0
800.8770000000001	1.0
801.8770000000001	1.0
802.8770000000001	1.0
803.8770000000001	1.0
804.8770000000001	1.0
805.8770000000001	1.0
806.8770000000001	1.0
807.8770000000001	1.0
808.8770000000001	1.0
809.8770000000001	1.0
810.8770000000001	1.0
811.8770000000001	1.0
812.8770000000001	1.0
813.8770000000001	1.0
814.8770000000001	1.0
815.8770000000001	1.0
816.8770000000001	1.0
817.8770000000001	1.0
818.8770000000001	1.0
819.8770000000001	1.0
820.8770000000001	1.0
821.8770000000001	1.0
822.8770000000001	1.0
823.8770000000001	1.0
824.8770000000001	1.0
825.8770000000001	1.0
826.8770000000001	1.0
827.8770000000001	1.0
828.8770000000001	1.0
829.8770000000001	1.0
830.8770000000001	1.0
831.8770000000001	1.0
832.8770000000001	1.0
833.8770000000001	1.0
834.8770000000001	1.0
835.8770000000001	1.0
836.8770000000001	1.0
837.8770000000001	1.0
838.8770000000001	1.0
839.8770000000001	1.0
840.8770000000001	1.0
841.8770000000001	1.0
842.8770000000001	1.0
843.8770000000001	1.0
844.8770000000001	1.0
845.8770000000001	1.0
846.8770000000001	1.0
847.8770000000001	1.0
848.8770000000001	1.0
849.8770000000001	1.0
850.8770000000001	1.0
851.8770000000001	1.0
852.8770000000001	1.0
853.8770000000001	1.0
854.8770000000001	1.0
855.8770000000001	1.0
856.8770000000001	1.0
857.8770000000001	1.0
858.8770000000001	1.0
859.8770000000001	1.0
860.8770000000001	1.0
861.8770000000001	1.0
862.8770000000001	1.0
863.8770000000001	1.0
864.8770000000001	1.0
865.8770000000001	1.0
866.8770000000001	1.0
867.8770000000001	1.0
868.8770000000001	1.0
869.8770000000001	1.0
870.8770000000001	1.0
871.8770000000001	1.0
872.8770000000001	1.0
873.8770000000001	1.0
874.8770000000001	1.0
875.8770000000001	1.0
876.8770000000001	1.0
877.8770000000001	1.0
878.8770000000001	1.0
879.8770000000001	1.0
880.8770000000001	1.0
881.8770000000001	1.0
882.8770000000001	1.0
883.8770000000001	1.0
884.8770000000001	1.0
885.8770000000001	1.0
886.8770000000001	1.0
887.8770000000001	1.0
888.8770000000001	1.0
889.8770000000001	1.0
890.8770000000001	1.0
891.8770000000001	1.0
892.8770000000001	1.0
893.8770000000001	1.0
894.8770000000001	1.0
895.8770000000001	1.0
896.8770000000001	1.0
897.8770000000001	1.0
898.8770000000001	1.0
899.8770000000001	1.0
900.8770000000001	1.0
901.8770000000001	1.0
902.8770000000001	1.0
903.8770000000001	1.0
904.8770000000001	1.0
905.8770000000001	1.0
906.8770000000001	1.0
907.8770000000001	1.0
908.8770000000001	1.0
909.8770000000001	1.0
910.8770000000001	1.0
911.8770000000001	1.0
912.8770000000001	1.0
913.8770000000001	1.0
914.8770000000001	1.0
915.8770000000001	1.0
916.8770000000001	1.0
917.8770000000001	1.0
918.8770000000001	1.0
919.8770000000001	1.0
920.8770000000001	1.0
921.8770000000001	1.0
922.8770000000001	1.0
923.8770000000001	1.0
924.8770000000001	1.0
925.8770000000001	1.0
926.8770000000001	1.0
927.8770000000001	1.0
928.8770000000001	1.0
929.8770000000001	1.0
930.8770000000001	1.0
931.8770000000001	1.0
932.8770000000001	1.0
933.8770000000001	1.0
934.8770000000001	1.0
935.8770000000001	1.0
936.8770000000001	1.0
937.8770000000001	1.0
938.8770000000001	1.0
939.8770000000001	1.0
940.8770000000001	1.0
941.8770000000001	1.0
942.8770000000001	1.0
943.8770000000001	1.0
944.8770000000001	1.0
945.8770000000001	1.0
946.8770000000001	1.0
947.8770000000001	1.0
948.8770000000001	1.0
949.8770000000001	1.0
950.8770000000001	1.0
951.8770000000001	1.0
952.8770000000001	1.0
953.8770000000001	1.0
954.8770000000001	1.0
955.8770000000001	1.0
956.8770000000001	1.0
957.8770000000001	1.0
958.8770000000001	1.0
959.8770000000001	1.0
960.8770000000001	1.0
961.8770000000001	1.0
962.8770000000001	1.0
963.8770000000001	1.0
964.8770000000001	1.0
965.8770000000001	1.0
966.8770000000001	1.0
967.8770000000001	1.0
968.8770000000001	1.0
969.8770000000001	1.0
970.8770000000001	1.0
971.8770000000001	1.0
972.8770000000001	1.0
973.8770000000001	1.0
974.8770000000001	1.0
975.8770000000001	1.0
976.8770000000001	1.0
977.8770000000001	1.0
978.8770000000001	1.0
979.8770000000001	1.0
980.8770000000001	1.0
981.8770000000001	1.0
982.8770000000001	1.0
983.8770000000001	1.0
984.8770000000001	1.0
985.8770000000001	1.0
986.8770000000001	1.0
987.8770000000001	1.0
988.8770000000001	1.0
989.8770000000001	1.0
990.8770000000001	1.0
991.8770000000001	1.0
992.8770000000001	1.0
993.8770000000001	1.0
994.8770000000001	1.0
995.8770000000001	1.0
