0.171	0.5100196998902401
1.147	0.5095360108820802
2.119	0.5126825603195999
3.087	0.5235569135423345
4.035	0.5288075242313617
4.984	0.522512917497916
5.945	0.5223861158415668
6.889	0.5229792660010997
7.829	0.5435593955109019
8.773	0.5433449334138839
9.724	0.5393008884828893
10.671	0.5458107407335355
11.628	0.541148768658979
12.587	0.5497486702473803
13.541	0.5597132531765118
14.495000000000001	0.5504547894636499
15.450000000000001	0.5696380495037947
16.407	0.5713181059583641
17.362000000000002	0.5760708841001294
18.328	0.5641355459847389
19.291	0.5506345882455537
20.251	0.538804556536612
21.205000000000002	0.5406632124390796
22.164	0.5331195363709295
23.112000000000002	0.5297420679024483
24.069	0.5217221964513822
25.031	0.5041983872951049
26.002	0.4792016289379505
26.971	0.4712711422129836
27.93	0.4571206540876911
28.893	0.4659182054448691
29.86	0.450746030134708
30.822	0.43301941994048493
31.798000000000002	0.4131591398277718
32.766	0.40459805359534656
33.743	0.37661475165990477
34.707	0.3724686331926875
35.68	0.3507369585727345
36.653	0.3364538741708845
37.635	0.3505490978901935
38.602000000000004	0.38801553186853943
39.574	0.46376795047741115
40.54	0.4966898305816224
41.497	0.5300879229716403
42.445	0.5327243492662533
43.409	0.5873927063036779
44.373	0.5932558240216876
45.323	0.6034562498552902
46.296	0.6185951470433465
47.265	0.6500225311655583
48.227000000000004	0.6652217878154535
49.198	0.7211094421183292
50.148	0.7306821464536606
51.124	0.7274908460503109
52.084	0.7291980537484306
53.052	0.7289290482738814
54.009	0.7258774260555083
54.958	0.7392251732489853
55.924	0.7368411881616962
56.891	0.72840022833823
57.851	0.72644541687477
58.827	0.7239714877064606
59.779	0.7370822388573358
60.731	0.7442375601144388
61.716	0.7282986368791939
62.669000000000004	0.7415584079573743
63.647	0.7495830469178829
64.618	0.7396027883718023
65.581	0.7430821642672779
66.56	0.737904625559001
67.517	0.7418463203706451
68.489	0.7411164619675445
69.437	0.7525247204070441
70.392	0.7642872366203008
71.363	0.76221417138682
72.32900000000001	0.7626989315484797
73.303	0.7717466863465097
74.285	0.7613737181150719
75.266	0.7497539084910585
76.224	0.7594678678492754
77.215	0.7446177284609152
78.191	0.7330060230397688
79.152	0.7451826788920379
80.127	0.7415139224324823
81.10300000000001	0.7358237851341671
82.08	0.7340942348953877
83.056	0.7322668485130255
84.025	0.7381210159519204
84.977	0.7562832387981708
85.92	0.7690685367640209
86.886	0.7765292295948405
87.852	0.7821860297422777
88.83500000000001	0.7728706693222052
89.802	0.776488614317273
90.769	0.7829020736479196
91.71900000000001	0.7987642645731126
92.685	0.8098119577526746
93.642	0.822854928710064
94.616	0.8253544647924862
95.59	0.8292388166845627
96.547	0.836381726522736
97.53	0.8317491938412556
98.513	0.8347924317948088
99.505	0.8194540751087454
100.48	0.8143627186357464
101.447	0.82027505983469
102.431	0.8193252760059833
103.415	0.8174052956588781
104.382	0.8247426496652043
105.357	0.8278527480926828
106.324	0.8326629105777295
107.29	0.8396237765602796
108.264	0.8475344667778001
109.247	0.8447557674875634
110.221	0.8476316779126045
111.21300000000001	0.8464556693573279
112.187	0.8506795803277588
113.161	0.8546310055558782
114.126	0.8688168765085464
115.099	0.8768618510812013
116.072	0.8847233576181046
117.054	0.8855567877971371
118.027	0.8954730123452233
119.009	0.8965493124140125
119.982	0.9060506583900587
120.964	0.9159297766284419
121.946	0.9220735127968658
122.898	0.8922486834023292
123.898	0.9364457584932442
124.869	0.915420949532838
125.85000000000001	0.8982883749208893
126.84100000000001	0.9305774930862585
127.815	0.7696760871194375
128.796	0.2657308235103353
129.787	0.7934604415120038
130.778	0.9108877154041681
131.778	0.9281001236649727
132.75900000000001	0.9345873166565227
133.75	0.9338935573831484
134.731	0.9434954851889941
135.722	0.9308844351613628
136.703	0.882044473142567
137.69400000000002	0.9257243967064552
138.68	0.8984643405600105
139.667	0.4661677203254595
140.659	0.8969707420057523
141.65	0.9376123408455057
142.631	0.3154707195961227
143.622	0.8254700936712513
144.613	0.9180688800259944
145.596	0.8199943958743222
146.584	0.8003157876466851
147.57500000000002	0.9402343404536229
148.57	0.9643847884115638
149.55100000000002	0.9066950531102219
150.54	0.9111732377820758
151.53	0.8650573794808258
152.52100000000002	0.9561341713975157
153.50900000000001	0.7805734993845426
154.496	0.474793519131099
155.487	0.702701387575367
156.485	0.8343665553057619
157.478	0.7464220221076779
158.478	0.8984010167092044
159.476	0.9060529010419699
160.467	0.645965997675081
161.467	0.9257377046381932
162.464	0.900261486563277
163.457	0.44453488460660584
164.457	0.9801721638212408
165.457	0.9890317488537022
166.455	0.8762279258492646
167.454	1.0
168.454	1.0
169.454	1.0
170.454	1.0
171.454	1.0
172.454	1.0
173.454	1.0
174.454	1.0
175.454	1.0
176.454	1.0
177.454	1.0
178.454	1.0
179.454	1.0
180.454	1.0
181.454	1.0
182.454	1.0
183.454	1.0
184.454	1.0
185.454	1.0
186.454	1.0
187.454	1.0
188.454	1.0
189.454	1.0
190.454	1.0
191.454	1.0
192.454	1.0
193.454	1.0
194.454	1.0
195.454	1.0
196.454	1.0
197.454	1.0
198.454	1.0
199.454	1.0
200.454	1.0
201.454	1.0
202.454	1.0
203.454	1.0
204.454	1.0
205.454	1.0
206.454	1.0
207.454	1.0
208.454	1.0
209.454	1.0
210.454	1.0
211.454	1.0
212.454	1.0
213.454	1.0
214.454	1.0
215.454	1.0
216.454	1.0
217.454	1.0
218.454	1.0
219.454	1.0
220.454	1.0
221.454	1.0
222.454	1.0
223.454	1.0
224.454	1.0
225.454	1.0
226.454	1.0
227.454	1.0
228.454	1.0
229.454	1.0
230.454	1.0
231.454	1.0
232.454	1.0
233.454	1.0
234.454	1.0
235.454	1.0
236.454	1.0
237.454	1.0
238.454	1.0
239.454	1.0
240.454	1.0
241.454	1.0
242.454	1.0
243.454	1.0
244.454	1.0
245.454	1.0
246.454	1.0
247.454	1.0
248.454	1.0
249.454	1.0
250.454	1.0
251.454	1.0
252.454	1.0
253.454	1.0
254.454	1.0
255.454	1.0
256.454	1.0
257.454	1.0
258.454	1.0
259.454	1.0
260.454	1.0
261.454	1.0
262.454	1.0
263.454	1.0
264.454	1.0
265.454	1.0
266.454	1.0
267.454	1.0
268.454	1.0
269.454	1.0
270.454	1.0
271.454	1.0
272.454	1.0
273.454	1.0
274.454	1.0
275.454	1.0
276.454	1.0
277.454	1.0
278.454	1.0
279.454	1.0
280.454	1.0
281.454	1.0
282.454	1.0
283.454	1.0
284.454	1.0
285.454	1.0
286.454	1.0
287.454	1.0
288.454	1.0
289.454	1.0
290.454	1.0
291.454	1.0
292.454	1.0
293.454	1.0
294.454	1.0
295.454	1.0
296.454	1.0
297.454	1.0
298.454	1.0
299.454	1.0
300.454	1.0
301.454	1.0
302.454	1.0
303.454	1.0
304.454	1.0
305.454	1.0
306.454	1.0
307.454	1.0
308.454	1.0
309.454	1.0
310.454	1.0
311.454	1.0
312.454	1.0
313.454	1.0
314.454	1.0
315.454	1.0
316.454	1.0
317.454	1.0
318.454	1.0
319.454	1.0
320.454	1.0
321.454	1.0
322.454	1.0
323.454	1.0
324.454	1.0
325.454	1.0
326.454	1.0
327.454	1.0
328.454	1.0
329.454	1.0
330.454	1.0
331.454	1.0
332.454	1.0
333.454	1.0
334.454	1.0
335.454	1.0
336.454	1.0
337.454	1.0
338.454	1.0
339.454	1.0
340.454	1.0
341.454	1.0
342.454	1.0
343.454	1.0
344.454	1.0
345.454	1.0
346.454	1.0
347.454	1.0
348.454	1.0
349.454	1.0
350.454	1.0
351.454	1.0
352.454	1.0
353.454	1.0
354.454	1.0
355.454	1.0
356.454	1.0
357.454	1.0
358.454	1.0
359.454	1.0
360.454	1.0
361.454	1.0
362.454	1.0
363.454	1.0
364.454	1.0
365.454	1.0
366.454	1.0
367.454	1.0
368.454	1.0
369.454	1.0
370.454	1.0
371.454	1.0
372.454	1.0
373.454	1.0
374.454	1.0
375.454	1.0
376.454	1.0
377.454	1.0
378.454	1.0
379.454	1.0
380.454	1.0
381.454	1.0
382.454	1.0
383.454	1.0
384.454	1.0
385.454	1.0
386.454	1.0
387.454	1.0
388.454	1.0
389.454	1.0
390.454	1.0
391.454	1.0
392.454	1.0
393.454	1.0
394.454	1.0
395.454	1.0
396.454	1.0
397.454	1.0
398.454	1.0
399.454	1.0
400.454	1.0
401.454	1.0
402.454	1.0
403.454	1.0
404.454	1.0
405.454	1.0
406.454	1.0
407.454	1.0
408.454	1.0
409.454	1.0
410.454	1.0
411.454	1.0
412.454	1.0
413.454	1.0
414.454	1.0
415.454	1.0
416.454	1.0
417.454	1.0
418.454	1.0
419.454	1.0
420.454	1.0
421.454	1.0
422.454	1.0
423.454	1.0
424.454	1.0
425.454	1.0
426.454	1.0
427.454	1.0
428.454	1.0
429.454	1.0
430.454	1.0
431.454	1.0
432.454	1.0
433.454	1.0
434.454	1.0
435.454	1.0
436.454	1.0
437.454	1.0
438.454	1.0
439.454	1.0
440.454	1.0
441.454	1.0
442.454	1.0
443.454	1.0
444.454	1.0
445.454	1.0
446.454	1.0
447.454	1.0
448.454	1.0
449.454	1.0
450.454	1.0
451.454	1.0
452.454	1.0
453.454	1.0
454.454	1.0
455.454	1.0
456.454	1.0
457.454	1.0
458.454	1.0
459.454	1.0
460.454	1.0
461.454	1.0
462.454	1.0
463.454	1.0
464.454	1.0
465.454	1.0
466.454	1.0
467.454	1.0
468.454	1.0
469.454	1.0
470.454	1.0
471.454	1.0
472.454	1.0
473.454	1.0
474.454	1.0
475.454	1.0
476.454	1.0
477.454	1.0
478.454	1.0
479.454	1.0
480.454	1.0
481.454	1.0
482.454	1.0
483.454	1.0
484.454	1.0
485.454	1.0
486.454	1.0
487.454	1.0
488.454	1.0
489.454	1.0
490.454	1.0
491.454	1.0
492.454	1.0
493.454	1.0
494.454	1.0
495.454	1.0
496.454	1.0
497.454	1.0
498.454	1.0
499.454	1.0
500.454	1.0
501.454	1.0
502.454	1.0
503.454	1.0
504.454	1.0
505.454	1.0
506.454	1.0
507.454	1.0
508.454	1.0
509.454	1.0
510.454	1.0
511.454	1.0
512.4540000000001	1.0
513.4540000000001	1.0
514.4540000000001	1.0
515.4540000000001	1.0
516.4540000000001	1.0
517.4540000000001	1.0
518.4540000000001	1.0
519.4540000000001	1.0
520.4540000000001	1.0
521.4540000000001	1.0
522.4540000000001	1.0
523.4540000000001	1.0
524.4540000000001	1.0
525.4540000000001	1.0
526.4540000000001	1.0
527.4540000000001	1.0
528.4540000000001	1.0
529.4540000000001	1.0
530.4540000000001	1.0
531.4540000000001	1.0
532.4540000000001	1.0
533.4540000000001	1.0
534.4540000000001	1.0
535.4540000000001	1.0
536.4540000000001	1.0
537.4540000000001	1.0
538.4540000000001	1.0
539.4540000000001	1.0
540.4540000000001	1.0
541.4540000000001	1.0
542.4540000000001	1.0
543.4540000000001	1.0
544.4540000000001	1.0
545.4540000000001	1.0
546.4540000000001	1.0
547.4540000000001	1.0
548.4540000000001	1.0
549.4540000000001	1.0
550.4540000000001	1.0
551.4540000000001	1.0
552.4540000000001	1.0
553.4540000000001	1.0
554.4540000000001	1.0
555.4540000000001	1.0
556.4540000000001	1.0
557.4540000000001	1.0
558.4540000000001	1.0
559.4540000000001	1.0
560.4540000000001	1.0
561.4540000000001	1.0
562.4540000000001	1.0
563.4540000000001	1.0
564.4540000000001	1.0
565.4540000000001	1.0
566.4540000000001	1.0
567.4540000000001	1.0
568.4540000000001	1.0
569.4540000000001	1.0
570.4540000000001	1.0
571.4540000000001	1.0
572.4540000000001	1.0
573.4540000000001	1.0
574.4540000000001	1.0
575.4540000000001	1.0
576.4540000000001	1.0
577.4540000000001	1.0
578.4540000000001	1.0
579.4540000000001	1.0
580.4540000000001	1.0
581.4540000000001	1.0
582.4540000000001	1.0
583.4540000000001	1.0
584.4540000000001	1.0
585.4540000000001	1.0
586.4540000000001	1.0
587.4540000000001	1.0
588.4540000000001	1.0
589.4540000000001	1.0
590.4540000000001	1.0
591.4540000000001	1.0
592.4540000000001	1.0
593.4540000000001	1.0
594.4540000000001	1.0
595.4540000000001	1.0
596.4540000000001	1.0
597.4540000000001	1.0
598.4540000000001	1.0
599.4540000000001	1.0
600.4540000000001	1.0
601.4540000000001	1.0
602.4540000000001	1.0
603.4540000000001	1.0
604.4540000000001	1.0
605.4540000000001	1.0
606.4540000000001	1.0
607.4540000000001	1.0
608.4540000000001	1.0
609.4540000000001	1.0
610.4540000000001	1.0
611.4540000000001	1.0
612.4540000000001	1.0
613.4540000000001	1.0
614.4540000000001	1.0
615.4540000000001	1.0
616.4540000000001	1.0
617.4540000000001	1.0
618.4540000000001	1.0
619.4540000000001	1.0
620.4540000000001	1.0
621.4540000000001	1.0
622.4540000000001	1.0
623.4540000000001	1.0
624.4540000000001	1.0
625.4540000000001	1.0
626.4540000000001	1.0
627.4540000000001	1.0
628.4540000000001	1.0
629.4540000000001	1.0
630.4540000000001	1.0
631.4540000000001	1.0
632.4540000000001	1.0
633.4540000000001	1.0
634.4540000000001	1.0
635.4540000000001	1.0
636.4540000000001	1.0
637.4540000000001	1.0
638.4540000000001	1.0
639.4540000000001	1.0
640.4540000000001	1.0
641.4540000000001	1.0
642.4540000000001	1.0
643.4540000000001	1.0
644.4540000000001	1.0
645.4540000000001	1.0
646.4540000000001	1.0
647.4540000000001	1.0
648.4540000000001	1.0
649.4540000000001	1.0
650.4540000000001	1.0
651.4540000000001	1.0
652.4540000000001	1.0
653.4540000000001	1.0
654.4540000000001	1.0
655.4540000000001	1.0
656.4540000000001	1.0
657.4540000000001	1.0
658.4540000000001	1.0
659.4540000000001	1.0
660.4540000000001	1.0
661.4540000000001	1.0
662.4540000000001	1.0
663.4540000000001	1.0
664.4540000000001	1.0
665.4540000000001	1.0
666.4540000000001	1.0
667.4540000000001	1.0
668.4540000000001	1.0
669.4540000000001	1.0
670.4540000000001	1.0
671.4540000000001	1.0
672.4540000000001	1.0
673.4540000000001	1.0
674.4540000000001	1.0
675.4540000000001	1.0
676.4540000000001	1.0
677.4540000000001	1.0
678.4540000000001	1.0
679.4540000000001	1.0
680.4540000000001	1.0
681.4540000000001	1.0
682.4540000000001	1.0
683.4540000000001	1.0
684.4540000000001	1.0
685.4540000000001	1.0
686.4540000000001	1.0
687.4540000000001	1.0
688.4540000000001	1.0
689.4540000000001	1.0
690.4540000000001	1.0
691.4540000000001	1.0
692.4540000000001	1.0
693.4540000000001	1.0
694.4540000000001	1.0
695.4540000000001	1.0
696.4540000000001	1.0
697.4540000000001	1.0
698.4540000000001	1.0
699.4540000000001	1.0
700.4540000000001	1.0
701.4540000000001	1.0
702.4540000000001	1.0
703.4540000000001	1.0
704.4540000000001	1.0
705.4540000000001	1.0
706.4540000000001	1.0
707.4540000000001	1.0
708.4540000000001	1.0
709.4540000000001	1.0
710.4540000000001	1.0
711.4540000000001	1.0
712.4540000000001	1.0
713.4540000000001	1.0
714.4540000000001	1.0
715.4540000000001	1.0
716.4540000000001	1.0
717.4540000000001	1.0
718.4540000000001	1.0
719.4540000000001	1.0
720.4540000000001	1.0
721.4540000000001	1.0
722.4540000000001	1.0
723.4540000000001	1.0
724.4540000000001	1.0
725.4540000000001	1.0
726.4540000000001	1.0
727.4540000000001	1.0
728.4540000000001	1.0
729.4540000000001	1.0
730.4540000000001	1.0
731.4540000000001	1.0
732.4540000000001	1.0
733.4540000000001	1.0
734.4540000000001	1.0
735.4540000000001	1.0
736.4540000000001	1.0
737.4540000000001	1.0
738.4540000000001	1.0
739.4540000000001	1.0
740.4540000000001	1.0
741.4540000000001	1.0
742.4540000000001	1.0
743.4540000000001	1.0
744.4540000000001	1.0
745.4540000000001	1.0
746.4540000000001	1.0
747.4540000000001	1.0
748.4540000000001	1.0
749.4540000000001	1.0
750.4540000000001	1.0
751.4540000000001	1.0
752.4540000000001	1.0
753.4540000000001	1.0
754.4540000000001	1.0
755.4540000000001	1.0
756.4540000000001	1.0
757.4540000000001	1.0
758.4540000000001	1.0
759.4540000000001	1.0
760.4540000000001	1.0
761.4540000000001	1.0
762.4540000000001	1.0
763.4540000000001	1.0
764.4540000000001	1.0
765.4540000000001	1.0
766.4540000000001	1.0
767.4540000000001	1.0
768.4540000000001	1.0
769.4540000000001	1.0
770.4540000000001	1.0
771.4540000000001	1.0
772.4540000000001	1.0
773.4540000000001	1.0
774.4540000000001	1.0
775.4540000000001	1.0
776.4540000000001	1.0
777.4540000000001	1.0
778.4540000000001	1.0
779.4540000000001	1.0
780.4540000000001	1.0
781.4540000000001	1.0
782.4540000000001	1.0
783.4540000000001	1.0
784.4540000000001	1.0
785.4540000000001	1.0
786.4540000000001	1.0
787.4540000000001	1.0
788.4540000000001	1.0
789.4540000000001	1.0
790.4540000000001	1.0
791.4540000000001	1.0
792.4540000000001	1.0
793.4540000000001	1.0
794.4540000000001	1.0
795.4540000000001	1.0
796.4540000000001	1.0
797.4540000000001	1.0
798.4540000000001	1.0
799.4540000000001	1.0
800.4540000000001	1.0
801.4540000000001	1.0
802.4540000000001	1.0
803.4540000000001	1.0
804.4540000000001	1.0
805.4540000000001	1.0
806.4540000000001	1.0
807.4540000000001	1.0
808.4540000000001	1.0
809.4540000000001	1.0
810.4540000000001	1.0
811.4540000000001	1.0
812.4540000000001	1.0
813.4540000000001	1.0
814.4540000000001	1.0
815.4540000000001	1.0
816.4540000000001	1.0
817.4540000000001	1.0
818.4540000000001	1.0
819.4540000000001	1.0
820.4540000000001	1.0
821.4540000000001	1.0
822.4540000000001	1.0
823.4540000000001	1.0
824.4540000000001	1.0
825.4540000000001	1.0
826.4540000000001	1.0
827.4540000000001	1.0
828.4540000000001	1.0
829.4540000000001	1.0
830.4540000000001	1.0
831.4540000000001	1.0
832.4540000000001	1.0
833.4540000000001	1.0
834.4540000000001	1.0
835.4540000000001	1.0
836.4540000000001	1.0
837.4540000000001	1.0
838.4540000000001	1.0
839.4540000000001	1.0
840.4540000000001	1.0
841.4540000000001	1.0
842.4540000000001	1.0
843.4540000000001	1.0
844.4540000000001	1.0
845.4540000000001	1.0
846.4540000000001	1.0
847.4540000000001	1.0
848.4540000000001	1.0
849.4540000000001	1.0
850.4540000000001	1.0
851.4540000000001	1.0
852.4540000000001	1.0
853.4540000000001	1.0
854.4540000000001	1.0
855.4540000000001	1.0
856.4540000000001	1.0
857.4540000000001	1.0
858.4540000000001	1.0
859.4540000000001	1.0
860.4540000000001	1.0
861.4540000000001	1.0
862.4540000000001	1.0
863.4540000000001	1.0
864.4540000000001	1.0
865.4540000000001	1.0
866.4540000000001	1.0
867.4540000000001	1.0
868.4540000000001	1.0
869.4540000000001	1.0
870.4540000000001	1.0
871.4540000000001	1.0
872.4540000000001	1.0
873.4540000000001	1.0
874.4540000000001	1.0
875.4540000000001	1.0
876.4540000000001	1.0
877.4540000000001	1.0
878.4540000000001	1.0
879.4540000000001	1.0
880.4540000000001	1.0
881.4540000000001	1.0
882.4540000000001	1.0
883.4540000000001	1.0
884.4540000000001	1.0
885.4540000000001	1.0
886.4540000000001	1.0
887.4540000000001	1.0
888.4540000000001	1.0
889.4540000000001	1.0
890.4540000000001	1.0
891.4540000000001	1.0
892.4540000000001	1.0
893.4540000000001	1.0
894.4540000000001	1.0
895.4540000000001	1.0
896.4540000000001	1.0
897.4540000000001	1.0
898.4540000000001	1.0
899.4540000000001	1.0
900.4540000000001	1.0
901.4540000000001	1.0
902.4540000000001	1.0
903.4540000000001	1.0
904.4540000000001	1.0
905.4540000000001	1.0
906.4540000000001	1.0
907.4540000000001	1.0
908.4540000000001	1.0
909.4540000000001	1.0
910.4540000000001	1.0
911.4540000000001	1.0
912.4540000000001	1.0
913.4540000000001	1.0
914.4540000000001	1.0
915.4540000000001	1.0
916.4540000000001	1.0
917.4540000000001	1.0
918.4540000000001	1.0
919.4540000000001	1.0
920.4540000000001	1.0
921.4540000000001	1.0
922.4540000000001	1.0
923.4540000000001	1.0
924.4540000000001	1.0
925.4540000000001	1.0
926.4540000000001	1.0
927.4540000000001	1.0
928.4540000000001	1.0
929.4540000000001	1.0
930.4540000000001	1.0
931.4540000000001	1.0
932.4540000000001	1.0
933.4540000000001	1.0
934.4540000000001	1.0
935.4540000000001	1.0
936.4540000000001	1.0
937.4540000000001	1.0
938.4540000000001	1.0
939.4540000000001	1.0
940.4540000000001	1.0
941.4540000000001	1.0
942.4540000000001	1.0
943.4540000000001	1.0
944.4540000000001	1.0
945.4540000000001	1.0
946.4540000000001	1.0
947.4540000000001	1.0
948.4540000000001	1.0
949.4540000000001	1.0
950.4540000000001	1.0
951.4540000000001	1.0
952.4540000000001	1.0
953.4540000000001	1.0
954.4540000000001	1.0
955.4540000000001	1.0
956.4540000000001	1.0
957.4540000000001	1.0
958.4540000000001	1.0
959.4540000000001	1.0
960.4540000000001	1.0
961.4540000000001	1.0
962.4540000000001	1.0
963.4540000000001	1.0
964.4540000000001	1.0
965.4540000000001	1.0
966.4540000000001	1.0
967.4540000000001	1.0
968.4540000000001	1.0
969.4540000000001	1.0
970.4540000000001	1.0
971.4540000000001	1.0
972.4540000000001	1.0
973.4540000000001	1.0
974.4540000000001	1.0
975.4540000000001	1.0
976.4540000000001	1.0
977.4540000000001	1.0
978.4540000000001	1.0
979.4540000000001	1.0
980.4540000000001	1.0
981.4540000000001	1.0
982.4540000000001	1.0
983.4540000000001	1.0
984.4540000000001	1.0
985.4540000000001	1.0
986.4540000000001	1.0
987.4540000000001	1.0
988.4540000000001	1.0
989.4540000000001	1.0
990.4540000000001	1.0
991.4540000000001	1.0
992.4540000000001	1.0
993.4540000000001	1.0
994.4540000000001	1.0
