0.922	0.48421786327384636
1.865	0.4744617398652188
2.8080000000000003	0.48401239661349343
3.751	0.47046708909121776
4.696	0.4663192678034748
5.639	0.4665788297151721
6.582	0.4583794123572547
7.533	0.4623264662866195
8.471	0.4618165508771298
9.421	0.46300207718783043
10.364	0.45690500326504413
11.307	0.459848211336419
12.252	0.4545037058702215
13.203	0.4575028489930498
14.157	0.4479302477428911
15.104000000000001	0.43966442905431563
16.042	0.4240425179493292
17.001	0.4383885112841648
17.951	0.42148441270609205
18.898	0.4159952447497042
19.847	0.41765596843659664
20.804000000000002	0.4160800681754562
21.747	0.4063760339976732
22.698	0.4101933408362739
23.644000000000002	0.3895508099870251
24.598	0.39215936605301693
25.544	0.40504033950664764
26.487000000000002	0.3674875493408376
27.439	0.36086194902836466
28.394000000000002	0.34802252149432283
29.361	0.36908262654294627
30.32	0.382558616445124
31.272000000000002	0.37558080704692376
32.230000000000004	0.44883824069586137
33.198	0.5135221500577186
34.151	0.5224078619641965
35.097	0.5318849910905188
36.033	0.43520619308952824
37.003	0.5709590982826216
37.965	0.6379821814692069
38.901	0.5382606899147027
39.862	0.5770321020467926
40.803000000000004	0.4043815731279036
41.764	0.47109705218738074
42.732	0.5336530383336412
43.691	0.5213482214969208
44.651	0.5318272234621547
45.603	0.4356510175331304
46.569	0.5290350146813225
47.525	0.47717568399226035
48.486000000000004	0.4585757457198909
49.448	0.4445266483485631
50.411	0.4908137773538987
51.375	0.41870691777550717
52.338	0.4853202179602009
53.305	0.5479718186080479
54.278	0.7052786870563394
55.232	0.43382974587334994
56.195	0.4410531616898026
57.167	0.6809698004448249
58.128	0.555703103916024
59.091	0.40222306030086197
60.058	0.4132211255337826
61.035000000000004	0.5574234028451084
61.999	0.3562844685037504
62.977000000000004	0.6707434247646339
63.943	0.39267863529484115
64.912	0.3972745115471082
65.883	0.2902458504929814
66.855	0.27529446242750955
67.828	0.28129325671215233
68.808	0.5961698860386462
69.777	0.2286601520032825
70.747	0.1479006492814522
71.72500000000001	0.14544909310418122
72.703	0.13344846281986725
73.682	0.1514757857380467
74.661	0.22887049426839548
75.636	0.22088219386621857
76.614	0.18992482129512608
77.58800000000001	0.14164223967108575
78.568	0.13281347970212806
79.544	0.15180351966686928
80.521	0.1441346223216204
81.501	0.14903299455189858
82.482	0.22619172523645056
83.453	0.1438708320142952
84.433	0.1607633308293876
85.417	0.23746925367963678
86.4	0.37388451560007985
87.382	0.5629083264726418
88.355	0.14547944169051155
89.33800000000001	0.16058502260035462
90.322	0.27017461426441985
91.305	0.5861642926072154
92.289	0.44454913990357775
93.277	0.5779949378587688
94.266	0.6750430054046154
95.252	0.31973410087171145
96.24000000000001	0.27332393838991004
97.232	0.7918208735933515
98.22	0.6655384437786753
99.205	0.12867082460068516
100.19800000000001	0.5963269721423786
101.185	0.1794635535810997
102.176	0.3359510680907904
103.167	0.5597979492655407
104.158	0.8104972169016892
105.138	0.5062508085736822
106.11800000000001	0.4322570347218972
107.099	0.5960665168618045
108.081	0.797218374524672
109.058	0.3404461421071849
110.048	0.5827514658871408
111.031	0.260220559151509
112.019	0.12826101450551186
113.007	0.15383209382641044
113.998	0.33946416538431234
114.98100000000001	0.24969741533705858
115.97	0.6533268817877423
116.95400000000001	0.6232438476699449
117.94200000000001	0.28662976012663766
118.923	0.15950089512561366
119.904	0.15549213083864655
120.895	0.5823874626082469
121.876	0.6254924793989546
122.85000000000001	0.1352272948126412
123.831	0.16727501084144697
124.812	0.12533907861319435
125.807	0.8696588330651042
126.788	0.6074994015229066
127.772	0.2639999786249674
128.76	0.1087852607809527
129.752	0.23139463721769024
130.744	0.772704889841329
131.735	0.5191330763489345
132.727	0.5000929888236606
133.721	0.30024880235956614
134.714	0.39876654992882743
135.707	0.3688236776569722
136.70000000000002	0.3231413093600257
137.693	0.27787034563483837
138.686	0.27858451717468213
139.679	0.2804813362082454
140.672	0.2830087094116365
141.665	0.28605740378851685
142.659	0.2869803342274296
143.653	0.28783186216054785
144.647	0.28869531574173296
145.641	0.28576223196431416
146.635	0.2856265963817971
147.63	0.2862885021256642
148.625	0.2877231152638816
149.62	0.28510760847938504
150.619	0.26721855226983576
151.609	0.22175802145588847
152.604	0.09931189101772585
153.601	0.09659249292567736
154.598	0.09710872184425279
155.596	0.11019153873209388
156.594	0.09393010131815288
157.593	0.22786351628533927
158.592	0.1301590537044812
159.592	0.8171035791246332
160.592	1.0
161.592	1.0
162.592	1.0
163.592	1.0
164.592	1.0
165.592	1.0
166.592	1.0
167.592	1.0
168.592	1.0
169.592	1.0
170.592	1.0
171.592	1.0
172.592	1.0
173.592	1.0
174.592	1.0
175.592	1.0
176.592	1.0
177.592	1.0
178.592	1.0
179.592	1.0
180.592	1.0
181.592	1.0
182.592	1.0
183.592	1.0
184.592	1.0
185.592	1.0
186.592	1.0
187.592	1.0
188.592	1.0
189.592	1.0
190.592	1.0
191.592	1.0
192.592	1.0
193.592	1.0
194.592	1.0
195.592	1.0
196.592	1.0
197.592	1.0
198.592	1.0
199.592	1.0
200.592	1.0
201.592	1.0
202.592	1.0
203.592	1.0
204.592	1.0
205.592	1.0
206.592	1.0
207.592	1.0
208.592	1.0
209.592	1.0
210.592	1.0
211.592	1.0
212.592	1.0
213.592	1.0
214.592	1.0
215.592	1.0
216.592	1.0
217.592	1.0
218.592	1.0
219.592	1.0
220.592	1.0
221.592	1.0
222.592	1.0
223.592	1.0
224.592	1.0
225.592	1.0
226.592	1.0
227.592	1.0
228.592	1.0
229.592	1.0
230.592	1.0
231.592	1.0
232.592	1.0
233.592	1.0
234.592	1.0
235.592	1.0
236.592	1.0
237.592	1.0
238.592	1.0
239.592	1.0
240.592	1.0
241.592	1.0
242.592	1.0
243.592	1.0
244.592	1.0
245.592	1.0
246.592	1.0
247.592	1.0
248.592	1.0
249.592	1.0
250.592	1.0
251.592	1.0
252.592	1.0
253.592	1.0
254.592	1.0
255.592	1.0
256.592	1.0
257.592	1.0
258.592	1.0
259.592	1.0
260.592	1.0
261.592	1.0
262.592	1.0
263.592	1.0
264.592	1.0
265.592	1.0
266.592	1.0
267.592	1.0
268.592	1.0
269.592	1.0
270.592	1.0
271.592	1.0
272.592	1.0
273.592	1.0
274.592	1.0
275.592	1.0
276.592	1.0
277.592	1.0
278.592	1.0
279.592	1.0
280.592	1.0
281.592	1.0
282.592	1.0
283.592	1.0
284.592	1.0
285.592	1.0
286.592	1.0
287.592	1.0
288.592	1.0
289.592	1.0
290.592	1.0
291.592	1.0
292.592	1.0
293.592	1.0
294.592	1.0
295.592	1.0
296.592	1.0
297.592	1.0
298.592	1.0
299.592	1.0
300.592	1.0
301.592	1.0
302.592	1.0
303.592	1.0
304.592	1.0
305.592	1.0
306.592	1.0
307.592	1.0
308.592	1.0
309.592	1.0
310.592	1.0
311.592	1.0
312.592	1.0
313.592	1.0
314.592	1.0
315.592	1.0
316.592	1.0
317.592	1.0
318.592	1.0
319.592	1.0
320.592	1.0
321.592	1.0
322.592	1.0
323.592	1.0
324.592	1.0
325.592	1.0
326.592	1.0
327.592	1.0
328.592	1.0
329.592	1.0
330.592	1.0
331.592	1.0
332.592	1.0
333.592	1.0
334.592	1.0
335.592	1.0
336.592	1.0
337.592	1.0
338.592	1.0
339.592	1.0
340.592	1.0
341.592	1.0
342.592	1.0
343.592	1.0
344.592	1.0
345.592	1.0
346.592	1.0
347.592	1.0
348.592	1.0
349.592	1.0
350.592	1.0
351.592	1.0
352.592	1.0
353.592	1.0
354.592	1.0
355.592	1.0
356.592	1.0
357.592	1.0
358.592	1.0
359.592	1.0
360.592	1.0
361.592	1.0
362.592	1.0
363.592	1.0
364.592	1.0
365.592	1.0
366.592	1.0
367.592	1.0
368.592	1.0
369.592	1.0
370.592	1.0
371.592	1.0
372.592	1.0
373.592	1.0
374.592	1.0
375.592	1.0
376.592	1.0
377.592	1.0
378.592	1.0
379.592	1.0
380.592	1.0
381.592	1.0
382.592	1.0
383.592	1.0
384.592	1.0
385.592	1.0
386.592	1.0
387.592	1.0
388.592	1.0
389.592	1.0
390.592	1.0
391.592	1.0
392.592	1.0
393.592	1.0
394.592	1.0
395.592	1.0
396.592	1.0
397.592	1.0
398.592	1.0
399.592	1.0
400.592	1.0
401.592	1.0
402.592	1.0
403.592	1.0
404.592	1.0
405.592	1.0
406.592	1.0
407.592	1.0
408.592	1.0
409.592	1.0
410.592	1.0
411.592	1.0
412.592	1.0
413.592	1.0
414.592	1.0
415.592	1.0
416.592	1.0
417.592	1.0
418.592	1.0
419.592	1.0
420.592	1.0
421.592	1.0
422.592	1.0
423.592	1.0
424.592	1.0
425.592	1.0
426.592	1.0
427.592	1.0
428.592	1.0
429.592	1.0
430.592	1.0
431.592	1.0
432.592	1.0
433.592	1.0
434.592	1.0
435.592	1.0
436.592	1.0
437.592	1.0
438.592	1.0
439.592	1.0
440.592	1.0
441.592	1.0
442.592	1.0
443.592	1.0
444.592	1.0
445.592	1.0
446.592	1.0
447.592	1.0
448.592	1.0
449.592	1.0
450.592	1.0
451.592	1.0
452.592	1.0
453.592	1.0
454.592	1.0
455.592	1.0
456.592	1.0
457.592	1.0
458.592	1.0
459.592	1.0
460.592	1.0
461.592	1.0
462.592	1.0
463.592	1.0
464.592	1.0
465.592	1.0
466.592	1.0
467.592	1.0
468.592	1.0
469.592	1.0
470.592	1.0
471.592	1.0
472.592	1.0
473.592	1.0
474.592	1.0
475.592	1.0
476.592	1.0
477.592	1.0
478.592	1.0
479.592	1.0
480.592	1.0
481.592	1.0
482.592	1.0
483.592	1.0
484.592	1.0
485.592	1.0
486.592	1.0
487.592	1.0
488.592	1.0
489.592	1.0
490.592	1.0
491.592	1.0
492.592	1.0
493.592	1.0
494.592	1.0
495.592	1.0
496.592	1.0
497.592	1.0
498.592	1.0
499.592	1.0
500.592	1.0
501.592	1.0
502.592	1.0
503.592	1.0
504.592	1.0
505.592	1.0
506.592	1.0
507.592	1.0
508.592	1.0
509.592	1.0
510.592	1.0
511.592	1.0
512.592	1.0
513.592	1.0
514.592	1.0
515.592	1.0
516.592	1.0
517.592	1.0
518.592	1.0
519.592	1.0
520.592	1.0
521.592	1.0
522.592	1.0
523.592	1.0
524.592	1.0
525.592	1.0
526.592	1.0
527.592	1.0
528.592	1.0
529.592	1.0
530.592	1.0
531.592	1.0
532.592	1.0
533.592	1.0
534.592	1.0
535.592	1.0
536.592	1.0
537.592	1.0
538.592	1.0
539.592	1.0
540.592	1.0
541.592	1.0
542.592	1.0
543.592	1.0
544.592	1.0
545.592	1.0
546.592	1.0
547.592	1.0
548.592	1.0
549.592	1.0
550.592	1.0
551.592	1.0
552.592	1.0
553.592	1.0
554.592	1.0
555.592	1.0
556.592	1.0
557.592	1.0
558.592	1.0
559.592	1.0
560.592	1.0
561.592	1.0
562.592	1.0
563.592	1.0
564.592	1.0
565.592	1.0
566.592	1.0
567.592	1.0
568.592	1.0
569.592	1.0
570.592	1.0
571.592	1.0
572.592	1.0
573.592	1.0
574.592	1.0
575.592	1.0
576.592	1.0
577.592	1.0
578.592	1.0
579.592	1.0
580.592	1.0
581.592	1.0
582.592	1.0
583.592	1.0
584.592	1.0
585.592	1.0
586.592	1.0
587.592	1.0
588.592	1.0
589.592	1.0
590.592	1.0
591.592	1.0
592.592	1.0
593.592	1.0
594.592	1.0
595.592	1.0
596.592	1.0
597.592	1.0
598.592	1.0
599.592	1.0
600.592	1.0
601.592	1.0
602.592	1.0
603.592	1.0
604.592	1.0
605.592	1.0
606.592	1.0
607.592	1.0
608.592	1.0
609.592	1.0
610.592	1.0
611.592	1.0
612.592	1.0
613.592	1.0
614.592	1.0
615.592	1.0
616.592	1.0
617.592	1.0
618.592	1.0
619.592	1.0
620.592	1.0
621.592	1.0
622.592	1.0
623.592	1.0
624.592	1.0
625.592	1.0
626.592	1.0
627.592	1.0
628.592	1.0
629.592	1.0
630.592	1.0
631.592	1.0
632.592	1.0
633.592	1.0
634.592	1.0
635.592	1.0
636.592	1.0
637.592	1.0
638.592	1.0
639.592	1.0
640.592	1.0
641.592	1.0
642.592	1.0
643.592	1.0
644.592	1.0
645.592	1.0
646.592	1.0
647.592	1.0
648.592	1.0
649.592	1.0
650.592	1.0
651.592	1.0
652.592	1.0
653.592	1.0
654.592	1.0
655.592	1.0
656.592	1.0
657.592	1.0
658.592	1.0
659.592	1.0
660.592	1.0
661.592	1.0
662.592	1.0
663.592	1.0
664.592	1.0
665.592	1.0
666.592	1.0
667.592	1.0
668.592	1.0
669.592	1.0
670.592	1.0
671.592	1.0
672.592	1.0
673.592	1.0
674.592	1.0
675.592	1.0
676.592	1.0
677.592	1.0
678.592	1.0
679.592	1.0
680.592	1.0
681.592	1.0
682.592	1.0
683.592	1.0
684.592	1.0
685.592	1.0
686.592	1.0
687.592	1.0
688.592	1.0
689.592	1.0
690.592	1.0
691.592	1.0
692.592	1.0
693.592	1.0
694.592	1.0
695.592	1.0
696.592	1.0
697.592	1.0
698.592	1.0
699.592	1.0
700.592	1.0
701.592	1.0
702.592	1.0
703.592	1.0
704.592	1.0
705.592	1.0
706.592	1.0
707.592	1.0
708.592	1.0
709.592	1.0
710.592	1.0
711.592	1.0
712.592	1.0
713.592	1.0
714.592	1.0
715.592	1.0
716.592	1.0
717.592	1.0
718.592	1.0
719.592	1.0
720.592	1.0
721.592	1.0
722.592	1.0
723.592	1.0
724.592	1.0
725.592	1.0
726.592	1.0
727.592	1.0
728.592	1.0
729.592	1.0
730.592	1.0
731.592	1.0
732.592	1.0
733.592	1.0
734.592	1.0
735.592	1.0
736.592	1.0
737.592	1.0
738.592	1.0
739.592	1.0
740.592	1.0
741.592	1.0
742.592	1.0
743.592	1.0
744.592	1.0
745.592	1.0
746.592	1.0
747.592	1.0
748.592	1.0
749.592	1.0
750.592	1.0
751.592	1.0
752.592	1.0
753.592	1.0
754.592	1.0
755.592	1.0
756.592	1.0
757.592	1.0
758.592	1.0
759.592	1.0
760.592	1.0
761.592	1.0
762.592	1.0
763.592	1.0
764.592	1.0
765.592	1.0
766.592	1.0
767.592	1.0
768.592	1.0
769.592	1.0
770.592	1.0
771.592	1.0
772.592	1.0
773.592	1.0
774.592	1.0
775.592	1.0
776.592	1.0
777.592	1.0
778.592	1.0
779.592	1.0
780.592	1.0
781.592	1.0
782.592	1.0
783.592	1.0
784.592	1.0
785.592	1.0
786.592	1.0
787.592	1.0
788.592	1.0
789.592	1.0
790.592	1.0
791.592	1.0
792.592	1.0
793.592	1.0
794.592	1.0
795.592	1.0
796.592	1.0
797.592	1.0
798.592	1.0
799.592	1.0
800.592	1.0
801.592	1.0
802.592	1.0
803.592	1.0
804.592	1.0
805.592	1.0
806.592	1.0
807.592	1.0
808.592	1.0
809.592	1.0
810.592	1.0
811.592	1.0
812.592	1.0
813.592	1.0
814.592	1.0
815.592	1.0
816.592	1.0
817.592	1.0
818.592	1.0
819.592	1.0
820.592	1.0
821.592	1.0
822.592	1.0
823.592	1.0
824.592	1.0
825.592	1.0
826.592	1.0
827.592	1.0
828.592	1.0
829.592	1.0
830.592	1.0
831.592	1.0
832.592	1.0
833.592	1.0
834.592	1.0
835.592	1.0
836.592	1.0
837.592	1.0
838.592	1.0
839.592	1.0
840.592	1.0
841.592	1.0
842.592	1.0
843.592	1.0
844.592	1.0
845.592	1.0
846.592	1.0
847.592	1.0
848.592	1.0
849.592	1.0
850.592	1.0
851.592	1.0
852.592	1.0
853.592	1.0
854.592	1.0
855.592	1.0
856.592	1.0
857.592	1.0
858.592	1.0
859.592	1.0
860.592	1.0
861.592	1.0
862.592	1.0
863.592	1.0
864.592	1.0
865.592	1.0
866.592	1.0
867.592	1.0
868.592	1.0
869.592	1.0
870.592	1.0
871.592	1.0
872.592	1.0
873.592	1.0
874.592	1.0
875.592	1.0
876.592	1.0
877.592	1.0
878.592	1.0
879.592	1.0
880.592	1.0
881.592	1.0
882.592	1.0
883.592	1.0
884.592	1.0
885.592	1.0
886.592	1.0
887.592	1.0
888.592	1.0
889.592	1.0
890.592	1.0
891.592	1.0
892.592	1.0
893.592	1.0
894.592	1.0
895.592	1.0
896.592	1.0
897.592	1.0
898.592	1.0
899.592	1.0
900.592	1.0
901.592	1.0
902.592	1.0
903.592	1.0
904.592	1.0
905.592	1.0
906.592	1.0
907.592	1.0
908.592	1.0
909.592	1.0
910.592	1.0
911.592	1.0
912.592	1.0
913.592	1.0
914.592	1.0
915.592	1.0
916.592	1.0
917.592	1.0
918.592	1.0
919.592	1.0
920.592	1.0
921.592	1.0
922.592	1.0
923.592	1.0
924.592	1.0
925.592	1.0
926.592	1.0
927.592	1.0
928.592	1.0
929.592	1.0
930.592	1.0
931.592	1.0
932.592	1.0
933.592	1.0
934.592	1.0
935.592	1.0
936.592	1.0
937.592	1.0
938.592	1.0
939.592	1.0
940.592	1.0
941.592	1.0
942.592	1.0
943.592	1.0
944.592	1.0
945.592	1.0
946.592	1.0
947.592	1.0
948.592	1.0
949.592	1.0
950.592	1.0
951.592	1.0
952.592	1.0
953.592	1.0
954.592	1.0
955.592	1.0
956.592	1.0
957.592	1.0
958.592	1.0
959.592	1.0
960.592	1.0
961.592	1.0
962.592	1.0
963.592	1.0
964.592	1.0
965.592	1.0
966.592	1.0
967.592	1.0
968.592	1.0
969.592	1.0
970.592	1.0
971.592	1.0
972.592	1.0
973.592	1.0
974.592	1.0
975.592	1.0
976.592	1.0
977.592	1.0
978.592	1.0
979.592	1.0
980.592	1.0
981.592	1.0
982.592	1.0
983.592	1.0
984.592	1.0
985.592	1.0
986.592	1.0
987.592	1.0
988.592	1.0
989.592	1.0
990.592	1.0
991.592	1.0
992.592	1.0
993.592	1.0
994.592	1.0
995.592	1.0
