0.424	0.5242884555401911
1.346	0.5319450076554386
2.275	0.541841588541925
3.203	0.5437668792256951
4.118	0.5190646968045135
5.0600000000000005	0.5194833918869813
6.014	0.5231537886818427
6.961	0.5221893030502003
7.914000000000001	0.5325444001507339
8.848	0.5403069944748882
9.775	0.5195728327047283
10.701	0.5235064025999803
11.632	0.5100597712738891
12.568	0.5085425214485183
13.512	0.5103907087272912
14.46	0.5082823000639629
15.407	0.5184166536154814
16.347	0.504444446674471
17.307	0.5436369711409063
18.247	0.5137581253996526
19.195	0.5324544400520694
20.141000000000002	0.5362793811081694
21.075	0.5323548752002881
22.005	0.5289411156366242
22.95	0.5419547218385948
23.888	0.539156584196254
24.822	0.5290787063807993
25.77	0.5438417823572579
26.721	0.5430923398182173
27.677	0.5421667061249953
28.608	0.49850228789971207
29.557000000000002	0.48708261965720784
30.502	0.441943148823341
31.443	0.43243958528655335
32.392	0.41977588861511633
33.333	0.40476168122908984
34.278	0.35149541346903634
35.243	0.3175605085672775
36.203	0.3175863321700478
37.171	0.3469708841432256
38.132	0.3390431408464899
39.095	0.2810844551471357
40.063	0.28451373377497735
41.028	0.30128038879388586
41.991	0.2774790241061939
42.962	0.41995140139926385
43.928000000000004	0.3896570931486611
44.892	0.31141869369725167
45.854	0.24177392417753188
46.826	0.318056946784109
47.79	0.26707165159271096
48.769	0.5467374701568811
49.729	0.3157651245468739
50.702	0.3642709681347615
51.674	0.5183660305829314
52.644	0.5588761396306703
53.606	0.3122694273039758
54.579	0.4656438025959203
55.546	0.25676947261433775
56.519	0.2309842414728078
57.496	0.4018203661291345
58.473	0.6253985921362161
59.442	0.4068856908448917
60.410000000000004	0.17539164574193783
61.381	0.13395674840479888
62.36	0.27817187775930186
63.34	0.5317120722379904
64.311	0.4130086020148931
65.284	0.2739957532214413
66.264	0.5278413296400294
67.237	0.22741239912362554
68.21000000000001	0.23648315204728187
69.191	0.569878895057895
70.174	0.8302791992209136
71.147	0.823562465930159
72.119	0.7605987786927894
73.092	0.6988691166289016
74.058	0.22333248376987153
75.034	0.1462364535614247
76.013	0.1123182564792296
76.991	0.16004519968240485
77.96900000000001	0.13427707587967183
78.94800000000001	0.1746987481103953
79.931	0.3495125635146332
80.911	0.41665635452475147
81.892	0.41734282135028894
82.873	0.36524656727027
83.85000000000001	0.28235667334158765
84.833	0.5235601821589465
85.809	0.24809950928038138
86.792	0.32893721572556056
87.774	0.4489683270547162
88.75	0.13335740633662754
89.73100000000001	0.1848436682830149
90.714	0.38685446094037335
91.69500000000001	0.5537791556193921
92.672	0.27508575011716446
93.658	0.6488777682529829
94.64	0.6071463465146397
95.619	0.34878759628962597
96.60000000000001	0.3491408957252056
97.583	0.5515030508140278
98.566	0.5871241320826162
99.551	0.7601460111615009
100.534	0.6610220876523272
101.515	0.7496211686610514
102.492	0.580319509919312
103.46600000000001	0.18607609383389578
104.449	0.42398100542027495
105.425	0.22533549200761083
106.407	0.41410510796801103
107.392	0.8627917094330456
108.36500000000001	0.5543764967642801
109.34100000000001	0.32735830015445033
110.322	0.35585486532129823
111.306	0.7735277660305002
112.282	0.43429676331389583
113.265	0.7531897196242927
114.238	0.3399533894405964
115.21900000000001	0.6806040435775306
116.196	0.720260341306763
117.17	0.5281937035223542
118.147	0.7005611572100872
119.123	0.5012391938761911
120.09700000000001	0.38550880023584744
121.074	0.31277747141048123
122.049	0.23362684221513688
123.034	0.45477401767597625
124.013	0.5789320158497334
124.992	0.48767971126715387
125.971	0.285439258928075
126.95100000000001	0.16285952154154898
127.937	0.6849188187373556
128.923	0.7217380078033014
129.903	0.4546164190495933
130.891	0.47165442746280056
131.87800000000001	0.5984061939599136
132.865	0.5309722932630511
133.853	0.6252072668950539
134.841	0.6983410071962863
135.826	0.553380127263457
136.811	0.28056999518881554
137.798	0.2168516650566044
138.785	0.1405316275043231
139.774	0.1248218778833159
140.762	0.23167054070141943
141.752	0.343393257407938
142.742	0.652302736622583
143.732	0.8694601997740639
144.722	0.9097997071410595
145.712	0.8904338312336978
146.702	0.7614085136967992
147.693	0.9362033997806349
148.683	0.9693564744575326
149.669	0.1779588354018833
150.65800000000002	0.11394284597279646
151.649	0.2173549795241585
152.64000000000001	0.4666044214737822
153.631	0.8733460208914162
154.62	0.4137755566399665
155.609	0.43778578127536066
156.599	0.5103692958717183
157.588	0.2115914064757601
158.578	0.2308619052048141
159.568	0.2106262786786936
160.559	0.42811899078138244
161.548	0.19090058000145382
162.53900000000002	0.5088218842609394
163.52100000000002	0.19908989450635622
164.512	0.6053302173432153
165.502	0.7369517866937538
166.492	0.5938450955186285
167.478	0.48547611247253336
168.464	0.6298363576107949
169.455	0.7220045656579834
170.455	0.9568277338648477
171.453	0.9487122766132378
172.446	0.546681016926402
173.443	0.5467196239505371
174.44	0.5470194268045655
175.43800000000002	0.5472617592326422
176.436	0.5474924489536771
177.425	0.5110334384487081
178.424	0.6066574631015577
179.423	0.5446987317026997
180.422	0.8998632139495591
181.419	0.7876150241024985
182.419	0.9966858149753514
183.419	1.0
184.419	1.0
185.419	1.0
186.419	1.0
187.419	1.0
188.419	1.0
189.419	1.0
190.419	1.0
191.419	1.0
192.419	1.0
193.419	1.0
194.419	1.0
195.419	1.0
196.419	1.0
197.419	1.0
198.419	1.0
199.419	1.0
200.419	1.0
201.419	1.0
202.419	1.0
203.419	1.0
204.419	1.0
205.419	1.0
206.419	1.0
207.419	1.0
208.419	1.0
209.419	1.0
210.419	1.0
211.419	1.0
212.419	1.0
213.419	1.0
214.419	1.0
215.419	1.0
216.419	1.0
217.419	1.0
218.419	1.0
219.419	1.0
220.419	1.0
221.419	1.0
222.419	1.0
223.419	1.0
224.419	1.0
225.419	1.0
226.419	1.0
227.419	1.0
228.419	1.0
229.419	1.0
230.419	1.0
231.419	1.0
232.419	1.0
233.419	1.0
234.419	1.0
235.419	1.0
236.419	1.0
237.419	1.0
238.419	1.0
239.419	1.0
240.419	1.0
241.419	1.0
242.419	1.0
243.419	1.0
244.419	1.0
245.419	1.0
246.419	1.0
247.419	1.0
248.419	1.0
249.419	1.0
250.419	1.0
251.419	1.0
252.419	1.0
253.419	1.0
254.419	1.0
255.419	1.0
256.419	1.0
257.419	1.0
258.419	1.0
259.419	1.0
260.419	1.0
261.419	1.0
262.419	1.0
263.419	1.0
264.419	1.0
265.419	1.0
266.419	1.0
267.419	1.0
268.419	1.0
269.419	1.0
270.419	1.0
271.419	1.0
272.419	1.0
273.419	1.0
274.419	1.0
275.419	1.0
276.419	1.0
277.419	1.0
278.419	1.0
279.419	1.0
280.419	1.0
281.419	1.0
282.419	1.0
283.419	1.0
284.419	1.0
285.419	1.0
286.419	1.0
287.419	1.0
288.419	1.0
289.419	1.0
290.419	1.0
291.419	1.0
292.419	1.0
293.419	1.0
294.419	1.0
295.419	1.0
296.419	1.0
297.419	1.0
298.419	1.0
299.419	1.0
300.419	1.0
301.419	1.0
302.419	1.0
303.419	1.0
304.419	1.0
305.419	1.0
306.419	1.0
307.419	1.0
308.419	1.0
309.419	1.0
310.419	1.0
311.419	1.0
312.419	1.0
313.419	1.0
314.419	1.0
315.419	1.0
316.419	1.0
317.419	1.0
318.419	1.0
319.419	1.0
320.419	1.0
321.419	1.0
322.419	1.0
323.419	1.0
324.419	1.0
325.419	1.0
326.419	1.0
327.419	1.0
328.419	1.0
329.419	1.0
330.419	1.0
331.419	1.0
332.419	1.0
333.419	1.0
334.419	1.0
335.419	1.0
336.419	1.0
337.419	1.0
338.419	1.0
339.419	1.0
340.419	1.0
341.419	1.0
342.419	1.0
343.419	1.0
344.419	1.0
345.419	1.0
346.419	1.0
347.419	1.0
348.419	1.0
349.419	1.0
350.419	1.0
351.419	1.0
352.419	1.0
353.419	1.0
354.419	1.0
355.419	1.0
356.419	1.0
357.419	1.0
358.419	1.0
359.419	1.0
360.419	1.0
361.419	1.0
362.419	1.0
363.419	1.0
364.419	1.0
365.419	1.0
366.419	1.0
367.419	1.0
368.419	1.0
369.419	1.0
370.419	1.0
371.419	1.0
372.419	1.0
373.419	1.0
374.419	1.0
375.419	1.0
376.419	1.0
377.419	1.0
378.419	1.0
379.419	1.0
380.419	1.0
381.419	1.0
382.419	1.0
383.419	1.0
384.419	1.0
385.419	1.0
386.419	1.0
387.419	1.0
388.419	1.0
389.419	1.0
390.419	1.0
391.419	1.0
392.419	1.0
393.419	1.0
394.419	1.0
395.419	1.0
396.419	1.0
397.419	1.0
398.419	1.0
399.419	1.0
400.419	1.0
401.419	1.0
402.419	1.0
403.419	1.0
404.419	1.0
405.419	1.0
406.419	1.0
407.419	1.0
408.419	1.0
409.419	1.0
410.419	1.0
411.419	1.0
412.419	1.0
413.419	1.0
414.419	1.0
415.419	1.0
416.419	1.0
417.419	1.0
418.419	1.0
419.419	1.0
420.419	1.0
421.419	1.0
422.419	1.0
423.419	1.0
424.419	1.0
425.419	1.0
426.419	1.0
427.419	1.0
428.419	1.0
429.419	1.0
430.419	1.0
431.419	1.0
432.419	1.0
433.419	1.0
434.419	1.0
435.419	1.0
436.419	1.0
437.419	1.0
438.419	1.0
439.419	1.0
440.419	1.0
441.419	1.0
442.419	1.0
443.419	1.0
444.419	1.0
445.419	1.0
446.419	1.0
447.419	1.0
448.419	1.0
449.419	1.0
450.419	1.0
451.419	1.0
452.419	1.0
453.419	1.0
454.419	1.0
455.419	1.0
456.419	1.0
457.419	1.0
458.419	1.0
459.419	1.0
460.419	1.0
461.419	1.0
462.419	1.0
463.419	1.0
464.419	1.0
465.419	1.0
466.419	1.0
467.419	1.0
468.419	1.0
469.419	1.0
470.419	1.0
471.419	1.0
472.419	1.0
473.419	1.0
474.419	1.0
475.419	1.0
476.419	1.0
477.419	1.0
478.419	1.0
479.419	1.0
480.419	1.0
481.419	1.0
482.419	1.0
483.419	1.0
484.419	1.0
485.419	1.0
486.419	1.0
487.419	1.0
488.419	1.0
489.419	1.0
490.419	1.0
491.419	1.0
492.419	1.0
493.419	1.0
494.419	1.0
495.419	1.0
496.419	1.0
497.419	1.0
498.419	1.0
499.419	1.0
500.419	1.0
501.419	1.0
502.419	1.0
503.419	1.0
504.419	1.0
505.419	1.0
506.419	1.0
507.419	1.0
508.419	1.0
509.419	1.0
510.419	1.0
511.419	1.0
512.419	1.0
513.419	1.0
514.419	1.0
515.419	1.0
516.419	1.0
517.419	1.0
518.419	1.0
519.419	1.0
520.419	1.0
521.419	1.0
522.419	1.0
523.419	1.0
524.419	1.0
525.419	1.0
526.419	1.0
527.419	1.0
528.419	1.0
529.419	1.0
530.419	1.0
531.419	1.0
532.419	1.0
533.419	1.0
534.419	1.0
535.419	1.0
536.419	1.0
537.419	1.0
538.419	1.0
539.419	1.0
540.419	1.0
541.419	1.0
542.419	1.0
543.419	1.0
544.419	1.0
545.419	1.0
546.419	1.0
547.419	1.0
548.419	1.0
549.419	1.0
550.419	1.0
551.419	1.0
552.419	1.0
553.419	1.0
554.419	1.0
555.419	1.0
556.419	1.0
557.419	1.0
558.419	1.0
559.419	1.0
560.419	1.0
561.419	1.0
562.419	1.0
563.419	1.0
564.419	1.0
565.419	1.0
566.419	1.0
567.419	1.0
568.419	1.0
569.419	1.0
570.419	1.0
571.419	1.0
572.419	1.0
573.419	1.0
574.419	1.0
575.419	1.0
576.419	1.0
577.419	1.0
578.419	1.0
579.419	1.0
580.419	1.0
581.419	1.0
582.419	1.0
583.419	1.0
584.419	1.0
585.419	1.0
586.419	1.0
587.419	1.0
588.419	1.0
589.419	1.0
590.419	1.0
591.419	1.0
592.419	1.0
593.419	1.0
594.419	1.0
595.419	1.0
596.419	1.0
597.419	1.0
598.419	1.0
599.419	1.0
600.419	1.0
601.419	1.0
602.419	1.0
603.419	1.0
604.419	1.0
605.419	1.0
606.419	1.0
607.419	1.0
608.419	1.0
609.419	1.0
610.419	1.0
611.419	1.0
612.419	1.0
613.419	1.0
614.419	1.0
615.419	1.0
616.419	1.0
617.419	1.0
618.419	1.0
619.419	1.0
620.419	1.0
621.419	1.0
622.419	1.0
623.419	1.0
624.419	1.0
625.419	1.0
626.419	1.0
627.419	1.0
628.419	1.0
629.419	1.0
630.419	1.0
631.419	1.0
632.419	1.0
633.419	1.0
634.419	1.0
635.419	1.0
636.419	1.0
637.419	1.0
638.419	1.0
639.419	1.0
640.419	1.0
641.419	1.0
642.419	1.0
643.419	1.0
644.419	1.0
645.419	1.0
646.419	1.0
647.419	1.0
648.419	1.0
649.419	1.0
650.419	1.0
651.419	1.0
652.419	1.0
653.419	1.0
654.419	1.0
655.419	1.0
656.419	1.0
657.419	1.0
658.419	1.0
659.419	1.0
660.419	1.0
661.419	1.0
662.419	1.0
663.419	1.0
664.419	1.0
665.419	1.0
666.419	1.0
667.419	1.0
668.419	1.0
669.419	1.0
670.419	1.0
671.419	1.0
672.419	1.0
673.419	1.0
674.419	1.0
675.419	1.0
676.419	1.0
677.419	1.0
678.419	1.0
679.419	1.0
680.419	1.0
681.419	1.0
682.419	1.0
683.419	1.0
684.419	1.0
685.419	1.0
686.419	1.0
687.419	1.0
688.419	1.0
689.419	1.0
690.419	1.0
691.419	1.0
692.419	1.0
693.419	1.0
694.419	1.0
695.419	1.0
696.419	1.0
697.419	1.0
698.419	1.0
699.419	1.0
700.419	1.0
701.419	1.0
702.419	1.0
703.419	1.0
704.419	1.0
705.419	1.0
706.419	1.0
707.419	1.0
708.419	1.0
709.419	1.0
710.419	1.0
711.419	1.0
712.419	1.0
713.419	1.0
714.419	1.0
715.419	1.0
716.419	1.0
717.419	1.0
718.419	1.0
719.419	1.0
720.419	1.0
721.419	1.0
722.419	1.0
723.419	1.0
724.419	1.0
725.419	1.0
726.419	1.0
727.419	1.0
728.419	1.0
729.419	1.0
730.419	1.0
731.419	1.0
732.419	1.0
733.419	1.0
734.419	1.0
735.419	1.0
736.419	1.0
737.419	1.0
738.419	1.0
739.419	1.0
740.419	1.0
741.419	1.0
742.419	1.0
743.419	1.0
744.419	1.0
745.419	1.0
746.419	1.0
747.419	1.0
748.419	1.0
749.419	1.0
750.419	1.0
751.419	1.0
752.419	1.0
753.419	1.0
754.419	1.0
755.419	1.0
756.419	1.0
757.419	1.0
758.419	1.0
759.419	1.0
760.419	1.0
761.419	1.0
762.419	1.0
763.419	1.0
764.419	1.0
765.419	1.0
766.419	1.0
767.419	1.0
768.419	1.0
769.419	1.0
770.419	1.0
771.419	1.0
772.419	1.0
773.419	1.0
774.419	1.0
775.419	1.0
776.419	1.0
777.419	1.0
778.419	1.0
779.419	1.0
780.419	1.0
781.419	1.0
782.419	1.0
783.419	1.0
784.419	1.0
785.419	1.0
786.419	1.0
787.419	1.0
788.419	1.0
789.419	1.0
790.419	1.0
791.419	1.0
792.419	1.0
793.419	1.0
794.419	1.0
795.419	1.0
796.419	1.0
797.419	1.0
798.419	1.0
799.419	1.0
800.419	1.0
801.419	1.0
802.419	1.0
803.419	1.0
804.419	1.0
805.419	1.0
806.419	1.0
807.419	1.0
808.419	1.0
809.419	1.0
810.419	1.0
811.419	1.0
812.419	1.0
813.419	1.0
814.419	1.0
815.419	1.0
816.419	1.0
817.419	1.0
818.419	1.0
819.419	1.0
820.419	1.0
821.419	1.0
822.419	1.0
823.419	1.0
824.419	1.0
825.419	1.0
826.419	1.0
827.419	1.0
828.419	1.0
829.419	1.0
830.419	1.0
831.419	1.0
832.419	1.0
833.419	1.0
834.419	1.0
835.419	1.0
836.419	1.0
837.419	1.0
838.419	1.0
839.419	1.0
840.419	1.0
841.419	1.0
842.419	1.0
843.419	1.0
844.419	1.0
845.419	1.0
846.419	1.0
847.419	1.0
848.419	1.0
849.419	1.0
850.419	1.0
851.419	1.0
852.419	1.0
853.419	1.0
854.419	1.0
855.419	1.0
856.419	1.0
857.419	1.0
858.419	1.0
859.419	1.0
860.419	1.0
861.419	1.0
862.419	1.0
863.419	1.0
864.419	1.0
865.419	1.0
866.419	1.0
867.419	1.0
868.419	1.0
869.419	1.0
870.419	1.0
871.419	1.0
872.419	1.0
873.419	1.0
874.419	1.0
875.419	1.0
876.419	1.0
877.419	1.0
878.419	1.0
879.419	1.0
880.419	1.0
881.419	1.0
882.419	1.0
883.419	1.0
884.419	1.0
885.419	1.0
886.419	1.0
887.419	1.0
888.419	1.0
889.419	1.0
890.419	1.0
891.419	1.0
892.419	1.0
893.419	1.0
894.419	1.0
895.419	1.0
896.419	1.0
897.419	1.0
898.419	1.0
899.419	1.0
900.419	1.0
901.419	1.0
902.419	1.0
903.419	1.0
904.419	1.0
905.419	1.0
906.419	1.0
907.419	1.0
908.419	1.0
909.419	1.0
910.419	1.0
911.419	1.0
912.419	1.0
913.419	1.0
914.419	1.0
915.419	1.0
916.419	1.0
917.419	1.0
918.419	1.0
919.419	1.0
920.419	1.0
921.419	1.0
922.419	1.0
923.419	1.0
924.419	1.0
925.419	1.0
926.419	1.0
927.419	1.0
928.419	1.0
929.419	1.0
930.419	1.0
931.419	1.0
932.419	1.0
933.419	1.0
934.419	1.0
935.419	1.0
936.419	1.0
937.419	1.0
938.419	1.0
939.419	1.0
940.419	1.0
941.419	1.0
942.419	1.0
943.419	1.0
944.419	1.0
945.419	1.0
946.419	1.0
947.419	1.0
948.419	1.0
949.419	1.0
950.419	1.0
951.419	1.0
952.419	1.0
953.419	1.0
954.419	1.0
955.419	1.0
956.419	1.0
957.419	1.0
958.419	1.0
959.419	1.0
960.419	1.0
961.419	1.0
962.419	1.0
963.419	1.0
964.419	1.0
965.419	1.0
966.419	1.0
967.419	1.0
968.419	1.0
969.419	1.0
970.419	1.0
971.419	1.0
972.419	1.0
973.419	1.0
974.419	1.0
975.419	1.0
976.419	1.0
977.419	1.0
978.419	1.0
979.419	1.0
980.419	1.0
981.419	1.0
982.419	1.0
983.419	1.0
984.419	1.0
985.419	1.0
986.419	1.0
987.419	1.0
988.419	1.0
989.419	1.0
990.419	1.0
991.419	1.0
992.419	1.0
993.419	1.0
994.419	1.0
