0.435	0.5212853072323439
1.377	0.5137703732927451
2.33	0.5255094478910622
3.275	0.5191322735431576
4.228	0.5138642060171056
5.166	0.5263752474760864
6.107	0.5225170898625601
7.0520000000000005	0.5166001281536199
7.9910000000000005	0.5160494751615855
8.945	0.5175627549415596
9.905	0.5122018982440527
10.867	0.5087376077880075
11.83	0.5214092015511987
12.786	0.5133861980875029
13.731	0.5213973383911501
14.687000000000001	0.5243258687370095
15.64	0.5090436408996675
16.59	0.4966459826126865
17.555	0.503110406083142
18.514	0.4992458462430584
19.464	0.4930986804675619
20.415	0.5009668436869038
21.364	0.48788435446094486
22.319	0.4905363087328278
23.267	0.498837914037357
24.214000000000002	0.49720664043195834
25.162	0.4895760261237887
26.112000000000002	0.48252017497509986
27.062	0.47966371947833353
28.021	0.49801185521180247
28.969	0.4985075514897835
29.922	0.4989228855401193
30.869	0.49277828505424975
31.817	0.4872468329448301
32.768	0.4832229451492171
33.724000000000004	0.4696969042359698
34.682	0.46233158890832454
35.646	0.47212032301035295
36.607	0.4825688794679345
37.562	0.5054777303988915
38.515	0.4986714222049726
39.459	0.4867531078337077
40.4	0.49494516204679634
41.361000000000004	0.5225596132726745
42.312	0.5227835539834866
43.255	0.5196076903240634
44.203	0.516983822353681
45.163000000000004	0.5141646112884195
46.12	0.518275567771254
47.063	0.5075788361898351
48.013	0.4936871895764557
48.954	0.4707690530804559
49.896	0.479245656282837
50.839	0.47020386187818225
51.781	0.4722921848414585
52.721000000000004	0.4712909416299533
53.664	0.4640719085175288
54.616	0.45540085975604133
55.563	0.4610734149231608
56.514	0.4539496553603753
57.471000000000004	0.4585230117158852
58.433	0.46059657823096795
59.38	0.4612465033030435
60.326	0.46154898817086526
61.283	0.46456953464248746
62.234	0.4678214740759956
63.173	0.472495567571045
64.119	0.4856256863738837
65.059	0.47114264206169226
65.999	0.4784291228342695
66.952	0.47682081959189426
67.905	0.47966093881562094
68.85000000000001	0.4888738676387253
69.799	0.49574646032425806
70.747	0.49001785630036276
71.703	0.4900859791614052
72.644	0.49923493558330867
73.58500000000001	0.5013138433605464
74.534	0.5090011103426818
75.486	0.5092091965160555
76.415	0.5197468021127268
77.356	0.5361190904817835
78.277	0.5588174885872783
79.211	0.5839820125654783
80.144	0.6005221282223663
81.068	0.6146773870629968
81.99	0.6361071789569593
82.912	0.6540256066113388
83.831	0.6861477392808906
84.762	0.7081244653650653
85.679	0.7094015682539285
86.601	0.708120241786308
87.542	0.7231581272187949
88.45700000000001	0.7542641209005848
89.388	0.7132528828273371
90.327	0.6858721225586238
91.274	0.6965778018073142
92.21900000000001	0.6466534295244225
93.162	0.5946310118437604
94.11200000000001	0.5864598397753679
95.069	0.6715436462430359
96.02	0.5833652669182083
96.988	0.6601720522544324
97.938	0.596402678436919
98.913	0.7743436662100199
99.864	0.7351431856746494
100.816	0.6219123281486774
101.78	0.6695259306282216
102.742	0.5949562700301292
103.709	0.6045036380246456
104.673	0.4854780770398479
105.643	0.4402374709342622
106.616	0.4895934346565775
107.587	0.49355585310669614
108.56	0.5623264714545136
109.527	0.39028943584568926
110.503	0.5360049168205905
111.47200000000001	0.43352472861868213
112.44500000000001	0.370326888575651
113.422	0.5599784899645179
114.398	0.6826231040775962
115.372	0.7110431946056058
116.342	0.5465466349194328
117.31	0.3128001115776736
118.287	0.4725844226332845
119.258	0.383427949079142
120.23400000000001	0.3889979276791897
121.21300000000001	0.6894830911188699
122.183	0.43256135523925965
123.157	0.2587537612215247
124.139	0.6956428943232474
125.108	0.17299844154404723
126.096	0.7081927901802183
127.077	0.765657083562175
128.052	0.5113578495778935
129.034	0.7525106607291694
130.013	0.8305188420502676
130.984	0.3995307917840451
131.962	0.29554533234693114
132.943	0.31725795620088787
133.925	0.4606025437961918
134.90800000000002	0.7192286443085792
135.886	0.3434175714206994
136.868	0.6241951872450169
137.849	0.66960781398708
138.83	0.6505811346465393
139.812	0.7185660912208317
140.793	0.6102131668576526
141.774	0.7640605776653037
142.755	0.6568318172958117
143.739	0.5962098388479015
144.726	0.8299191769748393
145.707	0.8503394710313191
146.68800000000002	0.7890014578200993
147.669	0.623231151656208
148.653	0.6809816891655349
149.637	0.6220776129957689
150.622	0.7065141692518294
151.602	0.35067225581473044
152.586	0.34608803343623057
153.572	0.6527660270481896
154.553	0.5491980824569536
155.535	0.6113601800689717
156.524	0.8620046361801917
157.508	0.8190004952606419
158.488	0.45677398855497975
159.472	0.41365438684336286
160.458	0.6657984995170264
161.445	0.786408483408127
162.429	0.7558453908590085
163.412	0.5891221907478219
164.393	0.3795011703592265
165.376	0.5505800020734173
166.36	0.5495194689781026
167.345	0.6478701195653856
168.333	0.7774864578177911
169.316	0.5551512218123571
170.3	0.3722684549219752
171.286	0.21798528352401217
172.27700000000002	0.5211855382505133
173.266	0.21863024662883565
174.258	0.5848818227258888
175.251	0.504940222923792
176.242	0.6994542680605873
177.233	0.8310770644597693
178.223	0.7815922198832104
179.213	0.6334188506415392
180.204	0.7983352555487108
181.195	0.306638926118486
182.18800000000002	0.3100894581843965
183.184	0.7231556591554658
184.178	0.9283386072039368
185.166	0.9363358189453221
186.156	0.5651788230136988
187.147	0.354546797394308
188.14000000000001	0.4568127526594849
189.131	0.286761195035087
190.124	0.3813586953346488
191.116	0.4266419763748596
192.113	0.89454594641445
193.1	0.7821282631814922
194.089	0.6277080035782635
195.08700000000002	0.82304590505307
196.077	0.5803414553328358
197.076	0.7874996531220683
198.064	0.43770552674586194
199.055	0.39893765105290707
200.047	0.4878488223502656
201.03900000000002	0.2966950360892914
202.037	0.6833570779714317
203.02700000000002	0.5027244893432983
204.017	0.21663420889593035
205.01	0.3056097270077566
206.005	0.47948305532223656
206.995	0.09247824884958826
207.992	0.5453075105253881
208.984	0.4004605948820169
209.976	0.2224463834787244
210.969	0.11012715629842763
211.963	0.10705434755387647
212.957	0.15304564369017049
213.952	0.18559476368495853
214.945	0.11384180856321878
215.94	0.11901133797734371
216.936	0.49778260223145926
217.929	0.1675695676964323
218.924	0.1711136541530266
219.92000000000002	0.1735394162047993
220.916	0.13352664233446726
221.913	0.16506548561385728
222.911	0.5274120928165207
223.905	0.16749525907187138
224.904	0.6029548773434502
225.898	0.13009687197717004
226.89600000000002	0.16536552163823037
227.895	0.43547785689151935
228.891	0.1636920529867621
229.891	0.7032380376143236
230.89000000000001	0.7383550356726866
231.888	0.25277797071831404
232.888	0.9639260887380332
233.888	1.0
234.888	1.0
235.888	1.0
236.888	1.0
237.888	1.0
238.888	1.0
239.888	1.0
240.888	1.0
241.888	1.0
242.888	1.0
243.888	1.0
244.888	1.0
245.888	1.0
246.888	1.0
247.888	1.0
248.888	1.0
249.888	1.0
250.888	1.0
251.888	1.0
252.888	1.0
253.888	1.0
254.888	1.0
255.888	1.0
256.88800000000003	1.0
257.88800000000003	1.0
258.88800000000003	1.0
259.88800000000003	1.0
260.88800000000003	1.0
261.88800000000003	1.0
262.88800000000003	1.0
263.88800000000003	1.0
264.88800000000003	1.0
265.88800000000003	1.0
266.88800000000003	1.0
267.88800000000003	1.0
268.88800000000003	1.0
269.88800000000003	1.0
270.88800000000003	1.0
271.88800000000003	1.0
272.88800000000003	1.0
273.88800000000003	1.0
274.88800000000003	1.0
275.88800000000003	1.0
276.88800000000003	1.0
277.88800000000003	1.0
278.88800000000003	1.0
279.88800000000003	1.0
280.88800000000003	1.0
281.88800000000003	1.0
282.88800000000003	1.0
283.88800000000003	1.0
284.88800000000003	1.0
285.88800000000003	1.0
286.88800000000003	1.0
287.88800000000003	1.0
288.88800000000003	1.0
289.88800000000003	1.0
290.88800000000003	1.0
291.88800000000003	1.0
292.88800000000003	1.0
293.88800000000003	1.0
294.88800000000003	1.0
295.88800000000003	1.0
296.88800000000003	1.0
297.88800000000003	1.0
298.88800000000003	1.0
299.88800000000003	1.0
300.88800000000003	1.0
301.88800000000003	1.0
302.88800000000003	1.0
303.88800000000003	1.0
304.88800000000003	1.0
305.88800000000003	1.0
306.88800000000003	1.0
307.88800000000003	1.0
308.88800000000003	1.0
309.88800000000003	1.0
310.88800000000003	1.0
311.88800000000003	1.0
312.88800000000003	1.0
313.88800000000003	1.0
314.88800000000003	1.0
315.88800000000003	1.0
316.88800000000003	1.0
317.88800000000003	1.0
318.88800000000003	1.0
319.88800000000003	1.0
320.88800000000003	1.0
321.88800000000003	1.0
322.88800000000003	1.0
323.88800000000003	1.0
324.88800000000003	1.0
325.88800000000003	1.0
326.88800000000003	1.0
327.88800000000003	1.0
328.88800000000003	1.0
329.88800000000003	1.0
330.88800000000003	1.0
331.88800000000003	1.0
332.88800000000003	1.0
333.88800000000003	1.0
334.88800000000003	1.0
335.88800000000003	1.0
336.88800000000003	1.0
337.88800000000003	1.0
338.88800000000003	1.0
339.88800000000003	1.0
340.88800000000003	1.0
341.88800000000003	1.0
342.88800000000003	1.0
343.88800000000003	1.0
344.88800000000003	1.0
345.88800000000003	1.0
346.88800000000003	1.0
347.88800000000003	1.0
348.88800000000003	1.0
349.88800000000003	1.0
350.88800000000003	1.0
351.88800000000003	1.0
352.88800000000003	1.0
353.88800000000003	1.0
354.88800000000003	1.0
355.88800000000003	1.0
356.88800000000003	1.0
357.88800000000003	1.0
358.88800000000003	1.0
359.88800000000003	1.0
360.88800000000003	1.0
361.88800000000003	1.0
362.88800000000003	1.0
363.88800000000003	1.0
364.88800000000003	1.0
365.88800000000003	1.0
366.88800000000003	1.0
367.88800000000003	1.0
368.88800000000003	1.0
369.88800000000003	1.0
370.88800000000003	1.0
371.88800000000003	1.0
372.88800000000003	1.0
373.88800000000003	1.0
374.88800000000003	1.0
375.88800000000003	1.0
376.88800000000003	1.0
377.88800000000003	1.0
378.88800000000003	1.0
379.88800000000003	1.0
380.88800000000003	1.0
381.88800000000003	1.0
382.88800000000003	1.0
383.88800000000003	1.0
384.88800000000003	1.0
385.88800000000003	1.0
386.88800000000003	1.0
387.88800000000003	1.0
388.88800000000003	1.0
389.88800000000003	1.0
390.88800000000003	1.0
391.88800000000003	1.0
392.88800000000003	1.0
393.88800000000003	1.0
394.88800000000003	1.0
395.88800000000003	1.0
396.88800000000003	1.0
397.88800000000003	1.0
398.88800000000003	1.0
399.88800000000003	1.0
400.88800000000003	1.0
401.88800000000003	1.0
402.88800000000003	1.0
403.88800000000003	1.0
404.88800000000003	1.0
405.88800000000003	1.0
406.88800000000003	1.0
407.88800000000003	1.0
408.88800000000003	1.0
409.88800000000003	1.0
410.88800000000003	1.0
411.88800000000003	1.0
412.88800000000003	1.0
413.88800000000003	1.0
414.88800000000003	1.0
415.88800000000003	1.0
416.88800000000003	1.0
417.88800000000003	1.0
418.88800000000003	1.0
419.88800000000003	1.0
420.88800000000003	1.0
421.88800000000003	1.0
422.88800000000003	1.0
423.88800000000003	1.0
424.88800000000003	1.0
425.88800000000003	1.0
426.88800000000003	1.0
427.88800000000003	1.0
428.88800000000003	1.0
429.88800000000003	1.0
430.88800000000003	1.0
431.88800000000003	1.0
432.88800000000003	1.0
433.88800000000003	1.0
434.88800000000003	1.0
435.88800000000003	1.0
436.88800000000003	1.0
437.88800000000003	1.0
438.88800000000003	1.0
439.88800000000003	1.0
440.88800000000003	1.0
441.88800000000003	1.0
442.88800000000003	1.0
443.88800000000003	1.0
444.88800000000003	1.0
445.88800000000003	1.0
446.88800000000003	1.0
447.88800000000003	1.0
448.88800000000003	1.0
449.88800000000003	1.0
450.88800000000003	1.0
451.88800000000003	1.0
452.88800000000003	1.0
453.88800000000003	1.0
454.88800000000003	1.0
455.88800000000003	1.0
456.88800000000003	1.0
457.88800000000003	1.0
458.88800000000003	1.0
459.88800000000003	1.0
460.88800000000003	1.0
461.88800000000003	1.0
462.88800000000003	1.0
463.88800000000003	1.0
464.88800000000003	1.0
465.88800000000003	1.0
466.88800000000003	1.0
467.88800000000003	1.0
468.88800000000003	1.0
469.88800000000003	1.0
470.88800000000003	1.0
471.88800000000003	1.0
472.88800000000003	1.0
473.88800000000003	1.0
474.88800000000003	1.0
475.88800000000003	1.0
476.88800000000003	1.0
477.88800000000003	1.0
478.88800000000003	1.0
479.88800000000003	1.0
480.88800000000003	1.0
481.88800000000003	1.0
482.88800000000003	1.0
483.88800000000003	1.0
484.88800000000003	1.0
485.88800000000003	1.0
486.88800000000003	1.0
487.88800000000003	1.0
488.88800000000003	1.0
489.88800000000003	1.0
490.88800000000003	1.0
491.88800000000003	1.0
492.88800000000003	1.0
493.88800000000003	1.0
494.88800000000003	1.0
495.88800000000003	1.0
496.88800000000003	1.0
497.88800000000003	1.0
498.88800000000003	1.0
499.88800000000003	1.0
500.88800000000003	1.0
501.88800000000003	1.0
502.88800000000003	1.0
503.88800000000003	1.0
504.88800000000003	1.0
505.88800000000003	1.0
506.88800000000003	1.0
507.88800000000003	1.0
508.88800000000003	1.0
509.88800000000003	1.0
510.88800000000003	1.0
511.88800000000003	1.0
512.888	1.0
513.888	1.0
514.888	1.0
515.888	1.0
516.888	1.0
517.888	1.0
518.888	1.0
519.888	1.0
520.888	1.0
521.888	1.0
522.888	1.0
523.888	1.0
524.888	1.0
525.888	1.0
526.888	1.0
527.888	1.0
528.888	1.0
529.888	1.0
530.888	1.0
531.888	1.0
532.888	1.0
533.888	1.0
534.888	1.0
535.888	1.0
536.888	1.0
537.888	1.0
538.888	1.0
539.888	1.0
540.888	1.0
541.888	1.0
542.888	1.0
543.888	1.0
544.888	1.0
545.888	1.0
546.888	1.0
547.888	1.0
548.888	1.0
549.888	1.0
550.888	1.0
551.888	1.0
552.888	1.0
553.888	1.0
554.888	1.0
555.888	1.0
556.888	1.0
557.888	1.0
558.888	1.0
559.888	1.0
560.888	1.0
561.888	1.0
562.888	1.0
563.888	1.0
564.888	1.0
565.888	1.0
566.888	1.0
567.888	1.0
568.888	1.0
569.888	1.0
570.888	1.0
571.888	1.0
572.888	1.0
573.888	1.0
574.888	1.0
575.888	1.0
576.888	1.0
577.888	1.0
578.888	1.0
579.888	1.0
580.888	1.0
581.888	1.0
582.888	1.0
583.888	1.0
584.888	1.0
585.888	1.0
586.888	1.0
587.888	1.0
588.888	1.0
589.888	1.0
590.888	1.0
591.888	1.0
592.888	1.0
593.888	1.0
594.888	1.0
595.888	1.0
596.888	1.0
597.888	1.0
598.888	1.0
599.888	1.0
600.888	1.0
601.888	1.0
602.888	1.0
603.888	1.0
604.888	1.0
605.888	1.0
606.888	1.0
607.888	1.0
608.888	1.0
609.888	1.0
610.888	1.0
611.888	1.0
612.888	1.0
613.888	1.0
614.888	1.0
615.888	1.0
616.888	1.0
617.888	1.0
618.888	1.0
619.888	1.0
620.888	1.0
621.888	1.0
622.888	1.0
623.888	1.0
624.888	1.0
625.888	1.0
626.888	1.0
627.888	1.0
628.888	1.0
629.888	1.0
630.888	1.0
631.888	1.0
632.888	1.0
633.888	1.0
634.888	1.0
635.888	1.0
636.888	1.0
637.888	1.0
638.888	1.0
639.888	1.0
640.888	1.0
641.888	1.0
642.888	1.0
643.888	1.0
644.888	1.0
645.888	1.0
646.888	1.0
647.888	1.0
648.888	1.0
649.888	1.0
650.888	1.0
651.888	1.0
652.888	1.0
653.888	1.0
654.888	1.0
655.888	1.0
656.888	1.0
657.888	1.0
658.888	1.0
659.888	1.0
660.888	1.0
661.888	1.0
662.888	1.0
663.888	1.0
664.888	1.0
665.888	1.0
666.888	1.0
667.888	1.0
668.888	1.0
669.888	1.0
670.888	1.0
671.888	1.0
672.888	1.0
673.888	1.0
674.888	1.0
675.888	1.0
676.888	1.0
677.888	1.0
678.888	1.0
679.888	1.0
680.888	1.0
681.888	1.0
682.888	1.0
683.888	1.0
684.888	1.0
685.888	1.0
686.888	1.0
687.888	1.0
688.888	1.0
689.888	1.0
690.888	1.0
691.888	1.0
692.888	1.0
693.888	1.0
694.888	1.0
695.888	1.0
696.888	1.0
697.888	1.0
698.888	1.0
699.888	1.0
700.888	1.0
701.888	1.0
702.888	1.0
703.888	1.0
704.888	1.0
705.888	1.0
706.888	1.0
707.888	1.0
708.888	1.0
709.888	1.0
710.888	1.0
711.888	1.0
712.888	1.0
713.888	1.0
714.888	1.0
715.888	1.0
716.888	1.0
717.888	1.0
718.888	1.0
719.888	1.0
720.888	1.0
721.888	1.0
722.888	1.0
723.888	1.0
724.888	1.0
725.888	1.0
726.888	1.0
727.888	1.0
728.888	1.0
729.888	1.0
730.888	1.0
731.888	1.0
732.888	1.0
733.888	1.0
734.888	1.0
735.888	1.0
736.888	1.0
737.888	1.0
738.888	1.0
739.888	1.0
740.888	1.0
741.888	1.0
742.888	1.0
743.888	1.0
744.888	1.0
745.888	1.0
746.888	1.0
747.888	1.0
748.888	1.0
749.888	1.0
750.888	1.0
751.888	1.0
752.888	1.0
753.888	1.0
754.888	1.0
755.888	1.0
756.888	1.0
757.888	1.0
758.888	1.0
759.888	1.0
760.888	1.0
761.888	1.0
762.888	1.0
763.888	1.0
764.888	1.0
765.888	1.0
766.888	1.0
767.888	1.0
768.888	1.0
769.888	1.0
770.888	1.0
771.888	1.0
772.888	1.0
773.888	1.0
774.888	1.0
775.888	1.0
776.888	1.0
777.888	1.0
778.888	1.0
779.888	1.0
780.888	1.0
781.888	1.0
782.888	1.0
783.888	1.0
784.888	1.0
785.888	1.0
786.888	1.0
787.888	1.0
788.888	1.0
789.888	1.0
790.888	1.0
791.888	1.0
792.888	1.0
793.888	1.0
794.888	1.0
795.888	1.0
796.888	1.0
797.888	1.0
798.888	1.0
799.888	1.0
800.888	1.0
801.888	1.0
802.888	1.0
803.888	1.0
804.888	1.0
805.888	1.0
806.888	1.0
807.888	1.0
808.888	1.0
809.888	1.0
810.888	1.0
811.888	1.0
812.888	1.0
813.888	1.0
814.888	1.0
815.888	1.0
816.888	1.0
817.888	1.0
818.888	1.0
819.888	1.0
820.888	1.0
821.888	1.0
822.888	1.0
823.888	1.0
824.888	1.0
825.888	1.0
826.888	1.0
827.888	1.0
828.888	1.0
829.888	1.0
830.888	1.0
831.888	1.0
832.888	1.0
833.888	1.0
834.888	1.0
835.888	1.0
836.888	1.0
837.888	1.0
838.888	1.0
839.888	1.0
840.888	1.0
841.888	1.0
842.888	1.0
843.888	1.0
844.888	1.0
845.888	1.0
846.888	1.0
847.888	1.0
848.888	1.0
849.888	1.0
850.888	1.0
851.888	1.0
852.888	1.0
853.888	1.0
854.888	1.0
855.888	1.0
856.888	1.0
857.888	1.0
858.888	1.0
859.888	1.0
860.888	1.0
861.888	1.0
862.888	1.0
863.888	1.0
864.888	1.0
865.888	1.0
866.888	1.0
867.888	1.0
868.888	1.0
869.888	1.0
870.888	1.0
871.888	1.0
872.888	1.0
873.888	1.0
874.888	1.0
875.888	1.0
876.888	1.0
877.888	1.0
878.888	1.0
879.888	1.0
880.888	1.0
881.888	1.0
882.888	1.0
883.888	1.0
884.888	1.0
885.888	1.0
886.888	1.0
887.888	1.0
888.888	1.0
889.888	1.0
890.888	1.0
891.888	1.0
892.888	1.0
893.888	1.0
894.888	1.0
895.888	1.0
896.888	1.0
897.888	1.0
898.888	1.0
899.888	1.0
900.888	1.0
901.888	1.0
902.888	1.0
903.888	1.0
904.888	1.0
905.888	1.0
906.888	1.0
907.888	1.0
908.888	1.0
909.888	1.0
910.888	1.0
911.888	1.0
912.888	1.0
913.888	1.0
914.888	1.0
915.888	1.0
916.888	1.0
917.888	1.0
918.888	1.0
919.888	1.0
920.888	1.0
921.888	1.0
922.888	1.0
923.888	1.0
924.888	1.0
925.888	1.0
926.888	1.0
927.888	1.0
928.888	1.0
929.888	1.0
930.888	1.0
931.888	1.0
932.888	1.0
933.888	1.0
934.888	1.0
935.888	1.0
936.888	1.0
937.888	1.0
938.888	1.0
939.888	1.0
940.888	1.0
941.888	1.0
942.888	1.0
943.888	1.0
944.888	1.0
945.888	1.0
946.888	1.0
947.888	1.0
948.888	1.0
949.888	1.0
950.888	1.0
951.888	1.0
952.888	1.0
953.888	1.0
954.888	1.0
955.888	1.0
956.888	1.0
957.888	1.0
958.888	1.0
959.888	1.0
960.888	1.0
961.888	1.0
962.888	1.0
963.888	1.0
964.888	1.0
965.888	1.0
966.888	1.0
967.888	1.0
968.888	1.0
969.888	1.0
970.888	1.0
971.888	1.0
972.888	1.0
973.888	1.0
974.888	1.0
975.888	1.0
976.888	1.0
977.888	1.0
978.888	1.0
979.888	1.0
980.888	1.0
981.888	1.0
982.888	1.0
983.888	1.0
984.888	1.0
985.888	1.0
986.888	1.0
987.888	1.0
988.888	1.0
989.888	1.0
990.888	1.0
991.888	1.0
