0.47100000000000003	0.5500526112257735
1.412	0.5501251018093053
2.36	0.547127080985591
3.301	0.5440121666684916
4.2620000000000005	0.5426520888506436
5.218	0.5420687746089431
6.1770000000000005	0.5411762786218991
7.134	0.530135026415784
8.105	0.5269161300034736
9.063	0.5214170303370363
10.025	0.5168362546568525
10.994	0.5245491221434816
11.97	0.5371920224797213
12.924	0.5677650346369386
13.874	0.5879765545915846
14.807	0.6141082011869241
15.768	0.6040872583505161
16.702	0.617906061245877
17.636	0.6321837252387361
18.562	0.6496214968478209
19.5	0.6543159499761567
20.43	0.6656384671089298
21.394000000000002	0.6541920662992711
22.345	0.6548568917483459
23.265	0.6733828259256806
24.205000000000002	0.6776549960967645
25.171	0.6819594819050362
26.101	0.6928613831777225
27.044	0.7114259360370414
27.982	0.7207871790689234
28.901	0.7269478665537928
29.848	0.7254458311814085
30.792	0.7233477308950309
31.742	0.7431559658485215
32.675	0.6288850155933434
33.625	0.5861352808367357
34.587	0.6749697163010122
35.528	0.39688528011963103
36.473	0.2814953300965701
37.446	0.34833939331761266
38.411	0.4119851146851376
39.368	0.3607912256679867
40.329	0.33326043053348475
41.296	0.3963105963444968
42.257	0.33908417277425856
43.221000000000004	0.29751649432143795
44.193	0.39753798545105345
45.159	0.3184115994911856
46.121	0.22275435201246963
47.101	0.3626901960088011
48.073	0.36931149497663446
49.044000000000004	0.3582442295641529
50.015	0.3388707075081202
50.988	0.40449966304966156
51.962	0.5045889089175246
52.934000000000005	0.5946757907645737
53.911	0.7836642197222995
54.872	0.5362151751666934
55.851	0.7803925212066435
56.828	0.8529003215775016
57.792	0.8079569365570846
58.752	0.3396074124678255
59.725	0.363801368698589
60.699	0.3393462877556424
61.676	0.652115984430437
62.649	0.6521009582591605
63.622	0.6477235009264758
64.595	0.6024968473259602
65.569	0.5428639643527114
66.548	0.7709024175369634
67.524	0.7432600260481695
68.491	0.5845298012619464
69.462	0.44236450278740647
70.44200000000001	0.6217251066491427
71.415	0.46911658733446615
72.397	0.7731343689053543
73.378	0.8395714905337942
74.355	0.764734122299994
75.32900000000001	0.5363918041065867
76.305	0.40580712223811877
77.286	0.5714660329422239
78.265	0.32931721080242116
79.252	0.8128952768743435
80.233	0.7959598253402919
81.20700000000001	0.38870413788879066
82.183	0.39972592832489295
83.162	0.3283030480645542
84.146	0.7082767647987738
85.134	0.8608296564916997
86.105	0.3626435748959571
87.092	0.6056210161948625
88.072	0.5905587249950642
89.052	0.35638799791543907
90.039	0.69966293084781
91.019	0.2850222092089244
92.002	0.2551776036811854
92.99	0.3472628653491694
93.979	0.7562798607649298
94.964	0.42018709556740497
95.94500000000001	0.49704961430831324
96.935	0.6971358681933878
97.925	0.9136099762174887
98.906	0.8729452558180882
99.889	0.7140162386649178
100.877	0.8273685805054961
101.858	0.5136924929229765
102.839	0.3491302641737727
103.827	0.538993498370248
104.81700000000001	0.8000914053130225
105.801	0.7839694562052671
106.782	0.8501284341168298
107.767	0.702615849483467
108.756	0.9105658084531928
109.747	0.9697496160500491
110.727	0.8330222694106116
111.71000000000001	0.423992522659992
112.697	0.3937696381032875
113.684	0.14389486753776745
114.674	0.4926478196493069
115.664	0.804344335283514
116.649	0.6747354975399754
117.633	0.1873882743777097
118.623	0.3695671029535202
119.613	0.5062446967890263
120.60300000000001	0.5752007054547286
121.59400000000001	0.9018659195924079
122.584	0.8257205092592154
123.574	0.6864163362436198
124.56400000000001	0.21663984709239414
125.555	0.35504166821766747
126.545	0.6525474410037861
127.527	0.7702831024044934
128.517	0.627383243754859
129.507	0.5897255530526653
130.498	0.9067501605556519
131.486	0.8324881241130242
132.467	0.5673718070943681
133.449	0.6833224785086678
134.44	0.9415743781719289
135.421	0.6546737985928088
136.41	0.5185831070414565
137.401	0.8776674408170554
138.389	0.15211759254613572
139.38	0.29948445632836646
140.371	0.6658090078432222
141.361	0.5435001701075264
142.352	0.8814660083813525
143.343	0.9412584840146451
144.334	0.9741183436498078
145.32500000000002	0.8488914614697266
146.316	0.8528214613726777
147.30700000000002	0.8534028387360443
148.298	0.8573851457593777
149.28900000000002	0.8580702110927111
150.28	0.8189057510815746
151.27100000000002	0.7990482989720076
152.262	0.79955653226766
153.262	0.8704131932364262
154.25	0.5692694885241607
155.243	0.3779458729490734
156.241	0.5937616472715345
157.239	0.6679181127324462
158.237	0.7866570875305079
159.228	0.9327822063551129
160.226	0.867924574707265
161.226	0.9833207211588333
162.218	0.8502425011466667
163.218	1.0
164.218	1.0
165.218	1.0
166.218	1.0
167.218	1.0
168.218	1.0
169.218	1.0
170.21800000000002	1.0
171.21800000000002	1.0
172.21800000000002	1.0
173.21800000000002	1.0
174.21800000000002	1.0
175.21800000000002	1.0
176.21800000000002	1.0
177.21800000000002	1.0
178.21800000000002	1.0
179.21800000000002	1.0
180.21800000000002	1.0
181.21800000000002	1.0
182.21800000000002	1.0
183.21800000000002	1.0
184.21800000000002	1.0
185.21800000000002	1.0
186.21800000000002	1.0
187.21800000000002	1.0
188.21800000000002	1.0
189.21800000000002	1.0
190.21800000000002	1.0
191.21800000000002	1.0
192.21800000000002	1.0
193.21800000000002	1.0
194.21800000000002	1.0
195.21800000000002	1.0
196.21800000000002	1.0
197.21800000000002	1.0
198.21800000000002	1.0
199.21800000000002	1.0
200.21800000000002	1.0
201.21800000000002	1.0
202.21800000000002	1.0
203.21800000000002	1.0
204.21800000000002	1.0
205.21800000000002	1.0
206.21800000000002	1.0
207.21800000000002	1.0
208.21800000000002	1.0
209.21800000000002	1.0
210.21800000000002	1.0
211.21800000000002	1.0
212.21800000000002	1.0
213.21800000000002	1.0
214.21800000000002	1.0
215.21800000000002	1.0
216.21800000000002	1.0
217.21800000000002	1.0
218.21800000000002	1.0
219.21800000000002	1.0
220.21800000000002	1.0
221.21800000000002	1.0
222.21800000000002	1.0
223.21800000000002	1.0
224.21800000000002	1.0
225.21800000000002	1.0
226.21800000000002	1.0
227.21800000000002	1.0
228.21800000000002	1.0
229.21800000000002	1.0
230.21800000000002	1.0
231.21800000000002	1.0
232.21800000000002	1.0
233.21800000000002	1.0
234.21800000000002	1.0
235.21800000000002	1.0
236.21800000000002	1.0
237.21800000000002	1.0
238.21800000000002	1.0
239.21800000000002	1.0
240.21800000000002	1.0
241.21800000000002	1.0
242.21800000000002	1.0
243.21800000000002	1.0
244.21800000000002	1.0
245.21800000000002	1.0
246.21800000000002	1.0
247.21800000000002	1.0
248.21800000000002	1.0
249.21800000000002	1.0
250.21800000000002	1.0
251.21800000000002	1.0
252.21800000000002	1.0
253.21800000000002	1.0
254.21800000000002	1.0
255.21800000000002	1.0
256.218	1.0
257.218	1.0
258.218	1.0
259.218	1.0
260.218	1.0
261.218	1.0
262.218	1.0
263.218	1.0
264.218	1.0
265.218	1.0
266.218	1.0
267.218	1.0
268.218	1.0
269.218	1.0
270.218	1.0
271.218	1.0
272.218	1.0
273.218	1.0
274.218	1.0
275.218	1.0
276.218	1.0
277.218	1.0
278.218	1.0
279.218	1.0
280.218	1.0
281.218	1.0
282.218	1.0
283.218	1.0
284.218	1.0
285.218	1.0
286.218	1.0
287.218	1.0
288.218	1.0
289.218	1.0
290.218	1.0
291.218	1.0
292.218	1.0
293.218	1.0
294.218	1.0
295.218	1.0
296.218	1.0
297.218	1.0
298.218	1.0
299.218	1.0
300.218	1.0
301.218	1.0
302.218	1.0
303.218	1.0
304.218	1.0
305.218	1.0
306.218	1.0
307.218	1.0
308.218	1.0
309.218	1.0
310.218	1.0
311.218	1.0
312.218	1.0
313.218	1.0
314.218	1.0
315.218	1.0
316.218	1.0
317.218	1.0
318.218	1.0
319.218	1.0
320.218	1.0
321.218	1.0
322.218	1.0
323.218	1.0
324.218	1.0
325.218	1.0
326.218	1.0
327.218	1.0
328.218	1.0
329.218	1.0
330.218	1.0
331.218	1.0
332.218	1.0
333.218	1.0
334.218	1.0
335.218	1.0
336.218	1.0
337.218	1.0
338.218	1.0
339.218	1.0
340.218	1.0
341.218	1.0
342.218	1.0
343.218	1.0
344.218	1.0
345.218	1.0
346.218	1.0
347.218	1.0
348.218	1.0
349.218	1.0
350.218	1.0
351.218	1.0
352.218	1.0
353.218	1.0
354.218	1.0
355.218	1.0
356.218	1.0
357.218	1.0
358.218	1.0
359.218	1.0
360.218	1.0
361.218	1.0
362.218	1.0
363.218	1.0
364.218	1.0
365.218	1.0
366.218	1.0
367.218	1.0
368.218	1.0
369.218	1.0
370.218	1.0
371.218	1.0
372.218	1.0
373.218	1.0
374.218	1.0
375.218	1.0
376.218	1.0
377.218	1.0
378.218	1.0
379.218	1.0
380.218	1.0
381.218	1.0
382.218	1.0
383.218	1.0
384.218	1.0
385.218	1.0
386.218	1.0
387.218	1.0
388.218	1.0
389.218	1.0
390.218	1.0
391.218	1.0
392.218	1.0
393.218	1.0
394.218	1.0
395.218	1.0
396.218	1.0
397.218	1.0
398.218	1.0
399.218	1.0
400.218	1.0
401.218	1.0
402.218	1.0
403.218	1.0
404.218	1.0
405.218	1.0
406.218	1.0
407.218	1.0
408.218	1.0
409.218	1.0
410.218	1.0
411.218	1.0
412.218	1.0
413.218	1.0
414.218	1.0
415.218	1.0
416.218	1.0
417.218	1.0
418.218	1.0
419.218	1.0
420.218	1.0
421.218	1.0
422.218	1.0
423.218	1.0
424.218	1.0
425.218	1.0
426.218	1.0
427.218	1.0
428.218	1.0
429.218	1.0
430.218	1.0
431.218	1.0
432.218	1.0
433.218	1.0
434.218	1.0
435.218	1.0
436.218	1.0
437.218	1.0
438.218	1.0
439.218	1.0
440.218	1.0
441.218	1.0
442.218	1.0
443.218	1.0
444.218	1.0
445.218	1.0
446.218	1.0
447.218	1.0
448.218	1.0
449.218	1.0
450.218	1.0
451.218	1.0
452.218	1.0
453.218	1.0
454.218	1.0
455.218	1.0
456.218	1.0
457.218	1.0
458.218	1.0
459.218	1.0
460.218	1.0
461.218	1.0
462.218	1.0
463.218	1.0
464.218	1.0
465.218	1.0
466.218	1.0
467.218	1.0
468.218	1.0
469.218	1.0
470.218	1.0
471.218	1.0
472.218	1.0
473.218	1.0
474.218	1.0
475.218	1.0
476.218	1.0
477.218	1.0
478.218	1.0
479.218	1.0
480.218	1.0
481.218	1.0
482.218	1.0
483.218	1.0
484.218	1.0
485.218	1.0
486.218	1.0
487.218	1.0
488.218	1.0
489.218	1.0
490.218	1.0
491.218	1.0
492.218	1.0
493.218	1.0
494.218	1.0
495.218	1.0
496.218	1.0
497.218	1.0
498.218	1.0
499.218	1.0
500.218	1.0
501.218	1.0
502.218	1.0
503.218	1.0
504.218	1.0
505.218	1.0
506.218	1.0
507.218	1.0
508.218	1.0
509.218	1.0
510.218	1.0
511.218	1.0
512.218	1.0
513.218	1.0
514.218	1.0
515.218	1.0
516.218	1.0
517.218	1.0
518.218	1.0
519.218	1.0
520.218	1.0
521.218	1.0
522.218	1.0
523.218	1.0
524.218	1.0
525.218	1.0
526.218	1.0
527.218	1.0
528.218	1.0
529.218	1.0
530.218	1.0
531.218	1.0
532.218	1.0
533.218	1.0
534.218	1.0
535.218	1.0
536.218	1.0
537.218	1.0
538.218	1.0
539.218	1.0
540.218	1.0
541.218	1.0
542.218	1.0
543.218	1.0
544.218	1.0
545.218	1.0
546.218	1.0
547.218	1.0
548.218	1.0
549.218	1.0
550.218	1.0
551.218	1.0
552.218	1.0
553.218	1.0
554.218	1.0
555.218	1.0
556.218	1.0
557.218	1.0
558.218	1.0
559.218	1.0
560.218	1.0
561.218	1.0
562.218	1.0
563.218	1.0
564.218	1.0
565.218	1.0
566.218	1.0
567.218	1.0
568.218	1.0
569.218	1.0
570.218	1.0
571.218	1.0
572.218	1.0
573.218	1.0
574.218	1.0
575.218	1.0
576.218	1.0
577.218	1.0
578.218	1.0
579.218	1.0
580.218	1.0
581.218	1.0
582.218	1.0
583.218	1.0
584.218	1.0
585.218	1.0
586.218	1.0
587.218	1.0
588.218	1.0
589.218	1.0
590.218	1.0
591.218	1.0
592.218	1.0
593.218	1.0
594.218	1.0
595.218	1.0
596.218	1.0
597.218	1.0
598.218	1.0
599.218	1.0
600.218	1.0
601.218	1.0
602.218	1.0
603.218	1.0
604.218	1.0
605.218	1.0
606.218	1.0
607.218	1.0
608.218	1.0
609.218	1.0
610.218	1.0
611.218	1.0
612.218	1.0
613.218	1.0
614.218	1.0
615.218	1.0
616.218	1.0
617.218	1.0
618.218	1.0
619.218	1.0
620.218	1.0
621.218	1.0
622.218	1.0
623.218	1.0
624.218	1.0
625.218	1.0
626.218	1.0
627.218	1.0
628.218	1.0
629.218	1.0
630.218	1.0
631.218	1.0
632.218	1.0
633.218	1.0
634.218	1.0
635.218	1.0
636.218	1.0
637.218	1.0
638.218	1.0
639.218	1.0
640.218	1.0
641.218	1.0
642.218	1.0
643.218	1.0
644.218	1.0
645.218	1.0
646.218	1.0
647.218	1.0
648.218	1.0
649.218	1.0
650.218	1.0
651.218	1.0
652.218	1.0
653.218	1.0
654.218	1.0
655.218	1.0
656.218	1.0
657.218	1.0
658.218	1.0
659.218	1.0
660.218	1.0
661.218	1.0
662.218	1.0
663.218	1.0
664.218	1.0
665.218	1.0
666.218	1.0
667.218	1.0
668.218	1.0
669.218	1.0
670.218	1.0
671.218	1.0
672.218	1.0
673.218	1.0
674.218	1.0
675.218	1.0
676.218	1.0
677.218	1.0
678.218	1.0
679.218	1.0
680.218	1.0
681.218	1.0
682.218	1.0
683.218	1.0
684.218	1.0
685.218	1.0
686.218	1.0
687.218	1.0
688.218	1.0
689.218	1.0
690.218	1.0
691.218	1.0
692.218	1.0
693.218	1.0
694.218	1.0
695.218	1.0
696.218	1.0
697.218	1.0
698.218	1.0
699.218	1.0
700.218	1.0
701.218	1.0
702.218	1.0
703.218	1.0
704.218	1.0
705.218	1.0
706.218	1.0
707.218	1.0
708.218	1.0
709.218	1.0
710.218	1.0
711.218	1.0
712.218	1.0
713.218	1.0
714.218	1.0
715.218	1.0
716.218	1.0
717.218	1.0
718.218	1.0
719.218	1.0
720.218	1.0
721.218	1.0
722.218	1.0
723.218	1.0
724.218	1.0
725.218	1.0
726.218	1.0
727.218	1.0
728.218	1.0
729.218	1.0
730.218	1.0
731.218	1.0
732.218	1.0
733.218	1.0
734.218	1.0
735.218	1.0
736.218	1.0
737.218	1.0
738.218	1.0
739.218	1.0
740.218	1.0
741.218	1.0
742.218	1.0
743.218	1.0
744.218	1.0
745.218	1.0
746.218	1.0
747.218	1.0
748.218	1.0
749.218	1.0
750.218	1.0
751.218	1.0
752.218	1.0
753.218	1.0
754.218	1.0
755.218	1.0
756.218	1.0
757.218	1.0
758.218	1.0
759.218	1.0
760.218	1.0
761.218	1.0
762.218	1.0
763.218	1.0
764.218	1.0
765.218	1.0
766.218	1.0
767.218	1.0
768.218	1.0
769.218	1.0
770.218	1.0
771.218	1.0
772.218	1.0
773.218	1.0
774.218	1.0
775.218	1.0
776.218	1.0
777.218	1.0
778.218	1.0
779.218	1.0
780.218	1.0
781.218	1.0
782.218	1.0
783.218	1.0
784.218	1.0
785.218	1.0
786.218	1.0
787.218	1.0
788.218	1.0
789.218	1.0
790.218	1.0
791.218	1.0
792.218	1.0
793.218	1.0
794.218	1.0
795.218	1.0
796.218	1.0
797.218	1.0
798.218	1.0
799.218	1.0
800.218	1.0
801.218	1.0
802.218	1.0
803.218	1.0
804.218	1.0
805.218	1.0
806.218	1.0
807.218	1.0
808.218	1.0
809.218	1.0
810.218	1.0
811.218	1.0
812.218	1.0
813.218	1.0
814.218	1.0
815.218	1.0
816.218	1.0
817.218	1.0
818.218	1.0
819.218	1.0
820.218	1.0
821.218	1.0
822.218	1.0
823.218	1.0
824.218	1.0
825.218	1.0
826.218	1.0
827.218	1.0
828.218	1.0
829.218	1.0
830.218	1.0
831.218	1.0
832.218	1.0
833.218	1.0
834.218	1.0
835.218	1.0
836.218	1.0
837.218	1.0
838.218	1.0
839.218	1.0
840.218	1.0
841.218	1.0
842.218	1.0
843.218	1.0
844.218	1.0
845.218	1.0
846.218	1.0
847.218	1.0
848.218	1.0
849.218	1.0
850.218	1.0
851.218	1.0
852.2180000000001	1.0
853.2180000000001	1.0
854.2180000000001	1.0
855.2180000000001	1.0
856.2180000000001	1.0
857.2180000000001	1.0
858.2180000000001	1.0
859.2180000000001	1.0
860.2180000000001	1.0
861.2180000000001	1.0
862.2180000000001	1.0
863.2180000000001	1.0
864.2180000000001	1.0
865.2180000000001	1.0
866.2180000000001	1.0
867.2180000000001	1.0
868.2180000000001	1.0
869.2180000000001	1.0
870.2180000000001	1.0
871.2180000000001	1.0
872.2180000000001	1.0
873.2180000000001	1.0
874.2180000000001	1.0
875.2180000000001	1.0
876.2180000000001	1.0
877.2180000000001	1.0
878.2180000000001	1.0
879.2180000000001	1.0
880.2180000000001	1.0
881.2180000000001	1.0
882.2180000000001	1.0
883.2180000000001	1.0
884.2180000000001	1.0
885.2180000000001	1.0
886.2180000000001	1.0
887.2180000000001	1.0
888.2180000000001	1.0
889.2180000000001	1.0
890.2180000000001	1.0
891.2180000000001	1.0
892.2180000000001	1.0
893.2180000000001	1.0
894.2180000000001	1.0
895.2180000000001	1.0
896.2180000000001	1.0
897.2180000000001	1.0
898.2180000000001	1.0
899.2180000000001	1.0
900.2180000000001	1.0
901.2180000000001	1.0
902.2180000000001	1.0
903.2180000000001	1.0
904.2180000000001	1.0
905.2180000000001	1.0
906.2180000000001	1.0
907.2180000000001	1.0
908.2180000000001	1.0
909.2180000000001	1.0
910.2180000000001	1.0
911.2180000000001	1.0
912.2180000000001	1.0
913.2180000000001	1.0
914.2180000000001	1.0
915.2180000000001	1.0
916.2180000000001	1.0
917.2180000000001	1.0
918.2180000000001	1.0
919.2180000000001	1.0
920.2180000000001	1.0
921.2180000000001	1.0
922.2180000000001	1.0
923.2180000000001	1.0
924.2180000000001	1.0
925.2180000000001	1.0
926.2180000000001	1.0
927.2180000000001	1.0
928.2180000000001	1.0
929.2180000000001	1.0
930.2180000000001	1.0
931.2180000000001	1.0
932.2180000000001	1.0
933.2180000000001	1.0
934.2180000000001	1.0
935.2180000000001	1.0
936.2180000000001	1.0
937.2180000000001	1.0
938.2180000000001	1.0
939.2180000000001	1.0
940.2180000000001	1.0
941.2180000000001	1.0
942.2180000000001	1.0
943.2180000000001	1.0
944.2180000000001	1.0
945.2180000000001	1.0
946.2180000000001	1.0
947.2180000000001	1.0
948.2180000000001	1.0
949.2180000000001	1.0
950.2180000000001	1.0
951.2180000000001	1.0
952.2180000000001	1.0
953.2180000000001	1.0
954.2180000000001	1.0
955.2180000000001	1.0
956.2180000000001	1.0
957.2180000000001	1.0
958.2180000000001	1.0
959.2180000000001	1.0
960.2180000000001	1.0
961.2180000000001	1.0
962.2180000000001	1.0
963.2180000000001	1.0
964.2180000000001	1.0
965.2180000000001	1.0
966.2180000000001	1.0
967.2180000000001	1.0
968.2180000000001	1.0
969.2180000000001	1.0
970.2180000000001	1.0
971.2180000000001	1.0
972.2180000000001	1.0
973.2180000000001	1.0
974.2180000000001	1.0
975.2180000000001	1.0
976.2180000000001	1.0
977.2180000000001	1.0
978.2180000000001	1.0
979.2180000000001	1.0
980.2180000000001	1.0
981.2180000000001	1.0
982.2180000000001	1.0
983.2180000000001	1.0
984.2180000000001	1.0
985.2180000000001	1.0
986.2180000000001	1.0
987.2180000000001	1.0
988.2180000000001	1.0
989.2180000000001	1.0
990.2180000000001	1.0
991.2180000000001	1.0
992.2180000000001	1.0
993.2180000000001	1.0
994.2180000000001	1.0
995.2180000000001	1.0
