0.17300000000000001	0.5424275365506511
1.113	0.5457594579358089
2.059	0.544464332027838
3.001	0.5524961450712946
3.951	0.5431576838949885
4.91	0.5397103770802667
5.869	0.5562332257434092
6.828	0.5521215656972452
7.798	0.5580930491435129
8.772	0.5552330530248404
9.75	0.5439162729429458
10.712	0.5276149491274125
11.689	0.526404473864844
12.664	0.5220610640406383
13.637	0.4984976711536036
14.611	0.4775488110207517
15.599	0.4599405133126222
16.586000000000002	0.4315255035572374
17.574	0.3972588956069792
18.552	0.4063437034736971
19.535	0.4091993388851426
20.521	0.41386529234093095
21.499	0.42662733887164855
22.459	0.4192112791252209
23.421	0.5092612790778336
24.373	0.5196216451142286
25.329	0.5353322369098176
26.273	0.5283070521060597
27.236	0.582649635286328
28.198	0.5993759614356743
29.141000000000002	0.5974806221606292
30.094	0.5947366518631021
31.049	0.6025732679446161
32.004	0.5995190686804451
32.957	0.6071463115457392
33.93	0.6264826316060957
34.885	0.629785046244924
35.841	0.6548128880415532
36.799	0.6587242329106376
37.761	0.696534246038529
38.723	0.682384310259243
39.693	0.7058283998442008
40.656	0.7074006484861843
41.619	0.7175460606038512
42.583	0.7066946343825645
43.565	0.8092139579925665
44.521	0.7495401961474778
45.484	0.723202291382964
46.456	0.7663480073750351
47.428000000000004	0.8093053538033527
48.410000000000004	0.825853230920063
49.363	0.7588438386857111
50.345	0.839794384965737
51.307	0.8223347642320298
52.279	0.8042439436917149
53.241	0.45225403686669113
54.215	0.6229008717317153
55.206	0.8501741914468016
56.178000000000004	0.8595566737969033
57.14	0.7403063661341432
58.116	0.7399693181088925
59.091	0.6194754896517186
60.072	0.8203655145710602
61.043	0.7392543864538953
62.034	0.8560083220397569
63.005	0.8512085129185475
63.981	0.8674014394419112
64.962	0.862985774880252
65.943	0.8762411188761727
66.934	0.8872684264845424
67.925	0.8787522852679729
68.897	0.8790401062792756
69.888	0.8799375952142671
70.879	0.8756238646454171
71.861	0.8743436107602622
72.861	0.858055327088246
73.834	0.864116564957133
74.825	0.8597219925735788
75.81700000000001	0.8442818923390342
76.791	0.8494388423699433
77.756	0.8654999741786455
78.738	0.8670100529336624
79.73	0.8569203647446907
80.69500000000001	0.8750723246964814
81.687	0.8665085771027278
82.642	0.8894769038872372
83.633	0.8826678728446918
84.615	0.8866085614763176
85.60600000000001	0.8810371324465424
86.57000000000001	0.8937325206359774
87.513	0.9192740856954379
88.487	0.6957174413841608
89.47800000000001	0.8954487986239408
90.459	0.890665690379052
91.44	0.8869272637125905
92.428	0.8772050272583575
93.409	0.8237078760592172
94.4	0.9104876719988403
95.369	0.6200297855660278
96.351	0.7587565934381012
97.342	0.903116234981115
98.32000000000001	0.6394182240040701
99.301	0.5755704624269192
100.292	0.8711511253085886
101.274	0.7895287484495729
102.265	0.9139286619695451
103.253	0.8827138696156701
104.23400000000001	0.7973195668642659
105.22500000000001	0.8892564453027996
106.208	0.7904192238946777
107.19	0.14290893483480788
108.181	0.5214221107881203
109.172	0.8120052100618141
110.157	0.5163300549100707
111.145	0.46941754103638916
112.133	0.4817875564665337
113.12	0.8805233190085178
114.111	0.9220702184209968
115.083	0.5803101967427009
116.068	0.5723687137981441
117.05	0.4715781533219132
118.035	0.17342853448408627
119.025	0.413392633149412
120.016	0.776924668322609
121.00200000000001	0.5733566535442427
121.991	0.7077838034107518
122.98	0.5684873878031247
123.97	0.6731229491385516
124.961	0.9077214534885941
125.944	0.5412518482069139
126.935	0.8857666462295009
127.92	0.709752464540448
128.911	0.9078808125700639
129.90200000000002	0.9513920488379057
130.879	0.23199250396559948
131.868	0.1247645817660746
132.859	0.11073921903171581
133.85	0.05147137104606331
134.841	0.051772168724518286
135.832	0.12385577007934477
136.823	0.36279390734882033
137.814	0.706207639561728
138.798	0.049746298819862256
139.788	0.052995923415350435
140.778	0.059103300700318176
141.768	0.05841187201433901
142.758	0.06117098183720266
143.749	0.0985516505284793
144.74	0.21455477532663436
145.731	0.30621205405118745
146.722	0.38854915194186346
147.713	0.4610615169289047
148.704	0.4680246824338832
149.695	0.4749372724818279
150.686	0.4882978159606149
151.677	0.3968430205625212
152.668	0.6152226036507329
153.657	0.12088413368224178
154.648	0.15671833092649146
155.639	0.23270747650465146
156.63	0.32532576671785995
157.62	0.17450047182313427
158.611	0.34543148844647037
159.602	0.4905571793303843
160.593	0.7408884501111768
161.584	0.8867315915507559
162.57500000000002	0.8936596643402652
163.566	0.9041065480244403
164.55700000000002	0.904595254945517
165.546	0.7504764495744821
166.536	0.8174028318600592
167.528	0.1406239740673591
168.528	0.7904036082093906
169.52700000000002	0.8951478297846694
170.52700000000002	0.9798998494591793
171.525	0.8534662642404007
172.525	0.9738804843169561
173.519	0.8842528655698999
174.519	0.9934690523387227
175.519	1.0
176.519	1.0
177.519	1.0
178.519	1.0
179.519	1.0
180.519	1.0
181.519	1.0
182.519	1.0
183.519	1.0
184.519	1.0
185.519	1.0
186.519	1.0
187.519	1.0
188.519	1.0
189.519	1.0
190.519	1.0
191.519	1.0
192.519	1.0
193.519	1.0
194.519	1.0
195.519	1.0
196.519	1.0
197.519	1.0
198.519	1.0
199.519	1.0
200.519	1.0
201.519	1.0
202.519	1.0
203.519	1.0
204.519	1.0
205.519	1.0
206.519	1.0
207.519	1.0
208.519	1.0
209.519	1.0
210.519	1.0
211.519	1.0
212.519	1.0
213.519	1.0
214.519	1.0
215.519	1.0
216.519	1.0
217.519	1.0
218.519	1.0
219.519	1.0
220.519	1.0
221.519	1.0
222.519	1.0
223.519	1.0
224.519	1.0
225.519	1.0
226.519	1.0
227.519	1.0
228.519	1.0
229.519	1.0
230.519	1.0
231.519	1.0
232.519	1.0
233.519	1.0
234.519	1.0
235.519	1.0
236.519	1.0
237.519	1.0
238.519	1.0
239.519	1.0
240.519	1.0
241.519	1.0
242.519	1.0
243.519	1.0
244.519	1.0
245.519	1.0
246.519	1.0
247.519	1.0
248.519	1.0
249.519	1.0
250.519	1.0
251.519	1.0
252.519	1.0
253.519	1.0
254.519	1.0
255.519	1.0
256.519	1.0
257.519	1.0
258.519	1.0
259.519	1.0
260.519	1.0
261.519	1.0
262.519	1.0
263.519	1.0
264.519	1.0
265.519	1.0
266.519	1.0
267.519	1.0
268.519	1.0
269.519	1.0
270.519	1.0
271.519	1.0
272.519	1.0
273.519	1.0
274.519	1.0
275.519	1.0
276.519	1.0
277.519	1.0
278.519	1.0
279.519	1.0
280.519	1.0
281.519	1.0
282.519	1.0
283.519	1.0
284.519	1.0
285.519	1.0
286.519	1.0
287.519	1.0
288.519	1.0
289.519	1.0
290.519	1.0
291.519	1.0
292.519	1.0
293.519	1.0
294.519	1.0
295.519	1.0
296.519	1.0
297.519	1.0
298.519	1.0
299.519	1.0
300.519	1.0
301.519	1.0
302.519	1.0
303.519	1.0
304.519	1.0
305.519	1.0
306.519	1.0
307.519	1.0
308.519	1.0
309.519	1.0
310.519	1.0
311.519	1.0
312.519	1.0
313.519	1.0
314.519	1.0
315.519	1.0
316.519	1.0
317.519	1.0
318.519	1.0
319.519	1.0
320.519	1.0
321.519	1.0
322.519	1.0
323.519	1.0
324.519	1.0
325.519	1.0
326.519	1.0
327.519	1.0
328.519	1.0
329.519	1.0
330.519	1.0
331.519	1.0
332.519	1.0
333.519	1.0
334.519	1.0
335.519	1.0
336.519	1.0
337.519	1.0
338.519	1.0
339.519	1.0
340.519	1.0
341.519	1.0
342.519	1.0
343.519	1.0
344.519	1.0
345.519	1.0
346.519	1.0
347.519	1.0
348.519	1.0
349.519	1.0
350.519	1.0
351.519	1.0
352.519	1.0
353.519	1.0
354.519	1.0
355.519	1.0
356.519	1.0
357.519	1.0
358.519	1.0
359.519	1.0
360.519	1.0
361.519	1.0
362.519	1.0
363.519	1.0
364.519	1.0
365.519	1.0
366.519	1.0
367.519	1.0
368.519	1.0
369.519	1.0
370.519	1.0
371.519	1.0
372.519	1.0
373.519	1.0
374.519	1.0
375.519	1.0
376.519	1.0
377.519	1.0
378.519	1.0
379.519	1.0
380.519	1.0
381.519	1.0
382.519	1.0
383.519	1.0
384.519	1.0
385.519	1.0
386.519	1.0
387.519	1.0
388.519	1.0
389.519	1.0
390.519	1.0
391.519	1.0
392.519	1.0
393.519	1.0
394.519	1.0
395.519	1.0
396.519	1.0
397.519	1.0
398.519	1.0
399.519	1.0
400.519	1.0
401.519	1.0
402.519	1.0
403.519	1.0
404.519	1.0
405.519	1.0
406.519	1.0
407.519	1.0
408.519	1.0
409.519	1.0
410.519	1.0
411.519	1.0
412.519	1.0
413.519	1.0
414.519	1.0
415.519	1.0
416.519	1.0
417.519	1.0
418.519	1.0
419.519	1.0
420.519	1.0
421.519	1.0
422.519	1.0
423.519	1.0
424.519	1.0
425.519	1.0
426.519	1.0
427.519	1.0
428.519	1.0
429.519	1.0
430.519	1.0
431.519	1.0
432.519	1.0
433.519	1.0
434.519	1.0
435.519	1.0
436.519	1.0
437.519	1.0
438.519	1.0
439.519	1.0
440.519	1.0
441.519	1.0
442.519	1.0
443.519	1.0
444.519	1.0
445.519	1.0
446.519	1.0
447.519	1.0
448.519	1.0
449.519	1.0
450.519	1.0
451.519	1.0
452.519	1.0
453.519	1.0
454.519	1.0
455.519	1.0
456.519	1.0
457.519	1.0
458.519	1.0
459.519	1.0
460.519	1.0
461.519	1.0
462.519	1.0
463.519	1.0
464.519	1.0
465.519	1.0
466.519	1.0
467.519	1.0
468.519	1.0
469.519	1.0
470.519	1.0
471.519	1.0
472.519	1.0
473.519	1.0
474.519	1.0
475.519	1.0
476.519	1.0
477.519	1.0
478.519	1.0
479.519	1.0
480.519	1.0
481.519	1.0
482.519	1.0
483.519	1.0
484.519	1.0
485.519	1.0
486.519	1.0
487.519	1.0
488.519	1.0
489.519	1.0
490.519	1.0
491.519	1.0
492.519	1.0
493.519	1.0
494.519	1.0
495.519	1.0
496.519	1.0
497.519	1.0
498.519	1.0
499.519	1.0
500.519	1.0
501.519	1.0
502.519	1.0
503.519	1.0
504.519	1.0
505.519	1.0
506.519	1.0
507.519	1.0
508.519	1.0
509.519	1.0
510.519	1.0
511.519	1.0
512.519	1.0
513.519	1.0
514.519	1.0
515.519	1.0
516.519	1.0
517.519	1.0
518.519	1.0
519.519	1.0
520.519	1.0
521.519	1.0
522.519	1.0
523.519	1.0
524.519	1.0
525.519	1.0
526.519	1.0
527.519	1.0
528.519	1.0
529.519	1.0
530.519	1.0
531.519	1.0
532.519	1.0
533.519	1.0
534.519	1.0
535.519	1.0
536.519	1.0
537.519	1.0
538.519	1.0
539.519	1.0
540.519	1.0
541.519	1.0
542.519	1.0
543.519	1.0
544.519	1.0
545.519	1.0
546.519	1.0
547.519	1.0
548.519	1.0
549.519	1.0
550.519	1.0
551.519	1.0
552.519	1.0
553.519	1.0
554.519	1.0
555.519	1.0
556.519	1.0
557.519	1.0
558.519	1.0
559.519	1.0
560.519	1.0
561.519	1.0
562.519	1.0
563.519	1.0
564.519	1.0
565.519	1.0
566.519	1.0
567.519	1.0
568.519	1.0
569.519	1.0
570.519	1.0
571.519	1.0
572.519	1.0
573.519	1.0
574.519	1.0
575.519	1.0
576.519	1.0
577.519	1.0
578.519	1.0
579.519	1.0
580.519	1.0
581.519	1.0
582.519	1.0
583.519	1.0
584.519	1.0
585.519	1.0
586.519	1.0
587.519	1.0
588.519	1.0
589.519	1.0
590.519	1.0
591.519	1.0
592.519	1.0
593.519	1.0
594.519	1.0
595.519	1.0
596.519	1.0
597.519	1.0
598.519	1.0
599.519	1.0
600.519	1.0
601.519	1.0
602.519	1.0
603.519	1.0
604.519	1.0
605.519	1.0
606.519	1.0
607.519	1.0
608.519	1.0
609.519	1.0
610.519	1.0
611.519	1.0
612.519	1.0
613.519	1.0
614.519	1.0
615.519	1.0
616.519	1.0
617.519	1.0
618.519	1.0
619.519	1.0
620.519	1.0
621.519	1.0
622.519	1.0
623.519	1.0
624.519	1.0
625.519	1.0
626.519	1.0
627.519	1.0
628.519	1.0
629.519	1.0
630.519	1.0
631.519	1.0
632.519	1.0
633.519	1.0
634.519	1.0
635.519	1.0
636.519	1.0
637.519	1.0
638.519	1.0
639.519	1.0
640.519	1.0
641.519	1.0
642.519	1.0
643.519	1.0
644.519	1.0
645.519	1.0
646.519	1.0
647.519	1.0
648.519	1.0
649.519	1.0
650.519	1.0
651.519	1.0
652.519	1.0
653.519	1.0
654.519	1.0
655.519	1.0
656.519	1.0
657.519	1.0
658.519	1.0
659.519	1.0
660.519	1.0
661.519	1.0
662.519	1.0
663.519	1.0
664.519	1.0
665.519	1.0
666.519	1.0
667.519	1.0
668.519	1.0
669.519	1.0
670.519	1.0
671.519	1.0
672.519	1.0
673.519	1.0
674.519	1.0
675.519	1.0
676.519	1.0
677.519	1.0
678.519	1.0
679.519	1.0
680.519	1.0
681.519	1.0
682.519	1.0
683.519	1.0
684.519	1.0
685.519	1.0
686.519	1.0
687.519	1.0
688.519	1.0
689.519	1.0
690.519	1.0
691.519	1.0
692.519	1.0
693.519	1.0
694.519	1.0
695.519	1.0
696.519	1.0
697.519	1.0
698.519	1.0
699.519	1.0
700.519	1.0
701.519	1.0
702.519	1.0
703.519	1.0
704.519	1.0
705.519	1.0
706.519	1.0
707.519	1.0
708.519	1.0
709.519	1.0
710.519	1.0
711.519	1.0
712.519	1.0
713.519	1.0
714.519	1.0
715.519	1.0
716.519	1.0
717.519	1.0
718.519	1.0
719.519	1.0
720.519	1.0
721.519	1.0
722.519	1.0
723.519	1.0
724.519	1.0
725.519	1.0
726.519	1.0
727.519	1.0
728.519	1.0
729.519	1.0
730.519	1.0
731.519	1.0
732.519	1.0
733.519	1.0
734.519	1.0
735.519	1.0
736.519	1.0
737.519	1.0
738.519	1.0
739.519	1.0
740.519	1.0
741.519	1.0
742.519	1.0
743.519	1.0
744.519	1.0
745.519	1.0
746.519	1.0
747.519	1.0
748.519	1.0
749.519	1.0
750.519	1.0
751.519	1.0
752.519	1.0
753.519	1.0
754.519	1.0
755.519	1.0
756.519	1.0
757.519	1.0
758.519	1.0
759.519	1.0
760.519	1.0
761.519	1.0
762.519	1.0
763.519	1.0
764.519	1.0
765.519	1.0
766.519	1.0
767.519	1.0
768.519	1.0
769.519	1.0
770.519	1.0
771.519	1.0
772.519	1.0
773.519	1.0
774.519	1.0
775.519	1.0
776.519	1.0
777.519	1.0
778.519	1.0
779.519	1.0
780.519	1.0
781.519	1.0
782.519	1.0
783.519	1.0
784.519	1.0
785.519	1.0
786.519	1.0
787.519	1.0
788.519	1.0
789.519	1.0
790.519	1.0
791.519	1.0
792.519	1.0
793.519	1.0
794.519	1.0
795.519	1.0
796.519	1.0
797.519	1.0
798.519	1.0
799.519	1.0
800.519	1.0
801.519	1.0
802.519	1.0
803.519	1.0
804.519	1.0
805.519	1.0
806.519	1.0
807.519	1.0
808.519	1.0
809.519	1.0
810.519	1.0
811.519	1.0
812.519	1.0
813.519	1.0
814.519	1.0
815.519	1.0
816.519	1.0
817.519	1.0
818.519	1.0
819.519	1.0
820.519	1.0
821.519	1.0
822.519	1.0
823.519	1.0
824.519	1.0
825.519	1.0
826.519	1.0
827.519	1.0
828.519	1.0
829.519	1.0
830.519	1.0
831.519	1.0
832.519	1.0
833.519	1.0
834.519	1.0
835.519	1.0
836.519	1.0
837.519	1.0
838.519	1.0
839.519	1.0
840.519	1.0
841.519	1.0
842.519	1.0
843.519	1.0
844.519	1.0
845.519	1.0
846.519	1.0
847.519	1.0
848.519	1.0
849.519	1.0
850.519	1.0
851.519	1.0
852.519	1.0
853.519	1.0
854.519	1.0
855.519	1.0
856.519	1.0
857.519	1.0
858.519	1.0
859.519	1.0
860.519	1.0
861.519	1.0
862.519	1.0
863.519	1.0
864.519	1.0
865.519	1.0
866.519	1.0
867.519	1.0
868.519	1.0
869.519	1.0
870.519	1.0
871.519	1.0
872.519	1.0
873.519	1.0
874.519	1.0
875.519	1.0
876.519	1.0
877.519	1.0
878.519	1.0
879.519	1.0
880.519	1.0
881.519	1.0
882.519	1.0
883.519	1.0
884.519	1.0
885.519	1.0
886.519	1.0
887.519	1.0
888.519	1.0
889.519	1.0
890.519	1.0
891.519	1.0
892.519	1.0
893.519	1.0
894.519	1.0
895.519	1.0
896.519	1.0
897.519	1.0
898.519	1.0
899.519	1.0
900.519	1.0
901.519	1.0
902.519	1.0
903.519	1.0
904.519	1.0
905.519	1.0
906.519	1.0
907.519	1.0
908.519	1.0
909.519	1.0
910.519	1.0
911.519	1.0
912.519	1.0
913.519	1.0
914.519	1.0
915.519	1.0
916.519	1.0
917.519	1.0
918.519	1.0
919.519	1.0
920.519	1.0
921.519	1.0
922.519	1.0
923.519	1.0
924.519	1.0
925.519	1.0
926.519	1.0
927.519	1.0
928.519	1.0
929.519	1.0
930.519	1.0
931.519	1.0
932.519	1.0
933.519	1.0
934.519	1.0
935.519	1.0
936.519	1.0
937.519	1.0
938.519	1.0
939.519	1.0
940.519	1.0
941.519	1.0
942.519	1.0
943.519	1.0
944.519	1.0
945.519	1.0
946.519	1.0
947.519	1.0
948.519	1.0
949.519	1.0
950.519	1.0
951.519	1.0
952.519	1.0
953.519	1.0
954.519	1.0
955.519	1.0
956.519	1.0
957.519	1.0
958.519	1.0
959.519	1.0
960.519	1.0
961.519	1.0
962.519	1.0
963.519	1.0
964.519	1.0
965.519	1.0
966.519	1.0
967.519	1.0
968.519	1.0
969.519	1.0
970.519	1.0
971.519	1.0
972.519	1.0
973.519	1.0
974.519	1.0
975.519	1.0
976.519	1.0
977.519	1.0
978.519	1.0
979.519	1.0
980.519	1.0
981.519	1.0
982.519	1.0
983.519	1.0
984.519	1.0
985.519	1.0
986.519	1.0
987.519	1.0
988.519	1.0
989.519	1.0
990.519	1.0
991.519	1.0
992.519	1.0
993.519	1.0
994.519	1.0
995.519	1.0
