0.5710000000000001	0.5148800620293642
1.498	0.5005693426647415
2.435	0.5020694284682913
3.378	0.48970918141831227
4.341	0.4904808778238007
5.29	0.4938498108448479
6.23	0.4818752174502868
7.162	0.47378348754979754
8.103	0.47338151967161746
9.071	0.4960997661516423
10.014	0.48114927694404497
10.958	0.4923205534840226
11.899000000000001	0.4876225416136387
12.834	0.4733880744439963
13.793000000000001	0.4589445700399206
14.738	0.4590147641367337
15.666	0.46734767296425217
16.596	0.45998114746660446
17.537	0.4638058326252701
18.473	0.4574302787059713
19.395	0.4538505660468863
20.34	0.4336751415035787
21.285	0.4191643588192167
22.21	0.41988832549941796
23.158	0.40728355215065704
24.105	0.39054412624421514
25.051000000000002	0.38375408428329344
26.0	0.3672020799429778
26.957	0.38660317220802276
27.915	0.3851464046667658
28.866	0.3705943216276454
29.831	0.3790223581101998
30.788	0.371026187557364
31.739	0.33966987306105767
32.712	0.4213229894433995
33.675	0.45052772909257044
34.642	0.5283909112459985
35.604	0.5574086508558458
36.571	0.6940758466265601
37.524	0.6610530960287762
38.478	0.4894895900629867
39.445	0.6224616571143141
40.411	0.6763416953058461
41.391	0.7956351617519913
42.369	0.825706235600797
43.32	0.6120105123273282
44.295	0.6724150473054876
45.266	0.7160481029910055
46.231	0.4787070273524815
47.207	0.5112002481279901
48.178000000000004	0.29766017750991175
49.149	0.18973952395578514
50.126	0.17432813528546465
51.107	0.3222361028626022
52.082	0.1767623623290087
53.055	0.14424861745780618
54.036	0.15622264920607243
55.02	0.40117461720387854
55.999	0.22138186100517232
56.974000000000004	0.15341134525482863
57.955	0.29297246184994497
58.937000000000005	0.259700618764326
59.919000000000004	0.24315880494665756
60.902	0.22637517134430363
61.885	0.5060864537481481
62.867000000000004	0.802396168214259
63.842	0.39785079429698617
64.824	0.4596925969481098
65.8	0.13393494232924738
66.781	0.1372190153623625
67.758	0.10829416239349268
68.74	0.1164956923241543
69.72	0.11363162934079547
70.703	0.12399791185355426
71.685	0.20887449562932248
72.667	0.4625441952146269
73.648	0.5211025537395971
74.63	0.8206716135384597
75.602	0.17571114457075065
76.583	0.2041939374094818
77.56400000000001	0.28450007075169964
78.545	0.2970515214459486
79.526	0.4944950034438221
80.509	0.7414370318694553
81.485	0.6276266852264181
82.46600000000001	0.7380531487519942
83.446	0.7415076999243008
84.427	0.869491982461416
85.405	0.8756501191839214
86.385	0.8739311263601394
87.35600000000001	0.7081835508498425
88.336	0.6863312871391729
89.312	0.5242414036356167
90.293	0.4619889954711484
91.273	0.5764159420142969
92.254	0.6256373179370939
93.233	0.5252829675720916
94.21300000000001	0.31653281204421985
95.196	0.35573186163820386
96.186	0.9168717007785379
97.159	0.6662370876564236
98.139	0.49499563697661025
99.12	0.6389724269909682
100.101	0.7117156097226363
101.08200000000001	0.6927337654290826
102.06700000000001	0.5179752359292055
103.053	0.6071799149853102
104.043	0.7805953669071503
105.036	0.9572063078411134
106.017	0.8102468797865559
107.005	0.8399027811149223
107.99300000000001	0.7937202258999044
108.974	0.6142543850375713
109.964	0.8571850596137401
110.93900000000001	0.4748778021909396
111.927	0.6732166143731785
112.918	0.919392454263899
113.899	0.7774166170933369
114.887	0.7634314867573931
115.87100000000001	0.39308657699770627
116.863	0.8712858386930071
117.84700000000001	0.553818016043015
118.83800000000001	0.9048664270711227
119.82900000000001	0.9620358518856267
120.82000000000001	0.972924958837761
121.802	0.8561133951053363
122.793	0.9635822585942794
123.778	0.600164946881246
124.768	0.8112093611224117
125.759	0.9593838429270247
126.747	0.5830019513380852
127.739	0.969784179479532
128.729	0.959553821503365
129.719	0.8932394203399445
130.708	0.8803889716684121
131.697	0.8017585083506922
132.687	0.692554108868573
133.678	0.8785444483954268
134.669	0.9020134516436397
135.66	0.9088641605401576
136.651	0.9091416634366755
137.642	0.9491714158801022
138.633	0.9626194489024554
139.624	0.9627753781932016
140.615	0.9629197800552683
141.606	0.9630565761242997
142.597	0.963135404760807
143.588	0.9632605445188417
144.579	0.9468534407601097
145.57	0.9625095460387872
146.56	0.9325318111900924
147.55	0.9223139930500449
148.53900000000002	0.729692994372713
149.529	0.7856550173194047
150.518	0.7866743172094292
151.50900000000001	0.9122441866804936
152.499	0.7134213295354158
153.49	0.8000388161694942
154.481	0.9059005041937966
155.471	0.7994797785134264
156.462	0.9416335596396127
157.453	0.9747886720214048
158.453	0.983685804978633
159.44400000000002	0.9683028694525878
160.435	0.9262530440667901
161.425	0.9014769473075993
162.416	0.9481322751648973
163.406	0.8436394979821066
164.397	0.8047483183846489
165.388	0.5845800283928295
166.385	0.7293418564519544
167.373	0.554020340773534
168.365	0.7322304797832963
169.359	0.793739057011868
170.355	0.8830971294819964
171.346	0.7990310939770084
172.341	0.8837979572456409
173.332	0.759898941961077
174.33100000000002	0.9307127580126134
175.322	0.8865393259759662
176.31300000000002	0.5974902920264369
177.31300000000002	0.9530652936133284
178.30700000000002	0.957914755321473
179.298	0.8804618943866832
180.298	0.9688294790912763
181.28900000000002	0.6809624602540222
182.28900000000002	0.952532451525271
183.285	0.9488251522076154
184.281	0.9158196423585737
185.278	0.8689891369553874
186.276	0.9649304992100309
187.275	0.9299944902188935
188.273	0.9836332312097935
189.272	0.9801216049162895
190.272	1.0
191.272	1.0
192.272	1.0
193.272	1.0
194.272	1.0
195.272	1.0
196.272	1.0
197.272	1.0
198.272	1.0
199.272	1.0
200.272	1.0
201.272	1.0
202.272	1.0
203.272	1.0
204.272	1.0
205.272	1.0
206.272	1.0
207.272	1.0
208.272	1.0
209.272	1.0
210.272	1.0
211.272	1.0
212.272	1.0
213.272	1.0
214.272	1.0
215.272	1.0
216.272	1.0
217.272	1.0
218.272	1.0
219.272	1.0
220.272	1.0
221.272	1.0
222.272	1.0
223.272	1.0
224.272	1.0
225.272	1.0
226.272	1.0
227.272	1.0
228.272	1.0
229.272	1.0
230.272	1.0
231.272	1.0
232.272	1.0
233.272	1.0
234.272	1.0
235.272	1.0
236.272	1.0
237.272	1.0
238.272	1.0
239.272	1.0
240.272	1.0
241.272	1.0
242.272	1.0
243.272	1.0
244.272	1.0
245.272	1.0
246.272	1.0
247.272	1.0
248.272	1.0
249.272	1.0
250.272	1.0
251.272	1.0
252.272	1.0
253.272	1.0
254.272	1.0
255.272	1.0
256.272	1.0
257.272	1.0
258.272	1.0
259.272	1.0
260.272	1.0
261.272	1.0
262.272	1.0
263.272	1.0
264.272	1.0
265.272	1.0
266.272	1.0
267.272	1.0
268.272	1.0
269.272	1.0
270.272	1.0
271.272	1.0
272.272	1.0
273.272	1.0
274.272	1.0
275.272	1.0
276.272	1.0
277.272	1.0
278.272	1.0
279.272	1.0
280.272	1.0
281.272	1.0
282.272	1.0
283.272	1.0
284.272	1.0
285.272	1.0
286.272	1.0
287.272	1.0
288.272	1.0
289.272	1.0
290.272	1.0
291.272	1.0
292.272	1.0
293.272	1.0
294.272	1.0
295.272	1.0
296.272	1.0
297.272	1.0
298.272	1.0
299.272	1.0
300.272	1.0
301.272	1.0
302.272	1.0
303.272	1.0
304.272	1.0
305.272	1.0
306.272	1.0
307.272	1.0
308.272	1.0
309.272	1.0
310.272	1.0
311.272	1.0
312.272	1.0
313.272	1.0
314.272	1.0
315.272	1.0
316.272	1.0
317.272	1.0
318.272	1.0
319.272	1.0
320.272	1.0
321.272	1.0
322.272	1.0
323.272	1.0
324.272	1.0
325.272	1.0
326.272	1.0
327.272	1.0
328.272	1.0
329.272	1.0
330.272	1.0
331.272	1.0
332.272	1.0
333.272	1.0
334.272	1.0
335.272	1.0
336.272	1.0
337.272	1.0
338.272	1.0
339.272	1.0
340.272	1.0
341.272	1.0
342.272	1.0
343.272	1.0
344.272	1.0
345.272	1.0
346.272	1.0
347.272	1.0
348.272	1.0
349.272	1.0
350.272	1.0
351.272	1.0
352.272	1.0
353.272	1.0
354.272	1.0
355.272	1.0
356.272	1.0
357.272	1.0
358.272	1.0
359.272	1.0
360.272	1.0
361.272	1.0
362.272	1.0
363.272	1.0
364.272	1.0
365.272	1.0
366.272	1.0
367.272	1.0
368.272	1.0
369.272	1.0
370.272	1.0
371.272	1.0
372.272	1.0
373.272	1.0
374.272	1.0
375.272	1.0
376.272	1.0
377.272	1.0
378.272	1.0
379.272	1.0
380.272	1.0
381.272	1.0
382.272	1.0
383.272	1.0
384.272	1.0
385.272	1.0
386.272	1.0
387.272	1.0
388.272	1.0
389.272	1.0
390.272	1.0
391.272	1.0
392.272	1.0
393.272	1.0
394.272	1.0
395.272	1.0
396.272	1.0
397.272	1.0
398.272	1.0
399.272	1.0
400.272	1.0
401.272	1.0
402.272	1.0
403.272	1.0
404.272	1.0
405.272	1.0
406.272	1.0
407.272	1.0
408.272	1.0
409.272	1.0
410.272	1.0
411.272	1.0
412.272	1.0
413.272	1.0
414.272	1.0
415.272	1.0
416.272	1.0
417.272	1.0
418.272	1.0
419.272	1.0
420.272	1.0
421.272	1.0
422.272	1.0
423.272	1.0
424.272	1.0
425.272	1.0
426.272	1.0
427.272	1.0
428.272	1.0
429.272	1.0
430.272	1.0
431.272	1.0
432.272	1.0
433.272	1.0
434.272	1.0
435.272	1.0
436.272	1.0
437.272	1.0
438.272	1.0
439.272	1.0
440.272	1.0
441.272	1.0
442.272	1.0
443.272	1.0
444.272	1.0
445.272	1.0
446.272	1.0
447.272	1.0
448.272	1.0
449.272	1.0
450.272	1.0
451.272	1.0
452.272	1.0
453.272	1.0
454.272	1.0
455.272	1.0
456.272	1.0
457.272	1.0
458.272	1.0
459.272	1.0
460.272	1.0
461.272	1.0
462.272	1.0
463.272	1.0
464.272	1.0
465.272	1.0
466.272	1.0
467.272	1.0
468.272	1.0
469.272	1.0
470.272	1.0
471.272	1.0
472.272	1.0
473.272	1.0
474.272	1.0
475.272	1.0
476.272	1.0
477.272	1.0
478.272	1.0
479.272	1.0
480.272	1.0
481.272	1.0
482.272	1.0
483.272	1.0
484.272	1.0
485.272	1.0
486.272	1.0
487.272	1.0
488.272	1.0
489.272	1.0
490.272	1.0
491.272	1.0
492.272	1.0
493.272	1.0
494.272	1.0
495.272	1.0
496.272	1.0
497.272	1.0
498.272	1.0
499.272	1.0
500.272	1.0
501.272	1.0
502.272	1.0
503.272	1.0
504.272	1.0
505.272	1.0
506.272	1.0
507.272	1.0
508.272	1.0
509.272	1.0
510.272	1.0
511.272	1.0
512.272	1.0
513.272	1.0
514.272	1.0
515.272	1.0
516.272	1.0
517.272	1.0
518.272	1.0
519.272	1.0
520.272	1.0
521.272	1.0
522.272	1.0
523.272	1.0
524.272	1.0
525.272	1.0
526.272	1.0
527.272	1.0
528.272	1.0
529.272	1.0
530.272	1.0
531.272	1.0
532.272	1.0
533.272	1.0
534.272	1.0
535.272	1.0
536.272	1.0
537.272	1.0
538.272	1.0
539.272	1.0
540.272	1.0
541.272	1.0
542.272	1.0
543.272	1.0
544.272	1.0
545.272	1.0
546.272	1.0
547.272	1.0
548.272	1.0
549.272	1.0
550.272	1.0
551.272	1.0
552.272	1.0
553.272	1.0
554.272	1.0
555.272	1.0
556.272	1.0
557.272	1.0
558.272	1.0
559.272	1.0
560.272	1.0
561.272	1.0
562.272	1.0
563.272	1.0
564.272	1.0
565.272	1.0
566.272	1.0
567.272	1.0
568.272	1.0
569.272	1.0
570.272	1.0
571.272	1.0
572.272	1.0
573.272	1.0
574.272	1.0
575.272	1.0
576.272	1.0
577.272	1.0
578.272	1.0
579.272	1.0
580.272	1.0
581.272	1.0
582.272	1.0
583.272	1.0
584.272	1.0
585.272	1.0
586.272	1.0
587.272	1.0
588.272	1.0
589.272	1.0
590.272	1.0
591.272	1.0
592.272	1.0
593.272	1.0
594.272	1.0
595.272	1.0
596.272	1.0
597.272	1.0
598.272	1.0
599.272	1.0
600.272	1.0
601.272	1.0
602.272	1.0
603.272	1.0
604.272	1.0
605.272	1.0
606.272	1.0
607.272	1.0
608.272	1.0
609.272	1.0
610.272	1.0
611.272	1.0
612.272	1.0
613.272	1.0
614.272	1.0
615.272	1.0
616.272	1.0
617.272	1.0
618.272	1.0
619.272	1.0
620.272	1.0
621.272	1.0
622.272	1.0
623.272	1.0
624.272	1.0
625.272	1.0
626.272	1.0
627.272	1.0
628.272	1.0
629.272	1.0
630.272	1.0
631.272	1.0
632.272	1.0
633.272	1.0
634.272	1.0
635.272	1.0
636.272	1.0
637.272	1.0
638.272	1.0
639.272	1.0
640.272	1.0
641.272	1.0
642.272	1.0
643.272	1.0
644.272	1.0
645.272	1.0
646.272	1.0
647.272	1.0
648.272	1.0
649.272	1.0
650.272	1.0
651.272	1.0
652.272	1.0
653.272	1.0
654.272	1.0
655.272	1.0
656.272	1.0
657.272	1.0
658.272	1.0
659.272	1.0
660.272	1.0
661.272	1.0
662.272	1.0
663.272	1.0
664.272	1.0
665.272	1.0
666.272	1.0
667.272	1.0
668.272	1.0
669.272	1.0
670.272	1.0
671.272	1.0
672.272	1.0
673.272	1.0
674.272	1.0
675.272	1.0
676.272	1.0
677.272	1.0
678.272	1.0
679.272	1.0
680.272	1.0
681.272	1.0
682.272	1.0
683.272	1.0
684.272	1.0
685.272	1.0
686.272	1.0
687.272	1.0
688.272	1.0
689.272	1.0
690.272	1.0
691.272	1.0
692.272	1.0
693.272	1.0
694.272	1.0
695.272	1.0
696.272	1.0
697.272	1.0
698.272	1.0
699.272	1.0
700.272	1.0
701.272	1.0
702.272	1.0
703.272	1.0
704.272	1.0
705.272	1.0
706.272	1.0
707.272	1.0
708.272	1.0
709.272	1.0
710.272	1.0
711.272	1.0
712.272	1.0
713.272	1.0
714.272	1.0
715.272	1.0
716.272	1.0
717.272	1.0
718.272	1.0
719.272	1.0
720.272	1.0
721.272	1.0
722.272	1.0
723.272	1.0
724.272	1.0
725.272	1.0
726.272	1.0
727.272	1.0
728.272	1.0
729.272	1.0
730.272	1.0
731.272	1.0
732.272	1.0
733.272	1.0
734.272	1.0
735.272	1.0
736.272	1.0
737.272	1.0
738.272	1.0
739.272	1.0
740.272	1.0
741.272	1.0
742.272	1.0
743.272	1.0
744.272	1.0
745.272	1.0
746.272	1.0
747.272	1.0
748.272	1.0
749.272	1.0
750.272	1.0
751.272	1.0
752.272	1.0
753.272	1.0
754.272	1.0
755.272	1.0
756.272	1.0
757.272	1.0
758.272	1.0
759.272	1.0
760.272	1.0
761.272	1.0
762.272	1.0
763.272	1.0
764.272	1.0
765.272	1.0
766.272	1.0
767.272	1.0
768.272	1.0
769.272	1.0
770.272	1.0
771.272	1.0
772.272	1.0
773.272	1.0
774.272	1.0
775.272	1.0
776.272	1.0
777.272	1.0
778.272	1.0
779.272	1.0
780.272	1.0
781.272	1.0
782.272	1.0
783.272	1.0
784.272	1.0
785.272	1.0
786.272	1.0
787.272	1.0
788.272	1.0
789.272	1.0
790.272	1.0
791.272	1.0
792.272	1.0
793.272	1.0
794.272	1.0
795.272	1.0
796.272	1.0
797.272	1.0
798.272	1.0
799.272	1.0
800.272	1.0
801.272	1.0
802.272	1.0
803.272	1.0
804.272	1.0
805.272	1.0
806.272	1.0
807.272	1.0
808.272	1.0
809.272	1.0
810.272	1.0
811.272	1.0
812.272	1.0
813.272	1.0
814.272	1.0
815.272	1.0
816.272	1.0
817.272	1.0
818.272	1.0
819.272	1.0
820.272	1.0
821.272	1.0
822.272	1.0
823.272	1.0
824.272	1.0
825.272	1.0
826.272	1.0
827.272	1.0
828.272	1.0
829.272	1.0
830.272	1.0
831.272	1.0
832.272	1.0
833.272	1.0
834.272	1.0
835.272	1.0
836.272	1.0
837.272	1.0
838.272	1.0
839.272	1.0
840.272	1.0
841.272	1.0
842.272	1.0
843.272	1.0
844.272	1.0
845.272	1.0
846.272	1.0
847.272	1.0
848.272	1.0
849.272	1.0
850.272	1.0
851.272	1.0
852.272	1.0
853.272	1.0
854.272	1.0
855.272	1.0
856.272	1.0
857.272	1.0
858.272	1.0
859.272	1.0
860.272	1.0
861.272	1.0
862.272	1.0
863.272	1.0
864.272	1.0
865.272	1.0
866.272	1.0
867.272	1.0
868.272	1.0
869.272	1.0
870.272	1.0
871.272	1.0
872.272	1.0
873.272	1.0
874.272	1.0
875.272	1.0
876.272	1.0
877.272	1.0
878.272	1.0
879.272	1.0
880.272	1.0
881.272	1.0
882.272	1.0
883.272	1.0
884.272	1.0
885.272	1.0
886.272	1.0
887.272	1.0
888.272	1.0
889.272	1.0
890.272	1.0
891.272	1.0
892.272	1.0
893.272	1.0
894.272	1.0
895.272	1.0
896.272	1.0
897.272	1.0
898.272	1.0
899.272	1.0
900.272	1.0
901.272	1.0
902.272	1.0
903.272	1.0
904.272	1.0
905.272	1.0
906.272	1.0
907.272	1.0
908.272	1.0
909.272	1.0
910.272	1.0
911.272	1.0
912.272	1.0
913.272	1.0
914.272	1.0
915.272	1.0
916.272	1.0
917.272	1.0
918.272	1.0
919.272	1.0
920.272	1.0
921.272	1.0
922.272	1.0
923.272	1.0
924.272	1.0
925.272	1.0
926.272	1.0
927.272	1.0
928.272	1.0
929.272	1.0
930.272	1.0
931.272	1.0
932.272	1.0
933.272	1.0
934.272	1.0
935.272	1.0
936.272	1.0
937.272	1.0
938.272	1.0
939.272	1.0
940.272	1.0
941.272	1.0
942.272	1.0
943.272	1.0
944.272	1.0
945.272	1.0
946.272	1.0
947.272	1.0
948.272	1.0
949.272	1.0
950.272	1.0
951.272	1.0
952.272	1.0
953.272	1.0
954.272	1.0
955.272	1.0
956.272	1.0
957.272	1.0
958.272	1.0
959.272	1.0
960.272	1.0
961.272	1.0
962.272	1.0
963.272	1.0
964.272	1.0
965.272	1.0
966.272	1.0
967.272	1.0
968.272	1.0
969.272	1.0
970.272	1.0
971.272	1.0
972.272	1.0
973.272	1.0
974.272	1.0
975.272	1.0
976.272	1.0
977.272	1.0
978.272	1.0
979.272	1.0
980.272	1.0
981.272	1.0
982.272	1.0
983.272	1.0
984.272	1.0
985.272	1.0
986.272	1.0
987.272	1.0
988.272	1.0
989.272	1.0
990.272	1.0
991.272	1.0
992.272	1.0
993.272	1.0
994.272	1.0
995.272	1.0
