0.149	0.5105272759750137
1.089	0.5274665971494997
2.037	0.5285071702857114
2.973	0.5175744413145712
3.9090000000000003	0.5233351174534907
4.854	0.5199164529456984
5.812	0.5212408333582819
6.753	0.5080822701346999
7.6930000000000005	0.4915477945926933
8.636000000000001	0.4860875128370147
9.57	0.48368300417897614
10.52	0.4878256721436276
11.469	0.48693387518216547
12.413	0.48778022682771877
13.36	0.4933967756145335
14.312000000000001	0.48551142794174285
15.257	0.48477834010042886
16.198	0.4676272711853552
17.151	0.4801425435284105
18.104	0.47491117762025775
19.059	0.46868477677394577
19.994	0.4651468293550337
20.939	0.4512940430952663
21.892	0.4447646748554957
22.835	0.42666252348887285
23.772000000000002	0.43153019329595604
24.717	0.43772584953164767
25.661	0.43888499243241513
26.596	0.442713151392369
27.545	0.44738745514220274
28.486	0.4492914098719463
29.427	0.43409785957584196
30.37	0.4356004882818967
31.318	0.4279009592495599
32.261	0.41876079712075254
33.213	0.4177438827856284
34.18	0.4449888456369689
35.141	0.45924106767366046
36.091	0.4846628245114915
37.061	0.560062703750951
38.012	0.5637284856047645
38.963	0.5937031735861172
39.907000000000004	0.5068754795340917
40.852000000000004	0.4369495561374006
41.804	0.4389313167436934
42.762	0.4778608912304367
43.725	0.6343675990654009
44.682	0.6643422777357204
45.631	0.5852060932293617
46.586	0.6505514165949852
47.541000000000004	0.6526774225081123
48.489000000000004	0.539695291646445
49.437	0.5017380900739921
50.391	0.5279923276071998
51.34	0.44311146814216945
52.306000000000004	0.6181570063343154
53.266	0.7199234439661856
54.217	0.6866322036884254
55.168	0.6225414458351554
56.124	0.6357909438450396
57.075	0.560700564309366
58.027	0.5035004379249198
58.978	0.41783075755686194
59.938	0.5621459230003506
60.888	0.43420116761228333
61.857	0.7365783141048148
62.807	0.5540798136196835
63.765	0.5209155226998609
64.72200000000001	0.4254597014718369
65.681	0.4992937696707331
66.641	0.5150869129810234
67.59400000000001	0.43493846217967036
68.572	0.7091137456038223
69.524	0.5493427099760907
70.482	0.38673282303882367
71.444	0.32167147597915385
72.417	0.4584041979990428
73.381	0.2868888955522119
74.351	0.2761225209263024
75.327	0.49744365935857926
76.296	0.4230674742696064
77.265	0.43948401561270695
78.227	0.17277247878083485
79.206	0.47063460175914734
80.175	0.42002209847963684
81.145	0.3456526598861237
82.116	0.2464854651136067
83.089	0.2761066789892844
84.07000000000001	0.5686170539875005
85.03	0.24040337758794073
86.001	0.2385466239585738
86.976	0.26615451216273767
87.967	0.8368520765157615
88.938	0.776932396182914
89.919	0.856416983034554
90.9	0.8815696455258012
91.854	0.4261727454937355
92.83500000000001	0.6804462238811823
93.81	0.5377379941149388
94.786	0.515523215463294
95.764	0.4275180027105736
96.749	0.6121423759545934
97.733	0.7689783195428549
98.721	0.8212412904319082
99.706	0.4118864539635986
100.706	0.9345276566724582
101.687	0.5756363963014846
102.678	0.7700423564033468
103.669	0.921204717929016
104.66	0.9302201095273593
105.651	0.938761504229402
106.638	0.8749547075291942
107.638	0.9475711029903026
108.629	0.9626227839150325
109.61	0.8959705949346402
110.601	0.9147469855086691
111.589	0.9236203442178756
112.58	0.9396390852358638
113.571	0.9507849674937044
114.558	0.8467757891152266
115.545	0.5400747445688437
116.535	0.8167101490755373
117.521	0.6960686551971624
118.521	0.9509123082978078
119.501	0.8337703432929038
120.49900000000001	0.9585688304590883
121.48	0.7547447291707491
122.471	0.926374586800037
123.46000000000001	0.8177272173744939
124.45100000000001	0.9432618921782593
125.441	0.8805999627264632
126.431	0.5230332235519978
127.431	0.9748159004772833
128.422	0.9809250065978868
129.413	0.979939817706293
130.394	0.9819002456496481
131.379	0.6580314550177524
132.367	0.8208956433695733
133.355	0.7615975287881894
134.341	0.07325083204084257
135.329	0.039278912748842446
136.32	0.03835012383489866
137.311	0.04012332491902649
138.302	0.04899885930477755
139.293	0.04847225744205053
140.284	0.04842927344980661
141.275	0.048655905053693126
142.266	0.07187471714045071
143.257	0.14703725294935363
144.254	0.6092346080000015
145.246	0.5217422070915724
146.237	0.4942574694228478
147.23	0.4510492940253778
148.23	0.8038532635154316
149.23	0.9888030738794245
150.23	0.9844111999816422
151.23	0.9801599198865104
152.211	0.8983700011800124
153.196	0.4949331793996916
154.185	0.5069691046767285
155.175	0.3635651408326208
156.173	0.4184034447903488
157.173	0.809953253888757
158.156	0.5853046580614584
159.153	0.4467046607523129
160.144	0.4095787310268525
161.135	0.32144885687660657
162.135	0.8062413549236245
163.133	0.4585577140754327
164.126	0.5741588160996558
165.117	0.5786269094054897
166.108	0.5266614903307071
167.107	0.6710409521900595
168.106	0.7892725046315817
169.106	0.9854633947483689
170.08700000000002	0.8641739744780078
171.068	0.3756383843432666
172.058	0.44425719282497017
173.058	0.906606632497355
174.053	0.7442855103967095
175.049	0.574973282896146
176.049	0.9746030658176398
177.049	0.9887019481829932
178.03	0.6813788874404394
179.02	0.5700101912611117
180.011	0.6858622879898946
181.01	0.6680647353773107
182.01	0.9584353858807285
183.002	0.9927645684345432
184.001	0.7616843782538515
185.001	0.9858286737205784
186.001	0.986940002627489
186.982	0.9621317947279305
187.963	0.6694259373914269
188.96200000000002	0.8404987158891167
189.95600000000002	0.7693208380425226
190.95600000000002	0.9929882905131162
191.95600000000002	0.9911795104405765
192.947	0.5004151257845825
193.937	0.7696390620632702
194.927	0.7928997371292723
195.927	0.9864224809676702
196.925	0.9364094839978669
197.925	0.9914405735893346
198.925	0.9895335412176015
199.923	0.9211495332772948
200.918	0.9903332862653311
201.899	0.6059769774626276
202.89000000000001	0.16215867890846258
203.89000000000001	0.47211775179344034
204.89000000000001	0.9801292771228145
205.889	0.6599079819765649
206.889	0.9853912381205499
207.889	0.994629571811153
208.88	0.9917325379534897
209.872	0.7487465478109847
210.872	0.9927223169403504
211.871	0.9963623757812778
212.871	0.995973785049274
213.871	0.9944152712873783
214.865	0.9968610162866666
215.865	0.9967359720886333
216.865	1.0
217.865	1.0
218.865	1.0
219.865	1.0
220.865	1.0
221.865	1.0
222.865	1.0
223.865	1.0
224.865	1.0
225.865	1.0
226.865	1.0
227.865	1.0
228.865	1.0
229.865	1.0
230.865	1.0
231.865	1.0
232.865	1.0
233.865	1.0
234.865	1.0
235.865	1.0
236.865	1.0
237.865	1.0
238.865	1.0
239.865	1.0
240.865	1.0
241.865	1.0
242.865	1.0
243.865	1.0
244.865	1.0
245.865	1.0
246.865	1.0
247.865	1.0
248.865	1.0
249.865	1.0
250.865	1.0
251.865	1.0
252.865	1.0
253.865	1.0
254.865	1.0
255.865	1.0
256.865	1.0
257.865	1.0
258.865	1.0
259.865	1.0
260.865	1.0
261.865	1.0
262.865	1.0
263.865	1.0
264.865	1.0
265.865	1.0
266.865	1.0
267.865	1.0
268.865	1.0
269.865	1.0
270.865	1.0
271.865	1.0
272.865	1.0
273.865	1.0
274.865	1.0
275.865	1.0
276.865	1.0
277.865	1.0
278.865	1.0
279.865	1.0
280.865	1.0
281.865	1.0
282.865	1.0
283.865	1.0
284.865	1.0
285.865	1.0
286.865	1.0
287.865	1.0
288.865	1.0
289.865	1.0
290.865	1.0
291.865	1.0
292.865	1.0
293.865	1.0
294.865	1.0
295.865	1.0
296.865	1.0
297.865	1.0
298.865	1.0
299.865	1.0
300.865	1.0
301.865	1.0
302.865	1.0
303.865	1.0
304.865	1.0
305.865	1.0
306.865	1.0
307.865	1.0
308.865	1.0
309.865	1.0
310.865	1.0
311.865	1.0
312.865	1.0
313.865	1.0
314.865	1.0
315.865	1.0
316.865	1.0
317.865	1.0
318.865	1.0
319.865	1.0
320.865	1.0
321.865	1.0
322.865	1.0
323.865	1.0
324.865	1.0
325.865	1.0
326.865	1.0
327.865	1.0
328.865	1.0
329.865	1.0
330.865	1.0
331.865	1.0
332.865	1.0
333.865	1.0
334.865	1.0
335.865	1.0
336.865	1.0
337.865	1.0
338.865	1.0
339.865	1.0
340.865	1.0
341.865	1.0
342.865	1.0
343.865	1.0
344.865	1.0
345.865	1.0
346.865	1.0
347.865	1.0
348.865	1.0
349.865	1.0
350.865	1.0
351.865	1.0
352.865	1.0
353.865	1.0
354.865	1.0
355.865	1.0
356.865	1.0
357.865	1.0
358.865	1.0
359.865	1.0
360.865	1.0
361.865	1.0
362.865	1.0
363.865	1.0
364.865	1.0
365.865	1.0
366.865	1.0
367.865	1.0
368.865	1.0
369.865	1.0
370.865	1.0
371.865	1.0
372.865	1.0
373.865	1.0
374.865	1.0
375.865	1.0
376.865	1.0
377.865	1.0
378.865	1.0
379.865	1.0
380.865	1.0
381.865	1.0
382.865	1.0
383.865	1.0
384.865	1.0
385.865	1.0
386.865	1.0
387.865	1.0
388.865	1.0
389.865	1.0
390.865	1.0
391.865	1.0
392.865	1.0
393.865	1.0
394.865	1.0
395.865	1.0
396.865	1.0
397.865	1.0
398.865	1.0
399.865	1.0
400.865	1.0
401.865	1.0
402.865	1.0
403.865	1.0
404.865	1.0
405.865	1.0
406.865	1.0
407.865	1.0
408.865	1.0
409.865	1.0
410.865	1.0
411.865	1.0
412.865	1.0
413.865	1.0
414.865	1.0
415.865	1.0
416.865	1.0
417.865	1.0
418.865	1.0
419.865	1.0
420.865	1.0
421.865	1.0
422.865	1.0
423.865	1.0
424.865	1.0
425.865	1.0
426.865	1.0
427.865	1.0
428.865	1.0
429.865	1.0
430.865	1.0
431.865	1.0
432.865	1.0
433.865	1.0
434.865	1.0
435.865	1.0
436.865	1.0
437.865	1.0
438.865	1.0
439.865	1.0
440.865	1.0
441.865	1.0
442.865	1.0
443.865	1.0
444.865	1.0
445.865	1.0
446.865	1.0
447.865	1.0
448.865	1.0
449.865	1.0
450.865	1.0
451.865	1.0
452.865	1.0
453.865	1.0
454.865	1.0
455.865	1.0
456.865	1.0
457.865	1.0
458.865	1.0
459.865	1.0
460.865	1.0
461.865	1.0
462.865	1.0
463.865	1.0
464.865	1.0
465.865	1.0
466.865	1.0
467.865	1.0
468.865	1.0
469.865	1.0
470.865	1.0
471.865	1.0
472.865	1.0
473.865	1.0
474.865	1.0
475.865	1.0
476.865	1.0
477.865	1.0
478.865	1.0
479.865	1.0
480.865	1.0
481.865	1.0
482.865	1.0
483.865	1.0
484.865	1.0
485.865	1.0
486.865	1.0
487.865	1.0
488.865	1.0
489.865	1.0
490.865	1.0
491.865	1.0
492.865	1.0
493.865	1.0
494.865	1.0
495.865	1.0
496.865	1.0
497.865	1.0
498.865	1.0
499.865	1.0
500.865	1.0
501.865	1.0
502.865	1.0
503.865	1.0
504.865	1.0
505.865	1.0
506.865	1.0
507.865	1.0
508.865	1.0
509.865	1.0
510.865	1.0
511.865	1.0
512.865	1.0
513.865	1.0
514.865	1.0
515.865	1.0
516.865	1.0
517.865	1.0
518.865	1.0
519.865	1.0
520.865	1.0
521.865	1.0
522.865	1.0
523.865	1.0
524.865	1.0
525.865	1.0
526.865	1.0
527.865	1.0
528.865	1.0
529.865	1.0
530.865	1.0
531.865	1.0
532.865	1.0
533.865	1.0
534.865	1.0
535.865	1.0
536.865	1.0
537.865	1.0
538.865	1.0
539.865	1.0
540.865	1.0
541.865	1.0
542.865	1.0
543.865	1.0
544.865	1.0
545.865	1.0
546.865	1.0
547.865	1.0
548.865	1.0
549.865	1.0
550.865	1.0
551.865	1.0
552.865	1.0
553.865	1.0
554.865	1.0
555.865	1.0
556.865	1.0
557.865	1.0
558.865	1.0
559.865	1.0
560.865	1.0
561.865	1.0
562.865	1.0
563.865	1.0
564.865	1.0
565.865	1.0
566.865	1.0
567.865	1.0
568.865	1.0
569.865	1.0
570.865	1.0
571.865	1.0
572.865	1.0
573.865	1.0
574.865	1.0
575.865	1.0
576.865	1.0
577.865	1.0
578.865	1.0
579.865	1.0
580.865	1.0
581.865	1.0
582.865	1.0
583.865	1.0
584.865	1.0
585.865	1.0
586.865	1.0
587.865	1.0
588.865	1.0
589.865	1.0
590.865	1.0
591.865	1.0
592.865	1.0
593.865	1.0
594.865	1.0
595.865	1.0
596.865	1.0
597.865	1.0
598.865	1.0
599.865	1.0
600.865	1.0
601.865	1.0
602.865	1.0
603.865	1.0
604.865	1.0
605.865	1.0
606.865	1.0
607.865	1.0
608.865	1.0
609.865	1.0
610.865	1.0
611.865	1.0
612.865	1.0
613.865	1.0
614.865	1.0
615.865	1.0
616.865	1.0
617.865	1.0
618.865	1.0
619.865	1.0
620.865	1.0
621.865	1.0
622.865	1.0
623.865	1.0
624.865	1.0
625.865	1.0
626.865	1.0
627.865	1.0
628.865	1.0
629.865	1.0
630.865	1.0
631.865	1.0
632.865	1.0
633.865	1.0
634.865	1.0
635.865	1.0
636.865	1.0
637.865	1.0
638.865	1.0
639.865	1.0
640.865	1.0
641.865	1.0
642.865	1.0
643.865	1.0
644.865	1.0
645.865	1.0
646.865	1.0
647.865	1.0
648.865	1.0
649.865	1.0
650.865	1.0
651.865	1.0
652.865	1.0
653.865	1.0
654.865	1.0
655.865	1.0
656.865	1.0
657.865	1.0
658.865	1.0
659.865	1.0
660.865	1.0
661.865	1.0
662.865	1.0
663.865	1.0
664.865	1.0
665.865	1.0
666.865	1.0
667.865	1.0
668.865	1.0
669.865	1.0
670.865	1.0
671.865	1.0
672.865	1.0
673.865	1.0
674.865	1.0
675.865	1.0
676.865	1.0
677.865	1.0
678.865	1.0
679.865	1.0
680.865	1.0
681.865	1.0
682.865	1.0
683.865	1.0
684.865	1.0
685.865	1.0
686.865	1.0
687.865	1.0
688.865	1.0
689.865	1.0
690.865	1.0
691.865	1.0
692.865	1.0
693.865	1.0
694.865	1.0
695.865	1.0
696.865	1.0
697.865	1.0
698.865	1.0
699.865	1.0
700.865	1.0
701.865	1.0
702.865	1.0
703.865	1.0
704.865	1.0
705.865	1.0
706.865	1.0
707.865	1.0
708.865	1.0
709.865	1.0
710.865	1.0
711.865	1.0
712.865	1.0
713.865	1.0
714.865	1.0
715.865	1.0
716.865	1.0
717.865	1.0
718.865	1.0
719.865	1.0
720.865	1.0
721.865	1.0
722.865	1.0
723.865	1.0
724.865	1.0
725.865	1.0
726.865	1.0
727.865	1.0
728.865	1.0
729.865	1.0
730.865	1.0
731.865	1.0
732.865	1.0
733.865	1.0
734.865	1.0
735.865	1.0
736.865	1.0
737.865	1.0
738.865	1.0
739.865	1.0
740.865	1.0
741.865	1.0
742.865	1.0
743.865	1.0
744.865	1.0
745.865	1.0
746.865	1.0
747.865	1.0
748.865	1.0
749.865	1.0
750.865	1.0
751.865	1.0
752.865	1.0
753.865	1.0
754.865	1.0
755.865	1.0
756.865	1.0
757.865	1.0
758.865	1.0
759.865	1.0
760.865	1.0
761.865	1.0
762.865	1.0
763.865	1.0
764.865	1.0
765.865	1.0
766.865	1.0
767.865	1.0
768.865	1.0
769.865	1.0
770.865	1.0
771.865	1.0
772.865	1.0
773.865	1.0
774.865	1.0
775.865	1.0
776.865	1.0
777.865	1.0
778.865	1.0
779.865	1.0
780.865	1.0
781.865	1.0
782.865	1.0
783.865	1.0
784.865	1.0
785.865	1.0
786.865	1.0
787.865	1.0
788.865	1.0
789.865	1.0
790.865	1.0
791.865	1.0
792.865	1.0
793.865	1.0
794.865	1.0
795.865	1.0
796.865	1.0
797.865	1.0
798.865	1.0
799.865	1.0
800.865	1.0
801.865	1.0
802.865	1.0
803.865	1.0
804.865	1.0
805.865	1.0
806.865	1.0
807.865	1.0
808.865	1.0
809.865	1.0
810.865	1.0
811.865	1.0
812.865	1.0
813.865	1.0
814.865	1.0
815.865	1.0
816.865	1.0
817.865	1.0
818.865	1.0
819.865	1.0
820.865	1.0
821.865	1.0
822.865	1.0
823.865	1.0
824.865	1.0
825.865	1.0
826.865	1.0
827.865	1.0
828.865	1.0
829.865	1.0
830.865	1.0
831.865	1.0
832.865	1.0
833.865	1.0
834.865	1.0
835.865	1.0
836.865	1.0
837.865	1.0
838.865	1.0
839.865	1.0
840.865	1.0
841.865	1.0
842.865	1.0
843.865	1.0
844.865	1.0
845.865	1.0
846.865	1.0
847.865	1.0
848.865	1.0
849.865	1.0
850.865	1.0
851.865	1.0
852.865	1.0
853.865	1.0
854.865	1.0
855.865	1.0
856.865	1.0
857.865	1.0
858.865	1.0
859.865	1.0
860.865	1.0
861.865	1.0
862.865	1.0
863.865	1.0
864.865	1.0
865.865	1.0
866.865	1.0
867.865	1.0
868.865	1.0
869.865	1.0
870.865	1.0
871.865	1.0
872.865	1.0
873.865	1.0
874.865	1.0
875.865	1.0
876.865	1.0
877.865	1.0
878.865	1.0
879.865	1.0
880.865	1.0
881.865	1.0
882.865	1.0
883.865	1.0
884.865	1.0
885.865	1.0
886.865	1.0
887.865	1.0
888.865	1.0
889.865	1.0
890.865	1.0
891.865	1.0
892.865	1.0
893.865	1.0
894.865	1.0
895.865	1.0
896.865	1.0
897.865	1.0
898.865	1.0
899.865	1.0
900.865	1.0
901.865	1.0
902.865	1.0
903.865	1.0
904.865	1.0
905.865	1.0
906.865	1.0
907.865	1.0
908.865	1.0
909.865	1.0
910.865	1.0
911.865	1.0
912.865	1.0
913.865	1.0
914.865	1.0
915.865	1.0
916.865	1.0
917.865	1.0
918.865	1.0
919.865	1.0
920.865	1.0
921.865	1.0
922.865	1.0
923.865	1.0
924.865	1.0
925.865	1.0
926.865	1.0
927.865	1.0
928.865	1.0
929.865	1.0
930.865	1.0
931.865	1.0
932.865	1.0
933.865	1.0
934.865	1.0
935.865	1.0
936.865	1.0
937.865	1.0
938.865	1.0
939.865	1.0
940.865	1.0
941.865	1.0
942.865	1.0
943.865	1.0
944.865	1.0
945.865	1.0
946.865	1.0
947.865	1.0
948.865	1.0
949.865	1.0
950.865	1.0
951.865	1.0
952.865	1.0
953.865	1.0
954.865	1.0
955.865	1.0
956.865	1.0
957.865	1.0
958.865	1.0
959.865	1.0
960.865	1.0
961.865	1.0
962.865	1.0
963.865	1.0
964.865	1.0
965.865	1.0
966.865	1.0
967.865	1.0
968.865	1.0
969.865	1.0
970.865	1.0
971.865	1.0
972.865	1.0
973.865	1.0
974.865	1.0
975.865	1.0
976.865	1.0
977.865	1.0
978.865	1.0
979.865	1.0
980.865	1.0
981.865	1.0
982.865	1.0
983.865	1.0
984.865	1.0
985.865	1.0
986.865	1.0
987.865	1.0
988.865	1.0
989.865	1.0
990.865	1.0
991.865	1.0
992.865	1.0
993.865	1.0
