0.581	0.5208775739010084
1.52	0.5308281739208662
2.458	0.5240684791439165
3.391	0.528849795966625
4.335	0.5276972060271031
5.266	0.514299552274073
6.196	0.5136164520662704
7.136	0.5076066199191661
8.078	0.5012199191393059
9.032	0.5051980250278378
9.982000000000001	0.5006343160349537
10.931000000000001	0.4950368928065016
11.887	0.4872389425852828
12.828	0.4771382335141202
13.775	0.47365825673304895
14.731	0.47842946433171885
15.682	0.4689097302118729
16.644000000000002	0.4772925572964736
17.6	0.4632522898930615
18.549	0.4507854908306236
19.502	0.45973591666592495
20.447	0.463645857219511
21.395	0.473487160104445
22.338	0.46029602728765456
23.295	0.47979450018459535
24.244	0.47132400342641906
25.196	0.4504574952875439
26.152	0.4544377173117077
27.101	0.4720102642292167
28.044	0.46736263391974914
28.987000000000002	0.45922840088838085
29.929000000000002	0.45276924180118194
30.892	0.45004484921139676
31.851	0.4534505842921579
32.801	0.46744587019188166
33.757	0.4524585340802527
34.708	0.47815217116048475
35.664	0.4914684623029518
36.619	0.5251592764153502
37.578	0.5410453602583849
38.526	0.5465719490255044
39.464	0.5413203595858065
40.407000000000004	0.5361725152614207
41.341	0.512071632359781
42.303000000000004	0.5210774146352944
43.262	0.5193635475255919
44.2	0.5080339891350569
45.144	0.49398323583493464
46.109	0.55895902999619
47.054	0.5446191136851158
47.985	0.4958674257313758
48.939	0.5145140341429653
49.884	0.5242305222223546
50.837	0.5430750034844536
51.797000000000004	0.5914139347872867
52.76	0.5950509399287277
53.71	0.5728398833861198
54.659	0.5430686304514836
55.631	0.5975868017703052
56.591	0.6206269085109942
57.547000000000004	0.6302134425048587
58.507	0.6440047080017408
59.465	0.6482003076546371
60.405	0.6392004582499441
61.370000000000005	0.6622146486699143
62.317	0.67801422873537
63.281	0.6821623909842081
64.238	0.675082461095885
65.20400000000001	0.6802221045495785
66.17	0.6994439281647321
67.114	0.7143483775376223
68.068	0.7124135753084733
69.031	0.7230537548660925
69.98	0.7288276338331955
70.94800000000001	0.757010518454172
71.92	0.7660161465838897
72.898	0.7655004477299292
73.859	0.7828821232167136
74.827	0.8074185284880031
75.783	0.8125847072255588
76.753	0.8166945775843958
77.72500000000001	0.8276811131677482
78.682	0.8411185133611849
79.645	0.8511713946819867
80.60000000000001	0.8625583660822049
81.57900000000001	0.8574629695257117
82.548	0.8651451260939274
83.492	0.8741838468191793
84.45400000000001	0.8810649465401074
85.426	0.8895976596158094
86.398	0.8849498268727277
87.379	0.8782424306540082
88.34100000000001	0.8727278362019016
89.293	0.8185874981190432
90.264	0.8211490211430305
91.235	0.7943774219490068
92.21600000000001	0.8586102081998617
93.184	0.8627388540228496
94.147	0.7001102763530412
95.118	0.6677993981348164
96.08800000000001	0.5298964538337764
97.069	0.825216952929002
98.039	0.7757316942151259
99.006	0.7214499449485359
99.977	0.7881971893821733
100.94800000000001	0.7200441061464279
101.919	0.5794358248091437
102.895	0.5823151200707807
103.867	0.6315164699078255
104.852	0.8428374993638725
105.824	0.8323500098648952
106.795	0.8508326188962121
107.766	0.8090152464887842
108.742	0.830058125296696
109.708	0.3672731503513938
110.68900000000001	0.5725007512953314
111.676	0.8427880972658933
112.647	0.6045955025792469
113.627	0.6511181978237086
114.607	0.7640823720378802
115.583	0.7602478550549553
116.56400000000001	0.8580963369239676
117.538	0.7949993272180557
118.519	0.8960967845521196
119.49000000000001	0.8363916241129272
120.459	0.58419635673344
121.45	0.8872359817535022
122.42	0.8418574713766066
123.387	0.5833618623842288
124.36800000000001	0.7298372034110711
125.349	0.8606790437143045
126.32000000000001	0.7596852970117044
127.296	0.6685302007994578
128.267	0.41582395832571933
129.258	0.8819159697432614
130.23	0.823048267256666
131.201	0.6117574350944405
132.179	0.6609962244884916
133.16	0.7993220233208875
134.139	0.811245689376499
135.11	0.5078162928826537
136.091	0.6660640990140628
137.07	0.7205298422952887
138.06	0.9298572925766916
139.031	0.8582561553839093
140.006	0.7819114432354937
140.983	0.5629826815484489
141.964	0.7854416184984825
142.945	0.7919915028169094
143.924	0.7719065259006639
144.905	0.7904779421679191
145.88400000000001	0.8172216210363276
146.862	0.7005614396590552
147.843	0.8662272078805286
148.824	0.8858808653352743
149.804	0.8419915040577604
150.785	0.8882334912126225
151.761	0.8260262824643515
152.752	0.95188829736192
153.727	0.910717949336576
154.712	0.9244771077462942
155.703	0.950757602917442
156.673	0.9305910167391139
157.644	0.6323216601274936
158.625	0.7406045245945888
159.605	0.616349709371127
160.586	0.5089098677009226
161.56900000000002	0.7808395700893496
162.55700000000002	0.9084382647010876
163.53900000000002	0.7269870368510093
164.52	0.6525126955358528
165.50300000000001	0.49487710386621964
166.483	0.4069226220294779
167.471	0.8695972732450076
168.452	0.8111475448722871
169.433	0.5203604381628528
170.422	0.6391483415149403
171.41	0.8846822518295684
172.393	0.759200448204793
173.37800000000001	0.9139040018901122
174.362	0.9343360018117673
175.34300000000002	0.9366477763688731
176.324	0.9426548846021238
177.305	0.93586294103559
178.286	0.9525657259010255
179.267	0.9580756283835228
180.243	0.6175073719694884
181.231	0.503202172774574
182.21800000000002	0.7135382952273394
183.203	0.45085457547922575
184.19	0.5848881527096009
185.178	0.6837947316022603
186.165	0.5212577111555909
187.151	0.44874798803971655
188.141	0.8282894800227545
189.122	0.3244913194442567
190.112	0.7569897341369641
191.097	0.3000879458148094
192.088	0.7815212741543929
193.076	0.8293581420800408
194.06300000000002	0.8335557201317517
195.052	0.8504529711874153
196.043	0.93200840314985
197.032	0.9127705405047615
198.019	0.43022262692157653
199.00900000000001	0.5514212954325637
200.001	0.9025505422380183
200.985	0.45191238926524535
201.975	0.6394722413295655
202.965	0.5490491902791251
203.95600000000002	0.8780951459108159
204.947	0.9355573997628289
205.93200000000002	0.2317463479942595
206.925	0.8342851520673684
207.916	0.953784975082763
208.899	0.21884237985843025
209.889	0.5886189694544779
210.879	0.8246389365799893
211.87	0.9433745189130608
212.851	0.12178668217386082
213.842	0.5402419258860451
214.832	0.5862700724791724
215.821	0.770252228946119
216.81	0.8048517477099906
217.793	0.2772262831795137
218.784	0.5958156316846951
219.775	0.8156119081672993
220.763	0.7529194559725672
221.754	0.9043863215482778
222.74	0.4022184556342195
223.729	0.32045111155306055
224.72	0.675214867855504
225.711	0.8988786862537249
226.702	0.9567199612213314
227.68800000000002	0.5106326292887495
228.675	0.6359826475907695
229.661	0.419934303097968
230.65	0.5069056178023804
231.638	0.44076092291610425
232.629	0.8598507557096965
233.62	0.9522325839882417
234.601	0.6268438270807241
235.592	0.8878527123297721
236.571	0.7825345070692746
237.561	0.9207017238693749
238.56	0.9716997516256887
239.55700000000002	0.9460204972147447
240.55700000000002	0.9911846960048794
241.548	0.93281945091596
242.544	0.8835133303599865
243.543	0.8831272272415155
244.54	0.8671332137251594
245.54	1.0
246.54	1.0
247.54	1.0
248.54	1.0
249.54	1.0
250.54	1.0
251.54	1.0
252.54	1.0
253.54	1.0
254.54	1.0
255.54	1.0
256.54	1.0
257.54	1.0
258.54	1.0
259.54	1.0
260.54	1.0
261.54	1.0
262.54	1.0
263.54	1.0
264.54	1.0
265.54	1.0
266.54	1.0
267.54	1.0
268.54	1.0
269.54	1.0
270.54	1.0
271.54	1.0
272.54	1.0
273.54	1.0
274.54	1.0
275.54	1.0
276.54	1.0
277.54	1.0
278.54	1.0
279.54	1.0
280.54	1.0
281.54	1.0
282.54	1.0
283.54	1.0
284.54	1.0
285.54	1.0
286.54	1.0
287.54	1.0
288.54	1.0
289.54	1.0
290.54	1.0
291.54	1.0
292.54	1.0
293.54	1.0
294.54	1.0
295.54	1.0
296.54	1.0
297.54	1.0
298.54	1.0
299.54	1.0
300.54	1.0
301.54	1.0
302.54	1.0
303.54	1.0
304.54	1.0
305.54	1.0
306.54	1.0
307.54	1.0
308.54	1.0
309.54	1.0
310.54	1.0
311.54	1.0
312.54	1.0
313.54	1.0
314.54	1.0
315.54	1.0
316.54	1.0
317.54	1.0
318.54	1.0
319.54	1.0
320.54	1.0
321.54	1.0
322.54	1.0
323.54	1.0
324.54	1.0
325.54	1.0
326.54	1.0
327.54	1.0
328.54	1.0
329.54	1.0
330.54	1.0
331.54	1.0
332.54	1.0
333.54	1.0
334.54	1.0
335.54	1.0
336.54	1.0
337.54	1.0
338.54	1.0
339.54	1.0
340.54	1.0
341.54	1.0
342.54	1.0
343.54	1.0
344.54	1.0
345.54	1.0
346.54	1.0
347.54	1.0
348.54	1.0
349.54	1.0
350.54	1.0
351.54	1.0
352.54	1.0
353.54	1.0
354.54	1.0
355.54	1.0
356.54	1.0
357.54	1.0
358.54	1.0
359.54	1.0
360.54	1.0
361.54	1.0
362.54	1.0
363.54	1.0
364.54	1.0
365.54	1.0
366.54	1.0
367.54	1.0
368.54	1.0
369.54	1.0
370.54	1.0
371.54	1.0
372.54	1.0
373.54	1.0
374.54	1.0
375.54	1.0
376.54	1.0
377.54	1.0
378.54	1.0
379.54	1.0
380.54	1.0
381.54	1.0
382.54	1.0
383.54	1.0
384.54	1.0
385.54	1.0
386.54	1.0
387.54	1.0
388.54	1.0
389.54	1.0
390.54	1.0
391.54	1.0
392.54	1.0
393.54	1.0
394.54	1.0
395.54	1.0
396.54	1.0
397.54	1.0
398.54	1.0
399.54	1.0
400.54	1.0
401.54	1.0
402.54	1.0
403.54	1.0
404.54	1.0
405.54	1.0
406.54	1.0
407.54	1.0
408.54	1.0
409.54	1.0
410.54	1.0
411.54	1.0
412.54	1.0
413.54	1.0
414.54	1.0
415.54	1.0
416.54	1.0
417.54	1.0
418.54	1.0
419.54	1.0
420.54	1.0
421.54	1.0
422.54	1.0
423.54	1.0
424.54	1.0
425.54	1.0
426.54	1.0
427.54	1.0
428.54	1.0
429.54	1.0
430.54	1.0
431.54	1.0
432.54	1.0
433.54	1.0
434.54	1.0
435.54	1.0
436.54	1.0
437.54	1.0
438.54	1.0
439.54	1.0
440.54	1.0
441.54	1.0
442.54	1.0
443.54	1.0
444.54	1.0
445.54	1.0
446.54	1.0
447.54	1.0
448.54	1.0
449.54	1.0
450.54	1.0
451.54	1.0
452.54	1.0
453.54	1.0
454.54	1.0
455.54	1.0
456.54	1.0
457.54	1.0
458.54	1.0
459.54	1.0
460.54	1.0
461.54	1.0
462.54	1.0
463.54	1.0
464.54	1.0
465.54	1.0
466.54	1.0
467.54	1.0
468.54	1.0
469.54	1.0
470.54	1.0
471.54	1.0
472.54	1.0
473.54	1.0
474.54	1.0
475.54	1.0
476.54	1.0
477.54	1.0
478.54	1.0
479.54	1.0
480.54	1.0
481.54	1.0
482.54	1.0
483.54	1.0
484.54	1.0
485.54	1.0
486.54	1.0
487.54	1.0
488.54	1.0
489.54	1.0
490.54	1.0
491.54	1.0
492.54	1.0
493.54	1.0
494.54	1.0
495.54	1.0
496.54	1.0
497.54	1.0
498.54	1.0
499.54	1.0
500.54	1.0
501.54	1.0
502.54	1.0
503.54	1.0
504.54	1.0
505.54	1.0
506.54	1.0
507.54	1.0
508.54	1.0
509.54	1.0
510.54	1.0
511.54	1.0
512.54	1.0
513.54	1.0
514.54	1.0
515.54	1.0
516.54	1.0
517.54	1.0
518.54	1.0
519.54	1.0
520.54	1.0
521.54	1.0
522.54	1.0
523.54	1.0
524.54	1.0
525.54	1.0
526.54	1.0
527.54	1.0
528.54	1.0
529.54	1.0
530.54	1.0
531.54	1.0
532.54	1.0
533.54	1.0
534.54	1.0
535.54	1.0
536.54	1.0
537.54	1.0
538.54	1.0
539.54	1.0
540.54	1.0
541.54	1.0
542.54	1.0
543.54	1.0
544.54	1.0
545.54	1.0
546.54	1.0
547.54	1.0
548.54	1.0
549.54	1.0
550.54	1.0
551.54	1.0
552.54	1.0
553.54	1.0
554.54	1.0
555.54	1.0
556.54	1.0
557.54	1.0
558.54	1.0
559.54	1.0
560.54	1.0
561.54	1.0
562.54	1.0
563.54	1.0
564.54	1.0
565.54	1.0
566.54	1.0
567.54	1.0
568.54	1.0
569.54	1.0
570.54	1.0
571.54	1.0
572.54	1.0
573.54	1.0
574.54	1.0
575.54	1.0
576.54	1.0
577.54	1.0
578.54	1.0
579.54	1.0
580.54	1.0
581.54	1.0
582.54	1.0
583.54	1.0
584.54	1.0
585.54	1.0
586.54	1.0
587.54	1.0
588.54	1.0
589.54	1.0
590.54	1.0
591.54	1.0
592.54	1.0
593.54	1.0
594.54	1.0
595.54	1.0
596.54	1.0
597.54	1.0
598.54	1.0
599.54	1.0
600.54	1.0
601.54	1.0
602.54	1.0
603.54	1.0
604.54	1.0
605.54	1.0
606.54	1.0
607.54	1.0
608.54	1.0
609.54	1.0
610.54	1.0
611.54	1.0
612.54	1.0
613.54	1.0
614.54	1.0
615.54	1.0
616.54	1.0
617.54	1.0
618.54	1.0
619.54	1.0
620.54	1.0
621.54	1.0
622.54	1.0
623.54	1.0
624.54	1.0
625.54	1.0
626.54	1.0
627.54	1.0
628.54	1.0
629.54	1.0
630.54	1.0
631.54	1.0
632.54	1.0
633.54	1.0
634.54	1.0
635.54	1.0
636.54	1.0
637.54	1.0
638.54	1.0
639.54	1.0
640.54	1.0
641.54	1.0
642.54	1.0
643.54	1.0
644.54	1.0
645.54	1.0
646.54	1.0
647.54	1.0
648.54	1.0
649.54	1.0
650.54	1.0
651.54	1.0
652.54	1.0
653.54	1.0
654.54	1.0
655.54	1.0
656.54	1.0
657.54	1.0
658.54	1.0
659.54	1.0
660.54	1.0
661.54	1.0
662.54	1.0
663.54	1.0
664.54	1.0
665.54	1.0
666.54	1.0
667.54	1.0
668.54	1.0
669.54	1.0
670.54	1.0
671.54	1.0
672.54	1.0
673.54	1.0
674.54	1.0
675.54	1.0
676.54	1.0
677.54	1.0
678.54	1.0
679.54	1.0
680.54	1.0
681.54	1.0
682.54	1.0
683.54	1.0
684.54	1.0
685.54	1.0
686.54	1.0
687.54	1.0
688.54	1.0
689.54	1.0
690.54	1.0
691.54	1.0
692.54	1.0
693.54	1.0
694.54	1.0
695.54	1.0
696.54	1.0
697.54	1.0
698.54	1.0
699.54	1.0
700.54	1.0
701.54	1.0
702.54	1.0
703.54	1.0
704.54	1.0
705.54	1.0
706.54	1.0
707.54	1.0
708.54	1.0
709.54	1.0
710.54	1.0
711.54	1.0
712.54	1.0
713.54	1.0
714.54	1.0
715.54	1.0
716.54	1.0
717.54	1.0
718.54	1.0
719.54	1.0
720.54	1.0
721.54	1.0
722.54	1.0
723.54	1.0
724.54	1.0
725.54	1.0
726.54	1.0
727.54	1.0
728.54	1.0
729.54	1.0
730.54	1.0
731.54	1.0
732.54	1.0
733.54	1.0
734.54	1.0
735.54	1.0
736.54	1.0
737.54	1.0
738.54	1.0
739.54	1.0
740.54	1.0
741.54	1.0
742.54	1.0
743.54	1.0
744.54	1.0
745.54	1.0
746.54	1.0
747.54	1.0
748.54	1.0
749.54	1.0
750.54	1.0
751.54	1.0
752.54	1.0
753.54	1.0
754.54	1.0
755.54	1.0
756.54	1.0
757.54	1.0
758.54	1.0
759.54	1.0
760.54	1.0
761.54	1.0
762.54	1.0
763.54	1.0
764.54	1.0
765.54	1.0
766.54	1.0
767.54	1.0
768.54	1.0
769.54	1.0
770.54	1.0
771.54	1.0
772.54	1.0
773.54	1.0
774.54	1.0
775.54	1.0
776.54	1.0
777.54	1.0
778.54	1.0
779.54	1.0
780.54	1.0
781.54	1.0
782.54	1.0
783.54	1.0
784.54	1.0
785.54	1.0
786.54	1.0
787.54	1.0
788.54	1.0
789.54	1.0
790.54	1.0
791.54	1.0
792.54	1.0
793.54	1.0
794.54	1.0
795.54	1.0
796.54	1.0
797.54	1.0
798.54	1.0
799.54	1.0
800.54	1.0
801.54	1.0
802.54	1.0
803.54	1.0
804.54	1.0
805.54	1.0
806.54	1.0
807.54	1.0
808.54	1.0
809.54	1.0
810.54	1.0
811.54	1.0
812.54	1.0
813.54	1.0
814.54	1.0
815.54	1.0
816.54	1.0
817.54	1.0
818.54	1.0
819.54	1.0
820.54	1.0
821.54	1.0
822.54	1.0
823.54	1.0
824.54	1.0
825.54	1.0
826.54	1.0
827.54	1.0
828.54	1.0
829.54	1.0
830.54	1.0
831.54	1.0
832.54	1.0
833.54	1.0
834.54	1.0
835.54	1.0
836.54	1.0
837.54	1.0
838.54	1.0
839.54	1.0
840.54	1.0
841.54	1.0
842.54	1.0
843.54	1.0
844.54	1.0
845.54	1.0
846.54	1.0
847.54	1.0
848.54	1.0
849.54	1.0
850.54	1.0
851.54	1.0
852.54	1.0
853.54	1.0
854.54	1.0
855.54	1.0
856.54	1.0
857.54	1.0
858.54	1.0
859.54	1.0
860.54	1.0
861.54	1.0
862.54	1.0
863.54	1.0
864.54	1.0
865.54	1.0
866.54	1.0
867.54	1.0
868.54	1.0
869.54	1.0
870.54	1.0
871.54	1.0
872.54	1.0
873.54	1.0
874.54	1.0
875.54	1.0
876.54	1.0
877.54	1.0
878.54	1.0
879.54	1.0
880.54	1.0
881.54	1.0
882.54	1.0
883.54	1.0
884.54	1.0
885.54	1.0
886.54	1.0
887.54	1.0
888.54	1.0
889.54	1.0
890.54	1.0
891.54	1.0
892.54	1.0
893.54	1.0
894.54	1.0
895.54	1.0
896.54	1.0
897.54	1.0
898.54	1.0
899.54	1.0
900.54	1.0
901.54	1.0
902.54	1.0
903.54	1.0
904.54	1.0
905.54	1.0
906.54	1.0
907.54	1.0
908.54	1.0
909.54	1.0
910.54	1.0
911.54	1.0
912.54	1.0
913.54	1.0
914.54	1.0
915.54	1.0
916.54	1.0
917.54	1.0
918.54	1.0
919.54	1.0
920.54	1.0
921.54	1.0
922.54	1.0
923.54	1.0
924.54	1.0
925.54	1.0
926.54	1.0
927.54	1.0
928.54	1.0
929.54	1.0
930.54	1.0
931.54	1.0
932.54	1.0
933.54	1.0
934.54	1.0
935.54	1.0
936.54	1.0
937.54	1.0
938.54	1.0
939.54	1.0
940.54	1.0
941.54	1.0
942.54	1.0
943.54	1.0
944.54	1.0
945.54	1.0
946.54	1.0
947.54	1.0
948.54	1.0
949.54	1.0
950.54	1.0
951.54	1.0
952.54	1.0
953.54	1.0
954.54	1.0
955.54	1.0
956.54	1.0
957.54	1.0
958.54	1.0
959.54	1.0
960.54	1.0
961.54	1.0
962.54	1.0
963.54	1.0
964.54	1.0
965.54	1.0
966.54	1.0
967.54	1.0
968.54	1.0
969.54	1.0
970.54	1.0
971.54	1.0
972.54	1.0
973.54	1.0
974.54	1.0
975.54	1.0
976.54	1.0
977.54	1.0
978.54	1.0
979.54	1.0
980.54	1.0
981.54	1.0
982.54	1.0
983.5400000000001	1.0
984.5400000000001	1.0
985.5400000000001	1.0
986.5400000000001	1.0
987.5400000000001	1.0
988.5400000000001	1.0
989.5400000000001	1.0
990.5400000000001	1.0
991.5400000000001	1.0
992.5400000000001	1.0
